2016.10.19          17800 17150 18200 17050 1871286
2016.10.20          18050 17950 18150 17600 584819
2016.10.21          19050 18100 19200 18000 866412
2016.10.24          19400 19150 19450 18850 573417
2016.10.25          19650 19400 19850 19050 543584
2016.10.26          19250 19650 19650 18850 314883
2016.10.27          19200 19100 19350 18850 169601
2016.10.28          18650 19050 19150 18500 121367
2016.10.31          18900 18500 18950 18250 195913
2016.11.01          17850 18500 18700 17850 362183
2016.11.02          17500 17950 17950 17150 232445
2016.11.03          17650 17350 17900 17350 87308
2016.11.04          17650 17550 17700 17300 77373
2016.11.07          17800 17700 17900 17650 42235
2016.11.08          18000 17850 18000 17650 93059
2016.11.09          17450 17950 18000 16950 164619
2016.11.10          17650 17550 18000 17550 119527
2016.11.11          17850 17900 17900 17500 106923
2016.11.14          17900 18150 18200 17800 138474
2016.11.15          17950 17800 18000 17650 115130
2016.11.16          17850 17900 18000 17750 98735
2016.11.17          18000 17850 18100 17750 128811
2016.11.18          17550 18100 18100 17200 138780
2016.11.21          17350 17600 17600 17100 116394
2016.11.22          17350 17350 17450 17050 102890
2016.11.23          17550 17350 17600 17200 83128
2016.11.24          17250 17450 17500 17000 150750
2016.11.25          17150 17200 17250 17000 114343
2016.11.28          17150 17100 17150 17000 42742
2016.11.29          17250 17100 17250 17050 28446
2016.11.30          16950 17250 17250 16950 50944
2016.12.01          17000 17150 17150 16950 107204
2016.12.02          17000 17000 17050 16950 66753
2016.12.05          17050 17100 17100 16950 44277
2016.12.06          17050 17000 17100 16900 92460
2016.12.07          16800 17050 17050 16800 101628
2016.12.08          17000 16850 17100 16850 56254
2016.12.09          17050 16950 17100 16900 38191
2016.12.12          17050 17050 17150 16950 39836
2016.12.13          17350 17100 17400 17000 69709
2016.12.14          17200 17300 17300 17100 49205
2016.12.15          17050 17100 17250 17050 76760
2016.12.16          17100 17100 17250 17050 70366
2016.12.19          17100 17100 17150 16950 110631
2016.12.20          17100 17000 17150 17000 153523
2016.12.21          17350 17150 17350 17100 168521
2016.12.22          17300 17350 17350 17200 108650
2016.12.23          17250 17200 17350 17200 60432
2016.12.26          17350 17350 17400 17250 119904
2016.12.27          17400 17300 17400 17250 168286
2016.12.28          16900 16800 17000 16650 145428
2016.12.29          16800 16900 16950 16750 50383
2017.01.02          16800 16900 16900 16750 17587
2017.01.03          17050 16950 17100 16750 142967
2017.01.04          17400 17050 17500 16900 301221
2017.01.05          17250 17400 17450 17250 67641
2017.01.06          17150 17250 17250 17050 56874
2017.01.09          17100 17150 17200 16950 56264
2017.01.10          17350 17000 17500 16950 165919
2017.01.11          17200 17350 17400 16950 109253
2017.01.12          17150 17200 17250 16950 137042
2017.01.13          17100 17150 17200 17000 71516
2017.01.16          17050 17100 17100 16850 61182
2017.01.17          17050 17000 17300 16900 107445
2017.01.18          16850 16950 17100 16850 89806
2017.01.19          16850 16950 16950 16850 76614
2017.01.20          16650 16900 16950 16600 196185
2017.01.23          16900 16800 17000 16650 68615
2017.01.24          16700 16750 16850 16700 52113
2017.01.25          16650 16850 16850 16500 56534
2017.01.26          16650 16700 16700 16500 51226
2017.01.31          16600 16650 16700 16450 48461
2017.02.01          16600 16650 16650 16450 56569
2017.02.02          16600 16600 16650 16450 56129
2017.02.03          16600 16550 16600 16450 45874
2017.02.06          16600 16600 16650 16450 24683
2017.02.07          16550 16600 16600 16500 24619
2017.02.08          16450 16500 16600 16150 150324
2017.02.09          16400 16350 16400 16150 38311
2017.02.10          16400 16300 16550 16250 43539
2017.02.13          16300 16400 16450 16250 53146
2017.02.14          16250 16300 16350 16200 69223
2017.02.15          16300 16300 16400 16200 75112
2017.02.16          16350 16300 16350 16250 21619
2017.02.17          16350 16350 16350 16150 32188
2017.02.20          16400 16400 16450 16200 27572
2017.02.21          16350 16450 16450 16250 21469
2017.02.22          16250 16350 16400 16100 96481
2017.02.23          16250 16200 16250 16050 55064
2017.02.24          16700 16400 16850 16300 227215
2017.02.27          16650 16650 16750 16450 58648
2017.02.28          16700 16600 16700 16450 38990
2017.03.02          16650 16700 16750 16550 47423
2017.03.03          16550 16650 16650 16400 30753
2017.03.06          16450 16450 16500 16400 21587
2017.03.07          16500 16550 16550 16400 32025
2017.03.08          16350 16500 16500 16300 38673
2017.03.09          16350 16300 16450 16200 34237
2017.03.10          16400 16300 16400 16200 28435
2017.03.13          16400 16400 16450 16300 35459
2017.03.14          16300 16400 16450 16300 22313
2017.03.15          16300 16300 16350 16200 42149
2017.03.16          16250 16300 16350 16200 69683
2017.03.17          16300 16300 16350 16200 33052
2017.03.20          16250 16300 16300 16200 28730
2017.03.21          16250 16250 16300 16200 40149
2017.03.22          16300 16200 16300 16150 28954
2017.03.23          16300 16300 16350 16150 47573
2017.03.24          16300 16300 16450 16200 46981
2017.03.27          16300 16350 16350 16200 40359
2017.03.28          16300 16300 16400 16250 45587
2017.03.29          16450 16350 16450 16300 32156
2017.03.30          16400 16400 16400 16300 20805
2017.03.31          16450 16350 16450 16300 35136
2017.04.03          16350 16400 16450 16300 20305
2017.04.04          16300 16400 16400 16300 27326
2017.04.05          16400 16350 16450 16300 32313
2017.04.06          16400 16350 16450 16300 30022
2017.04.07          16350 16400 16400 16300 31400
2017.04.10          16200 16400 16400 16200 50205
2017.04.11          16300 16250 16300 16200 29749
2017.04.12          16250 16300 16300 16200 16448
2017.04.13          16250 16250 16300 16200 22439
2017.04.14          16250 16200 16250 16200 24963
2017.04.17          16350 16300 16350 16200 36962
2017.04.18          16500 16300 16600 16250 105095
2017.04.19          16650 16450 16650 16350 102155
2017.04.20          17050 16600 17050 16500 197206
2017.04.21          17150 17000 17200 16800 177388
2017.04.24          17300 17150 17450 17150 176646
2017.04.25          17250 17150 17300 17150 51147
2017.04.26          17400 17250 17600 17150 284195
2017.04.27          17600 17400 17700 17250 111352
2017.04.28          17500 17600 17650 17300 66841
2017.05.02          17300 17500 17500 17200 58805
2017.05.04          17350 17300 17500 17250 20549
2017.05.08          17500 17300 17750 17250 84038
2017.05.10          17500 17500 17700 17250 113582
2017.05.11          17750 17400 17800 17400 124803
2017.05.12          17750 17750 17800 17450 76763
2017.05.15          17800 17550 17850 17550 62046
2017.05.16          18250 18050 18400 17800 144683
2017.05.17          18350 18350 18500 18000 146043
2017.05.18          18250 18100 18500 18050 48455
2017.05.19          18650 18250 18700 18250 104060
2017.05.22          18750 18700 18850 18550 127097
2017.05.23          19000 18800 19000 18650 148534
2017.05.24          18900 19000 19000 18600 94423
2017.05.25          19250 18850 19250 18750 159751
2017.05.26          19300 19300 19450 19200 119755
2017.05.29          20150 19500 20150 19500 355176
2017.05.30          19900 20100 20400 19600 249308
2017.05.31          20050 19950 20250 19750 102332
2017.06.01          20150 20200 20200 19850 119089
2017.06.02          20200 20250 20250 19800 147869
2017.06.05          19750 20250 20250 19600 113718
2017.06.07          19900 19650 20000 19600 126558
2017.06.08          19450 19750 19900 19350 101093
2017.06.09          19700 19450 19800 19450 142006
2017.06.12          19500 19650 19800 19300 104525
2017.06.13          19900 19500 19900 19450 88388
2017.06.14          19900 19950 20450 19550 210566
2017.06.15          19300 19800 19800 18950 241638
2017.06.16          19300 19300 19600 19100 73363
2017.06.19          19100 19300 19300 18850 131334
2017.06.20          19400 19200 19600 19100 173624
2017.06.21          19300 19400 19400 18850 67722
2017.06.22          19500 19300 19500 19200 159218
2017.06.23          19600 19550 19600 19450 37560
2017.06.26          19550 19450 19600 19300 67064
2017.06.27          19850 19500 19950 19350 88847
2017.06.28          19950 19900 20050 19700 80960
2017.06.29          20000 20100 20200 19850 42579
2017.06.30          20100 20000 20100 19750 84556
2017.07.03          20150 20100 20250 20100 61465
2017.07.04          19700 20100 20200 19400 82379
2017.07.05          19600 19600 19800 19300 45077
2017.07.06          19700 19550 19750 19350 51597
2017.07.07          19700 19650 19700 19500 57147
2017.07.10          19950 19550 20100 19550 95853
2017.07.11          20000 20000 20100 19900 326564
2017.07.12          19650 19950 20000 19500 81570
2017.07.13          19800 19650 19850 19600 91236
2017.07.14          20300 19800 20300 19700 182341
2017.07.17          20250 20450 20450 20050 95462
2017.07.18          19950 20250 20250 19750 89051
2017.07.19          19950 20050 20100 19800 81178
2017.07.20          20050 19950 20050 19750 99058
2017.07.21          20050 19950 20100 19950 55556
2017.07.24          19900 20000 20100 19800 43700
2017.07.25          20000 20000 20050 19750 89752
2017.07.26          19800 19950 20000 19650 85662
2017.07.27          20000 19800 20000 19750 106807
2017.07.28          19650 20000 20000 19500 85512
2017.07.31          20000 19550 20000 19500 68201
2017.08.01          20200 20000 20200 19750 108053
2017.08.02          20100 20250 20250 19950 117722
2017.08.03          19900 20100 20200 19600 89144
2017.08.04          19950 19900 20000 19600 104431
2017.08.07          20200 20000 20350 19900 112707
2017.08.08          20350 20250 20450 20200 99250
2017.08.09          20250 20100 20350 20000 92096
2017.08.10          20200 20250 20250 19750 111166
2017.08.11          20150 19900 20200 19800 148278
2017.08.14          20150 20300 20350 20000 76291
2017.08.16          20400 20150 20700 20100 135717
2017.08.17          20500 20450 20550 20300 55104
2017.08.18          20500 20450 20550 20250 54746
2017.08.21          20400 20500 20500 20150 33386
2017.08.22          20700 20400 20800 20400 93041
2017.08.23          20750 20700 20750 20400 71916
2017.08.24          20400 20600 20750 20300 76306
2017.08.25          19800 20200 20200 19700 278338
2017.08.28          19850 19700 19900 19700 54210
2017.08.29          19850 19900 19900 19550 59830
2017.08.30          19750 19900 19900 19650 76397
2017.08.31          20100 19750 20250 19750 289581
2017.09.01          20200 20150 20250 19900 116382
2017.09.04         19850 19700 20050 19700 87942
2017.09.05         19950 20000 20050 19700 122396
2017.09.06         20050 20000 20100 19950 41323
2017.09.07         20150 20100 20150 19950 39400
2017.09.08         20150 20150 20200 20000 81069
2017.09.11         20150 20150 20200 19950 58114
2017.09.12         20400 20150 20400 20000 80051
2017.09.13         20400 20200 20400 20050 129900
2017.09.14         20100 20250 20450 19950 167084
2017.09.15         19750 20100 20300 19750 405690
2017.09.18  19750 19950 19950 19600 85794
2017.09.19  19500 19750 19750 19300 203271
2017.09.20  19350 19400 19600 19250 151757
2017.09.21  19150 19350 19350 19150 33712
2017.09.22  18800 19300 19350 18700 127593
2017.09.25  18000 18650 18650 17800 198805
2017.09.26  18300 18000 18350 17900 31306
2017.09.27  18250 18350 18350 18000 20014
2017.09.28  18550 18300 18550 18100 27573
2017.09.29  18900 18550 19050 18300 33360
