2010.04.09          30500 35800 41100 30450 13778
2010.04.12          30600 30750 32900 30000 4803
2010.04.13          29500 30100 31400 29200 3362
2010.04.14          28600 27850 28950 27850 1620
2010.04.15          28650 28600 29000 28100 1002
2010.04.16          29350 28950 30200 28900 950
2010.04.19          28800 28300 30000 28300 380
2010.04.20          28300 28700 29500 28300 1160
2010.04.21          29250 30300 30300 28300 1020
2010.04.22          28400 29250 29250 28400 2612
2010.04.23          28650 28450 28650 28250 360
2010.04.26          28700 29400 30000 28350 1300
2010.04.27          29950 28900 29950 28750 900
2010.04.28          28950 30000 30000 28700 385
2010.04.29          33250 28850 33250 28850 14959
2010.04.30          31200 33850 38200 31200 28414
2010.05.03          32100 33000 35500 31200 6589
2010.05.04          29800 32400 32400 29650 7970
2010.05.06          34250 29750 34250 29300 19997
2010.05.07          30500 34100 38100 30200 13463
2010.05.10          30050 30600 31800 29500 6208
2010.05.11          31100 30600 32500 30400 3541
2010.05.12          30200 31500 32000 30000 2850
2010.05.13          31600 29900 31650 29600 3028
2010.05.14          31700 31600 32450 30700 1117
2010.05.17          30650 30900 33000 30600 1960
2010.05.18          30950 30500 31400 30350 1467
2010.05.19          31200 30600 31400 30600 1810
2010.05.20          29600 30800 30800 29600 1680
2010.05.24          29400 29200 29700 28700 1190
2010.05.25          27400 29300 29300 27100 2530
2010.05.26          27850 28450 28450 27200 371
2010.05.27          29300 27700 29300 27350 380
2010.05.28          29250 29250 29250 29250 61
2010.05.31          29800 29800 29800 29800 60
2010.06.01          29400 29800 30200 28550 700
2010.06.03          28950 29000 29400 28950 460
2010.06.04          29400 29500 29500 28900 180
2010.06.07          30000 29400 30000 29400 100
2010.06.08          32750 30000 32800 30000 30
2010.06.09          29900 30000 30750 29700 210
2010.06.10          29900 29900 29900 28700 330
2010.06.11          29450 28550 29700 28550 510
2010.06.14          29850 29450 29850 29450 199
2010.06.15          29850 29850 29900 29850 335
2010.06.16          29850 29500 30950 26000 740
2010.06.17          29700 29700 29700 29700 19
2010.06.18          29300 29600 29600 29300 261
2010.06.21          29250 29900 29900 28200 351
2010.06.22          29100 29100 29100 29100 20
2010.06.23          29050 29000 29050 29000 40
2010.06.24          29050 28750 29050 28750 80
2010.06.25          29050 28150 29050 28150 170
2010.06.28          29050 28950 29050 28700 310
2010.06.29          28750 28750 28750 28750 103
2010.06.30          30600 28250 30600 28250 790
2010.07.01          30450 30450 30450 30450 0
2010.07.02          29100 28950 30250 28950 450
2010.07.05          29900 28250 29900 28250 20
2010.07.06          29750 29750 29750 29750 0
2010.07.07          29700 28200 29800 28200 70
2010.07.08          28950 28300 28950 28300 40
2010.07.09          29250 29300 29300 28200 100
2010.07.12          28600 28600 28600 28600 120
2010.07.13          28600 28600 28600 28600 0
2010.07.14          28800 28100 28900 28100 72
2010.07.15          28000 28000 28000 28000 240
2010.07.16          28500 28400 28500 28400 30
2010.07.19          28400 28400 28400 28400 30
2010.07.20          28400 28400 28400 28400 0
2010.07.21          28100 28500 28500 28100 46
2010.07.22          28100 28100 28100 28100 30
2010.07.23          28100 28100 28100 28100 20
2010.07.26          28100 28100 28100 28100 0
2010.07.27          31900 27000 31900 26700 601
2010.07.28          28450 30450 30450 28450 659
2010.07.29          28600 28450 29200 28450 225
2010.07.30          29000 29000 29000 29000 100
2010.08.02          29600 29600 29600 29600 10
2010.08.03          29300 29450 29450 27900 68
2010.08.04          29300 29300 29300 29300 11
2010.08.05          29300 29300 29300 29300 0
2010.08.06          28250 28250 28250 28250 23
2010.08.09          27900 28100 28100 27300 580
2010.08.10          27850 27850 28600 27650 207
2010.08.11          28950 27900 29200 27900 250
2010.08.12          29400 28950 29400 28150 210
2010.08.13          29000 29000 29000 29000 10
2010.08.16          28250 28300 28300 28250 87
2010.08.17          28250 28250 28250 28250 0
2010.08.18          28250 28400 28450 28200 50
2010.08.19          28350 28250 28350 28250 112
2010.08.20          28300 27600 28300 27600 100
2010.08.23          27900 28450 28450 27900 460
2010.08.24          28250 27750 28250 27700 160
2010.08.25          27900 28250 28350 27600 300
2010.08.26          27600 28300 28300 27000 281
2010.08.27          27050 26550 27150 26550 130
2010.08.30          27800 27100 27800 27100 190
2010.08.31          28000 28000 28000 28000 150
2010.09.01          28400 31850 31850 27150 1740
2010.09.02          28350 28700 28900 27900 352
2010.09.03          28600 29500 29800 28600 912
2010.09.06          28200 27850 29400 27850 720
2010.09.07          29700 29000 31400 28950 2308
2010.09.08          29350 29750 34150 28700 13815
2010.09.09          28850 29500 31000 27800 1957
2010.09.10          29500 28850 31500 28800 1272
2010.09.13          29700 28650 31100 28650 1030
2010.09.14          29350 29500 29700 28750 1300
2010.09.15          28650 29300 29800 28500 1890
2010.09.16          29050 28800 29100 28750 831
2010.09.17          29150 29200 29200 28800 110
2010.09.20          29350 29100 29350 28800 111
2010.09.24          29150 29200 29200 29100 30
2010.09.27          29700 29150 29700 29100 110
2010.09.28          29700 29700 29700 29700 0
2010.09.29          29500 29800 30850 28800 60
2010.09.30          29000 29450 29450 29000 20
2010.10.01          28500 29200 29200 28500 180
2010.10.04          28300 28500 28600 28200 450
2010.10.05          28550 28600 28600 28550 50
2010.10.06          28300 28400 28400 28300 160
2010.10.07          28550 28000 28550 28000 180
2010.10.08          28400 28600 28800 28400 80
2010.10.11          28000 28400 28400 28000 760
2010.10.12          28250 28100 28250 27500 490
2010.10.13          28000 28250 28650 28000 596
2010.10.14          28500 28500 28550 28500 91
2010.10.15          28950 28500 28950 28500 90
2010.10.18          29700 29000 29700 28900 518
2010.10.19          28600 28700 29050 28600 518
2010.10.20          30500 29200 31000 29200 1151
2010.10.21          32750 30500 34500 30500 2480
2010.10.22          32400 31100 32400 30100 240
2010.10.25          31350 32400 32400 31350 210
2010.10.26          33350 30850 33350 30850 1017
2010.10.27          33800 32050 33800 32000 2250
2010.10.28          33900 32300 33900 32300 90
2010.10.29          34000 31700 34400 31700 120
2010.11.01          33800 33800 33800 33800 0
2010.11.02          33450 32200 33500 31350 241
2010.11.03          33050 32600 33050 32050 220
2010.11.04          32450 31950 32450 31950 140
2010.11.05          32100 31500 32100 31250 200
2010.11.08          32050 32050 32050 32050 10
2010.11.09          32200 31500 32200 31300 40
2010.11.10          33550 32350 33900 32250 140
2010.11.11          33550 33500 33550 33500 20
2010.11.12          34450 34450 34450 34450 10
2010.11.15          32250 32950 32950 31500 200
2010.11.16          32000 31100 32000 31100 21
2010.11.17          33450 30750 33450 30000 498
2010.11.18          33350 33350 33350 33200 130
2010.11.19          36400 33700 37900 33200 380
2010.11.22          34100 36000 41850 33800 815
2010.11.23          33600 32700 36350 32700 246
2010.11.24          33000 33000 33000 32000 310
2010.11.25          33250 33000 34800 33000 196
2010.11.26          34750 33500 34950 33500 440
2010.11.29          35000 35000 38550 35000 40
2010.11.30          35350 32150 35350 32150 20
2010.12.01          35300 35300 35300 35300 0
2010.12.02          34600 34500 34600 34500 145
2010.12.03          34600 34600 34600 34600 0
2010.12.06          34600 34600 34600 34600 0
2010.12.07          37900 35000 37900 35000 160
2010.12.08          36950 36950 36950 36950 0
2010.12.09          34450 38950 38950 33850 220
2010.12.10          33900 33900 34050 33850 560
2010.12.13          33150 33150 33150 33150 10
2010.12.14          35750 33500 35750 33500 140
2010.12.15          35900 34600 35900 34600 120
2010.12.16          37000 37000 37000 37000 0
2010.12.17          36600 36600 36600 36600 0
2010.12.20          35300 33400 35300 33400 309
2010.12.21          35100 35400 35400 35100 51
2010.12.22          36250 35000 36250 35000 80
2010.12.23          35150 35150 35150 35150 0
2010.12.24          35900 35000 35900 35000 520
2010.12.27          39100 39100 39100 39100 0
2010.12.28          35700 43900 43900 33900 512
2010.12.29          39800 34400 39900 34400 431
2010.12.30          37500 36750 39800 36700 542
2011.01.03          36000 35800 36000 35800 90
2011.01.04          40650 36000 40650 36000 490
2011.01.05          36650 36950 39700 35700 2082
2011.01.06          36100 35900 36100 35250 90
2011.01.07          35800 36250 38250 35150 1490
2011.01.10          35750 35750 35750 35750 0
2011.01.11          35350 35400 35750 35350 60
2011.01.12          34500 34900 34900 34500 200
2011.01.13          34300 36650 36650 34000 80
2011.01.14          34300 34300 34300 34300 0
2011.01.17          33300 33300 33300 33300 0
2011.01.18          32550 32550 32550 32550 0
2011.01.19          32550 32550 32550 32550 0
2011.01.20          35900 32600 35900 32600 270
2011.01.21          33200 33400 35500 33200 380
2011.01.24          32750 33000 33000 32750 30
2011.01.25          33850 33850 36550 32700 720
2011.01.26          33850 33850 33850 33850 0
2011.01.27          33000 35000 36350 32500 1260
2011.01.28          33000 33000 33000 33000 10
2011.01.31          32450 33800 34400 31400 460
2011.02.01          32950 32950 32950 32950 10
2011.02.07          33800 33800 33800 33800 0
2011.02.08          34200 32050 34200 32050 73
2011.02.09          33650 33800 33800 32350 130
2011.02.10          32200 33000 33000 32200 280
2011.02.11          33750 32200 33750 31000 380
2011.02.14          32650 31700 33050 31700 390
2011.02.15          36000 31150 36000 30850 450
2011.02.16          32350 32150 32700 32150 570
2011.02.17          31400 31400 31400 31400 0
2011.02.18          31950 31950 31950 31950 0
2011.02.21          31950 31950 31950 31950 0
2011.02.22          31300 31300 31300 31300 0
2011.02.23          31650 31650 31650 31650 0
2011.02.24          31000 31650 31650 31000 360
2011.02.25          33450 31050 33450 31050 21
2011.02.28          32900 32900 32900 32900 0
2011.03.02          33550 33550 33550 33550 10
2011.03.03          33700 33700 33700 33700 10
2011.03.04          34350 34350 34350 34350 10
2011.03.07          31700 34650 34650 31000 701
2011.03.08          31700 31700 31700 31700 0
2011.03.09          31450 31700 32300 31450 94
2011.03.10          31450 31450 31450 31450 0
2011.03.11          32750 30850 32950 30750 2670
2011.03.14          31650 31300 31650 31300 24
2011.03.15          31100 31300 31300 28950 240
2011.03.16          31200 30700 31200 30700 170
2011.03.17          32800 32000 32800 30000 160
2011.03.18          32800 32800 32800 32800 0
2011.03.21          32800 32800 32800 32800 0
2011.03.22          32700 31200 32700 31200 20
2011.03.23          31900 31900 31900 31900 70
2011.03.24          31900 31900 31900 31900 0
2011.03.25          32450 32450 32450 32450 0
2011.03.28          32450 32450 32450 32450 0
2011.03.29          32450 32450 32450 32450 0
2011.03.30          33300 33300 33300 33300 10
2011.03.31          31500 31500 31500 31500 10
2011.04.01          33450 33450 33450 33450 80
2011.04.04          33500 33450 33500 33450 21
2011.04.05          35000 34650 35000 31750 780
2011.04.06          34200 32550 35000 32550 670
2011.04.07          33400 33000 33400 33000 120
2011.04.08          33300 33300 33300 33300 0
2011.04.11          33400 33400 33400 33400 30
2011.04.12          33300 33300 33300 33300 0
2011.04.13          31800 31800 31800 31800 11
2011.04.14          32450 32850 34900 31950 539
2011.04.15          33300 33900 34000 33300 102
2011.04.18          33300 0 0 0 0
2011.04.19          33300 0 0 0 0
2011.04.20          33300 0 0 0 0
2011.04.21          33300 0 0 0 0
2011.04.22          33300 0 0 0 0
2011.04.25          33300 0 0 0 0
2011.04.26          33300 0 0 0 0
2011.04.27          33300 0 0 0 0
2011.04.28          33300 0 0 0 0
2011.04.29          33300 0 0 0 0
2011.05.02          33300 0 0 0 0
2011.05.03          33300 0 0 0 0
2011.05.04          19100 18700 19100 18350 25235
2011.05.06          21950 21650 21950 19700 27777
2011.05.09          18700 23500 23500 18700 20894
2011.05.11          16550 17150 18000 16400 12987
2011.05.12          16550 16650 16850 16200 3241
2011.05.13          16900 16100 17100 16000 3062
2011.05.16          17800 16950 18450 16900 7094
2011.05.17          17100 16900 17600 16200 2968
2011.05.18          15800 17000 17000 15700 2880
2011.05.19          16000 15800 16350 15400 1910
2011.05.20          16400 15800 16400 15300 1550
2011.05.23          15800 15650 16400 15250 4170
2011.05.24          15450 15700 15800 15050 1100
2011.05.25          15000 15450 15450 14850 1310
2011.05.26          15850 15300 15850 15150 270
2011.05.27          15800 15300 15800 15300 260
2011.05.30          15150 15450 15450 14700 400
2011.05.31          15300 15100 15300 15000 180
2011.06.01          15200 15050 15250 14800 870
2011.06.02          15500 15700 17400 14750 994
2011.06.03          16050 15350 16100 15350 740
2011.06.07          15700 15750 15750 15700 20
2011.06.08          15600 15550 16000 15550 60
2011.06.09          15750 15750 15750 15750 10
2011.06.10          15550 15800 15800 15550 120
2011.06.13          15850 15800 15850 15400 470
2011.06.14          15250 15800 15850 15000 890
2011.06.15          15350 15000 15500 15000 312
2011.06.16          15450 15450 15450 15450 210
2011.06.17          14950 15650 15650 14400 1050
2011.06.20          14800 14700 14950 14100 1070
2011.06.21          15100 14600 15100 14600 160
2011.06.22          14800 15100 15400 14750 150
2011.06.23          14700 15200 15200 14700 270
2011.06.24          15200 14750 15200 14700 150
2011.06.27          14700 14550 14900 14000 577
2011.06.28          14700 14650 14700 14650 73
2011.06.29          15200 14500 15200 14500 110
2011.06.30          15450 15350 15450 15100 350
2011.07.01          15150 15500 15500 15000 320
2011.07.04          15400 15000 15400 15000 30
2011.07.05          14800 15050 15250 14800 420
2011.07.06          14950 14950 14950 14950 10
2011.07.07          15400 15000 15400 15000 120
2011.07.08          15200 15250 15400 15200 190
2011.07.11          15500 15200 15550 15200 70
2011.07.12          15300 15350 15350 14700 601
2011.07.13          15000 15000 15250 14800 1040
2011.07.14          14850 15200 15300 14000 725
2011.07.15          14950 14800 15500 14700 500
2011.07.18          15450 15450 15450 15450 10
2011.07.19          15350 15000 15350 14850 460
2011.07.20          15200 15850 15850 15050 921
2011.07.21          15500 15500 15800 15100 240
2011.07.22          15500 15500 15900 15500 131
2011.07.25          15900 15300 15950 15250 120
2011.07.26          16150 16000 17300 16000 570
2011.07.27          17200 16500 17800 16500 2294
2011.07.28          17350 17000 17400 16150 1000
2011.07.29          17000 17400 17400 16800 431
2011.08.01          17600 17450 17700 16650 3440
2011.08.02          17650 17000 17650 16900 3990
2011.08.03          17000 17100 17600 16800 713
2011.08.04          18200 17000 19000 17000 1600
2011.08.05          18500 17900 19500 17000 2350
2011.08.08          18000 19450 19450 17500 440
2011.08.09          16400 17950 17950 16000 480
2011.08.10          16500 16900 18000 16000 1850
2011.08.11          17000 16450 17500 16450 550
2011.08.12          17300 16600 17550 16100 420
2011.08.16          18200 17400 18550 17400 1600
2011.08.17          18600 18500 18700 18000 1150
2011.08.18          19200 18700 19200 18100 590
2011.08.19          19000 18000 19000 18000 300
2011.08.22          18300 18100 18300 18100 110
2011.08.23          19000 18900 19000 18900 400
2011.08.24          18250 18300 18300 17800 301
2011.08.25          18650 18250 18650 18250 20
2011.08.26          18000 18650 18650 17800 180
2011.08.29          18650 18300 18650 18200 100
2011.08.30          19400 17550 19400 17550 570
2011.08.31          19000 18500 19000 18500 120
2011.09.01          19000 19000 19000 19000 0
2011.09.02          19000 19000 19000 19000 0
2011.09.05          18950 18950 18950 18950 0
2011.09.06          18000 18000 18000 18000 20
2011.09.07          18800 17250 18800 17250 690
2011.09.08          18300 17750 18650 17750 240
2011.09.09          17750 17650 18150 17600 310
2011.09.14          18750 17850 18750 17550 160
2011.09.15          17800 18000 18000 17800 890
2011.09.16          18000 17750 18000 17750 40
2011.09.19          18100 18050 18100 18050 50
2011.09.20          18100 18100 18100 18100 40
2011.09.21          17950 17950 17950 17950 0
2011.09.22          17600 17950 17950 17150 150
2011.09.23          17050 16600 17250 16600 650
2011.09.26          14850 17000 17000 14850 3370
2011.09.27          15650 14650 15650 14300 100
2011.09.28          16350 16350 16350 16350 10
2011.09.29          15700 15700 15700 15700 0
2011.09.30          16200 15600 16200 15600 70
2011.10.04          16000 16000 16000 16000 0
2011.10.05          15400 15400 15400 15400 0
2011.10.06          14850 15400 15850 14850 150
2011.10.07          15350 15000 15350 15000 60
2011.10.10          15350 15300 15350 15300 190
2011.10.11          15500 15500 15700 15500 610
2011.10.12          16350 15500 16450 15500 870
2011.10.13          16300 16300 16300 16300 0
2011.10.14          15900 15250 15900 15250 30
2011.10.17          16500 16500 16500 16500 30
2011.10.18          16000 16000 16000 16000 0
2011.10.19          16450 16450 16450 16450 10
2011.10.20          15900 16400 16400 15500 200
2011.10.21          15350 15800 15800 15350 20
2011.10.24          15100 14800 15100 14800 532
2011.10.25          16300 16300 16300 16300 10
2011.10.26          17400 15950 17400 15950 30
2011.10.27          15700 15900 16550 15700 1070
2011.10.28          16450 16650 16650 15550 270
2011.10.31          16400 16400 16400 16400 0
2011.11.01          16200 16200 16200 16200 0
2011.11.02          16200 16200 16200 16200 0
2011.11.03          15100 16350 16350 14700 1840
2011.11.04          15100 15100 15100 15100 0
2011.11.07          15150 15150 15150 15150 20
2011.11.08          15000 15000 15200 15000 80
2011.11.09          16200 15000 16200 15000 68
2011.11.10          16000 16000 16000 16000 0
2011.11.11          15950 15800 15950 15800 100
2011.11.14          15850 15100 15850 15100 80
2011.11.15          15850 15850 15850 15850 0
2011.11.16          15850 15850 15850 15850 0
2011.11.17          15650 15250 15650 15250 121
2011.11.18          15650 15650 15650 15650 0
2011.11.21          15150 15200 15200 15000 80
2011.11.22          15150 15150 15150 15150 0
2011.11.23          14950 14650 15200 14650 280
2011.11.24          14950 14950 14950 14950 30
2011.11.25          14950 14950 14950 14950 0
2011.11.28          15250 14700 17000 14650 850
2011.11.29          15300 15300 15300 15300 10
2011.11.30          15200 15150 15300 15000 90
2011.12.01          15200 15000 15400 15000 161
2011.12.02          15000 15200 15250 15000 239
2011.12.05          15000 15000 15000 15000 0
2011.12.06          15250 15250 15250 15250 39
2011.12.07          15500 15450 15500 15450 401
2011.12.08          15350 15950 15950 15350 70
2011.12.09          15200 14500 15250 14500 170
2011.12.12          15250 15250 15250 15250 500
2011.12.13          15900 16300 16300 15050 410
2011.12.14          15850 15850 15850 15850 0
2011.12.15          15700 15900 15900 15050 50
2011.12.16          15650 15950 16300 15500 410
2011.12.19          15300 15650 15650 15300 31
2011.12.20          15300 15300 15300 15300 0
2011.12.21          16000 16650 16650 15900 320
2011.12.22          16400 16400 16400 16400 280
2011.12.23          16150 16400 16400 15900 370
2011.12.26          16250 15650 16250 15500 140
2011.12.27          16450 16450 16450 16450 0
2011.12.28          16300 16300 16300 16300 0
2011.12.29          15900 15900 15900 15900 0
2012.01.02          16350 16350 16350 16350 0
2012.01.03          15500 16250 16250 15400 853
2012.01.04          15750 15750 15750 15750 0
2012.01.05          15700 15700 15700 15700 0
2012.01.06          15700 15700 15700 15700 0
2012.01.09          15600 15600 15800 15400 70
2012.01.10          16400 16400 16400 16400 200
2012.01.11          15600 15600 15600 15600 110
2012.01.12          15600 15600 15600 15600 0
2012.01.13          15300 15050 15300 15050 280
2012.01.16          15300 15300 15300 15300 0
2012.01.17          15950 15950 15950 15950 100
2012.01.18          15550 15050 15550 15050 114
2012.01.19          15350 14850 15450 14850 550
2012.01.20          15100 15000 15350 15000 690
2012.01.25          15300 15300 15300 15300 200
2012.01.26          15300 15300 15300 15300 0
2012.01.27          15400 15400 15400 15400 0
2012.01.30          15400 15050 15400 15050 110
2012.01.31          15400 15050 15400 15050 120
2012.02.01          15400 15400 15400 15400 10
2012.02.02          15400 15400 15400 15400 10
2012.02.03          15300 15300 15300 15300 10
2012.02.06          15700 15700 15700 15700 10
2012.02.07          15700 15700 15700 15700 20
2012.02.08          15700 15700 15700 15700 30
2012.02.09          15700 15700 15700 15700 0
2012.02.10          15000 15700 15700 15000 300
2012.02.13          15050 15000 15100 15000 640
2012.02.14          15200 15150 15200 15150 60
2012.02.15          15100 15700 16800 15100 820
2012.02.16          15500 15500 15550 15500 650
2012.02.17          16250 16250 16250 16250 10
2012.02.20          15500 16250 16250 15500 340
2012.02.21          15950 15950 15950 15950 10
2012.02.22          15150 15150 15150 15150 44
2012.02.23          15200 15200 15200 15200 50
2012.02.24          15200 15200 15200 15200 60
2012.02.27          16200 15700 16400 15200 1210
2012.02.28          15450 15450 15450 15450 25
2012.02.29          15850 15250 17250 15250 1600
2012.03.02          15850 15850 16100 15850 260
2012.03.05          15850 15850 15850 15850 0
2012.03.06          16000 15350 17250 15350 1240
2012.03.07          16000 16000 16000 16000 0
2012.03.08          16200 15450 16650 15450 1335
2012.03.09          15950 15700 15950 15600 370
2012.03.12          16000 16000 16000 16000 382
2012.03.13          16000 16000 16000 16000 0
2012.03.14          16000 16000 16000 16000 0
2012.03.15          16000 15500 16000 15500 541
2012.03.16          16000 16000 16000 16000 0
2012.03.19          16400 16350 17400 16350 451
2012.03.20          16400 16400 16400 16400 160
2012.03.21          16400 16400 16400 16400 20
2012.03.22          16400 16400 16400 16400 30
2012.03.23          16400 16400 16400 16400 0
2012.03.26          16100 16100 16100 16100 100
2012.03.27          16150 16150 16150 16150 0
2012.03.28          16150 16150 16150 16150 0
2012.03.29          16150 16150 16150 16150 0
2012.03.30          16150 16150 16150 16150 0
2012.04.02          16150 16150 16150 16150 0
2012.04.03          17200 17200 17200 17200 10
2012.04.04          17300 17750 17750 16150 280
2012.04.05          19800 16600 19800 16600 180
2012.04.06          16900 17700 18950 16900 1580
2012.04.09          16800 16200 16800 16200 320
2012.04.10          16200 16200 16200 16200 280
2012.04.12          16200 16200 16200 16200 180
2012.04.13          17600 17600 17600 17600 10
2012.04.16          17300 16300 17300 16200 160
2012.04.17          19700 16200 19700 16200 260
2012.04.18          16950 17300 17350 16750 2460
2012.04.19          16300 16350 16600 16200 981
2012.04.20          16900 16900 16900 16900 10
2012.04.23          17250 17650 17650 15350 50
2012.04.24          16500 17600 17600 15600 50
2012.04.25          15800 17450 17450 15400 280
2012.04.26          15600 16450 16450 15600 40
2012.04.27          15600 15600 15600 15600 0
2012.04.30          15300 15300 15300 15300 680
2012.05.02          16150 16300 16300 15150 496
2012.05.03          15350 18350 18350 15150 280
2012.05.04          15750 15750 15750 15750 10
2012.05.07          15300 15300 15300 15300 0
2012.05.08          15900 16200 16250 15400 80
2012.05.09          15900 15900 15900 15900 0
2012.05.10          15900 15900 15900 15900 0
2012.05.11          15750 17200 17200 15750 20
2012.05.14          15050 16950 16950 15050 125
2012.05.15          15300 16850 16850 15300 30
2012.05.16          15300 15300 15300 15300 0
2012.05.17          15500 15400 15500 15400 86
2012.05.18          15000 14500 16450 14500 300
2012.05.21          16000 15500 16000 15500 20
2012.05.22          16000 16000 16000 16000 0
2012.05.23          15200 15200 15200 15200 0
2012.05.24          15800 14400 15800 14400 340
2012.05.25          15800 15800 15800 15800 0
2012.05.29          17200 17200 17200 17200 10
2012.05.30          15750 15750 15750 15750 355
2012.05.31          15750 15750 15750 15750 0
2012.06.01          15700 15300 15800 15300 250
2012.06.04          15700 15700 15700 15700 0
2012.06.05          15400 15500 15500 15400 70
2012.06.07          15100 15100 15100 15100 10
2012.06.08          15100 15100 15100 15100 80
2012.06.11          15150 15150 15150 15150 30
2012.06.12          15150 15150 15150 15150 0
2012.06.13          15150 15150 15150 15150 0
2012.06.14          15150 15150 15200 15150 500
2012.06.15          15150 15150 15150 15150 190
2012.06.18          15500 15200 15500 15200 20
2012.06.19          15500 15500 15500 15500 0
2012.06.20          15500 15200 16100 15200 240
2012.06.21          16950 16950 16950 16950 10
2012.06.22          15450 15450 15450 15450 0
2012.06.25          15250 17300 17300 15100 220
2012.06.26          15250 15250 15250 15250 0
2012.06.27          15200 15200 15200 15200 0
2012.06.28          15200 15150 15200 15150 40
2012.06.29          15200 15200 15200 15200 0
2012.07.02          15050 15150 15150 15050 90
2012.07.03          15150 15050 15150 15050 210
2012.07.04          15600 15600 15600 15600 200
2012.07.05          15350 15050 15350 15050 210
2012.07.06          15450 15350 15550 15300 330
2012.07.09          15450 15450 15450 15450 0
2012.07.10          15450 15450 15450 15450 0
2012.07.11          15200 15200 15200 15200 0
2012.07.12          15300 15300 15300 15300 0
2012.07.13          15300 15300 15300 15300 0
2012.07.16          15300 15300 15300 15300 0
2012.07.17          15100 15100 15100 15100 0
2012.07.18          15150 15150 15150 15150 0
2012.07.19          15200 15200 15200 15200 0
2012.07.20          16500 16500 16500 16500 0
2012.07.23          16450 16450 16450 16450 0
2012.07.24          15700 15700 15700 15700 0
2012.07.25          15700 15700 15700 15700 0
2012.07.26          15700 15700 15700 15700 10
2012.07.27          15700 15700 15700 15700 0
2012.07.30          15300 15300 15300 15300 0
2012.07.31          15300 15300 15300 15300 0
2012.08.01          15300 15300 15300 15300 0
2012.08.02          15350 15350 15350 15350 0
2012.08.03          15350 15350 15350 15350 0
2012.08.06          15350 15350 15350 15350 0
2012.08.07          15350 15350 15350 15350 0
2012.08.08          15350 15350 15350 15350 0
2012.08.09          15350 15350 15350 15350 10
2012.08.10          15450 15450 15450 15450 10
2012.08.13          15000 15000 15000 15000 300
2012.08.14          15600 15500 15650 15500 160
2012.08.16          15600 15600 15600 15600 0
2012.08.17          15600 16900 17900 15500 1060
2012.08.20          15600 15600 15600 15600 25
2012.08.21          16700 15600 16700 15600 50
2012.08.22          16700 16700 16700 16700 0
2012.08.23          15900 18400 18400 15650 54
2012.08.24          16000 16000 16000 16000 31
2012.08.27          16000 16000 16000 16000 0
2012.08.28          16000 16000 16000 16000 0
2012.08.29          16050 16050 16050 16050 0
2012.08.30          16150 16900 16900 16150 60
2012.08.31          16200 16200 16200 16200 0
2012.09.03          16200 16200 16200 16200 0
2012.09.04          16200 16200 16200 16200 0
2012.09.05          16000 16000 16000 16000 10
2012.09.06          16200 16200 16200 16200 0
2012.09.07          16200 16200 16200 16200 0
2012.09.10          16200 16200 16200 16200 0
2012.09.11          16200 16200 16200 16200 0
2012.09.12          16500 16500 16500 16500 0
2012.09.13          17000 17000 17000 17000 941
2012.09.14          15800 15800 15800 15800 0
2012.09.17          16500 16500 16500 16500 10
2012.09.18          17000 17000 17000 17000 475
2012.09.19          18700 17400 18850 17400 2330
2012.09.20          18950 18200 18950 18200 360
2012.09.21          18500 18500 18500 18500 0
2012.09.24          18100 18100 18100 18100 75
2012.09.25          18700 18700 18700 18700 370
2012.09.26          19450 19450 19450 19450 170
2012.09.27          21500 0 0 0 0
2012.09.28          21400 0 0 0 0
2012.10.02          21350 0 0 0 0
2012.10.04          21350 21350 21350 21350 0
2012.10.05          21350 21350 21350 21350 0
2012.10.08          21350 21350 21350 21350 0
2012.10.09          21350 21350 21350 21350 0
2012.10.10          21350 21350 21350 21350 0
2012.10.11          21350 21350 21350 21350 0
2012.10.12          21350 21350 21350 21350 0
2012.10.15          21350 21350 21350 21350 0
2012.10.16          21350 21350 21350 21350 0
2012.10.17          21350 21350 21350 21350 0
2012.10.18          21350 21350 21350 21350 0
2012.10.19          21350 21350 21350 21350 0
2012.10.22          22000 22000 22000 22000 0
2012.10.23          22000 22000 22000 22000 0
2012.10.24          22000 22000 22000 22000 0
2012.10.25          22000 22000 22000 22000 0
2012.10.26          22000 22000 22000 22000 10
2012.10.29          21950 21950 21950 21950 0
2012.10.30          19500 19500 19500 19500 0
2012.10.31          21500 21500 21500 21500 0
2012.11.01          21500 21500 21500 21500 0
2012.11.02          21500 21500 21500 21500 0
2012.11.05          19500 19350 19900 19350 234
2012.11.06          19550 19100 19550 19100 61
2012.11.07          19500 19000 19500 19000 20
2012.11.08          18200 18200 18200 18200 20
2012.11.09          18650 18650 18650 18650 10
2012.11.12          18650 18650 18650 18650 0
2012.11.13          18650 18650 18650 18650 100
2012.11.14          19000 18650 19000 18650 660
2012.11.15          19050 19050 19050 19050 40
2012.11.16          19050 18500 19050 18500 330
2012.11.19          19050 19050 19050 19050 0
2012.11.20          19350 19050 19350 19050 170
2012.11.21          19650 19650 19650 19650 0
2012.11.22          20000 20050 20050 20000 350
2012.11.23          20000 20000 20000 20000 430
2012.11.26          20000 20000 20000 20000 0
2012.11.27          20000 20000 20000 20000 0
2012.11.28          20000 20000 20000 20000 0
2012.11.29          21000 21000 21000 21000 0
2012.11.30          19550 19550 19550 19550 10
2012.12.03          20000 20000 20000 20000 0
2012.12.04          20000 20000 20000 20000 0
2012.12.05          20000 20000 20000 20000 0
2012.12.06          20000 20000 20000 20000 0
2012.12.07          20000 20000 20000 20000 202
2012.12.10          20000 20000 20000 20000 100
2012.12.11          20000 19500 20000 19500 550
2012.12.12          20000 20000 20000 20000 0
2012.12.13          20000 20000 20000 20000 0
2012.12.14          20000 20000 20000 20000 0
2012.12.17          20000 20000 20000 20000 0
2012.12.18          20000 20000 20000 20000 0
2012.12.20          20000 20000 20000 20000 0
2012.12.21          19200 19200 19200 19200 0
2012.12.24          19200 19200 19200 19200 0
2012.12.26          19200 19200 19200 19200 0
2012.12.27          19200 19200 19200 19200 0
2012.12.28          19200 19200 19200 19200 0
2013.01.02          19200 19200 19200 19200 0
2013.01.03          19200 19200 19200 19200 10
2013.01.04          19200 19200 19200 19200 0
2013.01.07          19200 19200 19200 19200 0
2013.01.08          19000 17200 19000 17200 20
2013.01.09          19000 19000 19000 19000 0
2013.01.10          19450 19450 19450 19450 0
2013.01.11          19450 19450 19450 19450 0
2013.01.14          19450 19450 19450 19450 0
2013.01.15          21000 21000 21000 21000 0
2013.01.16          21000 21000 21000 21000 0
2013.01.17          20100 20100 20100 20100 0
2013.01.18          20100 20100 20100 20100 0
2013.01.21          20100 20100 20100 20100 0
2013.01.22          20100 20100 20100 20100 0
2013.01.23          20100 20100 20100 20100 0
2013.01.24          20100 20100 20100 20100 0
2013.01.25          20100 20100 20100 20100 0
2013.01.28          20100 20100 20100 20100 0
2013.01.29          20100 20100 20100 20100 0
2013.01.30          20050 20050 20050 20050 10
2013.01.31          20050 20050 20050 20050 0
2013.02.01          20000 20000 20000 20000 200
2013.02.04          20000 20000 20000 20000 0
2013.02.05          20150 20150 20150 20150 0
2013.02.06          20150 20150 20150 20150 0
2013.02.07          19300 19300 19300 19300 0
2013.02.08          19300 19300 19300 19300 0
2013.02.12          19300 19300 19300 19300 0
2013.02.13          19300 19300 19300 19300 0
2013.02.14          19300 19300 19300 19300 0
2013.02.15          19300 19300 19300 19300 0
2013.02.18          19300 19300 19300 19300 250
2013.02.19          20000 19850 20000 19850 130
2013.02.20          19600 19600 19600 19600 0
2013.02.21          19600 19600 19600 19600 0
2013.02.22          19600 19600 19600 19600 0
2013.02.25          19600 19600 19600 19600 0
2013.02.26          20000 20000 20000 20000 0
2013.02.27          20000 20000 20000 20000 0
2013.02.28          20000 20000 20000 20000 0
2013.03.04          20000 20000 20000 20000 100
2013.03.05          20000 20000 20000 20000 0
2013.03.06          20100 20100 20100 20100 500
2013.03.07          20300 20300 20300 20300 104
2013.03.08          20550 20550 20550 20550 0
2013.03.11          20650 20650 20650 20650 0
2013.03.12          21000 21000 21000 21000 100
2013.03.13          21000 21000 21000 21000 0
2013.03.14          21000 21000 21000 21000 0
2013.03.15          21000 21000 21000 21000 0
2013.03.18          21000 21000 21000 21000 0
2013.03.19          21150 21150 21150 21150 0
2013.03.20          21200 21200 21200 21200 0
2013.03.21          21200 21200 21200 21200 0
2013.03.22          21200 21200 21200 21200 0
2013.03.25          21350 21350 21350 21350 0
2013.03.26          21350 21350 21350 21350 0
2013.03.27          21350 21350 21350 21350 0
2013.03.28          21350 21350 21350 21350 0
2013.03.29          21350 21350 21350 21350 0
2013.04.01          21350 21350 21350 21350 0
2013.04.02          21350 21350 21350 21350 0
2013.04.03          21400 21400 21400 21400 100
2013.04.04          21400 21400 21400 21400 0
2013.04.05          21400 21400 21400 21400 0
2013.04.08          20200 20200 20200 20200 0
2013.04.09          20200 20150 20200 20150 62
2013.04.10          22000 22000 22000 22000 0
2013.04.11          22000 22000 22000 22000 0
2013.04.12          22000 22000 22000 22000 0
2013.04.15          24000 24000 24000 24000 0
2013.04.16          24000 24000 24000 24000 0
2013.04.17          24000 24000 24000 24000 0
2013.04.18          24000 24000 24000 24000 0
2013.04.19          24000 24000 24000 24000 0
2013.04.22          25900 25900 25900 25900 0
2013.04.23          25950 25950 25950 25950 10
2013.04.24          28900 28900 28900 28900 0
2013.04.25          28900 28900 28900 28900 0
2013.04.26          28850 28850 28850 28850 0
2013.04.29          28850 28850 28850 28850 160
2013.04.30          28800 28800 28800 28800 0
2013.05.02          31900 31950 31950 31850 30
2013.05.03          28050 27700 28050 27200 320
2013.05.06          27500 27200 27500 27200 100
2013.05.07          27000 27000 27000 27000 0
2013.05.08          27000 27000 27000 27000 0
2013.05.09          27000 27000 27000 27000 0
2013.05.10          25500 25500 25500 25500 0
2013.05.13          25500 25500 25500 25500 0
2013.05.14          25500 25500 25500 25500 0
2013.05.15          25500 25500 25500 25500 0
2013.05.16          25500 25500 25500 25500 0
2013.05.20          24200 24200 24200 24200 0
2013.05.21          25500 24350 25500 24200 150
2013.05.22          25500 25500 25500 25500 2690
2013.05.23          25500 25500 25500 25500 600
2013.05.24          25500 25500 25500 25500 20
2013.05.27          25500 25500 25500 25500 0
2013.05.28          26500 25500 26500 25450 70
2013.05.29          26750 26000 26750 25500 90
2013.05.30          25500 25500 25500 25500 180
2013.05.31          25500 25500 25500 25500 10
2013.06.03          26900 25500 26900 25500 50
2013.06.04          25500 25500 25500 25500 2
2013.06.05          26000 25000 26000 25000 1230
2013.06.07          26000 26000 26000 26000 0
2013.06.10          26000 26000 26000 26000 0
2013.06.11          26000 26000 26000 26000 0
2013.06.12          26050 26050 26050 26050 0
2013.06.13          27000 27000 27000 27000 0
2013.06.14          27000 27000 27000 27000 0
2013.06.17          24300 24300 24300 24300 0
2013.06.18          27900 26500 27900 26500 627
2013.06.19          26200 27000 28100 26200 684
2013.06.20          26500 26000 26500 26000 80
2013.06.21          26500 26500 26500 26500 0
2013.06.24          26500 26500 26500 26500 0
2013.06.25          26500 26500 26500 26500 0
2013.06.26          26500 26500 26500 26500 0
2013.06.27          26000 25500 26000 25500 20
2013.06.28          26000 26000 26000 26000 0
2013.07.01          26000 26000 26000 26000 0
2013.07.02          26050 26000 26050 26000 40
2013.07.03          26050 26050 26050 26050 0
2013.07.04          24200 24200 24200 24200 0
2013.07.05          24200 24200 24200 24200 0
2013.07.08          25000 25000 25000 25000 0
2013.07.09          25000 25000 25000 25000 0
2013.07.10          25000 25000 25000 25000 0
2013.07.11          25000 25000 25000 25000 0
2013.07.12          25000 25000 25000 25000 0
2013.07.15          25000 25000 25000 25000 10
2013.07.16          25000 25000 25000 25000 0
2013.07.17          25000 25000 25000 25000 0
2013.07.18          25000 25000 25000 25000 0
2013.07.19          25000 25000 25000 25000 40
2013.07.22          25050 25050 25050 25050 0
2013.07.23          25050 25050 25050 25050 0
2013.07.24          25050 25050 25050 25050 0
2013.07.25          25050 25050 25050 25050 0
2013.07.26          22000 22000 22000 22000 0
2013.07.29          22000 22000 22000 22000 0
2013.07.30          25300 25300 25300 25300 0
2013.07.31          25300 25300 25300 25300 170
2013.08.01          25300 25300 25300 25300 10
2013.08.02          25300 25300 25300 25300 0
2013.08.05          25300 25300 25300 25300 0
2013.08.06          26000 26000 26000 26000 10
2013.08.07          26000 26000 26000 26000 0
2013.08.08          26000 26000 26000 26000 0
2013.08.09          25300 25300 25300 25300 0
2013.08.12          25300 25300 25300 25300 0
2013.08.13          25300 25300 25300 25300 0
2013.08.14          25300 25300 25300 25300 0
2013.08.16          25300 25300 25300 25300 0
2013.08.19          25300 25300 25300 25300 0
2013.08.20          28000 28000 28000 28000 0
2013.08.21          26500 26500 26500 26500 100
2013.08.22          26500 26500 26500 26500 0
2013.08.23          26000 26000 26000 26000 10
2013.08.26          26000 26000 26000 26000 0
2013.08.27          26000 26000 26000 26000 0
2013.08.28          26000 26000 26000 26000 0
2013.08.29          26000 26000 26000 26000 0
2013.08.30          26000 26000 26000 26000 0
2013.09.02          26000 26000 26000 26000 0
2013.09.03          26000 26000 26000 26000 0
2013.09.04          26000 26000 26000 26000 0
2013.09.05          26000 26000 26000 26000 0
2013.09.06          26000 26000 26000 26000 0
2013.09.09          26000 26000 26000 26000 0
2013.09.10          26000 26000 26000 26000 0
2013.09.11          26000 26000 26000 26000 0
2013.09.12          26000 26000 26000 26000 0
2013.09.13          26000 26000 26000 26000 0
2013.09.16          26000 26000 26000 26000 0
2013.09.17          26000 26000 26000 26000 0
2013.09.23          26000 26000 26000 26000 0
2013.09.24          26000 26000 26000 26000 0
2013.09.25          26000 26000 26000 26000 0
2013.09.26          26000 26000 26000 26000 0
2013.09.27          26000 26000 26000 26000 0
2013.09.30          26000 26000 26000 26000 0
2013.10.01          26000 26000 26000 26000 0
2013.10.02          26000 26000 26000 26000 0
2013.10.04          26000 26000 26000 26000 0
2013.10.07          26000 26000 26000 26000 0
2013.10.08          26000 26000 26000 26000 0
2013.10.10          26000 26000 26000 26000 0
2013.10.11          26000 26000 26000 26000 0
2013.10.14          26000 26000 26000 26000 0
2013.10.15          26000 26000 26000 26000 0
2013.10.16          26000 26000 26000 26000 0
2013.10.17          26000 26000 26000 26000 0
2013.10.18          26000 26000 26000 26000 0
2013.10.21          25900 26000 29900 25000 4250
2013.10.22          24800 23600 25100 23600 2410
2013.10.23          24400 24000 27750 24000 1190
2013.10.24          24000 25050 25050 23800 240
2013.10.25          24500 24000 24500 24000 220
2013.10.28          24500 24500 24500 24000 290
2013.10.29          24300 23800 24300 23800 120
2013.10.30          24000 24000 24000 24000 0
2013.10.31          24000 24000 24000 24000 180
2013.11.01          24850 24000 24850 24000 40
2013.11.04          26950 25000 28400 25000 80
2013.11.05          26350 26350 26350 26350 0
2013.11.06          25700 28400 28400 25000 90
2013.11.07          25500 25000 25950 25000 40
2013.11.08          25500 25500 25500 25500 0
2013.11.11          25500 25500 25500 25500 0
2013.11.12          25400 25400 25400 25400 10
2013.11.13          25350 25350 25350 25350 0
2013.11.14          24950 24950 24950 24950 0
2013.11.15          24000 24000 24000 24000 10
2013.11.18          24000 24000 24000 24000 10
2013.11.19          23800 23100 24000 23000 860
2013.11.20          23800 23800 23800 23800 0
2013.11.21          23600 23600 23600 23600 190
2013.11.22          23600 23600 23600 23600 0
2013.11.25          23150 23150 23150 23150 50
2013.11.26          23200 23200 23200 23200 0
2013.11.27          23200 23200 23200 23200 20
2013.11.28          23900 23900 23900 23900 0
2013.11.29          23550 23550 23550 23550 10
2013.12.02          23550 23550 23550 23550 0
2013.12.03          23550 23550 23550 23550 0
2013.12.04          23550 23550 23550 23550 0
2013.12.05          23550 23550 23550 23550 0
2013.12.06          23550 23550 23550 23550 0
2013.12.09          23550 23550 23550 23550 0
2013.12.10          23550 23550 23550 23550 0
2013.12.11          23550 23550 23550 23550 0
2013.12.12          23550 23550 23550 23550 0
2013.12.13          23550 23550 23550 23550 0
2013.12.16          23550 23550 23550 23550 0
2013.12.17          23550 23550 23550 23550 0
2013.12.18          23550 23550 23550 23550 0
2013.12.19          23550 23550 23550 23550 0
2013.12.20          23550 23550 23550 23550 0
2013.12.23          23600 23550 23600 23550 30
2013.12.24          23650 23650 23650 23650 0
2013.12.26          23650 23650 23650 23650 0
2013.12.27          23650 23650 23650 23650 0
2013.12.30          23650 23650 23650 23650 20
2014.01.02          24250 24250 24250 24250 10
2014.01.03          24800 24800 24800 24800 55
2014.01.06          24600 24600 24600 24600 20
2014.01.07          25100 25100 25100 25100 0
2014.01.08          25500 25500 25500 25500 10
2014.01.09          25500 25500 25500 25500 320
2014.01.10          25500 25500 25500 25500 0
2014.01.13          25500 25500 25500 25500 20
2014.01.14          25500 25500 25500 25500 0
2014.01.15          25500 25500 25500 25500 0
2014.01.16          25500 25500 25500 25500 0
2014.01.17          25500 25500 25500 25500 0
2014.01.20          25500 25500 25500 25500 0
2014.01.21          25500 25500 25500 25500 0
2014.01.22          25500 25500 25500 25500 0
2014.01.23          25200 25200 25200 25200 0
2014.01.24          25200 25200 25200 25200 0
2014.01.27          24200 22100 28100 22100 1640
2014.01.28          24200 24200 24200 24200 0
2014.01.29          24250 24250 24250 24250 0
2014.02.03          24350 24200 26750 24200 1080
2014.02.04          24600 23900 27850 23900 1180
2014.02.05          25000 25100 26000 24800 751
2014.02.06          25250 24800 26200 24500 680
2014.02.07          25150 25150 25150 24900 150
2014.02.10          25150 25150 25150 25150 0
2014.02.11          25150 25150 25150 25150 0
2014.02.12          24850 25500 25500 24850 224
2014.02.13          24850 25050 25050 24850 90
2014.02.14          25050 25050 25050 25050 50
2014.02.17          25250 25250 25250 25250 40
2014.02.18          25250 25250 25250 25250 0
2014.02.19          25350 23700 26000 23700 420
2014.02.20          25500 25500 26250 25500 70
2014.02.21          25200 25200 25200 25200 20
2014.02.24          25200 25200 25200 25200 0
2014.02.25          25200 25200 25200 25200 0
2014.02.26          25200 25200 25200 25200 50
2014.02.27          25550 25550 25550 25550 30
2014.02.28          24300 28450 29350 24000 670
2014.03.03          23850 23800 24000 23750 48
2014.03.04          23800 23650 23800 23600 60
2014.03.05          24200 23850 24200 23850 85
2014.03.06          24200 24200 24200 24200 0
2014.03.07          24000 23900 24000 23900 1150
2014.03.10          24250 24200 24250 24200 120
2014.03.11          24300 24300 24300 24300 0
2014.03.12          24600 24600 24600 24600 10
2014.03.13          25000 24700 25000 24700 70
2014.03.14          25000 25000 25000 25000 0
2014.03.17          25450 25450 25450 25450 10
2014.03.18          25450 25450 25450 25450 0
2014.03.19          25600 25100 25600 25100 80
2014.03.20          25600 25600 25600 25600 0
2014.03.21          25600 25600 25600 25600 0
2014.03.24          25600 25600 25600 25600 0
2014.03.25          25600 25600 25600 25600 0
2014.03.26          25700 25700 25700 25700 0
2014.03.27          25700 25700 25700 25700 10
2014.03.28          25700 25700 25700 25700 0
2014.03.31          25700 25700 25700 25700 100
2014.04.01          25700 25700 25700 25700 60
2014.04.02          27200 26000 28100 26000 170
2014.04.03          27550 27500 31200 26600 214
2014.04.04          28650 26700 30500 26700 1100
2014.04.07          28550 26400 31000 26400 550
2014.04.08          28850 27600 30950 27000 1250
2014.04.09          28250 28600 29500 27550 210
2014.04.10          28100 28400 31700 26800 350
2014.04.11          26900 26900 26900 26900 0
2014.04.14          28450 27100 28950 27100 120
2014.04.15          27900 27250 27900 27250 30
2014.04.16          27500 27600 29650 27500 130
2014.04.17          27100 28850 28850 27100 20
2014.04.18          26600 27100 27100 26600 110
2014.04.21          27550 25500 27850 25500 160
2014.04.22          27750 27800 28350 27400 100
2014.04.23          27600 27600 27600 27600 0
2014.04.24          27950 27950 27950 27950 10
2014.04.25          26850 26850 26850 26850 60
2014.04.28          27400 25200 27400 25200 160
2014.04.29          27400 27400 27400 27400 0
2014.04.30          27100 27100 27100 27100 580
2014.05.02          27650 27100 27650 27100 70
2014.05.07          27650 27650 27650 27650 0
2014.05.08          27300 27300 27300 27300 50
2014.05.09          27600 27600 27600 27600 0
2014.05.12          27850 27850 27850 27850 150
2014.05.13          27850 27850 27850 27850 90
2014.05.14          27850 27850 27850 27850 90
2014.05.15          27650 28400 28400 27650 20
2014.05.16          27650 27650 27650 27650 0
2014.05.19          28500 27600 28500 27600 120
2014.05.20          28000 28000 28000 28000 10
2014.05.21          28000 28100 28100 28000 60
2014.05.22          28100 28100 28100 28100 50
2014.05.23          28100 28100 28100 28100 0
2014.05.26          28100 28100 28100 28100 0
2014.05.27          28100 28100 28100 28100 0
2014.05.28          29000 29000 29000 29000 10
2014.05.29          28300 28300 28300 28300 0
2014.05.30          27600 27300 28850 27300 130
2014.06.02          27350 27200 27600 27200 48
2014.06.03          27050 27600 27600 26900 32
2014.06.05          27500 26200 29000 26200 90
2014.06.09          27600 27600 27600 27600 0
2014.06.10          28000 27150 28100 27150 17
2014.06.11          28200 28200 28200 28200 8
2014.06.12          28900 28200 28900 28200 15
2014.06.13          28900 28900 28900 27900 66
2014.06.16          29000 28500 29000 28500 35
2014.06.17          29000 29000 29000 29000 0
2014.06.18          29000 29000 29000 29000 0
2014.06.19          28900 28900 28900 28900 0
2014.06.20          28200 28300 28300 28200 5
2014.06.23          28100 27800 28100 27800 11
2014.06.24          28400 28400 28400 28400 0
2014.06.25          28400 28400 28400 28400 0
2014.06.26          28400 28400 28400 28400 140
2014.06.27          28950 28050 28950 28050 14
2014.06.30          28950 28950 28950 28950 0
2014.07.01          28950 28950 28950 28950 0
2014.07.02          28900 28150 28900 28150 9
2014.07.03          28850 27300 28850 27300 51
2014.07.04          30400 28850 32400 28850 108
2014.07.07          31600 34950 34950 29800 205
2014.07.08          31000 29000 31000 29000 55
2014.07.09          30500 30500 30500 30500 29
2014.07.10          31000 30400 31000 30150 15
2014.07.11          32050 33000 34000 31200 137
2014.07.14          31600 32100 32100 31400 54
2014.07.15          31350 31600 31600 31350 53
2014.07.16          32200 31300 32200 31300 8
2014.07.17          32200 32200 32200 31800 27
2014.07.18          32400 32400 32400 32400 1
2014.07.21          32400 32200 32400 32200 25
2014.07.22          32900 32900 32900 32900 1
2014.07.23          33350 33450 33450 32600 16
2014.07.24          33350 33000 33350 33000 101
2014.07.25          32100 33000 37000 31450 146
2014.07.28          33350 31200 33350 30650 67
2014.07.29          32400 32450 33000 32050 10
2014.07.30          33250 33250 33250 33250 1
2014.07.31          32050 32350 32350 31400 42
2014.08.01          32000 32850 32850 31400 32
2014.08.04          32450 32100 32450 32100 13
2014.08.05          31950 32500 32500 31500 21
2014.08.06          31950 32750 32750 30700 67
2014.08.07          31300 31200 32000 31050 21
2014.08.08          31500 30600 31500 30600 2
2014.08.11          31000 31000 31000 31000 2
2014.08.12          31900 31300 31900 30600 55
2014.08.13          33450 32000 34000 31900 458
2014.08.14          33400 33450 33750 32800 59
2014.08.18          33750 33900 33900 32800 27
2014.08.19          33850 33850 33850 33850 1
2014.08.20          33600 33600 33600 33600 0
2014.08.21          33850 33100 33850 31700 118
2014.08.22          33950 33050 33950 33050 38
2014.08.25          34450 34500 34500 33450 41
2014.08.26          35000 34450 35000 34450 3
2014.08.27          34950 34950 34950 34950 0
2014.08.28          34950 34950 34950 34950 0
2014.08.29          34500 34500 34600 33050 23
2014.09.01          34000 34000 34000 33500 31
2014.09.02          33000 33000 33000 32600 49
2014.09.03          33700 32500 33700 32150 50
2014.09.04          33600 33600 33600 33600 0
2014.09.05          33600 33600 33600 33600 0
2014.09.11          33600 33600 33600 33600 0
2014.09.12          33250 33500 33500 32950 3
2014.09.15          32900 32450 32900 32050 31
2014.09.16          31900 32000 32000 31500 4
2014.09.17          31450 28400 31700 28400 96
2014.09.18          33000 33000 33000 33000 7
2014.09.19          32900 32050 32900 31600 32
2014.09.22          32900 32100 32900 32100 3
2014.09.23          32850 32850 32850 32850 0
2014.09.24          32800 32050 32800 32050 16
2014.09.25          32500 31650 32500 31650 16
2014.09.26          32500 32500 32500 32500 0
2014.09.29          32500 31600 32500 31550 17
2014.09.30          32500 32000 32500 32000 11
2014.10.01          32450 32600 32600 31650 27
2014.10.02          31950 31500 31950 31500 15
2014.10.06          32250 32250 32250 31500 12
2014.10.07          30950 31050 31050 30200 28
2014.10.08          30900 30900 30900 30900 0
2014.10.10          31100 31950 31950 30900 161
2014.10.13          30650 30050 30650 27800 85
2014.10.14          30200 29100 30200 27500 77
2014.10.15          30050 30050 30050 30050 10
2014.10.16          29800 29800 29800 29800 0
2014.10.17          29500 27500 29500 27500 40
2014.10.20          29850 29850 29850 29850 1
2014.10.21          29850 29850 29850 29850 0
2014.10.22          29700 29850 30150 29050 131
2014.10.23          29700 29700 29700 29700 0
2014.10.24          29000 26100 29150 26100 45
2014.10.27          28500 27200 32400 27200 103
2014.10.28          27950 28000 28200 27950 36
2014.10.29          28500 27800 28500 27800 20
2014.10.30          28500 28500 28500 28500 0
2014.10.31          28800 30400 30400 28800 2
2014.11.03          28800 28800 28800 28800 0
2014.11.04          28000 27800 29900 27800 73
2014.11.05          27500 27700 27700 27500 41
2014.11.06          27500 27000 27500 27000 80
2014.11.07          26500 29800 29800 26300 205
2014.11.10          26950 26500 26950 26500 15
2014.11.11          26900 29050 29050 25550 91
2014.11.12          26250 27400 27450 26250 116
2014.11.13          27000 26200 27000 26200 11
2014.11.14          26100 30100 30100 26100 258
2014.11.17          26100 26200 26200 26100 30
2014.11.18          26150 26150 26800 26050 92
2014.11.19          26100 26000 27500 26000 90
2014.11.20          26000 28000 28000 26000 11
2014.11.21          26100 26000 26100 26000 29
2014.11.24          26000 26000 26000 26000 11
2014.11.25          26000 26000 26000 26000 0
2014.11.26          26100 26100 26100 26100 0
2014.11.27          26400 26400 26400 26400 1
2014.11.28          26000 26000 26000 26000 1
2014.12.01          25950 26000 26000 25950 4
2014.12.02          27500 27500 27500 27500 10
2014.12.03          26300 25600 26300 25600 11
2014.12.04          26000 26000 26000 26000 0
2014.12.05          26100 26000 27000 26000 176
2014.12.08          26850 27400 27400 26300 17
2014.12.09          26850 26850 26850 26850 0
2014.12.10          26400 27150 27150 25800 58
2014.12.11          25750 24900 26000 24900 3459
2014.12.12          26700 28750 28750 25000 141
2014.12.15          27250 24700 27400 24700 26
2014.12.16          27400 27400 27400 27400 2
2014.12.17          27750 27100 27750 26250 30
2014.12.18          27400 26800 27600 26800 102
2014.12.19          27250 30150 30150 26700 539
2014.12.22          23400 23300 23600 23250 68
2014.12.23          23400 24500 24500 23400 16
2014.12.24          23800 23400 23800 23300 68
2014.12.26          23750 23500 24900 23300 109
2014.12.29          23500 25600 25600 23500 72
2014.12.30          23000 23100 23200 23000 31
2015.01.02          23600 25600 25600 23200 124
2015.01.05          23150 22400 23150 22400 22
2015.01.06          23000 22800 23000 22250 66
2015.01.07          23150 23500 23850 22700 38
2015.01.08          22800 23400 23400 22750 21
2015.01.09          23350 21700 23350 21700 19
2015.01.12          23150 25000 25000 22800 76
2015.01.13          22350 22400 23250 22350 86
2015.01.14          22600 22100 22750 22100 223
2015.01.15          23000 22600 23000 22500 333
2015.01.16          22900 22800 22900 22800 10
2015.01.19          22900 22900 22900 22900 0
2015.01.20          22900 21700 23300 21700 38
2015.01.21          23200 22600 23200 22600 11
2015.01.22          22950 22700 22950 22050 57
2015.01.23          22800 22100 22950 22100 22
2015.01.26          22750 22750 22750 22750 1
2015.01.27          23050 22700 23050 22700 121
2015.01.28          23200 23100 23200 23100 103
2015.01.29          23200 23200 23200 23200 1
2015.01.30          23000 24950 24950 23000 421
2015.02.02          22800 23100 23600 22550 164
2015.02.03          23300 22700 23400 22700 15
2015.02.04          23200 23700 23700 23000 28
2015.02.05          22850 23500 23500 22850 109
2015.02.06          23100 23100 23800 23100 100
2015.02.09          23650 22900 23650 22900 31
2015.02.10          23150 24600 24600 23150 66
2015.02.11          23700 22600 23700 22600 21
2015.02.12          23800 23800 23800 23800 1
2015.02.13          22900 23500 24600 22850 3300
2015.02.16          23250 22900 25950 22900 20
2015.02.17          23050 23050 23500 23000 84
2015.02.23          22800 23100 23400 22800 113
2015.02.24          22800 22800 23400 22800 100
2015.02.25          22900 23300 23300 22900 2
2015.02.26          23500 24500 24500 23500 56
2015.02.27          23600 23850 23850 23600 4
2015.03.02          23500 23650 23700 23500 13
2015.03.03          23400 23500 23500 23400 17
2015.03.04          23450 24800 24800 23250 52
2015.03.05          23300 23800 23800 23300 2
2015.03.06          23500 25000 25000 23450 454
2015.03.09          25000 24200 25950 24100 913
2015.03.10          23950 28150 28150 23900 310
2015.03.11          24250 23900 24250 23700 46
2015.03.12          23550 24250 24250 23550 36
2015.03.13          23500 23550 23900 23400 32
2015.03.16          23000 23500 23800 22700 509
2015.03.17          23000 22950 23050 22950 207
2015.03.18          23300 23800 23800 23300 6
2015.03.19          23150 22550 23150 22550 134
2015.03.20          23700 23150 23700 22800 52
2015.03.23          23800 23300 23800 23300 11
2015.03.24          23600 23700 23700 22950 87
2015.03.25          23350 23350 23350 23350 55
2015.03.26          23150 23700 23700 22750 74
2015.03.27          23150 23500 23500 23150 3
2015.03.30          23150 23450 23450 22650 33
2015.03.31          22800 23550 23550 22150 72
2015.04.01          22950 23300 23300 22400 72
2015.04.02          23500 22950 23500 22950 17
2015.04.03          23700 23500 23750 22800 10
2015.04.06          23950 23550 23950 23500 87
2015.04.07          23900 23900 23950 22700 193
2015.04.08          24350 23850 24400 23850 28
2015.04.09          24650 24050 25000 23350 294
2015.04.10          24550 24200 25500 24200 607
2015.04.13          25200 25300 25300 23800 586
2015.04.14          24350 25650 25700 24150 169
2015.04.15          24850 24900 24900 24300 24
2015.04.16          24850 24000 25400 24000 94
2015.04.17          25450 24800 25500 24800 29
2015.04.20          24900 25450 27000 24750 64
2015.04.21          25850 25200 25850 25200 21
2015.04.22          24550 25000 25700 24550 73
2015.04.23          25050 25100 27000 25050 120
2015.04.24          25100 25100 25100 25100 1
2015.04.27          25150 24700 25700 24700 75
2015.04.28          25200 25650 25650 24500 9
2015.04.29          25300 25200 26450 24000 711
2015.04.30          25400 25900 25900 25400 2
2015.05.04          25900 28000 28000 24600 150
2015.05.06          25750 25750 25750 24400 328
2015.05.07          24400 25000 25700 24400 120
2015.05.08          23850 23600 24900 23500 125
2015.05.11          23950 24100 24700 23950 61
2015.05.12          24550 24550 24550 24550 1
2015.05.13          25200 24200 25850 24200 138
2015.05.14          25200 25200 25200 25200 1
2015.05.15          25950 25200 26000 25200 27
2015.05.18          26000 24300 26500 24300 78
2015.05.19          25200 25000 25700 25000 32
2015.05.20          25650 26000 26000 25200 309
2015.05.21          25350 25650 26500 25200 296
2015.05.22          27000 25700 27400 25700 472
2015.05.26          25800 27850 27850 25800 58
2015.05.27          25950 26200 26200 25500 203
2015.05.28          25900 25200 25900 25200 11
2015.05.29          26000 26850 26850 26000 4
2015.06.01          26950 25300 29050 25300 141
2015.06.02          26150 26300 29050 26150 80
2015.06.03          25650 26150 26900 25650 26
2015.06.04          26300 26300 26300 25650 9
2015.06.05          26200 26200 28000 26200 113
2015.06.08          25650 25300 28950 25300 173
2015.06.09          25250 25650 25700 25250 92
2015.06.10          25850 25350 26650 25350 42
2015.06.11          26000 27450 27450 25400 91
2015.06.12          26100 26100 26100 26100 1
2015.06.15          26650 27650 27650 26100 22
2015.06.16          26450 26200 26450 25550 25
2015.06.17          27100 27800 28700 25700 1918
2015.06.18          27750 28400 29500 26950 2404
2015.06.19          27050 34750 34750 26400 2612
2015.06.22          27800 28000 32500 27100 4552
2015.06.23          29100 29000 34500 27750 13562
2015.06.24          27750 29300 31350 27550 37775
2015.06.25          27550 27050 27650 26700 11676
2015.06.26          27350 27900 27900 27350 2727
2015.06.29          27250 27800 27800 26350 5651
2015.06.30          27250 27700 27700 26500 408
2015.07.01          28950 27250 29550 26750 3282
2015.07.02          27700 28600 29600 27700 8888
2015.07.03          29000 28500 30150 28200 25132
2015.07.06          29800 30000 32900 28900 27793
2015.07.07          27650 30550 30900 27400 7305
2015.07.08          27800 27700 28650 27050 7071
2015.07.09          27700 28850 28850 26750 3979
2015.07.10          28300 28000 29500 27300 6354
2015.07.13          27700 28000 28650 27300 3430
2015.07.14          28600 28200 29150 27500 7232
2015.07.15          30700 29000 32800 29000 31018
2015.07.16          29900 30700 32500 29250 14729
2015.07.17          28050 30100 30600 27700 7470
2015.07.20          28000 28050 28400 27500 8301
2015.07.21          28050 28200 29000 27700 2079
2015.07.22          28350 28350 28900 27500 6522
2015.07.23          27950 27900 28000 27500 4144
2015.07.24          27500 28000 28000 27500 4776
2015.07.27          27000 27450 30800 27000 2884
2015.07.28          26700 27850 27850 26500 1418
2015.07.29          27000 26150 27400 26150 234
2015.07.30          26600 26500 28700 26300 989
2015.07.31          26850 26500 27450 26000 2612
2015.08.03          26000 26300 27700 26000 3435
2015.08.04          25950 26000 26800 25500 392
2015.08.05          26300 25500 27900 25500 435
2015.08.06          25900 26600 26700 25800 570
2015.08.07          25950 25900 26950 25850 2619
2015.08.10          26750 26300 27800 26300 554
2015.08.11          26550 26550 27900 26550 359
2015.08.12          25900 26800 26800 25700 1026
2015.08.13          26300 26300 26300 25900 37
2015.08.17          26000 25500 26300 25500 190
2015.08.18          25500 26000 26000 25500 2572
2015.08.19          25000 25500 25750 24300 954
2015.08.20          24600 24350 24800 23550 1266
2015.08.21          24200 23300 24400 23300 4481
2015.08.24          24200 23600 28200 23600 378
2015.08.25          23950 24200 25200 23900 118
2015.08.26          24450 26850 26850 24450 110
2015.08.27          24050 24550 27350 24050 634
2015.08.28          24800 24150 28800 23950 317
2015.08.31          24850 24750 24900 24200 72
2015.09.01          24250 24800 24800 24100 235
2015.09.02          24050 24050 25550 23500 388
2015.09.03          23800 23700 23800 23700 52
2015.09.04          23850 24100 24500 23350 194
2015.09.07          24000 23100 24950 23100 226
2015.09.08          24500 24550 24550 24400 3
2015.09.09          24200 24500 24800 24100 16
2015.09.10          24450 24200 24850 24200 24
2015.09.11          24450 24450 24450 24450 0
2015.09.14          24650 24300 26300 23550 337
2015.09.15          24800 24800 24800 24150 22
2015.09.16          23850 24800 25350 23850 334
2015.09.17          24600 23950 24600 23650 387
2015.09.18          24900 24050 25400 24050 104
2015.09.21          24450 24300 24700 24150 160
2015.09.22          24900 24750 25400 24300 48
2015.09.23          24600 24150 24850 24150 107
2015.09.24          24100 24150 24450 24100 57
2015.09.25          23600 24050 24400 23600 115
2015.09.30          23500 23700 24300 23450 218
2015.10.01          23350 23300 23850 23300 471
2015.10.02          24200 23350 30000 23200 4509
2015.10.05          24450 25500 25500 23500 294
2015.10.06          24100 24050 24450 24050 366
2015.10.07          24150 24450 24500 23700 697
2015.10.08          24200 24950 24950 23800 638
2015.10.12          24300 24000 24350 24000 325
2015.10.13          23900 23050 24200 23050 615
2015.10.14          24200 23800 24400 23200 862
2015.10.15          24300 23750 24800 23650 318
2015.10.16          24350 24350 24650 24100 69
2015.10.19          24700 24000 25200 24000 298
2015.10.20          24100 25400 25400 23600 338
2015.10.21          23150 24100 24100 23100 686
2015.10.22          23600 23000 23900 23000 132
2015.10.23          23700 23550 24400 23350 195
2015.10.26          23900 24500 24500 23100 339
2015.10.27          23850 23250 23850 23150 134
2015.10.28          22250 23800 24450 22250 608
2015.10.29          23000 22000 23350 22000 46
2015.10.30          23050 23300 23300 22350 81
2015.11.02          22550 22150 23300 21850 235
2015.11.03          22700 22300 23150 22300 47
2015.11.04          23000 22200 23100 22100 55
2015.11.05          22800 22550 23250 22250 2878
2015.11.06          22900 22300 25450 22200 767
2015.11.09          22700 22500 22900 22050 128
2015.11.10          22250 22100 22650 21800 91
2015.11.11          22600 22100 22950 22000 99
2015.11.12          22550 22050 22700 21350 107
2015.11.13          22050 21800 22500 21600 221
2015.11.16          22050 21600 22050 21600 3
2015.11.17          21500 21500 22050 21500 353
2015.11.18          22000 21950 22850 21600 496
2015.11.19          21400 21300 21900 21300 651
2015.11.20          21400 20900 21500 20900 186
2015.11.23          21850 21400 22000 20200 599
2015.11.24          21500 20650 21900 20650 53
2015.11.25          21750 20650 21850 20650 139
2015.11.26          21650 21400 21750 21100 714
2015.11.27          21500 22100 22100 21250 325
2015.11.30          21200 21700 21700 21150 53
2015.12.01          21000 21200 21800 21000 826
2015.12.02          20800 20750 24400 20700 5050
2015.12.03          20500 20700 21750 20500 934
2015.12.04          20600 20300 23200 20000 5325
2015.12.07          21000 20600 23450 20600 18289
2015.12.08          20000 21100 21400 19500 13337
2015.12.09          26000 20150 26000 19850 92274
2015.12.10          23150 27000 28500 22400 85042
2015.12.11          21000 22800 23750 20350 34231
2015.12.14          23600 21900 25550 21750 56766
2015.12.15          22050 24000 24800 21300 25484
2015.12.16          22550 23400 24450 21250 14470
2015.12.17          21050 22150 22900 20900 10357
2015.12.18          21300 21150 21900 20400 11847
2015.12.21          20950 21350 21700 20600 6554
2015.12.22          20800 20800 21600 20250 7507
2015.12.23          20650 20500 21200 20300 6179
2015.12.24          20150 20650 20650 19900 8057
2015.12.28          19450 20150 20600 19450 4051
2015.12.29          19350 19550 19700 18750 2488
2015.12.30          19950 19100 20600 19050 2083
2016.01.04          18850 19200 19900 18850 2643
2016.01.05          19550 18950 19650 18650 1459
2016.01.06          19450 19050 20200 19050 3366
2016.01.07          19100 19550 19850 19050 1301
2016.01.08          18650 19100 19500 18500 4002
2016.01.11          19200 18650 19750 18650 1474
2016.01.12          19850 18850 20000 18850 668
2016.01.13          20600 19300 20900 19300 3370
2016.01.14          20300 20350 20350 19700 511
2016.01.15          20200 20300 20900 19800 593
2016.01.18          20100 20150 20700 19800 956
2016.01.19          19550 20350 20350 19300 833
2016.01.20          19400 19300 20250 19000 3158
2016.01.21          19000 19150 19650 19000 1278
2016.01.22          19400 19000 19650 18950 589
2016.01.25          19650 19200 19700 19200 210
2016.01.26          19300 19550 19800 19250 355
2016.01.27          19500 19250 20750 19250 2126
2016.01.28          19650 19350 19850 19250 1137
2016.01.29          19900 19500 19900 19300 1176
2016.02.01          20250 20050 20400 19750 505
2016.02.02          20500 20500 20500 19750 303
2016.02.03          19750 20200 20400 19750 381
2016.02.04          20250 19750 20700 19550 1847
2016.02.05          19900 20250 20450 19500 638
2016.02.11          19600 19900 19950 19100 398
2016.02.12          18900 19550 19550 18700 1010
2016.02.15          18750 18650 19600 18250 2146
2016.02.16          19600 18850 20200 18850 1471
2016.02.17          19600 19050 20250 19050 5193
2016.02.18          19950 19400 19950 19000 4950
2016.02.19          20300 20200 20750 19450 4623
2016.02.22          20800 20300 20900 19850 2904
2016.02.23          20500 20800 21000 19900 863
2016.02.24          21200 20100 21900 20050 2256
2016.02.25          21100 21200 21500 20450 778
2016.02.26          21100 21100 21500 20550 699
2016.02.29          21150 21100 21650 20550 245
2016.03.02          20500 21400 21400 20400 1186
2016.03.03          20400 20400 21050 20000 2166
2016.03.04          20600 20800 20800 20600 4
2016.03.07          20650 21350 21350 20200 857
2016.03.08          20500 20600 20850 20000 4581
2016.03.09          20450 20100 21000 20100 597
2016.03.10          20500 20200 20700 20100 267
2016.03.11          20450 20100 20850 20000 601
2016.03.14          20350 20550 20550 20050 102
2016.03.15          20300 20050 20650 19700 4414
2016.03.16          20150 20000 20300 19750 755
2016.03.17          20200 20300 20700 20000 105
2016.03.18          20400 20000 20700 19850 4784
2016.03.21          20300 20050 20600 20050 270
2016.03.22          19950 20250 20500 19900 178
2016.03.23          19900 20000 20200 19800 1869
2016.03.24          20200 19900 20200 19750 255
2016.03.25          20200 20200 20400 19850 124
2016.03.28          20250 20000 20250 19950 1351
2016.03.29          20350 20650 20650 20000 485
2016.03.30          20100 20100 20600 20000 680
2016.03.31          20250 20050 20250 20050 342
2016.04.01          20150 20250 20250 19900 1150
2016.04.04          20300 20150 20500 20100 372
2016.04.05          20350 20550 20550 20000 595
2016.04.06          20150 20350 20350 19950 1220
2016.04.07          20450 20100 21000 19900 4162
2016.04.08          20200 20450 20750 19900 1885
2016.04.11          20250 20400 20400 20100 4091
2016.04.12          20300 20250 20400 20050 464
2016.04.14          20250 19950 20450 19900 1756
2016.04.15          20200 20250 20400 19750 287
2016.04.18          20100 20100 20150 19700 450
2016.04.19          20250 20000 20250 19850 1308
2016.04.20          20200 20100 20400 19850 658
2016.04.21          20200 20200 20350 19700 808
2016.04.22          20150 20100 20200 20050 98
2016.04.25          20150 20150 20150 19850 270
2016.04.26          20400 20550 20550 19900 638
2016.04.27          20200 20300 20300 19950 255
2016.04.28          20000 20000 20200 19550 2076
2016.04.29          20050 19850 20150 19850 150
2016.05.02          20000 19850 20200 19800 575
2016.05.03          20000 20200 20250 19550 1725
2016.05.04          19800 19850 19950 19800 664
2016.05.09          20000 19750 20150 19750 236
2016.05.10          20150 19800 20300 19800 271
2016.05.11          20050 20000 20150 19850 119
2016.05.12          19850 20100 20100 19850 276
2016.05.13          20400 20100 20800 19650 235
2016.05.16          20350 19950 20400 19950 153
2016.05.17          20450 19850 20450 19850 269
2016.05.18          20700 20050 20700 19950 1431
2016.05.19          20600 20150 20600 20150 230
2016.05.20          20650 20000 20650 20000 303
2016.05.23          20700 20600 20700 20050 972
2016.05.24          20750 20500 20750 20500 324
2016.05.25          20150 20750 20750 20050 2862
2016.05.26          20400 20050 20450 20000 241
2016.05.27          20250 20000 20250 19900 120
2016.05.30          20350 20200 20400 20050 300
2016.05.31          20200 20300 20300 19850 189
2016.06.01          20350 20200 20350 20000 60
2016.06.02          20300 20300 20450 19950 2045
2016.06.03          20250 20200 20250 20000 137
2016.06.07          20000 20250 20800 20000 432
2016.06.08          20000 20150 20150 19800 323
2016.06.09          20250 20150 20300 19800 222
2016.06.10          20100 19850 20100 19850 5
2016.06.13          20050 19800 20050 19650 34
2016.06.14          20000 20050 20050 20000 204
2016.06.15          19850 19950 20100 19300 1318
2016.06.16          19900 19900 20400 19600 1325
2016.06.17          19850 20100 20300 19700 848
2016.06.20          19850 19600 19900 19450 201
2016.06.21          20050 19800 20100 19800 1228
2016.06.22          20200 20050 20250 19950 1205
2016.06.23          20000 20200 20200 19650 2069
2016.06.24          19350 20150 20150 18850 2094
2016.06.27          19250 19000 19600 19000 1412
2016.06.28          19200 19250 19250 18900 125
2016.06.29          19000 18750 19150 18750 146
2016.06.30          19100 19000 19200 18900 323
2016.07.01          19300 19100 19400 19000 343
2016.07.04          19400 19100 19450 19100 376
2016.07.05          19450 19400 19500 19250 197
2016.07.06          19800 19450 19950 19200 218
2016.07.07          20100 19850 20100 19600 57
2016.07.08          20450 20150 20700 19700 234
2016.07.11          20700 20450 20700 20000 15
2016.07.12          20800 20700 20850 20700 642
2016.07.13          20600 20000 20600 20000 1423
2016.07.14          20600 20600 20600 20600 900
2016.07.15          20600 20150 20600 20150 318
2016.07.18          20250 20100 20350 20000 254
2016.07.19          20200 20200 20200 20200 90
2016.07.20          20700 20300 20850 20300 3140
2016.07.21          20900 20800 20900 20700 792
2016.07.22          20900 20900 20900 20900 2
2016.07.25          20950 21000 21000 20900 32
2016.07.26          21200 20950 21200 20000 1748
2016.07.27          21100 21200 21200 21100 15
2016.07.28          21100 21100 21300 21100 2588
2016.07.29          21100 21300 21300 21100 8
2016.08.01          21100 21150 21150 21100 7
2016.08.02          21100 21100 21100 21100 0
2016.08.03          20550 20600 21100 20550 28
2016.08.04          21200 21200 21200 21200 1
2016.08.05          21200 21200 21200 21200 1
2016.08.08          21200 21200 21200 21200 11
2016.08.09          21100 20250 21100 20250 123
2016.08.10          21000 20500 21100 20500 116
2016.08.11          21100 21300 21300 20550 10
2016.08.12          21250 21250 21250 21250 9
2016.08.16          21100 20900 21100 20900 87
2016.08.17          21200 21250 21250 20500 169
2016.08.18          21200 21200 21200 21200 2
2016.08.19          21200 21300 21300 21200 2
2016.08.22          21150 21150 21150 21150 0
2016.08.23          21450 20550 21450 20500 10
2016.08.24          21400 21400 21400 21400 0
2016.08.25          20750 20500 20900 20500 425
2016.08.26          20500 20300 20800 20300 106
2016.08.29          20650 20200 20900 20200 9
2016.08.30          20550 20100 20550 20100 480
2016.08.31          21450 20550 21450 20550 17
2016.09.01          21400 20550 21400 20550 24
2016.09.02          21200 21350 21350 20450 140
2016.09.05          20500 20500 20950 20500 41
2016.09.06          20500 20800 20800 20500 222
2016.09.07          20500 20200 20500 20200 175
2016.09.08          21000 20500 21000 20500 11
2016.09.09          20400 21000 21650 20000 1058
2016.09.12          20700 20400 20700 20000 94
2016.09.13          20700 20700 20700 20150 12
2016.09.19          20700 20100 20700 20100 16
2016.09.20          20700 20200 20700 20200 13
2016.09.21          20800 20350 20900 20300 251
2016.09.22          20750 20750 20750 20350 56
2016.09.23          20750 20750 20750 20750 0
2016.09.26          20750 20750 20750 20750 113
2016.09.27          20700 20150 20700 20150 57
2016.09.28          20950 20600 20950 20600 76
2016.09.29          20450 20400 20950 20400 57
2016.09.30          20800 20250 21100 20250 6
2016.10.04          20650 20650 20650 20650 8
2016.10.05          20650 20250 20650 20200 98
2016.10.06          20800 20650 20800 20350 32
2016.10.07          20750 20350 20750 20350 26
2016.10.10          20550 20400 20550 20400 2
2016.10.11          20700 20150 20700 20150 44
2016.10.12          20700 20700 20700 20700 16
2016.10.13          20700 20350 20700 20350 2
2016.10.14          20650 20650 20650 20650 0
2016.10.17          20400 20200 20700 20200 20
2016.10.18          20700 20700 20700 20700 1
2016.10.19          20500 20200 20500 20050 228
2016.10.20          20600 20500 20600 20450 34
2016.10.21          20700 20250 20750 20250 14
2016.10.24          20600 20150 20600 20150 294
2016.10.25          20600 20600 20600 20500 27
2016.10.26          20500 20600 20600 20100 328
2016.10.27          20400 20500 20600 20250 38
2016.10.28          20400 20250 20400 20250 2
2016.10.31          20400 20050 20400 19600 67
2016.11.01          20300 20600 20600 20000 34
2016.11.02          20100 20600 20600 19100 283
2016.11.03          19900 20000 20000 19900 208
2016.11.04          19900 19900 19900 19900 0
2016.11.07          19800 19500 19900 19500 27
2016.11.08          20000 19800 20000 19650 37
2016.11.09          19850 19350 19850 19350 22
2016.11.10          19800 19800 19800 19800 100
2016.11.11          20000 19300 20000 19300 21
2016.11.14          19950 20000 20300 19950 81
2016.11.15          20350 20000 20400 20000 171
2016.11.16          20000 20400 20400 20000 132
2016.11.17          20350 20400 20400 20000 521
2016.11.18          20350 20500 20500 20000 115
2016.11.21          20350 20350 20350 19600 27
2016.11.22          20550 20350 20550 20000 37
2016.11.23          20550 20550 20550 20550 1200
2016.11.24          20550 20500 20550 20500 12
2016.11.25          20450 20450 20450 20450 102
2016.11.28          20200 20200 20200 20200 188
2016.11.29          20350 20050 20450 19700 924
2016.11.30          20250 20350 20350 20000 119
2016.12.01          20450 19600 20450 19600 467
2016.12.02          20400 20400 20400 20400 0
2016.12.05          20000 20000 20400 20000 625
2016.12.06          20300 20400 20400 20000 133
2016.12.07          20500 20550 20550 20000 68
2016.12.08          20250 20550 20600 20000 88
2016.12.09          20500 20200 20550 20000 496
2016.12.12          20800 20950 21000 20800 831
2016.12.13          20650 20750 20850 20000 351
2016.12.14          20550 20750 20750 20550 22
2016.12.15          20500 20100 20500 20100 152
2016.12.16          20400 20050 20400 20050 139
2016.12.19          20400 20400 20400 20400 0
2016.12.20          20350 20100 20350 20000 111
2016.12.21          20350 20350 20350 20350 0
2016.12.22          20600 20850 20850 20250 103
2016.12.23          20600 20500 20600 20500 16
2016.12.26          20600 20100 20600 20100 16
2016.12.27          20600 20600 20600 20600 0
2016.12.28          20550 20000 20550 20000 213
2016.12.29          20550 20400 20550 20400 5
2017.01.02          20800 20550 20800 20550 129
2017.01.03          20600 20600 20750 20350 222
2017.01.04          20300 20600 20600 20300 29
2017.01.05          20350 20300 20600 20300 79
2017.01.06          20600 20700 20700 20500 8
2017.01.09          20300 20600 20650 20300 75
2017.01.10          20450 20500 20500 20200 64
2017.01.11          20100 20200 20350 20100 433
2017.01.12          20000 20300 20300 19800 351
2017.01.13          19950 19800 20200 19800 45
2017.01.16          20300 19950 20300 19850 1933
2017.01.17          20300 20350 20350 20300 2
2017.01.18          20350 19900 20350 19900 71
2017.01.19          20700 20300 20900 20300 1045
2017.01.20          20650 21000 21000 20200 89
2017.01.23          20250 21000 21000 20150 560
2017.01.24          20750 20800 20800 20600 9
2017.01.25          20800 20750 20800 20100 194
2017.01.26          20800 20800 20800 20800 200
2017.01.31          20600 20200 20600 20200 14
2017.02.01          20400 20600 20600 20150 81
2017.02.02          20350 20050 20400 20000 165
2017.02.03          20250 19950 20300 19950 161
2017.02.06          20750 20500 20750 20350 358
2017.02.07          20750 20750 20750 20700 20
2017.02.08          20750 20800 20800 20750 2
2017.02.09          20750 20300 20900 20300 59
2017.02.10          20550 20750 20750 20350 460
2017.02.13          20700 20500 20800 20400 144
2017.02.14          20700 20800 20800 20400 178
2017.02.15          20700 20650 20700 20300 152
2017.02.16          20650 20650 20650 20650 15
2017.02.17          20600 20350 20650 20350 101
2017.02.20          20600 20400 20600 20350 71
2017.02.21          20850 20600 20900 20600 20
2017.02.22          20700 20800 20800 20250 155
2017.02.23          20700 20450 20700 20450 162
2017.02.24          20700 20650 20700 20400 295
2017.02.27          20800 20700 20800 20700 108
2017.02.28          20850 20800 20900 20700 306
2017.03.02          20950 20850 20950 20850 126
2017.03.03          20800 20800 20900 20800 27
2017.03.06          20950 20900 20950 20900 74
2017.03.07          21450 20600 21800 20600 1368
2017.03.08          21700 21750 21750 21250 85
2017.03.09          21700 21700 21700 21400 71
2017.03.10          21650 19800 21650 19800 472
2017.03.13          21600 21600 21600 21550 20
2017.03.14          21550 21550 21550 21550 21
2017.03.15          21400 21950 21950 20900 253
2017.03.16          21650 21700 21700 21100 155
2017.03.17          21800 21650 21800 21200 37
2017.03.20          21750 20850 21750 20850 220
2017.03.21          21550 21750 21750 21050 432
2017.03.22          21600 21700 21750 21050 242
2017.03.23          21150 21650 21650 20950 415
2017.03.24          21600 21150 21600 21100 373
2017.03.27          21400 21600 21600 21200 181
2017.03.28          21600 21500 21600 21100 153
2017.03.29          21500 21250 21550 21100 601
2017.03.30          21500 21500 21500 21500 3
2017.03.31          21400 21600 21600 21100 170
2017.04.03          21400 21400 21400 21200 45
2017.04.04          21600 21400 21600 21300 1175
2017.04.05          21650 21350 21650 21350 72
2017.04.06          21700 21300 21700 21300 325
2017.04.07          21800 21700 21800 21700 1139
2017.04.10          21600 21900 22450 21500 374
2017.04.11          21850 22800 22800 21600 764
2017.04.12          21650 21850 21850 21350 290
2017.04.13          21800 22000 22000 21800 4
2017.04.14          21900 22000 22000 21400 304
2017.04.17          21850 21950 22200 21400 272
2017.04.18          22000 22100 22100 21500 141
2017.04.19          22200 23350 23800 21950 113
2017.04.20          22300 22650 22650 22000 140
2017.04.21          22400 22300 22500 22000 98
2017.04.24          22500 22250 22500 21650 33
2017.04.25          22700 22500 22900 22350 12
2017.04.26          22800 22750 22850 22750 3
2017.04.27          23200 23000 23250 22900 123
2017.04.28          23450 23250 23450 23000 42
2017.05.02          23400 23400 23400 23400 0
2017.05.04          23400 23450 23450 23350 70
2017.05.08          23300 23450 23450 22800 13
2017.05.10          23450 22850 23500 22850 38
2017.05.11          23300 23450 23450 22800 209
2017.05.12          22700 22700 22700 22700 73
2017.05.15          22850 23200 23200 21750 80
2017.05.16          22950 22850 23000 22550 23
2017.05.17          22800 22600 22850 22600 14
2017.05.18          22100 22700 22700 22100 120
2017.05.19          22900 22200 22900 22050 293
2017.05.22          23000 22900 23400 22900 52
2017.05.23          23050 23000 23200 22850 77
2017.05.24          23200 23150 23200 22350 268
2017.05.25          23350 22800 23350 22800 870
2017.05.26          23500 23350 23650 22950 2743
2017.05.29          24850 23550 30550 23550 153885
2017.05.30          24100 25200 25600 23900 21419
2017.05.31          24350 24100 24650 23550 10151
2017.06.01          24600 24350 24600 23950 5560
2017.06.02          24400 24900 24900 24150 4601
2017.06.05          24450 24400 24800 24250 6806
2017.06.07          24650 24200 24850 23800 1740
2017.06.08          24400 24550 24550 23700 2198
2017.06.09          24750 24500 24750 24000 2773
2017.06.12          25350 24550 25550 24400 585
2017.06.13          26200 25350 26400 25350 2397
2017.06.14          26250 26850 27250 25000 3437
2017.06.15          26150 25850 27000 25600 713
2017.06.16          25700 26150 26750 25250 2324
2017.06.19          25600 25250 26000 25200 3598
2017.06.20          25900 25150 25900 25050 739
2017.06.21          25800 24650 26000 24650 504
2017.06.22          25800 25900 26250 25400 989
2017.06.23          25800 25500 25900 24250 507
2017.06.26          25800 25800 25800 25650 51
2017.06.27          25600 25700 25700 24200 328
2017.06.28          25600 24600 25650 24600 1253
2017.06.29          25650 25800 25800 24750 183
2017.06.30          25650 25650 25650 25200 4
2017.07.03          25700 25200 25750 24800 185
2017.07.04          25750 25300 25750 25150 15
2017.07.05          25750 25100 25750 25100 15
2017.07.06          25000 25100 25400 24750 2413
2017.07.07          24900 24900 24900 24600 204
2017.07.10          24900 24500 25000 24500 109
2017.07.11          25050 25150 25150 24900 12
2017.07.12          25000 24450 25000 24450 236
2017.07.13          25050 25100 25100 24500 48
2017.07.14          25050 25100 25100 24450 205
2017.07.17          25050 25200 25200 25000 94
2017.07.18          25400 24450 25400 24450 15
2017.07.19          25400 25400 25400 25400 99
2017.07.20          25450 25450 25450 25450 1
2017.07.21          25450 25500 25500 24850 4
2017.07.24          25450 25450 25450 25000 21
2017.07.25          25650 25450 25800 25100 33
2017.07.26          25800 25650 25800 24900 159
2017.07.27          25950 25800 26000 25100 735
2017.07.28          25950 26000 26000 25950 351
2017.07.31          25250 24900 25400 24650 413
2017.08.01          25700 25150 25850 25100 340
2017.08.02          25400 25350 25800 25350 12
2017.08.03          25750 25700 25900 25250 1545
2017.08.04          26300 25950 26450 25400 3969
2017.08.07          26400 26500 26500 25850 239
2017.08.08          26300 26800 26800 25500 1488
2017.08.09          25550 26300 26750 25550 84
2017.08.10          25900 26000 26050 25600 25
2017.08.11          26300 26100 26500 25100 1113
2017.08.14          26200 25500 26300 25500 889
2017.08.16          26700 25550 28900 25550 4898
2017.08.17          26650 27000 27000 25800 1937
2017.08.18          26850 26650 27000 25850 589
2017.08.21          26950 26750 27000 26050 2978
2017.08.22          26350 26200 26800 26000 660
2017.08.23          26250 26350 26650 25750 204
2017.08.24          25850 25700 26600 25600 705
2017.08.25          25650 25450 26200 25150 1967
2017.08.28          25200 25250 26000 25100 945
2017.08.29          25050 25200 25750 25050 116
2017.08.30          25900 25500 26000 25500 19
2017.08.31          25300 25900 25950 25300 178
2017.09.01          25950 25900 25950 25900 48
2017.09.04         25200 25950 25950 25200 9
2017.09.05         26000 25600 26000 25350 998
2017.09.06         25950 26050 26050 25350 71
2017.09.07         25600 26000 26000 25600 3
2017.09.08         26000 25900 26300 25750 108
2017.09.11         26000 26000 26000 25500 6
2017.09.12         26200 26100 26250 26100 9
2017.09.13         26300 26200 26300 25600 246
2017.09.14         26250 26250 26300 26200 82
2017.09.15         26150 25800 26150 25000 599
2017.09.18  26150 26150 26150 25500 82
2017.09.19  26150 26200 26200 25650 62
2017.09.20  25400 26150 26150 25400 209
2017.09.21  25300 25400 26200 25100 100
2017.09.22  25000 24750 25900 24750 520
2017.09.25  24150 25400 25400 24100 805
2017.09.26  23300 24800 24800 22800 948
2017.09.27  23000 23500 24500 23000 88
2017.09.28  24800 23900 24800 23450 715
2017.09.29  25500 25500 25800 25300 42
