2012.02.15  25200 25450 25700 25050 1805059
2012.02.16  24900 25100 25150 24800 1318862
2012.02.17  24900 24900 25300 24650 1495250
2012.02.20  24950 24900 25200 24600 1127065
2012.02.21  25250 24800 25450 24750 1214756
2012.02.22  25100 25500 25500 25050 831267
2012.02.23  25350 25250 25400 24850 1043760
2012.02.24  25500 25350 25650 25250 1072284
2012.02.27  25350 25500 25550 25200 651398
2012.02.28  25000 25150 25300 24850 1250244
2012.02.29  25100 24950 25200 24800 1438962
2012.03.02  25050 25400 25400 24950 775248
2012.03.05  24850 24950 25050 24700 832758
2012.03.06  24450 24900 25050 24200 1504192
2012.03.07  24050 24050 24100 23900 1290371
2012.03.08  23650 24050 24100 23400 2440257
2012.03.09  23850 23650 24100 23650 898085
2012.03.12  23550 23850 23850 23350 966901
2012.03.13  23550 23550 23800 23450 767725
2012.03.14  23550 23700 23750 23400 1371296
2012.03.15  23300 23350 23500 23100 1277721
2012.03.16  23500 23500 23700 23250 1384317
2012.03.19  23450 23500 23600 23300 1113248
2012.03.20  23150 23350 23400 23100 1251885
2012.03.21  23300 23150 23450 23100 998942
2012.03.22  23100 23300 23400 22900 1649874
2012.03.23  22950 22900 23000 22850 829145
2012.03.26  22850 22950 23150 22650 861767
2012.03.27  22900 22800 23150 22800 720030
2012.03.28  22550 22850 22850 22400 1227846
2012.03.29  22250 22400 22450 22100 903825
2012.03.30  22400 22350 22650 22350 1061467
2012.04.02  22450 22300 22650 22300 838307
2012.04.03  22200 22500 22600 22100 1280665
2012.04.04  22250 22100 22450 21850 1646748
2012.04.05  22150 22250 22450 22050 1086076
2012.04.06  22650 22100 22850 22000 1351618
2012.04.09  22600 22750 22800 22450 920424
2012.04.10  22600 22550 22850 22450 1057528
2012.04.12  22400 22400 22500 22200 1343719
2012.04.13  22350 22400 22500 22100 1149303
2012.04.16  22250 22200 22350 22050 685122
2012.04.17  22400 22250 22550 22100 977021
2012.04.18  22450 22400 22600 22250 823842
2012.04.19  22300 22250 22300 22150 932042
2012.04.20  22100 22250 22300 21900 766311
2012.04.23  22100 22050 22200 21900 445198
2012.04.24  21900 21850 21950 21700 866327
2012.04.25  21850 21750 22050 21600 784983
2012.04.26  21750 21750 21850 21650 423977
2012.04.27  21450 21600 21700 21200 1360158
2012.04.30  21700 21450 21900 21300 1111026
2012.05.02  22500 21900 22800 21750 2667395
2012.05.03  22850 22700 23400 22600 2358185
2012.05.04  23300 23150 23700 23000 2772456
2012.05.07  23350 23250 23950 23200 2150373
2012.05.08  23400 23350 23400 23050 1267889
2012.05.09  23500 23150 23800 23150 1674264
2012.05.10  23200 23300 23450 23100 1200894
2012.05.11  23100 23200 23350 23000 1001166
2012.05.14  23000 23100 23150 22800 933915
2012.05.15  22350 22700 22750 22100 2678741
2012.05.16  22300 22100 22600 22050 1587331
2012.05.17  23000 22500 23750 22350 3609037
2012.05.18  22750 23550 23600 22500 2189889
2012.05.21  22750 23150 23250 22750 1155897
2012.05.22  22750 22700 22750 22250 1559933
2012.05.23  22600 22550 22800 22200 1256172
2012.05.24  22450 22700 22750 22300 823542
2012.05.25  22400 22250 22500 22250 549619
2012.05.29  22650 22700 23100 22550 1040973
2012.05.30  22400 22650 22650 22200 1240553
2012.05.31  22500 22250 22550 22050 822356
2012.06.01  22600 22350 22800 22350 1009911
2012.06.04  23150 22000 23350 22000 3318319
2012.06.05  23950 23200 24250 23200 3269914
2012.06.07  24100 24100 24350 23700 1374786
2012.06.08  24100 24150 24500 24000 766940
2012.06.11  24150 24000 24200 23500 1771209
2012.06.12  23800 23800 23950 23600 713758
2012.06.13  23750 24000 24100 23700 740238
2012.06.14  24150 23900 24200 23850 1446132
2012.06.15  24050 24050 24300 23850 912847
2012.06.18  24200 24100 24450 24000 1209184
2012.06.19  24050 24400 24450 24050 750683
2012.06.20  24700 24200 25050 24200 2476111
2012.06.21  25100 24850 25550 24850 2509658
2012.06.22  25500 25000 25700 25000 3224855
2012.06.25  25850 25650 26100 25150 2557736
2012.06.26  25250 25650 25900 25050 1689694
2012.06.27  25300 25050 25450 24700 1370289
2012.06.28  25500 25250 25650 25200 799998
2012.06.29  25650 25200 26000 25200 1433035
2012.07.02  25700 25400 25850 25100 1166676
2012.07.03  26350 25950 26500 25850 2504133
2012.07.04  26150 26350 26400 25850 1054632
2012.07.05  25600 26300 26300 25150 1868327
2012.07.06  25300 25500 25500 24900 1190657
2012.07.09  25500 25300 25550 25100 871467
2012.07.10  25500 25600 25800 25200 858634
2012.07.11  25350 25400 25700 25000 1196030
2012.07.12  24900 25350 25450 24900 937983
2012.07.13  24950 25050 25400 24750 903761
2012.07.16  25200 24900 25200 24550 657082
2012.07.17  25300 25200 25900 25100 1428033
2012.07.18  25550 25150 25750 25100 1062171
2012.07.19  25150 25850 25850 24800 1554225
2012.07.20  25050 24900 25200 24850 824521
2012.07.23  25150 25050 25300 25050 832863
2012.07.24  25700 25250 25900 25100 1484746
2012.07.25  25400 25550 25900 25350 1060347
2012.07.26  25600 25200 25900 25200 846000
2012.07.27  25750 25850 25850 25300 575930
2012.07.30  25500 25650 25650 25050 1116682
2012.07.31  25300 25450 25500 24950 1737447
2012.08.01  25300 25100 25500 25000 862099
2012.08.02  25600 25400 25700 25300 988414
2012.08.03  25200 25500 25750 25000 1237215
2012.08.06  24450 25050 25150 24150 2702492
2012.08.07  23850 24400 24400 23550 3006886
2012.08.08  23850 23850 24050 23750 1553764
2012.08.09  24350 23850 24600 23850 2037165
2012.08.10  24150 24400 24500 23900 1153874
2012.08.13  24200 24100 24500 24100 803970
2012.08.14  24400 24350 24600 24250 1229517
2012.08.16  24500 24400 24650 24300 773266
2012.08.17  24550 24500 24700 24400 795918
2012.08.20  24850 24600 24950 24550 810121
2012.08.21  24800 25000 25100 24800 649196
2012.08.22  24900 24950 25100 24700 917467
2012.08.23  25050 25100 25350 24900 783134
2012.08.24  25150 25000 25300 24850 1661177
2012.08.27  25500 25200 25650 25150 1539535
2012.08.28  25150 25350 25500 24950 906684
2012.08.29  24850 25050 25100 24600 1114610
2012.08.30  24550 24600 24850 24300 867734
2012.08.31  24600 24250 24650 24150 993866
2012.09.03  24500 24200 24550 24150 838254
2012.09.04  24000 24200 24400 23850 1595608
2012.09.05  23750 23850 24000 23700 601350
2012.09.06  24050 23750 24200 23700 939043
2012.09.07  24000 24150 24300 23750 1432178
2012.09.10  23850 24050 24150 23800 755285
2012.09.11  23800 23800 23900 23650 689087
2012.09.12  23950 23800 24150 23800 946110
2012.09.13  24750 23950 25000 23900 3130331
2012.09.14  24800 24900 25150 24750 1813940
2012.09.17  24950 24550 24950 24400 1213495
2012.09.18  25000 24700 25100 24700 834554
2012.09.19  25450 25000 25750 24900 1613803
2012.09.20  25450 25450 25700 25350 777320
2012.09.21  25750 25450 26000 25350 1159687
2012.09.24  26100 25750 26400 25750 1578922
2012.09.25  26950 26100 27200 26100 3358044
2012.09.26  27900 26800 28250 26800 4213764
2012.09.27  27800 28000 28200 27350 1482366
2012.09.28  27900 27650 28500 27600 1475010
2012.10.02  28300 28000 28500 27950 1442031
2012.10.04  28150 28100 28350 27900 1517189
2012.10.05  27600 28050 28100 27550 1605462
2012.10.08  27700 27250 28050 27250 1330245
2012.10.09  26950 27700 28050 26750 2020569
2012.10.10  26200 26150 26450 25950 28574424
2012.10.11  26450 26250 26650 26200 2068638
2012.10.12  26450 26500 26650 26250 1035582
2012.10.15  27000 26300 27300 26250 2028928
2012.10.16  27900 27400 28350 27400 2909046
2012.10.17  28500 28150 28550 27950 2008544
2012.10.18  27800 28400 28400 27500 1803909
2012.10.19  27700 27800 28250 27500 869534
2012.10.22  27950 27500 28300 27350 1584479
2012.10.23  28400 28100 28600 28050 1436519
2012.10.24  28300 28150 28850 27900 1971578
2012.10.25  27950 28300 28600 27850 1492503
2012.10.26  27900 28000 28150 27750 833640
2012.10.29  27750 27900 27900 27450 896817
2012.10.30  28500 27800 28600 27650 1533780
2012.10.31  28300 28550 28800 28100 1168566
2012.11.01  29900 28300 29900 28250 3987263
2012.11.02  29800 30000 30250 29500 1518995
2012.11.05  28800 29650 29700 28350 2490390
2012.11.06  28200 28450 28600 27850 3062344
2012.11.07  27350 27750 27800 26650 4024925
2012.11.08  27350 27150 27750 27000 1971493
2012.11.09  26950 27200 27850 26750 1737974
2012.11.12  27000 26650 27300 26400 1247599
2012.11.13  26650 27300 27350 26050 1929125
2012.11.14  27100 26300 27350 26200 2299631
2012.11.15  27300 26900 27700 26900 1902551
2012.11.16  27600 27450 27850 27350 1338992
2012.11.19  27400 27600 28000 27400 916272
2012.11.20  27300 27500 27500 26950 967063
2012.11.21  27000 27250 27250 26750 958906
2012.11.22  27200 27250 27550 27050 1098016
2012.11.23  27050 27150 27350 26900 653873
2012.11.26  27150 27100 27550 26900 875354
2012.11.27  26800 27300 27450 26600 1529568
2012.11.28  26700 26600 26700 26100 1422389
2012.11.29  26650 26600 26950 26400 990157
2012.11.30  26700 26550 26850 26500 716540
2012.12.03  26900 26850 27100 26700 1717408
2012.12.04  26750 26750 26950 26500 638674
2012.12.05  26750 26750 27000 26450 735440
2012.12.06  26450 26750 26900 26300 1059598
2012.12.07  26500 26550 26700 26350 737105
2012.12.10  26950 26400 27200 26400 1632469
2012.12.11  26750 27050 27150 26600 1228975
2012.12.12  27000 26800 27050 26450 1167455
2012.12.13  27100 26850 27300 26850 2406508
2012.12.14  27750 27050 27750 26950 1929503
2012.12.17  28650 27850 28750 27800 3510981
2012.12.18  28700 28800 28950 28350 2217156
2012.12.20  29800 28800 30000 28600 3356793
2012.12.21  29850 30100 30700 29800 4155814
2012.12.24  28800 30100 30150 28700 2326610
2012.12.26  29300 28900 29800 28550 1618235
2012.12.27  29700 29350 29700 29250 847706
2012.12.28  30450 29600 30650 29600 2157470
2013.01.02  31550 30750 31700 30750 3137433
2013.01.03  31600 31750 31900 31250 2817632
2013.01.04  31300 31400 31500 30900 1571350
2013.01.07  30800 31300 31550 30700 1079199
2013.01.08  30850 30700 31500 30700 1832262
2013.01.09  31650 30850 31650 30750 1371932
2013.01.10  32800 32900 33300 32350 5418382
2013.01.11  33650 32700 34200 32500 3270612
2013.01.14  34850 33900 34950 33550 2970937
2013.01.15  33450 34400 34750 33450 3373802
2013.01.16  33900 33450 34450 33150 2427075
2013.01.17  33750 33800 34050 32950 1589254
2013.01.18  34250 34200 34600 33950 1590879
2013.01.21  33850 34300 34450 33400 1989412
2013.01.22  34400 34200 34600 34100 2212454
2013.01.23  33700 34100 34200 33450 1483978
2013.01.24  34300 33600 34650 33500 2495335
2013.01.25  34750 34550 35200 34450 2762739
2013.01.28  34850 35000 35400 34700 2246177
2013.01.29  33800 34900 34950 33600 2741155
2013.01.30  32100 33300 33400 32000 4256075
2013.01.31  32400 32300 32800 32000 2287783
2013.02.01  33250 32450 33500 32450 2107498
2013.02.04  33600 33300 33800 33150 1313500
2013.02.05  32700 33600 33850 32500 1543048
2013.02.06  32950 32800 32950 31750 1629298
2013.02.07  31800 33000 33200 31800 1520680
2013.02.08  31350 31700 32050 30950 1694457
2013.02.12  30550 31200 31350 30500 2165390
2013.02.13  31200 30700 31550 30700 1994449
2013.02.14  30700 31400 31500 30450 1743032
2013.02.15  30800 30700 31150 30600 1282630
2013.02.18  31300 31200 31800 31100 1560267
2013.02.19  31200 31300 31300 30950 1105042
2013.02.20  31700 31250 32000 31200 2105882
2013.02.21  31500 31600 31700 31200 1207193
2013.02.22  31950 31400 32250 31250 2128606
2013.02.25  31100 31950 32000 31100 1253720
2013.02.26  30900 30950 31350 30500 953302
2013.02.27  32450 31150 32450 31000 1679364
2013.02.28  32650 32750 33200 32000 2344312
2013.03.04  32350 32400 33050 32050 1816450
2013.03.05  33000 32500 33550 32400 1813790
2013.03.06  33000 32900 33200 32750 1178049
2013.03.07  32350 33000 33050 32250 890739
2013.03.08  32300 32350 32500 31800 1346963
2013.03.11  32200 32300 32500 31800 744760
2013.03.12  32000 32050 32250 31850 724666
2013.03.13  32150 31850 32250 31750 630651
2013.03.14  33200 32000 33200 31500 1912653
2013.03.15  31100 32950 33100 31100 4633326
2013.03.18  31250 31300 32000 30750 1851500
2013.03.19  30800 31300 31550 30750 1914189
2013.03.20  30400 30900 31150 30400 1310689
2013.03.21  29600 30600 30700 29400 2360301
2013.03.22  30100 29700 30350 29500 1535863
2013.03.25  29600 30250 30450 29400 1995125
2013.03.26  29000 29600 29650 28900 2304211
2013.03.27  30050 29350 30250 29200 2235732
2013.03.28  30450 29900 30600 29650 1954354
2013.03.29  30300 30750 30750 30150 1018367
2013.04.01  31200 30550 31200 30450 1300312
2013.04.02  31300 31050 31600 30900 1569954
2013.04.03  31350 31350 31450 30800 1119045
2013.04.04  31500 30950 31500 30350 1783412
2013.04.05  30750 30950 31300 30350 1546619
2013.04.08  29700 30450 30600 29600 1405810
2013.04.09  29350 29600 29900 28900 1922095
2013.04.10  28700 29800 29900 28550 2210528
2013.04.11  29700 28950 29700 28650 1965305
2013.04.12  30000 29500 30300 29500 1730409
2013.04.15  30600 29900 30700 29550 1476904
2013.04.16  31850 30350 32000 30350 2933109
2013.04.17  32300 31650 33000 31650 2715545
2013.04.18  32200 32050 32750 31900 1266806
2013.04.19  32000 32250 32650 31800 1200703
2013.04.22  32600 31950 32950 31900 1424033
2013.04.23  32300 32450 32650 31900 1303340
2013.04.24  32250 32400 32450 31750 1268442
2013.04.25  31250 32200 32250 31150 1440153
2013.04.26  31800 31100 32400 31100 1180212
2013.04.29  32400 32000 32450 31500 935939
2013.04.30  31650 32500 32950 31300 2085302
2013.05.02  32450 31900 32450 31500 1904007
2013.05.03  32500 32400 32850 31800 1319024
2013.05.06  31650 32500 32700 31650 1947948
2013.05.07  31400 31750 32150 31200 1324847
2013.05.08  31400 31550 31700 30900 950364
2013.05.09  30100 31250 31500 29950 4432770
2013.05.10  29550 30200 30350 29250 3591101
2013.05.13  30000 29750 30150 29650 1733869
2013.05.14  30400 30150 30600 30100 2032617
2013.05.15  30300 30550 30600 30100 1819756
2013.05.16  30500 30350 30700 30350 1053327
2013.05.20  29700 30550 30600 29600 2542301
2013.05.21  29250 29650 29850 29050 2328855
2013.05.22  29250 29400 29700 29250 1876366
2013.05.23  29800 29300 29850 29300 1710472
2013.05.24  29750 29900 29950 29350 1315287
2013.05.27  29600 29750 29750 29200 1110859
2013.05.28  28650 29600 29600 28400 3656016
2013.05.29  27200 28050 28150 27000 7496233
2013.05.30  27500 27300 27750 27200 3058279
2013.05.31  26800 27550 27600 26700 3163353
2013.06.03  26250 26550 26750 26000 3046252
2013.06.04  26400 26400 26550 26100 1960309
2013.06.05  25900 26300 26400 25850 2370448
2013.06.07  25600 25800 26000 25550 1829768
2013.06.10  26550 26050 26750 26000 2178839
2013.06.11  26500 26650 26850 26150 1790907
2013.06.12  26350 26400 26450 26200 938755
2013.06.13  25900 26250 26450 25900 1796747
2013.06.14  26950 26200 26950 25900 2239067
2013.06.17  26700 26900 27250 26400 1462316
2013.06.18  27200 26750 27500 26600 2022850
2013.06.19  27000 27050 27100 26550 1671414
2013.06.20  26350 26600 26800 26300 1513061
2013.06.21  26250 25800 26300 25700 2523383
2013.06.24  25650 26000 26100 25650 1351117
2013.06.25  24850 25400 25600 24500 2465215
2013.06.26  25300 25200 25650 24950 1550539
2013.06.27  25750 25300 26200 25300 1450884
2013.06.28  26500 25800 26800 25800 1906129
2013.07.01  26350 26400 26650 26200 1059939
2013.07.02  26850 26300 27100 25900 1998528
2013.07.03  26450 26650 27050 26350 1388592
2013.07.04  27100 26500 27200 26500 1628066
2013.07.05  27850 27300 27950 27250 2390663
2013.07.08  27400 27550 27700 26850 1272819
2013.07.09  26950 27300 27350 26750 960055
2013.07.10  27000 26850 27450 26800 763428
2013.07.11  27500 27400 27600 26950 1111946
2013.07.12  27750 27750 27800 27400 760961
2013.07.15  28050 27700 28050 27000 1301325
2013.07.16  27650 28050 28100 27550 759500
2013.07.17  28050 28200 28350 27900 1741566
2013.07.18  29000 28300 29200 28100 3046460
2013.07.19  28950 29050 29100 28600 1212029
2013.07.22  29000 28800 29300 28750 788833
2013.07.23  29150 29100 29250 28850 1024537
2013.07.24  29150 29200 29250 29000 1247944
2013.07.25  28600 28900 29000 28150 2154490
2013.07.26  28150 28400 28500 27900 1330340
2013.07.29  27850 27950 28250 27850 1020143
2013.07.30  28350 28050 28550 28000 921035
2013.07.31  28650 28200 28750 28100 1180859
2013.08.01  28600 28600 28850 28450 659236
2013.08.02  28350 28700 28800 28200 779906
2013.08.05  28100 28100 28300 27900 683985
2013.08.06  28200 28000 28300 27700 915225
2013.08.07  27800 28050 28300 27800 706964
2013.08.08  29100 28600 29300 28550 2906668
2013.08.09  29300 29300 29450 28850 1649163
2013.08.12  29550 29150 29750 29150 1389335
2013.08.13  29900 29500 29950 29350 1089903
2013.08.14  29500 29850 29850 29200 1278987
2013.08.16  29850 29200 30100 29100 1628387
2013.08.19  29750 30000 30200 29650 1061036
2013.08.20  29500 29550 30100 29350 1105485
2013.08.21  28650 29700 29750 28550 1507318
2013.08.22  29050 28750 29450 28550 2325952
2013.08.23  28750 29000 29050 28300 1581740
2013.08.26  29100 28800 29400 28600 749116
2013.08.27  29600 29350 30000 29350 1712903
2013.08.28  29700 29200 29850 29150 1363009
2013.08.29  30450 29850 30450 29750 2417701
2013.08.30  30700 30500 30850 30250 1519407
2013.09.02  30400 30700 30800 30200 887911
2013.09.03  29850 30500 30500 29600 1934335
2013.09.04  29700 29800 30050 29550 1129282
2013.09.05  30050 29850 30100 29650 1089153
2013.09.06  30050 30000 30100 29750 764192
2013.09.09  30100 30200 30250 29800 1192642
2013.09.10  30300 30050 30350 29700 1562179
2013.09.11  30500 30300 30550 30150 1216319
2013.09.12  30500 30500 30800 30400 1314632
2013.09.13  30600 30400 30750 30350 1189882
2013.09.16  30350 30600 30800 30100 996367
2013.09.17  30500 30400 30600 30000 823185
2013.09.23  30000 30300 30500 29800 1962689
2013.09.24  29800 29800 30150 29700 1409774
2013.09.25  29550 29900 30100 29300 1352670
2013.09.26  29700 29550 30000 29500 753854
2013.09.27  30050 29900 30050 29700 817579
2013.09.30  30050 29950 30150 29600 916781
2013.10.01  29500 29800 30050 29250 1400240
2013.10.02  29350 29400 29550 29200 1153288
2013.10.04  29100 29350 29600 28700 1542859
2013.10.07  29150 29100 29350 28900 908613
2013.10.08  28900 29100 29150 28800 705421
2013.10.10  28950 28950 29150 27850 1869970
2013.10.11  29250 29200 29400 29000 1373702
2013.10.14  29750 29550 30000 29100 1977683
2013.10.15  29700 29750 30150 29600 1405484
2013.10.16  29500 29600 30000 29300 966928
2013.10.17  27500 29200 29350 27300 7401468
2013.10.18  27250 27350 27700 27050 2871427
2013.10.21  27450 27300 27600 27050 1666381
2013.10.22  27650 27450 27850 27300 1161021
2013.10.23  28400 27850 28600 27750 2148980
2013.10.24  28150 28150 28400 27950 1506544
2013.10.25  28150 28100 28200 27750 1055236
2013.10.28  28050 28250 28350 27950 623226
2013.10.29  28400 28000 28550 27850 1191268
2013.10.30  28150 28300 28350 27900 1175134
2013.10.31  28350 28000 28350 27850 1297655
2013.11.01  28200 28150 28750 28150 1667387
2013.11.04  28150 28250 28250 28000 655718
2013.11.05  28400 28350 28850 28150 1346479
2013.11.06  28450 28400 28650 28100 1304975
2013.11.07  29100 28850 29550 28850 2454788
2013.11.08  29200 29250 29450 28900 1250751
2013.11.11  29150 29300 29450 29000 984027
2013.11.12  29700 29050 29900 28900 1815386
2013.11.13  30100 29750 30600 29550 3397932
2013.11.14  29900 29900 30150 29750 1682622
2013.11.15  29850 30000 30250 29650 1337417
2013.11.18  29800 29900 29950 29450 985538
2013.11.19  31850 29700 31900 29700 5961457
2013.11.20  31950 32400 33050 31650 14837558
2013.11.21  31750 31950 32000 31400 2515033
2013.11.22  32700 32300 33050 32150 5370648
2013.11.25  33100 32800 33350 32600 2928026
2013.11.26  32700 32850 33000 32650 1929504
2013.11.27  33100 32550 33100 32400 2143204
2013.11.28  32300 32750 32900 32100 2244138
2013.11.29  32000 32100 32300 31850 2305559
2013.12.02  31950 32200 32250 31850 1622760
2013.12.03  31750 32000 32350 31350 2259924
2013.12.04  31650 31500 31950 31050 2696285
2013.12.05  30900 31550 31650 30850 1978839
2013.12.06  30700 31000 31250 30400 1270199
2013.12.09  32250 31250 32250 31150 2272012
2013.12.10  32000 32000 32400 31800 1840134
2013.12.11  31850 32150 32600 31850 1572613
2013.12.12  31700 31650 32050 31300 1340223
2013.12.13  32150 31900 32150 31500 1033884
2013.12.16  32500 32050 32950 32050 1986861
2013.12.17  32600 32800 32850 32300 1063392
2013.12.18  32850 32550 32950 32350 1456403
2013.12.19  32850 32950 33050 32500 1184816
2013.12.20  33550 32850 33550 32750 1881289
2013.12.23  33950 33650 34150 33300 1468036
2013.12.24  34300 34000 34450 33750 1203984
2013.12.26  33950 34400 34800 33650 1360792
2013.12.27  34550 34000 34550 33700 1045331
2013.12.30  34750 34500 34900 34400 1003170
2014.01.02  34550 34800 34950 34050 1218232
2014.01.03  34250 34550 35000 34100 1855008
2014.01.06  35250 34250 35450 34250 1643420
2014.01.07  35600 35400 35850 34950 1829014
2014.01.08  35400 35700 35800 35250 1077984
2014.01.09  36100 35800 36500 35550 2111793
2014.01.10  36400 36150 36400 35800 1737741
2014.01.13  35300 36300 36400 35050 1425051
2014.01.14  35250 35350 35450 34650 1415719
2014.01.15  35100 35300 36050 34900 1195718
2014.01.16  35450 35100 35550 34950 875581
2014.01.17  34750 35550 35750 34750 1061316
2014.01.20  34800 34600 34800 34050 1172631
2014.01.21  33950 34550 34700 33800 2321989
2014.01.22  34800 33900 34950 33900 1481663
2014.01.23  34300 35050 35100 34300 768218
2014.01.24  33950 34250 34400 33750 1056878
2014.01.27  33400 33500 34450 33250 2282712
2014.01.28  34000 33600 34400 33600 1194962
2014.01.29  35300 34350 35400 34000 1884564
2014.02.03  35550 35100 35700 34800 1795170
2014.02.04  34900 35100 35500 34900 1696404
2014.02.05  35000 35300 35300 34800 746855
2014.02.06  35350 34750 35800 34700 1325257
2014.02.07  36850 35500 36850 35400 2328890
2014.02.10  36550 37000 37050 36250 930753
2014.02.11  36500 36650 37100 36300 1160796
2014.02.12  36200 36550 36700 36050 1111871
2014.02.13  36000 36500 37000 36000 960254
2014.02.14  36850 36050 37200 36050 1126382
2014.02.17  36900 37300 37300 36600 904204
2014.02.18  37450 36800 37450 36350 1370855
2014.02.19  37450 37350 37950 37050 1393391
2014.02.20  37200 37200 37700 37050 871652
2014.02.21  37200 37450 37600 36600 1088130
2014.02.24  36700 37250 37350 36250 788139
2014.02.25  37000 36800 37400 36700 1111287
2014.02.26  37400 36800 37400 36550 1134467
2014.02.27  37600 37200 37750 36950 1048265
2014.02.28  37000 37450 37550 36600 1465622
2014.03.03  37550 36600 37550 36600 956811
2014.03.04  37650 37300 37800 37150 635793
2014.03.05  37550 37800 37850 37300 906061
2014.03.06  37500 37500 38300 37150 1141403
2014.03.07  37350 37500 38050 37300 606724
2014.03.10  36500 37250 37300 36450 900825
2014.03.11  36400 36650 36900 36100 822132
2014.03.12  36350 36300 36700 36250 660127
2014.03.13  36250 36650 36700 36200 1017329
2014.03.14  36750 36500 37400 36100 1449967
2014.03.17  36800 36900 36900 36550 733829
2014.03.18  37550 37150 37800 36800 1482058
2014.03.19  37800 37750 38200 37600 1283984
2014.03.20  37700 38050 38400 37600 1414469
2014.03.21  37500 37900 38000 37450 952283
2014.03.24  37300 37700 38000 36950 864133
2014.03.25  37700 37150 37700 36750 1140966
2014.03.26  37650 37800 38050 37300 931183
2014.03.27  37250 37600 37900 37200 1026371
2014.03.28  36900 37500 37500 36650 922085
2014.03.31  36450 36900 37300 36250 1293325
2014.04.01  37150 36500 37150 36500 1008421
2014.04.02  37650 37250 37650 37200 849450
2014.04.03  37850 37850 38200 37650 1536422
2014.04.04  37100 37950 38000 37050 1686342
2014.04.07  37500 37100 37900 37000 893553
2014.04.08  37350 37450 37800 37150 765719
2014.04.09  38850 37500 38900 37450 2216442
2014.04.10  38700 38950 39250 38300 1036055
2014.04.11  39700 38650 39800 38500 2271501
2014.04.14  39250 39450 39700 39050 791555
2014.04.15  39500 39250 39800 38800 1390118
2014.04.16  39150 39300 39500 38800 1186102
2014.04.17  39150 39100 39350 38850 1218818
2014.04.18  39000 39400 39600 38900 794188
2014.04.21  39000 39150 39250 38900 385946
2014.04.22  39950 39350 40000 38950 1041555
2014.04.23  39900 39950 40000 39700 545899
2014.04.24  40500 39950 40500 39800 1218433
2014.04.25  38900 40200 40300 38900 1420926
2014.04.28  39050 38850 39850 38850 977481
2014.04.29  39550 39100 39600 39050 529920
2014.04.30  39500 39550 39800 39150 716422
2014.05.02  40350 40400 40450 39650 1066222
2014.05.07  40750 40700 40900 39950 1630549
2014.05.08  41500 41200 41600 40550 2050568
2014.05.09  41350 41850 41850 41250 1689020
2014.05.12  41000 41400 42100 40950 1878216
2014.05.13  40800 41300 41350 40500 2287449
2014.05.14  41900 41100 41900 40950 945227
2014.05.15  41500 41800 42000 41150 999613
2014.05.16  41800 41500 41800 41200 796049
2014.05.19  41850 42000 42000 41550 1056181
2014.05.20  41450 41500 41700 41300 890863
2014.05.21  41600 41300 41600 41000 914599
2014.05.22  41250 41500 41700 41000 681959
2014.05.23  40900 41400 41450 40400 1385938
2014.05.26  39300 41250 41250 39250 2948195
2014.05.27  39800 39750 40100 39500 1183145
2014.05.28  40400 40200 40550 39900 1068368
2014.05.29  39100 40400 40400 38700 1937797
2014.05.30  39100 39200 39350 38300 1421393
2014.06.02  39350 39450 40000 39150 1059591
2014.06.03  39550 39000 39800 38500 1445228
2014.06.05  39750 40000 40000 39600 1249609
2014.06.09  38900 39950 40150 38650 1133519
2014.06.10  38500 39350 39450 37550 1974377
2014.06.11  38250 38300 38500 37850 946682
2014.06.12  38850 38600 39250 38350 1284295
2014.06.13  37700 38850 38900 37700 1508224
2014.06.16  37150 37600 37650 36750 1772695
2014.06.17  37500 37300 37850 37250 962548
2014.06.18  38500 37250 38500 36650 1473210
2014.06.19  39000 38700 39000 38100 1286934
2014.06.20  38800 38750 38950 38250 940987
2014.06.23  38500 38500 39000 38200 783170
2014.06.24  39900 38300 40000 38300 1690334
2014.06.25  39700 39900 40000 39600 966932
2014.06.26  37050 38400 38800 36950 5498262
2014.06.27  37500 37100 37800 36900 1410048
2014.06.30  37300 37800 37850 37100 1000622
2014.07.01  37800 37200 37800 37100 747354
2014.07.02  37900 37800 37900 37450 756347
2014.07.03  37800 37750 37900 37350 770195
2014.07.04  37250 37800 37900 37100 818627
2014.07.07  37550 37350 37600 37300 468291
2014.07.08  37300 37550 37550 36750 1117353
2014.07.09  36800 37250 37750 36800 884158
2014.07.10  38550 37250 38550 37100 1951177
2014.07.11  38150 38100 38450 37800 1057970
2014.07.14  38300 38300 38500 38050 496707
2014.07.15  38050 38200 38400 38000 1022495
2014.07.16  38000 38250 39200 37900 1315291
2014.07.17  37900 38200 38250 37500 945218
2014.07.18  37850 37650 38050 37550 647459
2014.07.21  39000 37900 39050 37900 1179879
2014.07.22  39050 39050 39400 38800 891865
2014.07.23  39300 39350 39400 38750 969125
2014.07.24  38750 39500 39500 38750 819957
2014.07.25  38350 38950 39250 38350 723067
2014.07.28  40750 38750 41000 38600 2844380
2014.07.29  41250 40900 41750 40600 2144479
2014.07.30  42450 41600 42450 41500 2184259
2014.07.31  42450 42450 43650 42050 1738681
2014.08.01  43100 42450 43500 42100 1296219
2014.08.04  42700 43800 43850 41800 1202765
2014.08.05  43350 42900 43450 41800 1283147
2014.08.06  44250 43000 44400 42750 2031488
2014.08.07  44000 44150 44700 43500 2248184
2014.08.08  44350 44200 44800 43050 2662900
2014.08.11  43350 44300 44850 43250 863386
2014.08.12  43600 43200 44100 42400 1391897
2014.08.13  43650 43600 44200 43400 1145434
2014.08.14  43050 43500 44250 42700 800750
2014.08.18  42900 43100 43300 42700 748425
2014.08.19  43950 43000 44300 43000 1183532
2014.08.20  43000 44350 44350 42750 1231743
2014.08.21  41100 41900 42000 40750 3465895
2014.08.22  42000 41500 42050 41300 1280493
2014.08.25  42200 42000 42200 41500 703745
2014.08.26  42600 42150 42600 41600 1026474
2014.08.27  41950 42050 42350 41650 1466179
2014.08.28  42000 41750 42200 41750 744191
2014.08.29  42200 42050 42200 41350 927036
2014.09.01  42150 42300 42700 41850 457536
2014.09.02  41950 41950 42050 41650 781075
2014.09.03  43350 41850 43400 41850 1751052
2014.09.04  43150 43450 43450 42550 1700205
2014.09.05  42300 42800 43100 42300 1206865
2014.09.11  42600 43000 43600 42150 2037362
2014.09.12  43500 42800 44350 42750 2456815
2014.09.15  43800 44000 44250 42850 1299604
2014.09.16  42950 43150 43400 42150 1817922
2014.09.17  43850 43250 44100 43000 1057828
2014.09.18  46400 44700 47500 43500 8467447
2014.09.19  45300 47050 47300 45150 4330113
2014.09.22  45500 45300 45900 44900 1482999
2014.09.23  45000 44800 46050 44800 2163903
2014.09.24  47050 45000 47300 45000 2157723
2014.09.25  47650 47500 48100 46650 2047105
2014.09.26  47150 47300 47450 46600 1302613
2014.09.29  47150 47000 47350 46650 1016263
2014.09.30  48200 47050 48550 46850 1797002
2014.10.01  48750 48700 49250 47900 1755808
2014.10.02  48550 48500 49250 48100 1486139
2014.10.06  47000 49250 49700 46850 2572942
2014.10.07  48350 47400 48850 46550 1114464
2014.10.08  48600 48200 49350 47900 1109705
2014.10.10  48700 49050 49150 48600 952935
2014.10.13  49450 48650 50200 48600 2047813
2014.10.14  47150 49100 49200 47000 2890209
2014.10.15  46500 47150 47600 45800 3252036
2014.10.16  48100 46350 48500 46250 2511636
2014.10.17  47250 48300 48400 46850 1675353
2014.10.20  48100 47450 48400 47400 762458
2014.10.21  48450 48100 49100 47500 914731
2014.10.22  47900 48100 48650 47700 1196575
2014.10.23  46400 47600 48000 46350 1874367
2014.10.24  46550 45750 47200 45650 22529571
2014.10.27  46450 47350 47450 45850 1606372
2014.10.28  46450 46450 47050 46100 1529100
2014.10.29  46550 46100 46950 45850 1845761
2014.10.30  46000 46200 46850 45300 1612919
2014.10.31  46450 46500 46800 46000 1414179
2014.11.03  45900 47100 47150 45600 1184881
2014.11.04  47350 46300 47800 46100 2029308
2014.11.05  47700 48200 48950 47600 2115478
2014.11.06  47250 47800 48450 46850 1289421
2014.11.07  46950 47050 48250 46700 1129816
2014.11.10  46550 47350 48150 46250 1668722
2014.11.11  46900 46800 47750 46150 1638167
2014.11.12  44600 47650 47800 44600 4036085
2014.11.13  45150 45100 45850 44600 2075700
2014.11.14  45100 44700 45750 44700 1487434
2014.11.17  44100 44950 45650 43150 1816211
2014.11.18  44050 44450 45250 43750 1562449
2014.11.19  45400 44600 45400 44150 1323346
2014.11.20  45300 45450 45650 45000 881733
2014.11.21  45400 45300 45800 44650 1005530
2014.11.24  43800 45950 45950 43400 3173073
2014.11.25  44950 44200 44950 43950 1465083
2014.11.26  44250 45300 45650 44200 1090533
2014.11.27  44500 44500 44600 43650 1134484
2014.11.28  46000 45300 46200 45200 2285440
2014.12.01  46750 46250 47600 46050 2439315
2014.12.02  46100 46300 46700 45900 1548918
2014.12.03  46800 46900 46900 46200 1113399
2014.12.04  46900 46950 47100 46300 866985
2014.12.05  46100 46650 46900 45550 1300277
2014.12.08  45250 45800 46400 44850 969639
2014.12.09  46150 46000 46400 45850 972819
2014.12.10  46850 46750 46900 46250 1379011
2014.12.11  46000 46950 47350 46000 1305601
2014.12.12  46850 46000 46950 45700 1270062
2014.12.15  44500 46900 47700 40050 5927494
2014.12.16  40350 42100 43000 40150 9403580
2014.12.17  41000 41200 41450 40600 3552063
2014.12.18  41000 41400 41700 41000 2113398
2014.12.19  43350 41750 43750 41600 3667685
2014.12.22  44500 43650 44500 42200 2308995
2014.12.23  43900 44400 44500 43550 1057736
2014.12.24  43650 43700 44300 43450 770906
2014.12.26  42950 43700 43750 42850 1320670
2014.12.29  43050 42600 43250 42250 1075214
2014.12.30  42700 43000 43200 42500 718853
2015.01.02  42700 42350 42950 42200 637596
2015.01.05  42000 42500 42650 41600 1123739
2015.01.06  41850 41500 42400 41400 1290400
2015.01.07  43150 42100 43500 42050 1336557
2015.01.08  41800 42800 43250 41700 1481866
2015.01.09  41750 41750 42450 41700 1004930
2015.01.12  41750 41700 42250 41400 835448
2015.01.13  40850 41650 41700 40700 1565927
2015.01.14  40000 41050 41150 39400 2093539
2015.01.15  39850 39750 40350 39200 1835262
2015.01.16  39150 39750 40050 38750 1631957
2015.01.19  39300 39250 39950 39100 916297
2015.01.20  41700 39850 42100 39850 2571126
2015.01.21  41500 42000 42250 40850 1556237
2015.01.22  43250 41800 43250 41700 2255375
2015.01.23  43150 43400 44150 42950 1573831
2015.01.26  42700 43100 43100 42250 722055
2015.01.27  42150 42350 43550 41800 2122124
2015.01.28  42850 42200 43150 42050 1076619
2015.01.29  42600 43300 43350 42600 912348
2015.01.30  43200 42750 43750 42700 1055899
2015.02.02  43500 42900 43500 42450 764851
2015.02.03  42300 43500 43700 41950 1871123
2015.02.04  42750 42450 43000 41850 1166439
2015.02.05  42450 42750 43000 42100 850392
2015.02.06  41900 42150 43000 40800 1634543
2015.02.09  42050 41900 42700 41250 1076028
2015.02.10  42550 43150 43600 42550 1332114
2015.02.11  43500 42650 44350 42300 3230700
2015.02.12  44900 43500 45200 42950 2286349
2015.02.13  45900 45200 46050 44700 1636650
2015.02.16  45350 45700 45850 44750 844579
2015.02.17  44400 45650 45650 44400 847265
2015.02.23  45050 45350 45350 44600 765852
2015.02.24  44550 45550 45600 44500 872067
2015.02.25  45550 45900 46100 45200 1037223
2015.02.26  45900 46000 46100 44650 1197203
2015.02.27  44700 46100 46200 44700 1291977
2015.03.02  44350 45300 45350 43950 1238440
2015.03.03  44600 44750 44800 43950 1156725
2015.03.04  45250 45000 45450 44500 1047516
2015.03.05  44400 45250 45250 43850 1262426
2015.03.06  44700 44900 44950 44250 1059924
2015.03.09  44850 45350 45350 44000 1102076
2015.03.10  43950 44850 45150 43950 794206
2015.03.11  43700 43250 43950 42700 1594400
2015.03.12  42200 43200 43500 42200 1981753
2015.03.13  43850 42400 43900 42350 2171920
2015.03.16  43450 43400 43900 42550 1414130
2015.03.17  44500 43700 44600 43550 1155692
2015.03.18  44750 44650 45500 44000 1056660
2015.03.19  45600 44650 45800 44550 1515759
2015.03.20  45150 45100 45950 44900 896684
2015.03.23  45200 45250 45450 44750 486210
2015.03.24  45800 45400 45800 44800 611052
2015.03.25  45500 45550 45950 45100 554199
2015.03.26  45900 45000 46000 44950 872739
2015.03.27  45000 45200 45450 44600 1074061
2015.03.30  45600 44900 46000 44750 938777
2015.03.31  46000 45800 46200 44900 798494
2015.04.01  45950 46000 46500 45600 794505
2015.04.02  46300 45950 47000 45850 867306
2015.04.03  46650 46600 46900 45900 350372
2015.04.06  45750 46700 46700 45700 472390
2015.04.07  45350 46250 46400 45050 781736
2015.04.08  43700 44850 45000 43600 1948686
2015.04.09  43100 44000 44400 43000 1308196
2015.04.10  43650 43200 43950 43200 1348731
2015.04.13  43300 43000 43950 42800 909897
2015.04.14  43900 43250 44000 42950 1299456
2015.04.15  43800 43900 44900 43600 1758769
2015.04.16  46000 44150 46000 43800 1827980
2015.04.17  47550 46400 47600 46000 2429743
2015.04.20  46250 47400 48000 46000 1403791
2015.04.21  46050 46400 46550 45350 965311
2015.04.22  45500 45700 46250 45300 1131683
2015.04.23  45800 46000 46400 45500 985579
2015.04.24  46850 46700 47650 45650 1555639
2015.04.27  47000 47250 47300 46050 841702
2015.04.28  47950 47500 48500 46600 1700373
2015.04.29  47700 48000 48900 46950 925056
2015.04.30  46850 47350 47600 46550 895578
2015.05.04  47950 46850 48200 46750 991374
2015.05.06  46550 47850 47900 46500 1002476
2015.05.07  46250 46400 47300 45850 679675
2015.05.08  45800 46250 46650 45500 846748
2015.05.11  46800 46250 47300 45900 1046627
2015.05.12  47100 46800 47300 45350 1429882
2015.05.13  47200 47400 47400 46250 1183888
2015.05.14  46800 46850 47200 46500 786048
2015.05.15  46800 47050 47250 46100 675930
2015.05.18  46700 47000 47200 45900 698912
2015.05.19  46100 46250 46700 46000 559866
2015.05.20  47900 46500 48000 46200 1091430
2015.05.21  47450 47900 48650 47100 921140
2015.05.22  48500 47800 48500 47500 834322
2015.05.26  47000 48050 48450 47000 890284
2015.05.27  45750 46500 47250 45650 1182850
2015.05.28  45700 45850 46750 45700 1041765
2015.05.29  46200 45700 46350 45700 1047784
2015.06.01  45500 46300 46700 45200 1272257
2015.06.02  45850 45950 46150 45250 1382784
2015.06.03  45300 45850 46700 45000 890978
2015.06.04  44500 44800 45250 44100 1133192
2015.06.05  44800 44500 45250 44150 786751
2015.06.08  44800 44400 45100 44350 583672
2015.06.09  44700 45000 45100 44450 724961
2015.06.10  43700 44500 44700 43400 1553767
2015.06.11  43850 43750 44200 43000 1251599
2015.06.12  43500 44000 44350 43150 945269
2015.06.15  43800 43000 44650 42600 1266926
2015.06.16  43000 43800 44350 40800 3933484
2015.06.17  42700 42950 42950 41800 1077422
2015.06.18  42450 42750 42900 42000 1216574
2015.06.19  44100 42750 44600 42550 1244026
2015.06.22  46200 46000 46550 45550 1999926
2015.06.23  46050 46950 47650 45850 1333199
2015.06.24  45450 46500 46700 45450 724346
2015.06.25  45100 45100 45700 44550 684339
2015.06.26  45200 45100 45400 44700 528062
2015.06.29  44800 44700 45250 44000 659408
2015.06.30  45800 45000 46150 44950 902335
2015.07.01  46350 46200 46650 45850 706855
2015.07.02  46600 46300 46900 46250 800572
2015.07.03  46900 46850 47100 46250 641125
2015.07.06  47000 46700 47300 46450 1026470
2015.07.07  46550 46650 47000 45800 931642
2015.07.08  47250 46950 47600 45850 1054521
2015.07.09  48050 47200 48350 47200 1981662
2015.07.10  47400 48100 48250 47300 822930
2015.07.13  48000 47500 48750 47400 831013
2015.07.14  49000 47650 49000 47550 1070820
2015.07.15  49050 48750 49050 48200 687053
2015.07.16  48900 49300 49400 48400 488493
2015.07.17  49050 49000 49200 48500 540005
2015.07.20  49900 49100 50000 48850 672296
2015.07.21  50400 50400 50400 49550 691866
2015.07.22  48650 50200 50200 48550 898191
2015.07.23  49750 48400 49750 47800 677605
2015.07.24  48150 48800 49200 48000 659600
2015.07.27  47650 47600 48350 47000 895221
2015.07.28  48200 47700 48450 46800 894713
2015.07.29  48500 47700 48500 47200 613734
2015.07.30  48600 49250 49300 48250 935264
2015.07.31  50900 49300 50900 49000 1890287
2015.08.03  52200 50500 52500 50500 1192632
2015.08.04  51700 51500 52100 50600 928220
2015.08.05  51600 51400 51900 49800 1690110
2015.08.06  51100 51800 53100 50200 2059980
2015.08.07  51000 51100 52000 50600 1006043
2015.08.10  51300 51000 51900 50300 731751
2015.08.11  50300 51300 51500 49400 1080337
2015.08.12  49800 50000 50300 49250 992349
2015.08.13  49600 49800 50000 48650 840887
2015.08.17  50500 50700 50900 49400 878215
2015.08.18  50800 50500 51500 50200 916618
2015.08.19  50600 51000 51400 49950 778190
2015.08.20  51700 50100 51700 49800 916378
2015.08.21  49500 51300 51500 48950 1767231
2015.08.24  47700 48600 49200 46750 1728776
2015.08.25  47500 48000 48450 47100 1543484
2015.08.26  49150 47600 50200 47300 1726462
2015.08.27  49500 49000 49850 48400 1280812
2015.08.28  49200 50000 51100 49100 1191595
2015.08.31  48000 49050 49550 48000 1460585
2015.09.01  48500 47950 48550 47750 841190
2015.09.02  47650 48100 48500 47650 1084643
2015.09.03  47500 47800 48500 46750 1171554
2015.09.04  46750 47100 47600 46750 901100
2015.09.07  47300 46300 47300 46100 836722
2015.09.08  46300 47200 47300 45600 1374763
2015.09.09  47650 47150 47650 46400 1042311
2015.09.10  49250 47600 49250 47250 1427275
2015.09.11  48050 49200 49200 48050 650518
2015.09.14  48650 48450 49100 48100 502513
2015.09.15  48650 49100 49450 48500 698707
2015.09.16  48700 49000 49700 48450 958799
2015.09.17  47650 49350 49400 47500 1115233
2015.09.18  47500 48200 48700 47400 1135770
2015.09.21  47400 47700 47950 47000 792552
2015.09.22  49700 47900 49700 47750 1607776
2015.09.23  48300 49150 49600 48300 626531
2015.09.24  48800 48900 49100 48400 529377
2015.09.25  49050 48500 49450 48350 733878
2015.09.30  49000 48700 49000 48050 1086834
2015.10.01  49000 49050 49450 48600 600778
2015.10.02  48250 48700 49650 48250 645457
2015.10.05  48950 49000 49000 48450 546982
2015.10.06  49200 49100 49600 48800 606849
2015.10.07  48350 49600 49600 48150 756370
2015.10.08  48350 48850 48850 47450 1111954
2015.10.12  48250 48600 48800 47750 713303
2015.10.13  48300 48100 48300 47650 682773
2015.10.14  49950 48650 50700 48500 1695422
2015.10.15  50600 50500 50900 50100 886280
2015.10.16  51400 50600 51700 50300 904400
2015.10.19  51800 51400 51800 50600 529348
2015.10.20  52300 51400 53000 51000 1313124
2015.10.21  52500 52900 53000 52300 799217
2015.10.22  52500 51800 52600 51600 538397
2015.10.23  51800 52600 53900 51500 897347
2015.10.26  53000 51800 53000 51700 488705
2015.10.27  53300 52500 54000 52500 651986
2015.10.28  52500 52500 53300 51700 715522
2015.10.29  51600 51800 52200 50900 679110
2015.10.30  51400 51600 52100 51100 641398
2015.11.02  50700 51200 51900 50600 634229
2015.11.03  52000 50700 52000 50600 647561
2015.11.04  53000 52000 53000 51600 579872
2015.11.05  52500 52400 53400 51100 1444143
2015.11.06  52700 52200 53600 50100 1162449
2015.11.09  52700 52800 53500 52200 765828
2015.11.10  50500 52000 52200 49950 1881672
2015.11.11  50700 50500 51100 50400 565659
2015.11.12  49600 51000 51000 49600 810739
2015.11.13  49200 49250 49700 48850 954036
2015.11.16  49800 48800 50100 48600 1024893
2015.11.17  50000 50300 50700 49400 694741
2015.11.18  50800 50400 51400 50200 810080
2015.11.19  50600 51300 51400 50100 862572
2015.11.20  50400 50300 50600 49850 780240
2015.11.23  50100 50100 50200 49850 499469
2015.11.24  49600 50000 50400 49300 1319886
2015.11.25  49100 49600 49750 49000 859292
2015.11.26  49350 49450 49800 49050 1183765
2015.11.27  49750 49500 50300 49400 843407
2015.11.30  48950 49750 49850 48950 1446188
2015.12.01  49750 49250 50100 49250 889510
2015.12.02  48750 49750 49800 48750 839462
2015.12.03  48950 48700 49150 48300 591690
2015.12.04  47950 48600 48750 47850 1076296
2015.12.07  47500 48250 48500 47300 698030
2015.12.08  48400 47700 48400 47350 1073499
2015.12.09  49650 48800 49750 48750 1251828
2015.12.10  48650 49650 49700 48450 1075584
2015.12.11  48600 48550 49050 47850 969353
2015.12.14  49450 48850 49450 48100 804443
2015.12.15  48700 49250 49450 48600 639572
2015.12.16  48850 49300 49300 48600 1005982
2015.12.17  49850 49500 49850 49200 1023689
2015.12.18  49700 49550 49800 49250 797819
2015.12.21  49500 49800 49900 49350 917221
2015.12.22  49950 49700 50100 49500 1335742
2015.12.23  50300 50000 50400 49900 1079479
2015.12.24  50300 50400 50500 50100 661239
2015.12.28  49400 50300 50400 49400 956789
2015.12.29  49650 48700 49700 48500 811491
2015.12.30  50000 49650 50300 49450 743735
2016.01.04  50000 50100 50300 48900 1168262
2016.01.05  50700 49650 51300 49650 881713
2016.01.06  50800 51200 51400 50400 770189
2016.01.07  50300 51000 51100 49950 533328
2016.01.08  49900 49000 49950 48700 1027981
2016.01.11  50700 50200 51000 49950 696821
2016.01.12  50500 51200 51400 50200 980236
2016.01.13  52000 50800 52000 50800 1523369
2016.01.14  52000 51800 52300 51100 1606061
2016.01.15  51000 51800 52200 50600 882603
2016.01.18  50600 51000 51200 50200 904786
2016.01.19  51600 51200 52200 50700 898141
2016.01.20  51500 52000 52200 51200 995636
2016.01.21  50500 50900 51600 50500 861126
2016.01.22  49800 50200 51000 49550 1292457
2016.01.25  50600 50400 51600 49950 967568
2016.01.26  51600 51100 52600 51000 1191218
2016.01.27  51700 51900 52500 51000 1194303
2016.01.28  52700 51700 52700 51200 946606
2016.01.29  52600 52000 53300 52000 929883
2016.02.01  53200 53700 53700 52100 848200
2016.02.02  53300 53400 54000 53100 692808
2016.02.03  53000 53200 53900 52700 1013131
2016.02.04  53800 53600 54500 52300 1476438
2016.02.05  52300 53400 53600 51800 1386926
2016.02.11  52200 52200 52900 51700 1042109
2016.02.12  52900 52500 53600 52200 2192213
2016.02.15  52600 53000 53000 51700 1716442
2016.02.16  53300 52400 53600 52000 901801
2016.02.17  54400 54400 55100 53000 1376604
2016.02.18  54500 54600 54800 53400 1087982
2016.02.19  55800 55500 55900 54700 1245608
2016.02.22  55500 55200 55600 54100 903681
2016.02.23  55400 55300 56100 54500 758190
2016.02.24  56600 56100 57100 55600 962511
2016.02.25  59500 57500 59600 56900 2050397
2016.02.26  60600 59900 61200 59600 2154370
2016.02.29  58700 60100 60200 58000 2258954
2016.03.02  60000 59800 60600 59100 1217662
2016.03.03  58500 60000 60000 57800 1546574
2016.03.04  58400 58800 58900 57900 980720
2016.03.07  56800 58000 58200 56100 2088653
2016.03.08  55900 56000 56300 54500 3070719
2016.03.09  57400 55900 57500 55900 1228623
2016.03.10  58000 57300 58000 56700 1337486
2016.03.11  58200 58200 59200 57300 1124691
2016.03.14  58800 58200 58900 56700 1100110
2016.03.15  58600 58800 59500 58300 928928
2016.03.16  59800 58700 59900 58700 837152
2016.03.17  59300 59500 59800 59100 911812
2016.03.18  59600 58900 59800 58100 1250986
2016.03.21  60100 60000 60400 59500 912719
2016.03.22  59200 59700 59800 58500 1028394
2016.03.23  58900 59200 59800 58700 689905
2016.03.24  59300 59000 60000 58800 629654
2016.03.25  59300 59200 59700 58800 423230
2016.03.28  58600 59500 59500 58500 390914
2016.03.29  59800 58900 60000 58700 944211
2016.03.30  59900 59800 60400 59600 755258
2016.03.31  60200 59900 60200 58700 1253616
2016.04.01  59100 59500 59600 58700 1032767
2016.04.04  58900 59500 59500 58200 551135
2016.04.05  58000 58400 58800 58000 751695
2016.04.06  58300 57900 58500 57400 691676
2016.04.07  59000 58300 59300 58100 787294
2016.04.08  58700 58800 59000 58300 848786
2016.04.11  58700 58500 58700 57700 597254
2016.04.12  59000 58800 59100 58500 594755
2016.04.14  59500 59600 59800 59100 1362463
2016.04.15  59100 60000 60000 59000 820388
2016.04.18  59000 59100 60200 58700 522890
2016.04.19  59500 59500 59700 59100 530044
2016.04.20  59900 60000 60500 59600 735253
2016.04.21  59400 59700 60300 59200 947873
2016.04.22  59200 59200 59700 59100 787338
2016.04.25  59500 59800 60100 59200 917010
2016.04.26  61400 59900 62000 59300 1418298
2016.04.27  62300 61800 63600 61400 1516887
2016.04.28  61400 62800 62800 61400 1138247
2016.04.29  61800 61700 62400 61200 766555
2016.05.02  61200 61300 61800 60800 449150
2016.05.03  61800 61200 61800 60500 808664
2016.05.04  61500 60900 61900 60900 684860
2016.05.09  62800 61800 63700 61100 2012290
2016.05.10  61800 62100 62800 61500 983336
2016.05.11  61200 61500 62400 60600 1303558
2016.05.12  61000 61400 61700 60600 1150117
2016.05.13  61400 61600 62700 61200 611914
2016.05.16  60300 60900 61200 60100 917070
2016.05.17  60400 60700 61000 60200 770427
2016.05.18  60200 60700 60800 60000 816089
2016.05.19  61000 60300 61000 59900 821975
2016.05.20  60100 60500 60600 59300 1266901
2016.05.23  59900 60100 60300 59200 497671
2016.05.24  59600 59600 60900 59400 678247
2016.05.25  61800 60400 61900 60200 1323384
2016.05.26  62200 62000 62500 61300 657776
2016.05.27  62600 62600 62600 61400 827174
2016.05.30  63000 62600 63100 62000 881055
2016.05.31  62900 62600 63000 62500 1255804
2016.06.01  60400 62300 62600 59600 1778983
2016.06.02  59800 60300 60900 59300 1375405
2016.06.03  60100 59700 60400 59700 886766
2016.06.07  60000 59700 60600 59200 1306810
2016.06.08  60500 59700 60500 59600 1027212
2016.06.09  60900 60900 61000 60400 1356273
2016.06.10  62100 61400 62300 61000 826615
2016.06.13  60200 61300 62000 60100 1097898
2016.06.14  59700 60300 60800 59600 818018
2016.06.15  57800 59300 59500 57400 1811715
2016.06.16  58200 57900 58600 57800 769063
2016.06.17  58600 58700 58800 58300 640923
2016.06.20  59900 59500 60200 59100 782955
2016.06.21  58600 59700 59800 58500 789629
2016.06.22  59200 58300 59200 57500 1207520
2016.06.23  58500 58700 59100 58200 524715
2016.06.24  57400 58300 59400 56400 1240199
2016.06.27  58200 57400 58900 57100 885762
2016.06.28  59300 58200 59900 57700 905663
2016.06.29  60100 59200 60200 59100 605930
2016.06.30  60400 60100 60400 59500 726399
2016.07.01  59400 60300 60300 59200 597365
2016.07.04  59000 59300 59300 58500 887623
2016.07.05  59100 59300 59400 58500 506256
2016.07.06  59100 59800 60300 58500 903024
2016.07.07  59000 59100 59300 58500 437023
2016.07.08  59600 59300 59900 58500 810347
2016.07.11  60300 60300 60400 59900 475605
2016.07.12  59600 60300 60400 59400 653905
2016.07.13  59600 59600 59800 58800 986724
2016.07.14  59600 59200 59800 59100 904998
2016.07.15  60300 59600 60400 59100 981804
2016.07.18  60400 60400 60700 59800 582572
2016.07.19  60500 61100 61100 60200 687589
2016.07.20  60400 60500 60900 60100 451406
2016.07.21  61200 60800 61500 60200 748728
2016.07.22  61000 61000 61700 60800 420386
2016.07.25  61500 61700 61900 61100 706401
2016.07.26  62300 62000 62600 61700 836725
2016.07.27  61800 61900 62600 61500 615464
2016.07.28  61600 61800 62100 61000 746384
2016.07.29  61300 61700 62000 60900 713444
2016.08.01  61200 61200 62300 61000 667597
2016.08.02  62800 61100 63400 61100 1150710
2016.08.03  62900 62600 63600 62100 1080692
2016.08.04  61300 63100 63100 60900 1337098
2016.08.05  61100 61400 61500 60500 1128031
2016.08.08  61200 61300 61500 60500 908141
2016.08.09  61200 61000 61600 60500 785007
2016.08.10  62600 61500 63000 61200 1116342
2016.08.11  60600 61900 62100 60600 1224212
2016.08.12  59200 60600 60700 58400 3273838
2016.08.16  58900 59800 60400 58700 1823306
2016.08.17  58400 59300 59400 57800 1144353
2016.08.18  58200 59000 59800 58000 1180277
2016.08.19  57400 58900 59000 57100 1415463
2016.08.22  57400 57800 57900 57000 707052
2016.08.23  57600 57500 57800 57000 896382
2016.08.24  57200 57700 58300 57200 738728
2016.08.25  58700 57500 58800 57400 1210770
2016.08.26  59100 59000 59300 58600 654367
2016.08.29  58100 58500 58500 57600 625231
2016.08.30  57600 57900 58600 57300 866208
2016.08.31  58000 57800 58300 57500 961630
2016.09.01  57500 58300 58500 57200 868641
2016.09.02  57100 57200 57300 56700 828288
2016.09.05  57200 57500 57600 56900 703570
2016.09.06  57400 57100 57600 57000 637061
2016.09.07  58500 57200 58600 57200 913696
2016.09.08  58700 58700 59100 58500 950374
2016.09.09  59700 58800 59800 58500 1239174
2016.09.12  58900 59500 59800 58200 1032806
2016.09.13  57900 58600 58800 57400 1192693
2016.09.19  57800 57500 58200 57500 702196
2016.09.20  58600 57500 58600 57400 830077
2016.09.21  59500 58800 59500 57900 954676
2016.09.22  59100 60100 60300 59100 999643
2016.09.23  60000 60200 60200 59300 771088
2016.09.26  58500 60400 60500 58100 956000
2016.09.27  58600 58700 59100 58200 814455
2016.09.28  57400 58500 58900 57300 1208741
2016.09.29  55600 57500 57600 55200 2374939
2016.09.30  54000 55500 55600 54000 1861086
2016.10.04  54500 53600 54500 53000 1303845
2016.10.05  53800 53600 54500 53000 1203906
2016.10.06  52500 53200 54500 52100 2375169
2016.10.07  51600 52100 52700 51600 1815227
2016.10.10  50500 51600 52500 50300 2557575
2016.10.11  51000 50300 51200 50000 2186336
2016.10.12  50500 51100 52000 50500 2074670
2016.10.13  50600 51300 51700 50300 2336698
2016.10.14  51600 51000 51900 50800 1951750
2016.10.17  52900 51800 53200 51600 1667986
2016.10.18  52700 53200 53300 52200 991965
2016.10.19  52000 52700 52700 51500 1003549
2016.10.20  51800 51900 52300 51300 1099265
2016.10.21  52700 53000 53100 51700 2603459
2016.10.24  51100 52200 52300 50700 1593914
2016.10.25  50100 50700 50900 49550 2138591
2016.10.26  50800 50600 51100 50000 973917
2016.10.27  51000 50900 51200 50200 797019
2016.10.28  49550 50400 50400 49550 1515652
2016.10.31  49250 49500 49700 48250 1448636
2016.11.01  49400 49950 50200 48900 1215710
2016.11.02  48950 48950 49100 48450 1178426
2016.11.03  48700 48850 49200 48650 866880
2016.11.04  47350 48650 48650 47300 1882522
2016.11.07  46000 47350 47650 46000 2135671
2016.11.08  46250 46350 47100 46100 1653354
2016.11.09  46000 46600 46700 45400 2486855
2016.11.10  46200 46500 47100 46150 1871641
2016.11.11  45800 45000 45950 45000 1953008
2016.11.14  45750 45700 46300 45600 1195785
2016.11.15  47850 45250 47900 45250 2433736
2016.11.16  47300 48200 48400 47250 2411577
2016.11.17  46800 47150 47450 46650 1584628
2016.11.18  46450 46650 47050 46200 1461482
2016.11.21  47350 46850 48000 46750 1951004
2016.11.22  46650 47450 47700 46550 1317163
2016.11.23  47200 47000 47400 46900 1141058
2016.11.24  47200 47100 47650 46800 964536
2016.11.25  47250 47700 47850 47050 819062
2016.11.28  47600 47450 47700 47000 1082474
2016.11.29  47100 47400 47550 47100 1116996
2016.11.30  46500 47000 47400 46500 1485173
2016.12.01  44500 46100 46150 44300 2557351
2016.12.02  43450 43950 44050 43000 2340234
2016.12.05  43200 43350 43800 43050 1218364
2016.12.06  44350 43600 44550 43500 1304664
2016.12.07  43800 44400 44500 43400 963418
2016.12.08  44300 44400 44450 43600 1664372
2016.12.09  45900 44500 46200 44500 2928689
2016.12.12  45250 45550 45600 45150 1651347
2016.12.13  45650 45150 45650 44550 1589114
2016.12.14  46400 45800 46900 45650 1746200
2016.12.15  46300 46450 46450 45650 1023424
2016.12.16  46100 46100 46400 45650 1140184
2016.12.19  45700 45800 46150 45500 940223
2016.12.20  45450 45650 46050 45300 941640
2016.12.21  45400 45600 45800 45400 1018954
2016.12.22  45350 45550 45850 45200 856031
2016.12.23  45950 45250 46000 45250 972805
2016.12.26  46350 46100 46500 45900 1116725
2016.12.27  47000 46550 47100 46400 1991531
2016.12.28  45050 45400 45450 44900 1870429
2016.12.29  44050 44950 45050 44050 1376653
2017.01.02  43900 44200 44600 43850 745355
2017.01.03  44100 43900 44150 43800 799544
2017.01.04  43900 44450 44600 43700 1562907
2017.01.05  44250 44100 44300 43800 809945
2017.01.06  44150 44250 44300 43900 1365466
2017.01.09  43150 43950 44050 43050 2211245
2017.01.10  42250 42900 42950 41900 2767706
2017.01.11  43200 42250 43200 42250 1853874
2017.01.12  43850 43050 44200 43050 1604990
2017.01.13  44600 43800 44650 43550 1513487
2017.01.16  44400 44650 44800 43800 1067529
2017.01.17  44150 44100 44450 43900 602148
2017.01.18  43600 43950 44050 43400 1260376
2017.01.19  43350 43600 43850 43050 1016282
2017.01.20  43250 43250 43800 43050 808212
2017.01.23  42900 43250 43400 42650 1257676
2017.01.24  43750 42900 43900 42750 1152617
2017.01.25  43600 43900 44000 43150 1106661
2017.01.26  43250 43600 43600 43150 1045547
2017.01.31  42450 42950 43000 42450 1118324
2017.02.01  42450 42550 43000 42450 1223714
2017.02.02  42050 42500 42600 42000 1501650
2017.02.03  41950 42050 42500 41950 1213364
2017.02.06  41350 41900 42600 40050 2368848
2017.02.07  41300 40550 41900 40550 1561450
2017.02.08  40600 41350 41350 40350 1834378
2017.02.09  40350 40700 40950 40350 1340311
2017.02.10  41300 40650 41600 40400 1357216
2017.02.13  41800 41550 41800 41050 925406
2017.02.14  41150 41550 41600 41000 1544097
2017.02.15  40900 41150 41250 40800 1140620
2017.02.16  40450 40900 41000 40350 1429471
2017.02.17  40600 40500 40900 40450 1334587
2017.02.20  43050 40900 43050 40850 3577876
2017.02.21  43000 43350 43400 42600 1931448
2017.02.22  43200 43000 43900 43000 1621272
2017.02.23  43350 43200 43500 42750 1195574
2017.02.24  43550 43350 43800 43050 1601550
2017.02.27  44100 43850 44600 43550 1869271
2017.02.28  43600 44050 44100 43200 1625744
2017.03.02  43150 43500 43850 42800 1853680
2017.03.03  42950 42900 43050 42500 1166862
2017.03.06  42500 42750 43200 42500 1144649
2017.03.07  42050 42400 42500 41800 1141205
2017.03.08  41550 42000 42050 41100 1825575
2017.03.09  41500 41600 42300 41500 1297051
2017.03.10  41600 41700 41750 41050 1146879
2017.03.13  42800 42100 43350 41700 2146114
2017.03.14  42850 43050 43250 42550 1671363
2017.03.15  43200 43050 43500 42950 1716598
2017.03.16  43700 43550 43800 43250 1989711
2017.03.17  44350 43800 45000 43750 4890656
2017.03.20  45600 44900 45950 44650 3603549
2017.03.21  45900 45800 46100 44800 2993781
2017.03.22  47200 45750 47450 45600 3816522
2017.03.23  48750 47600 49000 47500 3832276
2017.03.24  47450 48850 48900 47250 3036174
2017.03.27  47450 47300 48300 46250 1873175
2017.03.28  46700 47650 48300 46600 1790280
2017.03.29  46500 46650 47100 45900 1694021
2017.03.30  46600 46350 47150 46300 1396017
2017.03.31  46450 46650 47100 46100 1399735
2017.04.03  46700 46800 47050 46150 926522
2017.04.04  45700 46600 46650 45600 1473856
2017.04.05  46100 46000 46300 45400 997813
2017.04.06  45650 46250 46500 45500 960535
2017.04.07  45050 45750 45850 44700 1599830
2017.04.10  44550 44700 44750 44350 1383844
2017.04.11  44900 44600 44900 44000 1619753
2017.04.12  44550 44850 44900 44100 1654192
2017.04.13  45400 44550 45450 44300 1845419
2017.04.14  44650 45250 45250 44500 629408
2017.04.17  44900 44750 44900 44350 723167
2017.04.18  45300 45200 45750 45150 1147697
2017.04.19  44400 45200 45300 44400 1339248
2017.04.20  44250 44450 44550 44000 1115705
2017.04.21  44150 44350 44350 44000 1040769
2017.04.24  44300 44400 44750 44200 690285
2017.04.25  44450 44600 44850 44400 901126
2017.04.26  44700 44600 44850 44400 1004697
2017.04.27  45650 44850 45900 44750 2116343
2017.04.28  45350 45350 45600 44700 1238523
2017.05.02  44750 45350 45700 44700 1205667
2017.05.04  44450 44500 44700 44300 986527
2017.05.08  45800 44650 45850 44600 2214626
2017.05.10  43150 45000 45150 42850 5973723
2017.05.11  43050 43150 43700 42600 3018545
2017.05.12  43250 43300 43750 43250 1367206
2017.05.15  43200 43200 43450 43100 1015104
2017.05.16  41950 43050 43100 41700 3435578
2017.05.17  42750 41500 42750 41100 3557283
2017.05.18  42000 42350 42550 42000 1520035
2017.05.19  42250 41800 42400 41500 1608316
2017.05.22  42000 42100 42300 41800 1673836
2017.05.23  42150 41800 42500 41450 1717592
2017.05.24  42600 42100 42750 42100 1278584
2017.05.25  42600 42650 42900 42350 1599245
2017.05.26  42450 42450 42650 42300 1555169
2017.05.29  42100 42450 42600 42050 1170701
2017.05.30  42250 42200 42250 41850 1050948
2017.05.31  42700 42100 42800 42000 2191414
2017.06.01  44000 43200 44200 43100 3892744
2017.06.02  43450 44300 44450 43300 2558748
2017.06.05  43000 42700 43400 42700 1224660
2017.06.07  43000 42800 43650 42800 1661001
2017.06.08  43600 43700 43700 42850 1837743
2017.06.09  43650 43600 43700 43200 1668967
2017.06.12  44000 43500 44100 43450 1761176
2017.06.13  43650 44000 44000 43550 971880
2017.06.14  42850 43400 43450 42700 2392986
2017.06.15  43200 42750 43400 42750 1113641
2017.06.16  43400 43300 43400 42950 1019665
2017.06.19  42050 43150 43300 41950 2089982
2017.06.20  41200 41800 41950 41200 2283038
2017.06.21  41750 41450 41950 41450 1353553
2017.06.22  42100 42000 42200 41800 837904
2017.06.23  42350 42200 42400 41850 1024976
2017.06.26  42150 42350 42450 42100 435998
2017.06.27  41550 41500 41700 41300 1458922
2017.06.28  40800 40850 40900 40350 1871286
2017.06.29  40850 40900 41000 40700 905372
2017.06.30  40800 40600 41150 40600 874872
2017.07.03  40700 40700 40950 40500 940081
2017.07.04  41300 40800 41700 40800 1396797
2017.07.05  42000 41200 42200 41150 1627970
2017.07.06  42100 42000 42350 42000 1103127
2017.07.07  42500 42100 42500 42000 1290722
2017.07.10  41800 42650 42800 41600 1148127
2017.07.11  42500 42200 42600 42000 1216486
2017.07.12  42050 42500 42700 41900 765084
2017.07.13  41800 42350 42500 41700 899060
2017.07.14  41950 42100 42300 41350 872859
2017.07.17  42400 42150 42450 41750 786109
2017.07.18  42650 42500 42750 42350 820866
2017.07.19  42850 42800 42950 42450 742006
2017.07.20  44250 43400 44250 43150 2801503
2017.07.21  45500 45100 45500 44850 3519253
2017.07.24  45450 45600 45600 44500 1858274
2017.07.25  45350 45500 45500 44600 1751578
2017.07.26  45150 45350 45500 44950 1116469
2017.07.27  45200 45300 45700 45050 1034423
2017.07.28  44950 45000 45300 44250 1564648
2017.07.31  44550 44550 45050 44100 1538985
2017.08.01  44900 44400 45100 44400 966639
2017.08.02  44200 44700 44750 44150 1060088
2017.08.03  44200 44050 44200 43500 1117000
2017.08.04  44450 44050 44500 44000 742616
2017.08.07  44050 44550 44650 43900 833653
2017.08.08  44550 43250 44750 42900 1897136
2017.08.09  44150 44600 44650 43950 782834
2017.08.10  44450 43800 44450 43600 1115808
2017.08.11  43850 43700 44100 43550 825664
2017.08.14  43500 43850 43900 43300 651274
2017.08.16  43950 43650 44450 43600 759243
2017.08.17  44300 43700 44450 43600 1074702
2017.08.18  44850 44250 45000 44100 1464955
2017.08.21  44200 44900 44950 44050 486898
2017.08.22  43800 44400 44500 43700 698039
2017.08.23  44000 43850 44150 43700 607414
2017.08.24  43950 44150 44200 43500 815955
2017.08.25  44250 44000 44250 43750 475125
2017.08.28  44350 44200 44450 43850 483858
2017.08.29  43850 44050 44300 43600 692828
2017.08.30  43950 43750 44100 43600 670670
2017.08.31  42900 43550 43650 42900 1454846
2017.09.01  43100 43150 43400 42750 580447
2017.09.04  42550 42400 43200 42350 682389
2017.09.05  42350 42650 42850 42300 676284
2017.09.06  41800 42050 42250 41700 754495
2017.09.07  41750 41700 42150 41700 794544
2017.09.08  41200 41800 41850 41150 1047486
2017.09.11  40950 41250 41400 40850 959536
2017.09.12  41050 40900 41300 40800 786127
2017.09.13  40850 41100 41200 40400 1047636
2017.09.14  41050 40650 41050 40500 1037179
2017.09.15  41200 40650 41200 40600 1038058
2017.09.18  41150 41300 41850 41100 992033
2017.09.19  40150 40850 40950 40100 2322046
2017.09.20  39350 40100 40150 39100 2067995
2017.09.21  39250 39400 39800 39200 1010946
2017.09.22  39150 39400 39650 39100 1019310
2017.09.25  38400 39100 39150 38000 1626009
2017.09.26  38500 38000 38650 37950 1249960
2017.09.27  38200 38500 38650 38050 844429
2017.09.28  38350 38000 38400 37900 881927
2017.09.29  39000 38350 39000 38100 798568
