2011.04.28  7910 9300 10000 7910 5436584
2011.04.29  8450 8120 9090 7890 4120219
2011.05.02  8800 8620 9640 8440 2920386
2011.05.03  8160 8950 9290 8000 1360054
2011.05.04  8010 8220 8450 7930 700153
2011.05.06  7250 7690 7760 7110 773934
2011.05.09  7100 7200 7810 6970 1000498
2011.05.11  7130 7320 7590 7100 676642
2011.05.12  7090 7070 7240 7020 275762
2011.05.13  7240 7230 7410 7140 346782
2011.05.16  7060 7240 7330 7030 230953
2011.05.17  7090 7040 7400 7000 510943
2011.05.18  7060 7170 7260 7060 258181
2011.05.19  7200 7100 7260 7060 296287
2011.05.20  7080 7330 7650 7040 554321
2011.05.23  6430 6960 6990 6420 371820
2011.05.24  6090 6250 6390 6040 272556
2011.05.25  5850 6100 6200 5820 251288
2011.05.26  5830 5890 6020 5670 226276
2011.05.27  6020 5830 6200 5830 164599
2011.05.30  6300 6130 6330 5950 181385
2011.05.31  6400 6300 6410 6200 138763
2011.06.01  6210 6380 6420 6180 89953
2011.06.02  5990 6100 6160 5980 81239
2011.06.03  5840 5950 6090 5820 81769
2011.06.07  5900 5780 5950 5780 35291
2011.06.08  5760 5980 5980 5730 56582
2011.06.09  5680 5730 5850 5600 70645
2011.06.10  5480 5690 5830 5460 79744
2011.06.13  5200 5490 5530 5180 42262
2011.06.14  5100 5350 5350 5080 61388
2011.06.15  5230 5110 5340 5050 70464
2011.06.16  5330 5230 5730 5150 137737
2011.06.17  5150 5400 5500 5140 110970
2011.06.20  5120 5270 5270 5080 72299
2011.06.21  5040 5150 5230 5000 113774
2011.06.22  5130 5060 5270 5060 67140
2011.06.23  5330 5190 5390 5100 78907
2011.06.24  5310 5330 5390 5250 45947
2011.06.27  5810 5310 6000 5310 206767
2011.06.28  5890 5820 5990 5690 66775
2011.06.29  5690 6050 6050 5630 121025
2011.06.30  5510 5730 5790 5470 82260
2011.07.01  5510 5530 5730 5510 53051
2011.07.04  5500 5600 5630 5480 67655
2011.07.05  5670 5530 5690 5530 43420
2011.07.06  5640 5700 5700 5600 41760
2011.07.07  6480 5730 6480 5730 315650
2011.07.08  6520 7160 7200 6500 1049067
2011.07.11  6970 6550 6970 6420 486275
2011.07.12  6460 6820 6900 6460 259576
2011.07.13  6270 6520 6630 6110 179680
2011.07.14  6400 6330 6650 6210 183473
2011.07.15  6420 6450 6530 6300 129777
2011.07.18  6670 6490 6770 6430 285736
2011.07.19  6750 6720 6840 6610 159285
2011.07.20  6360 6890 6890 6360 204100
2011.07.21  6180 6400 6400 6130 107258
2011.07.22  6280 6200 6350 6030 144732
2011.07.25  6320 6400 6540 6210 119084
2011.07.26  6310 6400 6400 6170 79073
2011.07.27  6400 6340 6650 6340 103720
2011.07.28  6300 6300 6370 6230 76179
2011.07.29  6070 6310 6350 6070 86348
2011.08.01  6240 6080 6250 6060 51087
2011.08.02  6010 6230 6250 5960 94530
2011.08.03  5840 5810 5890 5650 73426
2011.08.04  5650 5840 5920 5600 45870
2011.08.05  5340 5200 5470 5080 67150
2011.08.08  4545 5100 5260 4540 161700
2011.08.09  3930 3915 4170 3865 374698
2011.08.10  4100 4100 4355 4045 231808
2011.08.11  4160 3820 4190 3770 128480
2011.08.12  4135 4390 4390 4135 118060
2011.08.16  4430 4260 4455 4260 90581
2011.08.17  4695 4430 4700 4385 84330
2011.08.18  4675 4830 4895 4510 68561
2011.08.19  4305 4350 4485 4300 75281
2011.08.22  4480 4600 4600 4100 86750
2011.08.23  4465 4540 4620 4420 79375
2011.08.24  4485 4570 4650 4410 57930
2011.08.25  4450 4520 4600 4385 50600
2011.08.26  4425 4450 4490 4350 26462
2011.08.29  4470 4535 4535 4425 44740
2011.08.30  4580 4770 4770 4530 60502
2011.08.31  4585 4605 4650 4520 30120
2011.09.01  4540 4700 4795 4540 100040
2011.09.02  4925 4550 5220 4515 635097
2011.09.05  5290 4870 5400 4800 283757
2011.09.06  5240 5230 5400 5100 168862
2011.09.07  5210 5270 5390 5170 94433
2011.09.08  5140 5290 5300 5030 63980
2011.09.09  5040 5230 5230 4980 51480
2011.09.14  4620 5080 5080 4615 85037
2011.09.15  4565 4790 4895 4470 69550
2011.09.16  4790 4605 4790 4605 44637
2011.09.19  4760 4800 4850 4680 21330
2011.09.20  4965 4750 5250 4740 100880
2011.09.21  4880 5090 5090 4860 32550
2011.09.22  4750 4780 4860 4535 48100
2011.09.23  4355 4380 4570 4355 46040
2011.09.26  3815 4300 4475 3705 107030
2011.09.27  3990 3895 4065 3895 28330
2011.09.28  3990 4160 4160 3990 14391
2011.09.29  4095 3990 4115 3940 24410
2011.09.30  4055 4180 4180 4000 11990
2011.10.04  3800 3850 3885 3615 44780
2011.10.05  3640 3800 3920 3640 23662
2011.10.06  3720 3850 3850 3715 19980
2011.10.07  4000 3830 4000 3780 27100
2011.10.10  4300 4000 4500 3985 59330
2011.10.11  4110 4300 4305 4110 64431
2011.10.12  4205 4110 4310 4070 29110
2011.10.13  4220 4330 4330 4120 20691
2011.10.14  4280 4320 4320 4075 19530
2011.10.17  4220 4290 4290 4155 27000
2011.10.18  4130 4130 4180 4050 23230
2011.10.19  4125 4175 4230 4100 35100
2011.10.20  3955 4125 4200 3955 37329
2011.10.21  4040 3955 4085 3955 33000
2011.10.24  4150 4050 4200 4050 31935
2011.10.25  4140 4125 4200 4090 26815
2011.10.26  4110 4010 4150 4010 19060
2011.10.27  4350 4230 4350 4095 67582
2011.10.28  4485 4340 4800 4340 145449
2011.10.31  4360 4495 4495 4350 41719
2011.11.01  4340 4220 4360 4220 29053
2011.11.02  4195 4200 4270 4045 56406
2011.11.03  4055 4140 4215 4020 51050
2011.11.04  4385 4120 4490 4105 76232
2011.11.07  4400 4375 4400 4255 36475
2011.11.08  4330 4395 4420 4300 38230
2011.11.09  4530 4410 4690 4300 136682
2011.11.10  4315 4400 4485 4300 71357
2011.11.11  4425 4380 4530 4330 42811
2011.11.14  4435 4400 4550 4395 46015
2011.11.15  4330 4450 4450 4250 24906
2011.11.16  4220 4420 4420 4220 32838
2011.11.17  4275 4220 4275 4055 29842
2011.11.18  4205 4295 4295 4145 14629
2011.11.21  4145 4240 4240 4095 22017
2011.11.22  4065 3985 4110 3985 37740
2011.11.23  3860 4000 4060 3820 60425
2011.11.24  3960 3945 3995 3805 15570
2011.11.25  3950 4030 4040 3875 21670
2011.11.28  4075 3910 4150 3910 26950
2011.11.29  4060 4080 4140 4060 21638
2011.11.30  4060 4060 4155 4010 30200
2011.12.01  4120 4095 4180 4060 62940
2011.12.02  4070 4170 4180 4000 35140
2011.12.05  4035 4160 4160 3950 45420
2011.12.06  4025 4070 4070 3905 47802
2011.12.07  4005 3950 4070 3950 15443
2011.12.08  3940 3970 4080 3910 45110
2011.12.09  3970 3990 3995 3895 33461
2011.12.12  4055 4040 4100 3970 40771
2011.12.13  4030 4020 4090 3965 31030
2011.12.14  4060 4060 4090 4020 31400
2011.12.15  3985 4070 4070 3965 28701
2011.12.16  4025 4060 4060 3965 8596
2011.12.19  3880 4030 4030 3700 71587
2011.12.20  3930 3810 3955 3770 31550
2011.12.21  3940 3990 4025 3940 22635
2011.12.22  3940 3990 3990 3910 10780
2011.12.23  4025 4000 4085 3945 40500
2011.12.26  4045 4065 4065 3970 18050
2011.12.27  4005 4060 4090 3920 25440
2011.12.28  3970 4005 4010 3905 7935
2011.12.29  3970 3950 3970 3830 13725
2012.01.02  4000 3970 4020 3925 18550
2012.01.03  4000 4000 4040 3965 26941
2012.01.04  4000 4000 4025 3975 17470
2012.01.05  4010 4000 4130 3965 55850
2012.01.06  4210 4050 4235 4035 152442
2012.01.09  4840 4350 4840 4230 678233
2012.01.10  5050 4960 5450 4830 837423
2012.01.11  4880 5140 5150 4780 210023
2012.01.12  4550 4810 4885 4550 208881
2012.01.13  4575 4570 4685 4560 89836
2012.01.16  4430 4490 4600 4420 83653
2012.01.17  4445 4430 4525 4380 61740
2012.01.18  4455 4435 4715 4435 181652
2012.01.19  4495 4485 4625 4455 52763
2012.01.20  4660 4520 4795 4520 127189
2012.01.25  4550 4725 4755 4460 79045
2012.01.26  4480 4520 4580 4470 50526
2012.01.27  4420 4500 4500 4380 54629
2012.01.30  4420 4450 4540 4415 37614
2012.01.31  4490 4400 4505 4400 32183
2012.02.01  4580 4520 4595 4500 48404
2012.02.02  4530 4600 4700 4500 59780
2012.02.03  4525 4500 4550 4410 74456
2012.02.06  4575 4535 4775 4535 122010
2012.02.07  4700 4700 4755 4600 74437
2012.02.08  4710 4720 4745 4675 44325
2012.02.09  4785 4790 4840 4630 104723
2012.02.10  5400 4830 5500 4830 789353
2012.02.13  5390 5300 5740 5170 494555
2012.02.14  6190 5640 6190 5470 624775
2012.02.15  7110 6690 7110 6590 1098358
2012.02.16  7280 7000 7870 6890 1025471
2012.02.17  7170 6990 7240 6670 670975
2012.02.20  8240 7400 8240 7330 770743
2012.02.21  9470 9000 9470 8570 825989
2012.02.22  8390 9180 9410 8370 704247
2012.02.23  7800 8270 8950 7660 573164
2012.02.24  7850 7900 8970 7650 771010
2012.02.27  7880 7850 8960 7620 520793
2012.02.28  7920 8020 8350 7880 175759
2012.02.29  7780 8100 8530 7720 231216
2012.03.02  7780 7800 8070 7640 122472
2012.03.05  7400 7750 7940 7300 112200
2012.03.06  7380 7400 7560 7000 111656
2012.03.07  7230 7590 7600 7170 92634
2012.03.08  7100 7470 7470 7000 67179
2012.03.09  7040 7260 7260 6720 116162
2012.03.12  7200 7170 7380 7040 44918
2012.03.13  7100 7200 7290 7010 46947
2012.03.14  7310 7100 7480 7060 76985
2012.03.15  7100 7450 7450 7100 49381
2012.03.16  7060 7130 7200 6930 52000
2012.03.19  7310 7190 7490 7080 91253
2012.03.20  7900 7400 8270 7280 400100
2012.03.21  8400 7950 8500 7720 237286
2012.03.22  8700 8400 8990 8050 252910
2012.03.23  8590 8960 9300 8540 205898
2012.03.26  8410 8550 9000 8410 130025
2012.03.27  8040 8410 8520 7900 172556
2012.03.28  7740 7900 8100 7740 87762
2012.03.29  7730 7700 7910 7700 54494
2012.03.30  7660 7740 7890 7380 51486
2012.04.02  7640 7880 7880 7460 33746
2012.04.03  8780 7640 8780 7640 331386
2012.04.04  8510 8620 9060 8380 186699
2012.04.05  8670 8500 9350 8370 275052
2012.04.06  9080 8730 9160 8530 183752
2012.04.09  8160 9130 9280 8160 169614
2012.04.10  8120 7950 8390 7760 121011
2012.04.12  7920 8010 8270 7720 76909
2012.04.13  8550 8000 8780 8000 105765
2012.04.16  8500 8710 8870 8020 89276
2012.04.17  8300 8670 8670 8300 41691
2012.04.18  8590 8470 8620 8350 41553
2012.04.19  8600 8610 8990 8510 75825
2012.04.20  8420 8520 8900 8410 77436
2012.04.23  8000 8750 9060 8000 339850
2012.04.24  7600 8000 8140 7530 114251
2012.04.25  7510 7710 7930 7500 79301
2012.04.26  7450 7770 7770 7400 52308
2012.04.27  7500 7600 7850 7500 40601
2012.04.30  6930 7640 7640 6910 95971
2012.05.02  6800 6740 7150 6740 100520
2012.05.03  6830 6900 6980 6730 60667
2012.05.04  6940 6750 7200 6750 37671
2012.05.07  6690 6940 7090 6500 48797
2012.05.08  6590 6730 6900 6320 49219
2012.05.09  6700 6590 6910 6530 34559
2012.05.10  6630 6710 6810 6430 58548
2012.05.11  6770 6700 6840 6630 40471
2012.05.14  6270 6790 6790 6220 58010
2012.05.15  5800 6210 6290 5680 77891
2012.05.16  5620 5850 6000 5620 45381
2012.05.17  5890 5590 5920 5590 27738
2012.05.18  5800 5700 5920 5600 32141
2012.05.21  5460 5920 6000 5300 39618
2012.05.22  5790 5440 5850 5410 54682
2012.05.23  5780 5820 5850 5700 18760
2012.05.24  5670 5780 5850 5600 25511
2012.05.25  5530 5650 5700 5530 19726
2012.05.29  5610 5680 5680 5500 13441
2012.05.30  5720 5610 5900 5610 25346
2012.05.31  6370 5720 6480 5720 104864
2012.06.01  6200 6380 6450 6110 38376
2012.06.04  5800 5880 6030 5680 20773
2012.06.05  5950 5930 6000 5800 40096
2012.06.07  6370 6100 6470 6100 78987
2012.06.08  6190 6260 6360 6030 27192
2012.06.11  6330 6210 6490 6190 29780
2012.06.12  6280 6190 6300 6150 14550
2012.06.13  6170 6330 6470 6170 11691
2012.06.14  6080 6090 6180 6070 11106
2012.06.15  6000 6050 6250 5990 22915
2012.06.18  6130 6080 6200 6080 13121
2012.06.19  5970 6160 6160 5970 24142
2012.06.20  6090 5990 6250 5980 22018
2012.06.21  6000 6200 6200 6000 51628
2012.06.22  6010 5970 6190 5970 15148
2012.06.25  5920 5970 6050 5860 25070
2012.06.26  5850 5980 6040 5810 21321
2012.06.27  6120 5860 6340 5800 49940
2012.06.28  6050 6130 6190 6050 36542
2012.06.29  6090 6000 6120 5940 24420
2012.07.02  6400 6290 6420 6100 41358
2012.07.03  6470 6410 6500 6250 35101
2012.07.04  6360 6500 6500 6270 14386
2012.07.05  6390 6360 6450 6250 27183
2012.07.06  6240 6470 6470 6200 26030
2012.07.09  6040 6200 6270 6000 47490
2012.07.10  6150 6040 6270 6000 32710
2012.07.11  6150 6060 6220 6020 9421
2012.07.12  6070 6070 6200 6050 14951
2012.07.13  6250 6060 6330 5830 34490
2012.07.16  6190 6190 6200 6110 11667
2012.07.17  6330 6210 6900 6040 67500
2012.07.18  6130 6410 6410 6100 27252
2012.07.19  6130 6050 6300 6050 36000
2012.07.20  6260 6110 6310 6080 35070
2012.07.23  6180 6290 6320 6160 42112
2012.07.24  6050 6100 6210 5900 28132
2012.07.25  6060 6140 6220 5920 27940
2012.07.26  6070 6250 6250 6030 14980
2012.07.27  6070 6180 6180 6050 13760
2012.07.30  6050 6070 6150 6040 11449
2012.07.31  6120 6020 6140 6000 9370
2012.08.01  6050 6150 6150 6040 10040
2012.08.02  6100 6020 6350 6020 31632
2012.08.03  6090 6130 6160 6080 10570
2012.08.06  6100 6110 6220 6060 9050
2012.08.07  6070 6100 6140 6060 12513
2012.08.08  6030 6050 6130 6010 14523
2012.08.09  6080 6050 6090 5950 20050
2012.08.10  6060 6030 6150 5990 9210
2012.08.13  6170 6850 6850 6170 164334
2012.08.14  6140 6170 6250 6010 37370
2012.08.16  6040 6140 6180 6000 19883
2012.08.17  6080 6060 6180 6050 22310
2012.08.20  6010 6110 6160 5950 46480
2012.08.21  6080 6090 6120 5960 24820
2012.08.22  6020 6080 6130 6000 27434
2012.08.23  6020 6070 6110 6000 20470
2012.08.24  6000 5950 6020 5950 26339
2012.08.27  5920 5950 6010 5750 36761
2012.08.28  5800 5840 5900 5780 25596
2012.08.29  6020 5720 6050 5720 25145
2012.08.30  5880 6080 6080 5880 13950
2012.08.31  5880 5960 5960 5800 13472
2012.09.03  5780 5850 5890 5780 14365
2012.09.04  5910 5950 6020 5810 69353
2012.09.05  5850 5910 5910 5800 14980
2012.09.06  5830 5850 5940 5730 17190
2012.09.07  5840 5880 5960 5730 32110
2012.09.10  5860 5920 5920 5800 27983
2012.09.11  5880 5850 6260 5740 113372
2012.09.12  6160 6030 6350 5920 115170
2012.09.13  7080 6360 7080 6350 77445
2012.09.14  7330 7550 8140 7060 788910
2012.09.17  7340 7450 7600 7230 188324
2012.09.18  7330 7340 7470 6900 215461
2012.09.19  7150 7470 7900 7150 169395
2012.09.20  6960 7230 7350 6950 91918
2012.09.21  6780 7050 7130 6650 132056
2012.09.24  6940 6880 7350 6780 205690
2012.09.25  6790 6870 6950 6710 63838
2012.09.26  7070 6650 7080 6560 125622
2012.09.27  7130 7020 7370 6900 134636
2012.09.28  7100 7150 7350 7050 89678
2012.10.02  7150 7100 7240 7030 43930
2012.10.04  6870 7210 7220 6180 102540
2012.10.05  7000 7060 7060 6850 42152
2012.10.08  6810 7000 7110 6800 35787
2012.10.09  7830 6750 7830 6710 334946
2012.10.10  7080 7830 8180 7080 580800
2012.10.11  7080 7010 7090 6810 105798
2012.10.12  6900 7110 7200 6800 80780
2012.10.15  6480 6750 6950 6330 137630
2012.10.16  6230 6500 6510 6120 65853
2012.10.17  6290 6190 6520 6170 48162
2012.10.18  6580 6860 7000 6500 259317
2012.10.19  6320 6480 6580 6280 63617
2012.10.22  6540 6330 6670 6170 67118
2012.10.23  6440 6440 6670 6360 36869
2012.10.24  6290 6440 6450 6260 21960
2012.10.25  6280 6320 6460 6220 20824
2012.10.26  6230 6300 6360 6060 43417
2012.10.29  5970 6150 6190 5830 69564
2012.10.30  5850 5790 5970 5790 56715
2012.10.31  6030 5860 6250 5800 64221
2012.11.01  6120 6110 6360 6010 70230
2012.11.02  6150 6120 6260 6080 31301
2012.11.05  6070 6070 6150 6010 23992
2012.11.06  5940 6070 6090 5910 45380
2012.11.07  5900 5880 5970 5800 39031
2012.11.08  5900 5950 5990 5810 25711
2012.11.09  5900 5830 5940 5750 23544
2012.11.12  5880 5840 5950 5830 14195
2012.11.13  5780 5880 5920 5710 24430
2012.11.14  5640 5630 5780 5590 32215
2012.11.15  5300 5600 5640 5300 28210
2012.11.16  4800 5050 5200 4790 122974
2012.11.19  4950 4710 5150 4710 68040
2012.11.20  5160 5010 5450 5000 92563
2012.11.21  5100 5060 5340 5020 46493
2012.11.22  5090 5190 5190 5070 31825
2012.11.23  5130 5040 5150 5040 18560
2012.11.26  5130 5100 5290 5090 62311
2012.11.27  5100 5190 5190 5020 33870
2012.11.28  5090 5110 5150 5020 33781
2012.11.29  5070 5110 5140 5050 31771
2012.11.30  5070 5040 5120 5040 15280
2012.12.03  5010 5050 5100 4925 20660
2012.12.04  5020 5000 5070 4970 24001
2012.12.05  5150 5030 5160 4980 27371
2012.12.06  5050 5140 5180 5040 13164
2012.12.07  5010 5100 5100 5000 24100
2012.12.10  5010 5000 5050 4950 18171
2012.12.11  5180 5080 5450 5040 61702
2012.12.12  5120 5120 5290 5050 23700
2012.12.13  5080 5100 5190 5030 15550
2012.12.14  5070 5100 5240 5040 16536
2012.12.17  5010 5070 5100 5000 28941
2012.12.18  4910 5000 5050 4910 21661
2012.12.20  5080 4920 5090 4920 21924
2012.12.21  5000 4985 5110 4965 43470
2012.12.24  4925 5000 5000 4835 38910
2012.12.26  4905 4870 5000 4840 39672
2012.12.27  4870 4735 5070 4735 29541
2012.12.28  4880 4890 4960 4840 13180
2013.01.02  4990 5050 5130 4930 36536
2013.01.03  4945 5070 5070 4840 27832
2013.01.04  4910 4885 4950 4830 34870
2013.01.07  4880 4860 4960 4850 32630
2013.01.08  4895 4840 4950 4840 25064
2013.01.09  4890 4840 4915 4840 16830
2013.01.10  5060 4890 5190 4890 45829
2013.01.11  5180 5140 5370 5140 65381
2013.01.14  5080 5210 5300 5020 46257
2013.01.15  4980 5030 5100 4980 38209
2013.01.16  4930 4980 5050 4905 30531
2013.01.17  4920 4915 4960 4880 21530
2013.01.18  4965 4890 4995 4890 12714
2013.01.21  5250 4965 5390 4930 92815
2013.01.22  5480 5430 5500 5320 85748
2013.01.23  5440 5480 5530 5250 77060
2013.01.24  5380 5400 5430 5280 19600
2013.01.25  5250 5320 5470 5200 26801
2013.01.28  5130 5250 5420 5120 31428
2013.01.29  5130 5130 5290 5110 29330
2013.01.30  5160 5200 5200 5120 17780
2013.01.31  5160 5220 5230 5130 12950
2013.02.01  5100 5130 5140 5100 10720
2013.02.04  5110 5120 5300 5010 32487
2013.02.05  5040 5060 5070 4945 27476
2013.02.06  5790 5790 5790 5710 455048
2013.02.07  6650 6650 6650 6650 222481
2013.02.08  7100 7310 7640 6920 2638960
2013.02.12  7100 7210 7550 6780 1351747
2013.02.13  6880 7100 7160 6850 593473
2013.02.14  7010 6880 7150 6790 548159
2013.02.15  6500 7170 7580 6500 1199973
2013.02.18  6500 6520 6650 6430 278524
2013.02.19  6700 6550 6920 6470 453690
2013.02.20  6510 6850 6900 6460 336030
2013.02.21  7050 6590 7050 6510 703527
2013.02.22  6960 7400 7820 6800 1094203
2013.02.25  6750 6980 7020 6660 180618
2013.02.26  6620 6610 6690 6450 265744
2013.02.27  7040 6640 7200 6520 858611
2013.02.28  6820 7000 7080 6790 271326
2013.03.04  6780 6780 6860 6730 130924
2013.03.05  7000 6890 7170 6840 391910
2013.03.06  6950 7070 7130 6900 207860
2013.03.07  6860 6960 7060 6860 131220
2013.03.08  6800 6930 6960 6600 107528
2013.03.11  6600 6760 6760 6550 88888
2013.03.12  6870 6610 6930 6610 97191
2013.03.13  7080 6930 7080 6850 130477
2013.03.14  7120 7190 7290 7000 159364
2013.03.15  7180 7200 7250 7100 73831
2013.03.18  7020 7300 7370 7020 115542
2013.03.19  7340 7070 7360 6940 126215
2013.03.20  7850 7420 7860 7320 304527
2013.03.21  6680 7840 7840 6680 1059771
2013.03.22  6430 6510 6700 6210 365513
2013.03.25  6400 6450 6630 6400 95442
2013.03.26  6250 6420 6470 6200 116997
2013.03.27  6360 6160 6360 6120 85407
2013.03.28  6330 6360 6470 6330 62822
2013.03.29  6500 6330 6500 6320 62182
2013.04.01  6470 6500 6590 6460 54183
2013.04.02  6700 6500 6940 6500 144661
2013.04.03  6750 6750 6810 6690 46998
2013.04.04  6610 6750 6790 6270 56657
2013.04.05  6470 6530 6630 6400 38483
2013.04.08  6350 6500 6500 6340 26457
2013.04.09  6200 6300 6460 6180 54551
2013.04.10  6270 6200 6380 6100 10676
2013.04.11  6470 6260 6490 6230 24100
2013.04.12  6600 6490 6650 6440 52626
2013.04.15  6760 6470 6820 6430 32301
2013.04.16  6700 6760 6830 6600 28453
2013.04.17  6700 6790 6790 6620 16958
2013.04.18  7410 6800 7640 6700 560312
2013.04.19  6900 7130 7180 6840 144842
2013.04.22  6850 6910 7090 6830 59970
2013.04.23  6870 6800 6950 6700 40886
2013.04.24  7000 6810 7000 6770 61566
2013.04.25  7080 7080 7360 6920 70312
2013.04.26  7100 7110 7280 7020 48982
2013.04.29  7120 7070 7260 7050 60720
2013.04.30  7090 7130 7230 6800 42238
2013.05.02  7200 7150 7410 7000 120957
2013.05.03  6820 7450 7450 6540 154248
2013.05.06  6890 6830 6890 6690 99625
2013.05.07  6880 6980 6980 6800 31242
2013.05.08  6820 6830 6900 6730 45021
2013.05.09  6830 6900 6940 6780 20303
2013.05.10  6750 6800 6900 6750 50398
2013.05.13  6730 6770 6810 6600 25721
2013.05.14  6650 6740 6800 6530 41406
2013.05.15  6750 6610 6780 6600 21838
2013.05.16  7000 6820 7120 6820 89859
2013.05.20  7200 7290 7760 7050 334324
2013.05.21  7120 7140 7290 7080 96342
2013.05.22  7220 7230 7300 7120 126449
2013.05.23  7180 7160 7280 7160 81394
2013.05.24  7250 7320 7320 7130 85405
2013.05.27  7150 7290 7290 7000 114384
2013.05.28  6870 7190 7190 6870 81855
2013.05.29  6880 6870 6960 6810 41895
2013.05.30  7040 6800 7070 6800 52340
2013.05.31  7170 7020 7170 6950 47648
2013.06.03  7020 7100 7110 6910 47535
2013.06.04  6860 7020 7020 6850 25411
2013.06.05  6850 6770 6880 6740 33494
2013.06.07  6990 6760 7070 6750 27541
2013.06.10  6300 6980 7950 6270 1146326
2013.06.11  6500 6470 7240 6400 1028304
2013.06.12  6300 6420 6530 6300 203309
2013.06.13  6150 6250 6410 6150 109984
2013.06.14  6040 6090 6190 6040 63914
2013.06.17  5620 5960 5990 5570 115528
2013.06.18  5860 5620 5960 5620 61694
2013.06.19  5720 5630 5740 5480 128870
2013.06.20  5670 5730 5890 5430 70953
2013.06.21  5400 5320 5600 5290 33450
2013.06.24  5340 5400 5540 5260 34686
2013.06.25  5000 5160 5220 4950 91794
2013.06.26  5100 4915 5190 4915 53621
2013.06.27  5200 5140 5290 5140 27158
2013.06.28  5550 5400 5930 5250 141708
2013.07.01  5430 5590 5600 5400 39774
2013.07.02  5350 5450 5570 5300 29366
2013.07.03  5380 5350 5460 5260 15473
2013.07.04  5360 5450 5450 5250 14402
2013.07.05  5370 5370 5440 5320 25374
2013.07.08  5380 5420 5650 5360 28252
2013.07.09  5400 5400 5450 5280 28290
2013.07.10  5390 5370 5440 5350 7342
2013.07.11  5480 5700 5700 5420 16613
2013.07.12  5510 5500 5580 5450 13363
2013.07.15  5520 5510 5780 5490 30841
2013.07.16  5550 5630 5640 5520 18159
2013.07.17  5560 5520 5600 5450 16012
2013.07.18  5600 5580 5650 5520 14680
2013.07.19  5760 5660 5930 5580 47806
2013.07.22  5660 5830 5880 5630 16696
2013.07.23  5690 5600 5690 5560 18020
2013.07.24  5940 5870 6110 5820 67602
2013.07.25  5880 5850 5950 5800 25580
2013.07.26  5920 5980 5980 5810 7749
2013.07.29  5840 5920 5920 5730 23461
2013.07.30  5770 5770 5850 5730 9631
2013.07.31  5800 5720 5800 5640 22051
2013.08.01  5740 5840 5900 5730 10800
2013.08.02  5720 5830 5830 5680 10750
2013.08.05  5800 5670 5820 5650 29560
2013.08.06  5780 5740 5820 5670 27781
2013.08.07  5770 5770 5770 5670 20140
2013.08.08  5760 5820 5950 5710 20580
2013.08.09  5700 5710 5890 5690 31270
2013.08.12  5710 5700 5780 5630 16750
2013.08.13  5720 5650 5750 5640 18580
2013.08.14  5720 5720 5740 5650 8620
2013.08.16  5920 5640 5960 5640 34636
2013.08.19  5830 5910 6060 5740 34750
2013.08.20  5830 5770 5850 5610 37867
2013.08.21  5780 5650 5790 5560 24390
2013.08.22  5600 5730 5730 5550 15228
2013.08.23  5540 5610 5750 5500 11470
2013.08.26  5600 5550 5680 5370 15910
2013.08.27  5520 5420 5610 5420 28400
2013.08.28  5160 5410 5480 5140 42157
2013.08.29  5200 5180 5290 5140 20694
2013.08.30  5330 5270 5360 5220 7622
2013.09.02  5320 5490 5490 5320 10358
2013.09.03  5410 5300 5460 5300 10835
2013.09.04  5490 5450 5750 5450 49565
2013.09.05  5570 5520 5610 5520 10521
2013.09.06  5570 5630 5630 5480 11043
2013.09.09  5720 5670 6130 5600 167280
2013.09.10  5740 5650 5800 5610 33532
2013.09.11  5780 5740 5810 5670 14077
2013.09.12  5700 5700 5820 5700 14366
2013.09.13  5730 5670 5780 5670 4440
2013.09.16  5630 5700 5770 5610 17871
2013.09.17  5630 5630 5690 5570 10220
2013.09.23  5560 5600 5780 5550 7280
2013.09.24  5480 5520 5580 5400 14430
2013.09.25  5580 5480 5640 5480 5450
2013.09.26  5580 5640 5640 5470 7604
2013.09.27  5620 5680 5680 5510 2822
2013.09.30  5500 5600 5640 5500 11522
2013.10.01  5470 5410 5610 5400 8162
2013.10.02  5340 5500 5510 5340 6882
2013.10.04  5510 5640 5640 5350 10043
2013.10.07  5460 5600 5600 5400 5920
2013.10.08  5400 5460 5540 5370 14320
2013.10.10  5380 5560 5560 5350 5491
2013.10.11  5480 5410 5530 5400 4476
2013.10.14  5420 5420 5450 5350 7774
2013.10.15  5360 5500 5500 5340 8313
2013.10.16  5360 5480 5480 5290 13612
2013.10.17  5230 5330 5480 5190 79560
2013.10.18  5230 5310 5310 5180 11190
2013.10.21  5270 5220 5300 5210 10154
2013.10.22  5340 5210 5340 5210 8330
2013.10.23  5190 5310 5340 5190 26481
2013.10.24  5220 5100 5270 5080 31340
2013.10.25  5280 5350 5350 5230 10630
2013.10.28  5270 5280 5340 5270 22844
2013.10.29  5320 5370 5370 5250 15390
2013.10.30  5290 5360 5360 5250 3390
2013.10.31  5240 5250 5290 5220 5600
2013.11.01  5280 5390 5390 5210 3091
2013.11.04  5330 5340 5400 5260 11003
2013.11.05  5220 5410 5410 5200 11533
2013.11.06  5220 5220 5330 5200 5350
2013.11.07  5250 5210 5340 5200 4192
2013.11.08  5190 5250 5350 5150 17300
2013.11.11  5100 5120 5190 5100 20851
2013.11.12  5230 5030 5240 5020 12824
2013.11.13  5110 5290 5290 5100 6520
2013.11.14  5050 5100 5180 5030 8214
2013.11.15  5150 5120 5320 5040 12556
2013.11.18  5190 5090 5270 5080 10545
2013.11.19  5140 5120 5240 5050 25611
2013.11.20  5130 5140 5160 5080 4939
2013.11.21  5110 5050 5140 5040 7544
2013.11.22  5060 5140 5150 5050 7340
2013.11.25  5080 5070 5140 5000 8610
2013.11.26  5060 5080 5160 5060 6410
2013.11.27  5010 5120 5130 4990 9222
2013.11.28  5030 5080 5150 5030 11553
2013.11.29  5120 5090 5150 5060 6330
2013.12.02  5100 5190 5190 5060 5470
2013.12.03  4995 5060 5190 4995 12620
2013.12.04  5010 5000 5060 4960 12876
2013.12.05  4965 5020 5060 4965 7560
2013.12.06  4930 4900 5020 4900 12480
2013.12.09  4930 4955 5000 4930 9163
2013.12.10  4875 4860 4960 4860 9094
2013.12.11  4915 4840 4990 4830 7230
2013.12.12  4845 4750 4925 4750 4113
2013.12.13  4900 4980 4980 4810 11292
2013.12.16  4835 4850 4930 4815 7900
2013.12.17  4830 4875 4875 4825 3552
2013.12.18  4680 4850 4850 4675 18656
2013.12.19  4660 4690 4700 4615 12852
2013.12.20  4615 4615 4720 4605 7628
2013.12.23  4650 4640 4720 4600 11140
2013.12.24  4620 4585 4680 4585 9004
2013.12.26  4670 4700 4700 4600 10709
2013.12.27  4675 4670 4675 4580 6291
2013.12.30  4720 4780 4780 4690 8131
2014.01.02  4790 4720 4820 4680 10120
2014.01.03  4800 4805 4835 4735 11190
2014.01.06  4855 4800 4875 4750 6882
2014.01.07  4870 4780 4880 4780 4412
2014.01.08  5020 4885 5030 4830 17008
2014.01.09  5040 5020 5170 5020 24090
2014.01.10  4990 5030 5080 4900 14220
2014.01.13  4950 5070 5070 4920 9110
2014.01.14  5010 4910 5130 4910 7611
2014.01.15  5060 5020 5070 4970 3632
2014.01.16  5070 5020 5090 4955 7243
2014.01.17  5030 4990 5150 4985 12503
2014.01.20  5040 5000 5130 5000 7804
2014.01.21  5080 5110 5110 5040 9210
2014.01.22  5060 5160 5160 5060 9415
2014.01.23  5050 5150 5150 5050 15530
2014.01.24  5080 5050 5150 5050 4820
2014.01.27  5080 5030 5090 4995 8660
2014.01.28  5020 5120 5120 4970 10661
2014.01.29  5030 5130 5130 5000 6300
2014.02.03  4985 4970 5080 4970 7110
2014.02.04  4900 5000 5000 4900 16930
2014.02.05  4900 4900 4975 4815 6910
2014.02.06  4930 4900 4950 4830 11960
2014.02.07  4900 4830 4945 4830 12080
2014.02.10  4935 4975 4975 4870 6060
2014.02.11  4970 4920 4990 4920 5650
2014.02.12  4980 4920 5030 4920 9294
2014.02.13  4990 5010 5010 4955 3930
2014.02.14  4980 4950 5020 4950 1240
2014.02.17  5080 5010 5100 4940 20450
2014.02.18  5020 5090 5090 5000 6580
2014.02.19  5200 5010 5260 5000 37941
2014.02.20  5780 5280 5980 5200 370141
2014.02.21  5770 5900 6370 5530 978254
2014.02.24  5780 5740 5810 5520 138828
2014.02.25  5490 5850 5880 5460 121611
2014.02.26  5290 5490 5550 5280 147005
2014.02.27  5390 5310 5400 5250 47165
2014.02.28  5460 5370 5470 5320 61280
2014.03.03  5340 5460 5460 5310 24361
2014.03.04  5320 5250 5370 5250 27745
2014.03.05  5410 5450 5450 5350 24670
2014.03.06  5400 5420 5460 5360 30190
2014.03.07  5530 5420 5580 5400 48378
2014.03.10  5400 5540 5600 5350 41900
2014.03.11  5490 5370 5490 5350 31754
2014.03.12  5500 5530 5530 5390 36505
2014.03.13  5570 5490 5590 5440 24090
2014.03.14  5740 5520 5820 5500 80264
2014.03.17  5750 5760 5850 5670 25182
2014.03.18  5940 5810 6000 5660 60348
2014.03.19  5810 5990 6050 5760 45456
2014.03.20  5800 5810 5900 5670 32386
2014.03.21  5730 5850 5850 5650 32500
2014.03.24  5630 5690 5700 5540 47000
2014.03.25  5490 5600 5660 5430 44005
2014.03.26  5600 5500 5630 5500 40370
2014.03.27  5600 5590 5730 5590 27910
2014.03.28  5770 5830 5830 5550 40310
2014.03.31  5960 6000 6200 5890 123284
2014.04.01  6040 6090 6090 5830 57832
2014.04.02  6070 6040 6150 5930 68882
2014.04.03  6170 6090 6300 6070 142492
2014.04.04  6640 6200 6760 6100 353774
2014.04.07  6950 6580 6980 6580 212585
2014.04.08  7070 6950 7080 6800 153218
2014.04.09  7400 7110 7400 7010 182192
2014.04.10  7100 7400 7440 7040 137044
2014.04.11  7160 7010 7270 6850 193778
2014.04.14  7130 7050 7250 6990 50800
2014.04.15  7010 7040 7140 6940 147070
2014.04.16  7550 7010 7870 6900 393117
2014.04.17  7690 7650 7790 7420 129235
2014.04.18  7470 7700 7720 7470 108166
2014.04.21  7300 7640 7640 7250 66610
2014.04.22  7520 7300 7540 7130 90069
2014.04.23  7500 7450 7630 7400 61001
2014.04.24  7300 7510 7510 7150 91590
2014.04.25  7110 7230 7340 7110 35508
2014.04.28  7030 7110 7280 7010 29510
2014.04.29  7030 7030 7280 6920 33356
2014.04.30  7250 7120 7280 7030 27983
2014.05.02  7190 7250 7450 7150 16601
2014.05.07  7240 7200 7340 7060 23243
2014.05.08  7220 7250 7300 7050 31420
2014.05.09  7220 7280 7300 7150 17264
2014.05.12  7100 7220 7220 7090 28484
2014.05.13  6830 7050 7050 6750 85328
2014.05.14  6610 6800 6850 6600 78198
2014.05.15  6400 6610 6680 6300 206861
2014.05.16  6370 6400 6480 6310 71825
2014.05.19  6150 6370 6400 6140 59351
2014.05.20  6240 6260 6260 6040 23880
2014.05.21  6400 6100 6400 6100 33740
2014.05.22  6370 6430 6500 6370 20481
2014.05.23  6420 6400 6460 6260 12580
2014.05.26  6400 6710 6890 6360 122620
2014.05.27  6480 6490 6550 6340 46960
2014.05.28  6810 6540 6890 6540 112815
2014.05.29  6800 6850 6850 6630 29960
2014.05.30  6660 6800 6800 6640 29900
2014.06.02  6300 6750 6750 6300 39025
2014.06.03  6200 6300 6300 6130 35576
2014.06.05  6200 6170 6480 6130 48785
2014.06.09  5930 6200 6240 5820 72053
2014.06.10  5950 5980 6200 5880 30770
2014.06.11  5860 5940 6100 5840 32213
2014.06.12  6090 5860 6100 5800 36913
2014.06.13  6070 6100 6140 5990 9780
2014.06.16  5770 6070 6070 5700 89124
2014.06.17  5790 5830 5910 5690 99784
2014.06.18  5900 5800 5920 5710 45795
2014.06.19  6000 5880 6060 5880 28282
2014.06.20  5980 5900 6070 5900 7615
2014.06.23  5760 5990 5990 5760 26782
2014.06.24  5790 5840 5840 5720 8260
2014.06.25  5890 5800 5900 5700 26735
2014.06.26  6050 5850 6050 5840 56286
2014.06.27  6060 6110 6110 5890 15848
2014.06.30  6400 6070 6450 6050 102300
2014.07.01  6340 6420 6530 6240 40106
2014.07.02  6300 6270 6380 6240 18736
2014.07.03  6400 6350 6410 6260 27497
2014.07.04  6590 6370 6600 6370 33517
2014.07.07  6700 6530 6760 6480 36445
2014.07.08  6660 6570 6780 6570 25801
2014.07.09  6460 6600 6600 6460 36324
2014.07.10  6510 6460 6560 6350 21296
2014.07.11  6530 6390 6600 6390 11942
2014.07.14  6600 6600 6680 6480 34429
2014.07.15  6270 6680 6680 6200 71371
2014.07.16  6200 6290 6310 6150 31192
2014.07.17  6280 6200 6280 6130 31353
2014.07.18  6040 6280 6290 6020 52643
2014.07.21  6040 6040 6120 6040 8404
2014.07.22  6040 6010 6080 5930 36870
2014.07.23  6180 6100 6230 5980 24367
2014.07.24  6050 6180 6180 5960 40096
2014.07.25  6040 6050 6100 6000 11823
2014.07.28  6000 5980 6060 5920 28465
2014.07.29  6000 6000 6220 5950 55851
2014.07.30  6050 6070 6120 5980 15614
2014.07.31  6130 6050 6200 6020 14915
2014.08.01  6190 6000 6270 6000 11160
2014.08.04  6130 6080 6190 6000 10235
2014.08.05  6120 6100 6150 6050 4877
2014.08.06  6090 6050 6110 6010 13715
2014.08.07  5950 6150 6150 5950 15324
2014.08.08  6000 5990 6040 5840 15730
2014.08.11  6000 6000 6090 5920 8025
2014.08.12  5960 5950 6070 5900 5655
2014.08.13  5660 5910 6050 5640 129111
2014.08.14  5660 5690 5800 5650 33674
2014.08.18  5740 5710 5840 5710 24080
2014.08.19  5890 5750 5890 5710 17131
2014.08.20  5750 5890 5900 5750 15158
2014.08.21  5690 5750 5940 5680 29946
2014.08.22  5710 5690 5760 5640 22046
2014.08.25  5520 5750 5800 5520 48403
2014.08.26  5510 5550 5640 5500 46572
2014.08.27  5670 5510 5740 5510 21388
2014.08.28  5700 5720 5770 5570 31530
2014.08.29  5550 5690 5700 5550 26211
2014.09.01  5570 5620 5630 5550 9487
2014.09.02  5520 5630 5630 5440 61705
2014.09.03  5400 5500 5540 5400 21648
2014.09.04  5200 5440 5440 5200 56307
2014.09.05  5230 5230 5250 5150 26606
2014.09.11  5440 5250 5590 5200 40202
2014.09.12  5440 5490 5550 5400 22989
2014.09.15  5500 5520 5530 5430 53066
2014.09.16  5740 5510 5740 5510 55361
2014.09.17  5740 5740 5930 5630 41287
2014.09.18  5680 5730 5780 5640 17947
2014.09.19  5650 5750 5750 5550 31232
2014.09.22  6040 5630 6080 5560 110290
2014.09.23  5870 6100 6100 5740 25543
2014.09.24  5810 5900 5900 5720 13622
2014.09.25  5730 5660 5990 5580 15429
2014.09.26  5750 5820 5820 5700 12080
2014.09.29  5820 5700 6000 5620 26528
2014.09.30  5740 5860 5870 5660 7809
2014.10.01  5550 5740 5800 5490 15817
2014.10.02  5460 5400 5550 5400 15931
2014.10.06  5450 5490 5490 5380 12725
2014.10.07  5310 5340 5490 5310 32318
2014.10.08  5380 5230 5390 5230 9579
2014.10.10  5310 5300 5440 5280 11023
2014.10.13  5050 5310 5310 4985 42931
2014.10.14  5050 4915 5100 4915 31298
2014.10.15  4900 5050 5110 4895 55412
2014.10.16  5100 4860 5100 4810 25088
2014.10.17  5010 5040 5160 5000 22234
2014.10.20  5010 5000 5060 4945 14994
2014.10.21  5020 4975 5050 4955 7351
2014.10.22  5020 4975 5080 4975 10438
2014.10.23  4990 4960 5020 4945 20264
2014.10.24  4865 4990 5010 4845 34259
2014.10.27  4680 4915 4915 4640 99418
2014.10.28  4685 4680 4770 4680 22471
2014.10.29  4740 4695 4810 4695 33120
2014.10.30  4760 4700 4795 4680 29902
2014.10.31  4930 4785 4935 4735 34292
2014.11.03  4950 4930 4965 4850 24631
2014.11.04  4675 4970 4980 4630 47949
2014.11.05  4630 4725 4755 4630 32380
2014.11.06  4675 4635 4675 4600 20828
2014.11.07  4730 4675 4735 4625 7006
2014.11.10  4700 4780 4780 4680 18311
2014.11.11  4850 4735 4860 4710 21089
2014.11.12  4915 4885 5000 4875 34127
2014.11.13  4925 4915 4975 4860 10605
2014.11.14  5150 5160 5380 5010 114004
2014.11.17  4970 5150 5150 4950 26731
2014.11.18  4935 4995 5050 4860 29927
2014.11.19  4880 4965 4975 4830 35631
2014.11.20  4995 4875 5030 4805 35258
2014.11.21  5020 4955 5070 4945 16561
2014.11.24  5000 4960 5060 4960 22926
2014.11.25  5030 5000 5030 4955 7934
2014.11.26  5010 5040 5040 4960 11696
2014.11.27  5000 5010 5060 4965 18138
2014.11.28  5000 5000 5070 4930 13140
2014.12.01  4885 5030 5030 4885 11291
2014.12.02  5000 4880 5040 4880 14654
2014.12.03  5010 4985 5050 4920 19084
2014.12.04  4995 4960 5010 4920 15348
2014.12.05  4950 5000 5010 4920 15708
2014.12.08  4945 4950 4980 4935 12151
2014.12.09  4945 4920 4990 4920 5201
2014.12.10  4950 4950 4960 4905 16517
2014.12.11  4910 4920 4945 4890 9024
2014.12.12  4850 4870 4940 4825 14398
2014.12.15  4800 4765 4850 4745 15842
2014.12.16  4760 4770 4770 4690 28629
2014.12.17  4640 4700 4760 4630 72153
2014.12.18  4670 4675 4710 4615 26584
2014.12.19  4790 4700 4865 4665 14674
2014.12.22  4750 4840 4840 4750 9984
2014.12.23  4780 4800 4820 4750 8166
2014.12.24  4770 4755 4830 4755 19872
2014.12.26  4835 4770 4850 4770 12147
2014.12.29  4805 4835 4835 4750 10558
2014.12.30  4785 4715 4830 4715 12012
2015.01.02  4855 4750 4900 4750 5758
2015.01.05  4860 4780 4895 4780 14905
2015.01.06  4795 4845 4860 4725 18976
2015.01.07  4845 4795 4860 4725 4127
2015.01.08  4870 4885 4885 4820 10168
2015.01.09  4850 4910 4910 4800 11540
2015.01.12  4850 4820 4870 4820 11821
2015.01.13  4790 4850 4850 4770 20073
2015.01.14  4785 4790 4790 4715 18690
2015.01.15  4855 4785 4895 4710 13436
2015.01.16  4815 4885 4885 4785 7597
2015.01.19  4835 4850 4850 4795 6487
2015.01.20  4930 4835 4945 4820 34466
2015.01.21  5150 4950 5150 4950 52500
2015.01.22  5000 5090 5240 4950 32312
2015.01.23  5060 5050 5120 5020 16805
2015.01.26  5020 5060 5060 4960 26921
2015.01.27  5000 5020 5080 4985 12159
2015.01.28  5060 5010 5070 4950 8336
2015.01.29  5270 5090 5270 5030 48751
2015.01.30  5300 5310 5430 5250 36175
2015.02.02  5200 5260 5280 5130 13153
2015.02.03  5200 5300 5300 5110 18049
2015.02.04  5370 5220 5370 5200 32914
2015.02.05  5360 5340 5430 5260 19614
2015.02.06  5250 5360 5360 5230 10588
2015.02.09  5190 5290 5300 5100 16077
2015.02.10  5170 5190 5200 5100 12642
2015.02.11  5160 5170 5180 5120 17000
2015.02.12  5170 5220 5220 5070 6775
2015.02.13  5160 5200 5200 5080 25627
2015.02.16  5180 5220 5220 5100 5472
2015.02.17  5010 5230 5230 4970 81987
2015.02.23  5070 5010 5080 4950 11626
2015.02.24  5080 5090 5140 5030 15224
2015.02.25  5140 5090 5210 5070 15319
2015.02.26  5310 5140 5330 5080 43671
2015.02.27  5290 5370 5370 5230 20488
2015.03.02  5400 5300 5410 5250 27005
2015.03.03  5440 5310 5500 5310 43069
2015.03.04  5470 5430 5480 5430 17583
2015.03.05  5540 5480 5690 5450 37387
2015.03.06  5630 5520 5760 5470 50466
2015.03.09  5510 5720 5720 5510 17065
2015.03.10  5860 5580 5970 5510 162830
2015.03.11  5850 5710 6020 5700 83519
2015.03.12  5660 5930 5930 5590 37772
2015.03.13  5570 5700 5710 5520 26690
2015.03.16  5650 5640 5690 5500 34753
2015.03.17  5640 5740 5740 5580 10200
2015.03.18  5570 5610 5680 5560 22516
2015.03.19  5620 5570 5630 5550 16711
2015.03.20  5700 5620 5720 5580 16392
2015.03.23  5750 5650 5760 5650 18728
2015.03.24  5690 5750 5780 5690 15973
2015.03.25  5680 5650 5690 5570 18574
2015.03.26  5570 5680 5680 5540 19220
2015.03.27  5560 5620 5630 5480 14021
2015.03.30  5790 5520 5790 5520 44817
2015.03.31  5840 5800 5990 5750 70226
2015.04.01  5770 5890 5900 5740 32653
2015.04.02  5900 5830 5930 5780 36880
2015.04.03  5850 5900 5950 5850 23032
2015.04.06  5900 5870 5990 5810 22675
2015.04.07  5970 5950 6100 5940 55480
2015.04.08  6080 6150 6300 6020 114048
2015.04.09  5920 6130 6150 5890 46546
2015.04.10  5750 5890 5920 5720 72572
2015.04.13  5820 5820 5940 5760 42190
2015.04.14  5840 5770 5880 5760 51034
2015.04.15  5960 5840 6010 5790 60260
2015.04.16  5870 6000 6000 5800 26862
2015.04.17  5750 5920 5920 5730 44431
2015.04.20  5740 5730 5750 5570 40468
2015.04.21  5750 5740 5790 5680 14554
2015.04.22  5780 5750 5800 5630 51797
2015.04.23  5640 5800 5820 5640 25708
2015.04.24  5660 5700 5730 5590 20600
2015.04.27  5670 5660 5710 5590 2948
2015.04.28  5580 5700 5700 5510 37035
2015.04.29  5620 5580 5620 5440 28492
2015.04.30  5640 5620 5760 5530 16807
2015.05.04  5630 5670 5670 5500 5537
2015.05.06  5480 5550 5660 5400 27509
2015.05.07  5460 5470 5500 5380 28560
2015.05.08  5420 5490 5490 5200 14216
2015.05.11  5520 5480 5570 5450 16205
2015.05.12  5520 5550 5580 5430 9253
2015.05.13  5570 5530 5620 5450 13111
2015.05.14  5560 5570 5570 5450 6575
2015.05.15  5540 5560 5560 5440 10607
2015.05.18  5280 5540 5540 5270 23702
2015.05.19  5190 5330 5330 5140 29922
2015.05.20  5180 5240 5270 5150 17521
2015.05.21  5160 5150 5290 5100 29495
2015.05.22  5180 5160 5220 5060 61943
2015.05.26  5280 5250 5350 5150 33053
2015.05.27  5210 5330 5330 5150 27616
2015.05.28  5120 5300 5300 4970 64904
2015.05.29  5350 5130 5880 5120 954696
2015.06.01  5230 5350 5350 5160 83302
2015.06.02  5210 5260 5320 5140 61439
2015.06.03  5330 5200 5510 5200 56348
2015.06.04  5310 5270 5370 5250 27318
2015.06.05  5300 5310 5400 5240 28017
2015.06.08  5550 5260 5590 5250 76665
2015.06.09  5530 5590 5610 5460 27966
2015.06.10  5460 5530 5580 5410 16457
2015.06.11  5460 5500 5520 5410 29569
2015.06.12  5540 5510 5640 5480 49558
2015.06.15  5790 5560 5830 5470 98897
2015.06.16  5610 5770 5800 5560 45853
2015.06.17  5270 5750 5750 5100 214444
2015.06.18  5230 5270 5390 5200 36450
2015.06.19  5210 5230 5250 5150 20809
2015.06.22  5260 5240 5310 5140 23635
2015.06.23  5230 5310 5330 5200 25239
2015.06.24  5340 5310 5350 5220 32129
2015.06.25  5450 5380 5480 5300 36671
2015.06.26  5430 5520 5540 5300 21131
2015.06.29  5150 5340 5340 5150 32667
2015.06.30  5190 5210 5210 5120 7996
2015.07.01  5250 5220 5330 5160 18416
2015.07.02  5430 5340 5500 5250 68769
2015.07.03  5460 5540 5540 5400 18113
2015.07.06  5400 5490 5540 5330 57420
2015.07.07  5400 5470 5470 5320 44340
2015.07.08  5520 5430 5580 5390 69069
2015.07.09  5540 5510 5570 5340 24145
2015.07.10  5480 5510 5580 5470 27959
2015.07.13  5570 5570 5570 5410 33859
2015.07.14  5510 5600 5600 5450 21976
2015.07.15  5520 5590 5590 5400 38154
2015.07.16  5440 5500 5570 5250 40739
2015.07.17  5440 5560 5560 5400 12153
2015.07.20  5400 5540 5540 5300 24396
2015.07.21  5370 5480 5480 5360 35310
2015.07.22  5870 5370 6150 5370 395693
2015.07.23  5730 5850 5920 5670 121420
2015.07.24  5660 5680 5720 5570 75720
2015.07.27  5470 5640 5700 5380 82993
2015.07.28  5360 5460 5470 5300 40848
2015.07.29  5290 5420 5440 5290 24258
2015.07.30  5250 5300 5340 5210 29064
2015.07.31  5340 5270 5360 5230 14177
2015.08.03  5290 5410 5410 5290 6719
2015.08.04  5360 5350 5390 5230 11429
2015.08.05  5400 5430 5430 5330 10680
2015.08.06  5290 5390 5500 5230 46765
2015.08.07  5250 5290 5340 5240 13819
2015.08.10  5240 5270 5300 5240 19002
2015.08.11  5250 5240 5340 5200 16191
2015.08.12  5180 5250 5350 5110 24499
2015.08.13  5230 5180 5280 5140 11182
2015.08.17  5060 5290 5290 5010 14922
2015.08.18  4905 5110 5150 4900 32314
2015.08.19  4850 4900 4900 4610 72683
2015.08.20  4740 4895 4895 4715 21439
2015.08.21  4750 4550 4750 4500 84091
2015.08.24  4580 4500 4800 4500 25554
2015.08.25  4605 4580 4620 4500 70095
2015.08.26  4750 4605 4760 4605 23241
2015.08.27  4755 4880 4880 4750 12236
2015.08.28  4870 4830 4945 4825 10598
2015.08.31  4870 4870 4900 4830 10536
2015.09.01  4870 4950 4950 4820 8282
2015.09.02  4860 4910 4910 4765 9030
2015.09.03  4840 4915 4915 4825 5250
2015.09.04  4950 4885 5050 4870 56363
2015.09.07  4990 5030 5030 4825 7005
2015.09.08  4920 5030 5040 4870 10548
2015.09.09  4930 4990 4990 4830 19612
2015.09.10  4900 4980 4980 4800 18737
2015.09.11  4900 4940 4940 4825 3921
2015.09.14  4880 4990 4990 4830 8826
2015.09.15  4885 4890 4890 4810 9679
2015.09.16  4890 4925 4925 4810 6161
2015.09.17  4880 4970 4970 4830 11519
2015.09.18  4925 4980 4980 4890 10880
2015.09.21  4905 4990 4990 4835 8009
2015.09.22  4935 4970 4970 4855 11403
2015.09.23  4915 4970 4970 4800 12796
2015.09.24  4895 4915 4950 4805 24791
2015.09.25  4880 4895 4915 4835 7037
2015.09.30  4985 4875 5040 4800 15213
2015.10.01  5010 5040 5070 4985 20135
2015.10.02  4905 5050 5050 4905 14664
2015.10.05  5000 4970 5070 4905 22684
2015.10.06  5000 5050 5050 4960 12994
2015.10.07  4970 5000 5040 4960 46401
2015.10.08  5000 5030 5050 4965 16041
2015.10.12  4995 5000 5040 4980 9888
2015.10.13  5060 5000 5060 4910 27461
2015.10.14  5100 5050 5150 5030 37890
2015.10.15  5150 5090 5190 5080 35025
2015.10.16  5270 5180 5280 5130 55848
2015.10.19  5370 5310 5450 5310 54698
2015.10.20  5370 5370 5400 5290 41712
2015.10.21  5240 5350 5360 5150 41330
2015.10.22  5090 5240 5280 5050 28676
2015.10.23  5090 5040 5150 4975 9995
2015.10.26  5190 5190 5200 5070 18708
2015.10.27  5110 5180 5240 5100 21267
2015.10.28  5070 5110 5210 5070 18274
2015.10.29  5120 5070 5180 5040 21485
2015.10.30  5040 5150 5290 5030 47146
2015.11.02  5150 5140 5200 5060 11213
2015.11.03  5090 5150 5200 5070 25315
2015.11.04  5080 5110 5150 5050 14658
2015.11.05  5080 5090 5120 5020 8625
2015.11.06  5190 4980 5200 4975 58218
2015.11.09  6700 5460 6700 5270 1930379
2015.11.10  5740 6800 7950 5670 4155160
2015.11.11  5510 6000 6430 5460 1465274
2015.11.12  5550 5660 5720 5400 520264
2015.11.13  5370 5750 5780 5340 385137
2015.11.16  5420 5230 5430 5120 255891
2015.11.17  5410 5450 5470 5320 179427
2015.11.18  5210 5400 5440 5180 231775
2015.11.19  5250 5300 5350 5210 98298
2015.11.20  5250 5230 5290 5160 118270
2015.11.23  5430 5220 5430 5210 151912
2015.11.24  5550 5490 5640 5400 189732
2015.11.25  5490 5550 5550 5400 80215
2015.11.26  5430 5670 5670 5400 96479
2015.11.27  5470 5470 5470 5320 55608
2015.11.30  5380 5470 5500 5330 83001
2015.12.01  5420 5380 5450 5300 41130
2015.12.02  5400 5490 5490 5380 108382
2015.12.03  5430 5400 5470 5310 70745
2015.12.04  5640 5410 5700 5370 134901
2015.12.07  5620 5740 5760 5520 86982
2015.12.08  5500 5580 5650 5490 82941
2015.12.09  5890 5550 6050 5500 288379
2015.12.10  5580 5920 5980 5380 171673
2015.12.11  5580 5650 5740 5470 70727
2015.12.14  5340 5570 5570 5320 82726
2015.12.15  5430 5350 5430 5350 45517
2015.12.16  5390 5370 5580 5370 53411
2015.12.17  5590 5460 5700 5440 103402
2015.12.18  5680 5520 5700 5480 48782
2015.12.21  5540 5600 5680 5410 53299
2015.12.22  5530 5600 5600 5430 41109
2015.12.23  5490 5530 5590 5440 32165
2015.12.24  5660 5490 5660 5390 74274
2015.12.28  5600 5780 5780 5560 37582
2015.12.29  5590 5530 5650 5520 25088
2015.12.30  5430 5690 5690 5430 29518
2016.01.04  5430 5440 5590 5370 47214
2016.01.05  5400 5350 5430 5340 65412
2016.01.06  5320 5400 5460 5260 87915
2016.01.07  5210 5360 5360 5120 110882
2016.01.08  5290 5080 5320 4985 68605
2016.01.11  5290 5160 5300 5150 19674
2016.01.12  5260 5190 5300 5140 19971
2016.01.13  5320 5170 5390 5170 28780
2016.01.14  5350 5290 5350 5250 13522
2016.01.15  5340 5390 5410 5000 31424
2016.01.18  5300 5260 5390 5210 10017
2016.01.19  5200 5300 5330 5130 16618
2016.01.20  5170 5200 5210 5050 51056
2016.01.21  5150 5050 5230 5000 22371
2016.01.22  5150 5240 5240 5080 6629
2016.01.25  5270 5210 5270 5070 74866
2016.01.26  5200 5650 5650 5200 207382
2016.01.27  5170 5160 5240 5120 31361
2016.01.28  5210 5190 5230 5140 24245
2016.01.29  5250 5200 5260 5150 22890
2016.02.01  5200 5250 5250 5150 34129
2016.02.02  5130 5200 5200 5100 25968
2016.02.03  5030 5070 5110 4980 49448
2016.02.04  5000 5030 5080 4990 50177
2016.02.05  5050 5010 5100 4995 30798
2016.02.11  4990 5080 5080 4840 38635
2016.02.12  4905 4905 4995 4760 77630
2016.02.15  4995 4900 5000 4900 19161
2016.02.16  5020 4995 5090 4970 11456
2016.02.17  5030 5190 5190 4990 20536
2016.02.18  5000 5060 5170 4960 15451
2016.02.19  5050 5050 5100 5010 15288
2016.02.22  5050 5050 5080 4920 17129
2016.02.23  5020 5050 5100 4995 16392
2016.02.24  5170 4965 5170 4960 30483
2016.02.25  5200 5170 5320 5160 167743
2016.02.26  5160 5200 5250 5150 49982
2016.02.29  5220 5170 5290 5160 45529
2016.03.02  5410 5390 5460 5250 143514
2016.03.03  5400 5450 5460 5300 44271
2016.03.04  5440 5430 5500 5370 79854
2016.03.07  5440 5440 5500 5400 39984
2016.03.08  5480 5440 5500 5420 51005
2016.03.09  5460 5470 5520 5430 38243
2016.03.10  5470 5460 5490 5420 34601
2016.03.11  5540 5470 5550 5450 56373
2016.03.14  5470 5590 5590 5450 48065
2016.03.15  5450 5480 5540 5400 34383
2016.03.16  5440 5500 5500 5380 34568
2016.03.17  5440 5490 5490 5400 29360
2016.03.18  5470 5420 5480 5410 35554
2016.03.21  5510 5550 5580 5470 33702
2016.03.22  5480 5510 5540 5440 31483
2016.03.23  5600 5500 5740 5500 168870
2016.03.24  5820 5720 5860 5630 118779
2016.03.25  5800 5850 5980 5730 86988
2016.03.28  5840 5800 5870 5670 80223
2016.03.29  5870 5840 5950 5820 54088
2016.03.30  5910 5930 5930 5840 31872
2016.03.31  5900 5920 5940 5840 26575
2016.04.01  5770 6000 6000 5600 124426
2016.04.04  5830 5770 5850 5680 60437
2016.04.05  5900 5830 5910 5800 30112
2016.04.06  5860 5950 5950 5850 50865
2016.04.07  5900 5860 5920 5820 62069
2016.04.08  6050 5910 6080 5800 83233
2016.04.11  6100 6050 6480 6000 149852
2016.04.12  6140 6100 6150 6050 33985
2016.04.14  5940 6200 6200 5860 91065
2016.04.15  5940 5940 5970 5700 78575
2016.04.18  5890 5940 5960 5780 44678
2016.04.19  5700 5890 5890 5700 74306
2016.04.20  5790 5690 5800 5670 58737
2016.04.21  5710 5770 5790 5660 41820
2016.04.22  5640 5690 5710 5580 80696
2016.04.25  5620 5660 5760 5500 96951
2016.04.26  5630 5570 5670 5550 39301
2016.04.27  5700 5620 5700 5600 34400
2016.04.28  5690 5700 5730 5660 14810
2016.04.29  5570 5680 5690 5520 42483
2016.05.02  5500 5600 5600 5460 28450
2016.05.03  5910 5560 6770 5500 719437
2016.05.04  5750 5910 5910 5630 139534
2016.05.09  5640 5800 5800 5570 44482
2016.05.10  5570 5540 5620 5500 73514
2016.05.11  5600 5530 5630 5450 37026
2016.05.12  5570 5600 5640 5490 38184
2016.05.13  5530 5570 5610 5480 44626
2016.05.16  5350 5530 5540 5250 78760
2016.05.17  5470 5300 5510 5300 46353
2016.05.18  5510 5500 5540 5400 44292
2016.05.19  5340 5440 5520 5330 46020
2016.05.20  5330 5320 5500 5260 24253
2016.05.23  5540 5420 5690 5360 97472
2016.05.24  5620 5600 5670 5470 71259
2016.05.25  5640 5650 5710 5550 69966
2016.05.26  5650 5600 5720 5600 43629
2016.05.27  5790 5710 5800 5650 64829
2016.05.30  5790 5810 5850 5710 60077
2016.05.31  5840 5790 5840 5730 44764
2016.06.01  5780 5840 5890 5650 64945
2016.06.02  5770 5790 5850 5740 46079
2016.06.03  5680 5770 5770 5610 68311
2016.06.07  5800 5680 5840 5650 38621
2016.06.08  5800 5800 5830 5720 46418
2016.06.09  6000 5840 6060 5810 164807
2016.06.10  5920 6050 6050 5870 63862
2016.06.13  5940 5950 6510 5920 275524
2016.06.14  6260 5960 6550 5950 786077
2016.06.15  6330 6280 6440 6170 250277
2016.06.16  5930 6410 6420 5850 270012
2016.06.17  5960 5930 6090 5890 169604
2016.06.20  6700 6030 6700 6020 743154
2016.06.21  6840 7020 7070 6460 980384
2016.06.22  6080 6350 6410 6020 559627
2016.06.23  5700 6010 6080 5670 303916
2016.06.24  5350 5710 5760 5070 412902
2016.06.27  5280 5050 5360 5050 112227
2016.06.28  5300 5270 5320 5080 71246
2016.06.29  5350 5440 5460 5350 74935
2016.06.30  5440 5410 5500 5360 58051
2016.07.01  5420 5440 5510 5400 57035
2016.07.04  5540 5440 5580 5400 48093
2016.07.05  5530 5500 5560 5450 30625
2016.07.06  5470 5530 5530 5330 57996
2016.07.07  5470 5470 5550 5410 28753
2016.07.08  5630 5460 5630 5390 250412
2016.07.11  5880 6260 6420 5790 597795
2016.07.12  5750 5880 5880 5670 131743
2016.07.13  5710 5750 5790 5660 64445
2016.07.14  5750 5670 5750 5660 45466
2016.07.15  5740 5800 5800 5670 45291
2016.07.18  5620 5740 5880 5600 70004
2016.07.19  5630 5620 5700 5590 29167
2016.07.20  5550 5590 5690 5530 48504
2016.07.21  5730 5560 5740 5550 45829
2016.07.22  5660 5700 5760 5610 42753
2016.07.25  5790 5660 5850 5660 75535
2016.07.26  5780 5870 5870 5730 45663
2016.07.27  5750 5810 5830 5670 59109
2016.07.28  5770 5710 5800 5710 36005
2016.07.29  5780 5770 5820 5750 22693
2016.08.01  5780 5780 5820 5700 38462
2016.08.02  5790 5780 5910 5750 61794
2016.08.03  5710 5840 5840 5650 74147
2016.08.04  5720 5680 5760 5630 60656
2016.08.05  5630 5700 5750 5600 100825
2016.08.08  5600 5680 5680 5600 57382
2016.08.09  5620 5610 5660 5550 44862
2016.08.10  5650 5600 5700 5570 46001
2016.08.11  5580 5660 5660 5570 29647
2016.08.12  5600 5590 5660 5490 45041
2016.08.16  5580 5570 5650 5570 26847
2016.08.17  5760 5580 5760 5580 74086
2016.08.18  5720 5790 5880 5710 79099
2016.08.19  5760 5730 5790 5710 36547
2016.08.22  5870 5750 5870 5700 132177
2016.08.23  5890 5810 5900 5810 71060
2016.08.24  5800 5890 5940 5750 77481
2016.08.25  5750 5800 5830 5720 24223
2016.08.26  5610 5750 5780 5560 64478
2016.08.29  5410 5500 5590 5400 73316
2016.08.30  5460 5410 5490 5360 32252
2016.08.31  5400 5460 5500 5330 38442
2016.09.01  5460 5350 5510 5290 34871
2016.09.02  5470 5460 5510 5390 26490
2016.09.05  5490 5530 5550 5470 19410
2016.09.06  5500 5500 5550 5390 33840
2016.09.07  5460 5510 5510 5440 11615
2016.09.08  5420 5460 5500 5400 15977
2016.09.09  5340 5380 5460 5300 18592
2016.09.12  5220 5260 5340 5200 22601
2016.09.13  5310 5430 5460 5250 30017
2016.09.19  5240 5310 5350 5200 23251
2016.09.20  5430 5250 5800 5230 286136
2016.09.21  6320 5550 6340 5500 1086070
2016.09.22  5820 6120 6250 5740 504863
2016.09.23  5830 5900 5900 5710 105797
2016.09.26  5850 5900 6040 5750 113146
2016.09.27  5720 5770 5830 5690 88564
2016.09.28  5820 5730 5830 5720 74596
2016.09.29  5810 5860 5890 5730 67943
2016.09.30  5800 5790 5800 5730 41599
2016.10.04  5870 5790 5950 5780 81705
2016.10.05  5830 5870 5900 5780 31868
2016.10.06  6000 5800 6050 5790 165288
2016.10.07  5780 6010 6010 5770 84705
2016.10.10  5820 5750 5890 5730 51430
2016.10.11  5900 5830 5930 5770 49236
2016.10.12  5900 5930 6000 5840 50713
2016.10.13  5850 5900 5960 5820 29083
2016.10.14  5850 5850 5910 5780 26380
2016.10.17  5780 5780 5870 5730 30049
2016.10.18  5980 5780 5990 5730 77755
2016.10.19  5850 6020 6020 5630 39781
2016.10.20  5790 5850 5910 5760 41714
2016.10.21  5980 5790 6000 5760 49130
2016.10.24  6030 5910 6080 5840 107664
2016.10.25  5930 6040 6090 5830 93639
2016.10.26  5790 5870 5980 5700 54842
2016.10.27  5780 5790 5850 5740 25234
2016.10.28  5920 5790 5990 5790 57632
2016.10.31  5920 5920 6020 5780 79942
2016.11.01  6230 5930 6230 5880 231048
2016.11.02  5980 6200 6350 5930 203024
2016.11.03  5950 5830 6080 5730 78845
2016.11.04  5820 5950 6050 5770 64955
2016.11.07  6060 5820 6060 5800 62752
2016.11.08  6060 6090 6180 5970 72215
2016.11.09  6200 6060 6660 5700 907674
2016.11.10  6350 6410 6530 6280 191805
2016.11.11  6430 6370 6690 6360 253029
2016.11.14  6430 6450 6600 6350 93914
2016.11.15  6220 6340 6380 6110 123877
2016.11.16  6370 6220 6380 6190 40264
2016.11.17  6370 6380 6490 6300 48026
2016.11.18  5950 6360 6460 5940 217643
2016.11.21  5850 5950 5950 5760 96116
2016.11.22  6080 5860 6300 5860 145451
2016.11.23  5940 6140 6290 5890 108967
2016.11.24  5810 5920 5970 5770 54657
2016.11.25  5900 5820 5900 5800 30417
2016.11.28  5870 5810 5910 5800 21468
2016.11.29  5990 5830 5990 5820 25509
2016.11.30  5960 6000 6070 5880 19364
2016.12.01  6180 5900 6220 5900 74390
2016.12.02  6040 6100 6240 5930 37870
2016.12.05  6340 6110 6390 5970 166724
2016.12.06  6460 6340 6460 6180 92957
2016.12.07  6180 6400 6420 6160 78261
2016.12.08  6130 6140 6300 6120 30773
2016.12.09  6210 6200 6320 6130 22341
2016.12.12  6240 6250 6320 6170 22811
2016.12.13  6170 6260 6290 6070 53460
2016.12.14  6150 6120 6200 6080 22242
2016.12.15  6290 6080 6360 6080 42967
2016.12.16  6500 6270 6590 6250 178674
2016.12.19  6450 6490 6610 6420 87169
2016.12.20  6320 6460 6630 6320 66473
2016.12.21  6420 6320 6420 6250 34121
2016.12.22  6340 6420 6490 6270 35120
2016.12.23  6480 6350 6530 6310 42947
2016.12.26  6380 6430 6500 6350 30839
2016.12.27  6370 6340 6450 6310 23869
2016.12.28  6240 6390 6390 6190 49175
2016.12.29  6240 6230 6240 6080 33577
2017.01.02  6230 6240 6310 6170 18200
2017.01.03  6250 6230 6290 6120 48587
2017.01.04  6190 6250 6290 6170 16221
2017.01.05  6330 6210 6330 6150 19161
2017.01.06  6230 6380 6390 6230 22050
2017.01.09  6110 6230 6230 6100 37701
2017.01.10  6090 6110 6130 6010 19763
2017.01.11  6130 6070 6160 5990 23431
2017.01.12  5990 6130 6130 5950 27359
2017.01.13  5990 6070 6080 5920 62147
2017.01.16  5930 6040 6050 5930 26774
2017.01.17  5890 5990 6070 5890 25565
2017.01.18  5910 5890 5930 5780 39419
2017.01.19  5860 5910 5980 5830 16920
2017.01.20  5800 5880 5890 5800 16540
2017.01.23  5800 5800 5880 5780 20050
2017.01.24  5580 5770 5820 5580 50642
2017.01.25  5730 5640 5740 5480 30217
2017.01.26  5730 5640 5770 5640 10019
2017.01.31  5650 5730 5730 5560 36204
2017.02.01  5690 5650 5730 5620 12300
2017.02.02  5650 5690 5690 5490 53776
2017.02.03  5600 5570 5680 5570 16825
2017.02.06  5700 5610 5710 5520 21504
2017.02.07  5680 5700 5700 5600 22079
2017.02.08  5730 5670 5730 5590 14499
2017.02.09  5770 5750 5800 5660 14676
2017.02.10  5840 5780 5840 5710 13845
2017.02.13  5620 5830 5830 5600 73382
2017.02.14  5700 5620 5700 5560 20288
2017.02.15  5660 5650 5700 5560 22855
2017.02.16  5680 5640 5710 5630 8855
2017.02.17  5700 5680 5790 5600 12919
2017.02.20  5700 5700 5820 5620 16132
2017.02.21  5730 5800 5800 5690 7589
2017.02.22  5690 5750 5750 5670 6134
2017.02.23  5670 5650 5740 5650 11797
2017.02.24  5700 5700 5720 5630 12793
2017.02.27  5640 5700 5700 5630 14608
2017.02.28  5570 5640 5650 5490 40379
2017.03.02  5460 5550 5570 5400 32354
2017.03.03  5280 5400 5440 5260 50965
2017.03.06  5160 5260 5310 5120 55975
2017.03.07  5210 5160 5220 5140 26575
2017.03.08  5250 5210 5300 5210 21208
2017.03.09  5350 5250 5390 5250 13775
2017.03.10  5370 5370 5370 5240 13655
2017.03.13  5390 5360 5470 5360 16187
2017.03.14  6070 5470 6180 5420 549709
2017.03.15  5960 6300 6330 5830 242610
2017.03.16  5890 5900 5930 5800 53112
2017.03.17  5880 5790 6000 5760 46534
2017.03.20  5710 5940 5940 5650 27519
2017.03.21  5700 5730 5800 5650 27438
2017.03.22  5720 5660 5780 5560 29834
2017.03.23  5700 5740 5760 5630 16334
2017.03.24  5740 5700 5840 5650 25821
2017.03.27  5750 5780 5780 5660 18281
2017.03.28  5880 5750 5920 5750 35540
2017.03.29  5860 5860 5920 5820 14216
2017.03.30  5820 5890 5890 5570 35914
2017.03.31  6020 5820 6230 5720 167939
2017.04.03  6050 6090 6090 5650 53655
2017.04.04  5950 5960 6220 5930 52881
2017.04.05  5880 6000 6090 5780 114738
2017.04.06  5750 5880 5880 5720 60086
2017.04.07  5800 5710 5810 5660 37728
2017.04.10  5580 5800 5830 5580 65836
2017.04.11  5680 5590 5810 5580 27382
2017.04.12  5990 5680 6150 5620 255790
2017.04.13  5930 6020 6130 5930 69365
2017.04.14  6000 5930 6030 5850 36913
2017.04.17  5970 5920 6090 5920 56892
2017.04.18  6170 6070 6300 6000 121116
2017.04.19  6130 6190 6190 6040 66315
2017.04.20  6350 6170 6520 6080 419631
2017.04.21  8250 6940 8250 6650 2927623
2017.04.24  8820 8690 10450 8660 6258139
2017.04.25  9160 9100 9430 8720 1833664
2017.04.26  9140 9080 9230 8960 372125
2017.04.27  9600 9260 9600 9260 382120
2017.04.28  11100 9570 11600 9570 705040
2017.05.02  12250 11150 12350 11150 531596
2017.05.04  11500 11800 11900 11200 308675
2017.05.08  11250 11350 11850 11200 350770
2017.05.10  10100 10750 10850 9680 1136671
2017.05.11  10050 9970 10400 9710 685857
2017.05.12  9640 9980 9990 9500 496861
2017.05.15  10200 9640 10300 9540 765669
2017.05.16  10150 10050 10400 9850 482930
2017.05.17  10700 10200 10700 10050 650847
2017.05.18  9700 10400 10700 9530 702954
2017.05.19  12600 9750 12600 8830 4348818
2017.05.22  11500 12750 12850 11400 1971892
2017.05.23  12100 11650 12100 11300 1564406
2017.05.24  11300 11900 12000 11200 619370
2017.05.25  11200 11050 11300 10850 482007
2017.05.26  10950 11200 11400 10950 349968
2017.05.29  10100 10900 11050 10100 537857
2017.05.30  10200 10100 10350 9990 486508
2017.05.31  10250 10100 10700 10000 458646
2017.06.01  10400 10250 10550 10050 485094
2017.06.02  10250 10600 10650 10200 316099
2017.06.05  9790 10250 10350 9760 400545
2017.06.07  9920 9790 10050 9630 147061
2017.06.08  9480 9910 9910 9480 230863
2017.06.09  9400 9600 9640 8890 142883
2017.06.12  9400 9390 9440 9090 149174
2017.06.13  9900 9560 10350 9480 495185
2017.06.14  9770 9900 10050 9710 135125
2017.06.15  9570 9820 9890 9570 107298
2017.06.16  9800 9560 10050 9530 124129
2017.06.19  10200 9990 10500 9950 543542
2017.06.20  10500 10200 12350 10100 5017321
2017.06.21  10900 11100 11700 10500 1924148
2017.06.22  10850 10700 10950 10500 625668
2017.06.23  10100 10500 10700 10000 790089
2017.06.26  9540 10100 10400 9520 686931
2017.06.27  9460 9900 10100 9430 665238
2017.06.28  9190 9390 9430 9150 204886
2017.06.29  8610 9290 9340 8600 452217
2017.06.30  8450 8600 8740 8270 262898
2017.07.03  8300 8450 8530 8280 127258
2017.07.04  8120 8270 8380 8060 168639
2017.07.05  8380 8200 8540 8150 176734
2017.07.06  8460 8380 8540 8350 79785
2017.07.07  8470 8380 8540 8310 66802
2017.07.10  8480 8450 8480 8320 43551
2017.07.11  9910 8580 10800 8480 4773223
2017.07.12  9510 9890 10350 9360 1002547
2017.07.13  8900 9400 9470 8850 746145
2017.07.14  8980 9230 10150 8850 3814757
2017.07.17  9230 9110 9290 8960 593156
2017.07.18  9400 9230 9430 8990 644229
2017.07.19  9560 9680 10300 9530 1984957
2017.07.20  9740 9510 9870 9370 284366
2017.07.21  9610 9950 10100 9590 399412
2017.07.24  9550 9790 9840 9490 349960
2017.07.25  9850 9880 9930 9530 437464
2017.07.26  9170 9600 9790 9170 379302
2017.07.27  9370 9050 9440 8810 221888
2017.07.28  9070 9290 9350 9040 172387
2017.07.31  9440 8900 9900 8900 505605
2017.08.01  9140 9300 9540 9100 176933
2017.08.02  8350 9200 9350 8330 569835
2017.08.03  8010 8910 9370 8010 1242245
2017.08.04  7940 8010 8110 7900 206058
2017.08.07  8110 7950 8840 7830 545454
2017.08.08  9700 8350 10250 8270 6535418
2017.08.09  9750 9570 10600 9360 2737495
2017.08.10  8990 9750 9980 8780 1104664
2017.08.11  9440 9190 10100 9150 2944963
2017.08.14  9990 9510 10400 9500 2431360
2017.08.16  9720 10350 10400 9620 1002033
2017.08.17  7980 8390 8870 7960 2378129
2017.08.18  7490 7800 7890 7450 981885
