2016.08.01  12550 10400 13500 10400 13817512
2016.08.02  8800 11950 12300 8800 11216079
2016.08.03  9200 8800 10150 8780 11121548
2016.08.04  8200 9250 9380 8120 3346631
2016.08.05  7840 8230 8780 7790 3495101
2016.08.08  7430 7900 7990 7400 1191206
2016.08.09  7180 7550 7640 7120 1398907
2016.08.10  7110 7180 7280 7060 748513
2016.08.11  7410 7130 8140 7130 4636602
2016.08.12  7310 7420 7500 7250 743697
2016.08.16  7280 7450 7590 7280 886994
2016.08.17  6800 7200 7250 6790 903782
2016.08.18  6720 6850 6890 6660 504182
2016.08.19  6770 6760 7100 6760 723773
2016.08.22  6440 6750 6800 6440 448795
2016.08.23  6430 6440 6680 6410 373110
2016.08.24  6520 6480 6610 6400 225614
2016.08.25  6360 6500 6690 6350 317848
2016.08.26  6100 6400 6400 6050 372471
2016.08.29  5720 6120 6130 5720 373562
2016.08.30  5750 5750 6100 5720 378515
2016.08.31  5660 5760 5930 5650 241535
2016.09.01  5680 5610 5880 5550 282977
2016.09.02  6010 5690 6180 5680 760738
2016.09.05  6050 6080 6160 6000 226064
2016.09.06  6070 6120 6280 6060 352716
2016.09.07  5910 6090 6160 5910 199127
2016.09.08  5640 5870 5900 5610 260766
2016.09.09  5570 5560 5640 5460 179155
2016.09.12  5610 5410 6020 5390 672802
2016.09.13  5740 5620 5840 5590 169499
2016.09.19  5760 5760 5850 5690 137962
2016.09.20  6150 5720 6210 5710 441563
2016.09.21  6180 6140 6290 6100 219135
2016.09.22  6140 6260 6400 6140 385447
2016.09.23  6230 6200 6340 6150 188340
2016.09.26  6040 6250 6310 6020 163866
2016.09.27  5960 6050 6070 5940 87447
2016.09.28  7300 5970 7740 5970 3843854
2016.09.29  7410 7070 8690 6960 8066006
2016.09.30  7660 7500 8290 7410 3692891
2016.10.04  8890 7830 9240 7830 5252124
2016.10.05  8970 9300 9450 8660 1902257
2016.10.06  9100 9020 9100 8530 1161019
2016.10.07  8920 9430 9840 8850 1595823
2016.10.10  8830 8890 9500 8830 1074631
2016.10.11  8000 8770 8870 8000 1148730
2016.10.12  8100 7920 8360 7910 492430
2016.10.13  7650 8170 8330 7560 587922
2016.10.14  7670 7600 7820 7580 370679
2016.10.17  8700 7680 9190 7580 3716818
2016.10.18  9150 8880 9800 8770 5015483
2016.10.19  9170 9300 9490 8800 1155909
2016.10.20  8850 9140 9390 8840 641856
2016.10.21  8900 8750 9000 8700 359962
2016.10.24  8300 8960 9110 8300 422234
2016.10.25  7620 8200 8330 7560 694209
2016.10.26  7720 7390 8400 7370 1000519
2016.10.27  7840 7210 8140 7200 373711
2016.10.28  7560 7720 7880 7490 290697
2016.10.31  7040 7640 7710 7040 309110
2016.11.01  7190 6840 7520 6830 353672
2016.11.02  6500 7110 7180 6500 383446
2016.11.03  6670 6500 6870 6500 236155
2016.11.04  6950 6670 7170 6630 184344
2016.11.07  7140 7150 7300 7000 122567
2016.11.08  7090 7210 7280 7040 152539
2016.11.09  6600 7140 7140 6070 518932
2016.11.10  6880 6950 6950 6670 217255
2016.11.11  6820 6870 7130 6750 241435
2016.11.14  7310 6900 7430 6850 556839
2016.11.15  7230 7440 7450 7000 331765
2016.11.16  7420 7300 7590 7180 390989
2016.11.17  7640 7490 7940 7300 441952
2016.11.18  7290 7640 7730 7280 212010
2016.11.21  7030 7150 7240 7020 141325
2016.11.22  6820 7050 7180 6800 170034
2016.11.23  6570 6850 6930 6500 226710
2016.11.24  6610 6570 6820 6550 131967
2016.11.25  6690 6540 6690 6490 138668
2016.11.28  6640 6700 6840 6600 117213
2016.11.29  6590 6640 6670 6350 174686
2016.11.30  6780 6670 6800 6500 91857
2016.12.01  7180 6910 7420 6740 544949
2016.12.02  7380 7350 7790 7230 474976
2016.12.05  7160 7410 7420 7100 197333
2016.12.06  7600 7200 7700 7190 292611
2016.12.07  7470 7600 7700 7350 270120
2016.12.08  7440 7510 7700 7320 279282
2016.12.09  7670 7440 7780 7340 346738
2016.12.12  8250 7750 8430 7690 786030
2016.12.13  8130 8290 8630 8090 625054
2016.12.14  8190 8060 8460 8030 347962
2016.12.15  8180 8160 8320 8110 142749
2016.12.16  8160 8190 8400 7940 178561
2016.12.19  7930 8030 8160 7830 162336
2016.12.20  8000 7990 8250 7940 193074
2016.12.21  8130 8000 8190 7860 120126
2016.12.22  7950 8130 8160 7950 96747
2016.12.23  7900 7950 8070 7800 125464
2016.12.26  7880 7900 8130 7850 110749
2016.12.27  7840 7960 7970 7800 63560
2016.12.28  7830 7900 7960 7770 70177
2016.12.29  7670 7720 7830 7640 122171
2017.01.02  8160 7770 8230 7670 325003
2017.01.03  8190 8210 8250 8090 95565
2017.01.04  8290 8260 8390 8170 112199
2017.01.05  8060 8420 8420 8050 112026
2017.01.06  8100 8020 8150 8000 80851
2017.01.09  8420 8100 8740 8080 838876
2017.01.10  10200 8730 10600 8620 7896339
2017.01.11  10300 10100 10300 9850 1775970
2017.01.12  10500 10250 10850 10050 2239789
2017.01.13  10700 10450 10950 10300 1511355
2017.01.16  10350 10900 11000 10100 845293
2017.01.17  10150 10350 10750 10050 827901
2017.01.18  9650 10400 10600 9410 1756118
2017.01.19  9660 9780 9990 9500 911025
2017.01.20  9150 9520 9750 9150 522568
2017.01.23  9570 9200 9630 9160 760448
2017.01.24  9810 9570 9820 9290 581266
2017.01.25  9010 9860 9980 9010 601067
2017.01.26  9400 9030 9400 8880 375527
2017.01.31  9330 9400 9800 9330 424392
2017.02.01  8940 9330 9490 8880 393354
2017.02.02  8330 8700 8810 8260 432203
2017.02.03  8160 8410 8670 8010 369530
2017.02.06  8500 8230 8550 8150 407463
2017.02.07  8200 8420 8500 8120 289484
2017.02.08  7970 8200 8290 7830 217481
2017.02.09  7970 7930 8060 7900 107787
2017.02.10  7900 8210 8210 7880 219791
2017.02.13  7960 7900 8120 7660 212909
2017.02.14  7750 7970 8050 7740 126993
2017.02.15  7900 7760 8030 7750 174214
2017.02.16  7980 7950 8070 7800 117586
2017.02.17  7970 8010 8060 7900 111442
2017.02.20  7830 7930 7990 7830 90312
2017.02.21  8050 7890 8120 7860 216958
2017.02.22  8280 8070 8550 7930 581063
2017.02.23  8280 8340 8730 8230 563859
2017.02.24  8440 8370 8490 8150 180009
2017.02.27  8370 8370 8490 8260 142310
2017.02.28  8280 8450 8450 8210 106524
2017.03.02  7940 8320 8320 7940 164839
2017.03.03  7550 7850 7940 7400 345076
2017.03.06  7710 7580 7750 7470 91784
2017.03.07  7730 7660 7790 7630 60454
2017.03.08  7720 7720 7770 7640 49051
2017.03.09  7710 7800 7910 7700 131052
2017.03.10  8350 7750 8390 7170 508210
2017.03.13  8390 8440 8570 8300 266123
2017.03.14  8730 8420 8840 8180 672273
2017.03.15  8450 8760 8770 8420 335610
2017.03.16  8650 8540 8960 8450 685699
2017.03.17  8510 8700 8730 8470 187394
2017.03.20  8200 8550 8550 8180 213354
2017.03.21  8030 8210 8330 8030 159460
2017.03.22  7840 7900 8080 7770 172115
2017.03.23  7780 7910 7920 7730 108334
2017.03.24  7830 7750 7860 7750 60544
2017.03.27  7970 7850 8110 7800 218654
2017.03.28  8100 8100 8240 8010 195247
2017.03.29  8080 8170 8170 7950 102217
2017.03.30  8400 8040 8530 7820 964446
2017.03.31  8370 8410 8460 8240 314816
2017.04.03  8310 8410 8410 8270 162699
2017.04.04  7820 8370 8450 7780 461730
2017.04.05  7680 7810 7910 7590 400166
2017.04.06  7470 7780 7780 7430 258004
2017.04.07  7480 7470 7620 7240 300457
2017.04.10  7000 7370 7480 7000 337603
2017.04.11  6950 6950 7120 6680 327645
2017.04.12  7160 6950 7180 6800 220436
2017.04.13  7200 7100 7270 7060 90435
2017.04.14  7050 7190 7300 6900 144719
2017.04.17  7270 7060 7440 7060 183596
2017.04.18  7270 7270 7350 7150 91770
2017.04.19  7280 7200 7370 7200 113366
2017.04.20  7190 7210 7260 7020 188417
2017.04.21  7150 7140 7190 7010 123789
2017.04.24  6950 7060 7110 6920 177376
2017.04.25  7140 6950 7150 6950 133405
2017.04.26  7120 7250 7300 7060 195610
2017.04.27  7010 7090 7140 6990 78936
2017.04.28  6950 6990 7050 6930 97768
2017.05.02  6700 6910 6960 6700 175019
2017.05.04  6890 6630 6930 6530 136805
2017.05.08  6970 6840 7040 6840 108980
2017.05.10  7020 6990 7100 6870 130098
2017.05.11  6880 7000 7100 6880 89623
2017.05.12  6820 6850 6900 6440 124446
2017.05.15  6700 6770 6820 6570 73593
2017.05.16  6450 6680 6750 6450 157982
2017.05.17  6410 6450 6510 6360 113957
2017.05.18  6230 6310 6390 6190 152962
2017.05.19  6280 6200 6350 6200 70685
2017.05.22  6230 6290 6340 6200 69703
2017.05.23  6370 6260 6420 6250 77679
2017.05.24  6400 6420 6530 6400 113947
2017.05.25  6460 6390 6610 6390 119012
2017.05.26  6460 6460 6530 6450 61908
2017.05.29  6310 6450 6520 6300 76726
2017.05.30  6400 6310 6420 6290 70451
2017.05.31  6370 6370 6450 6260 47550
2017.06.01  6370 6370 6410 6310 45702
2017.06.02  6550 6370 6560 6330 134772
2017.06.05  6500 6610 6850 6500 209451
2017.06.07  6430 6510 6550 6400 68790
2017.06.08  6270 6400 6430 6260 137368
2017.06.09  6380 6300 6400 6250 65010
2017.06.12  6420 6360 6610 6330 127380
2017.06.13  6480 6460 6600 6420 103437
2017.06.14  6510 6490 6570 6440 36515
2017.06.15  6530 6480 6620 6480 68993
2017.06.16  6390 6540 6560 6370 73678
2017.06.19  6480 6360 6590 6340 69080
2017.06.20  6370 6490 6540 6320 50429
2017.06.21  6250 6370 6430 6190 99608
2017.06.22  6080 6250 6300 6030 91874
2017.06.23  6140 6030 6170 6030 82315
2017.06.26  6350 6140 6370 6120 93271
2017.06.27  6340 6390 6780 6340 213033
2017.06.28  6290 6260 6370 6210 41372
2017.06.29  6740 6300 6920 6260 409437
2017.06.30  6800 6700 6940 6640 210460
2017.07.03  6600 6800 6800 6540 142917
2017.07.04  6630 6560 7150 6550 1078941
2017.07.05  6740 6610 6760 6540 171599
2017.07.06  6820 6770 7020 6750 491471
2017.07.07  6840 6820 6880 6770 82158
2017.07.10  6600 6840 6840 6540 160278
2017.07.11  6340 6570 6660 6300 140342
2017.07.12  6150 6300 6410 6120 162636
2017.07.13  6080 6200 6300 6040 123210
2017.07.14  6250 6080 6250 6080 100195
2017.07.17  6210 6200 6290 6160 68325
2017.07.18  6180 6230 6270 6100 63243
2017.07.19  6340 6200 6400 6200 78364
2017.07.20  6330 6350 6550 6320 170358
2017.07.21  6230 6330 6440 6210 79460
2017.07.24  6140 6300 6380 6090 104111
2017.07.25  6040 6140 6190 5990 149679
2017.07.26  5850 6040 6090 5770 190524
2017.07.27  5760 5890 5890 5730 77962
2017.07.28  5560 5700 5760 5530 172635
2017.07.31  5670 5560 5670 5360 109246
2017.08.01  5700 5700 5810 5570 110593
2017.08.02  5760 5700 5760 5650 63599
2017.08.03  5630 5740 5810 5530 146812
2017.08.04  5460 5520 5620 5360 178241
2017.08.07  5550 5460 5610 5430 49566
2017.08.08  5750 5550 5790 5500 86931
2017.08.09  5690 5700 5750 5590 84768
2017.08.10  6410 5780 6870 5690 4604658
2017.08.11  6450 7170 7770 6340 6033683
2017.08.14  7600 6660 7620 6600 8894326
2017.08.16  7560 7590 7880 7300 3053285
2017.08.17  7600 7540 7750 7390 1553434
2017.08.18  7440 7390 7650 7370 968792
2017.08.21  7150 7460 7480 7150 508981
2017.08.22  7530 7210 7530 7100 896692
2017.08.23  7340 7410 7600 7300 858461
2017.08.24  7230 7510 7580 7190 644912
2017.08.25  7030 7200 7350 7000 464114
2017.08.28  7040 7030 7170 6910 416990
2017.08.29  7040 6960 7180 6920 355518
