2009.05.26  3820 3780 3990 3710 16237
2009.05.27  3745 3765 4180 3740 23175
2009.05.28  3540 3745 3790 3410 27805
2009.05.29  3510 3540 3630 3460 20465
2009.06.01  3700 3645 3980 3550 41313
2009.06.02  3700 3775 3900 3695 68894
2009.06.03  3785 3700 3800 3700 10617
2009.06.04  3780 3780 3900 3690 6253
2009.06.05  3730 3690 3800 3600 5889
2009.06.08  3790 3600 3900 3600 11438
2009.06.09  3750 3800 3800 3645 9484
2009.06.10  3765 3845 3845 3675 3829
2009.06.11  3700 3765 3765 3620 15968
2009.06.12  3685 3670 3745 3450 30927
2009.06.15  3550 3600 3685 3465 14532
2009.06.16  3505 3365 3550 3365 12520
2009.06.17  3490 3455 3580 3405 6803
2009.06.18  3410 3450 3680 3410 15129
2009.06.19  3400 3400 3435 3370 5029
2009.06.22  3425 3495 3575 3365 10539
2009.06.23  3380 3325 3575 3325 10924
2009.06.24  3150 3400 3495 3150 13457
2009.06.25  3300 3200 3445 3200 15743
2009.06.26  3495 3590 3590 3360 14990
2009.06.29  3695 3700 3800 3430 26502
2009.06.30  3765 3695 3990 3615 24729
2009.07.01  3800 3850 3865 3705 16257
2009.07.02  3835 3840 3850 3705 7843
2009.07.03  3700 3795 3840 3420 11879
2009.07.06  3700 3565 3745 3565 3243
2009.07.07  3700 3555 3800 3555 6227
2009.07.08  3855 3800 3855 3685 29206
2009.07.09  3990 3865 4120 3865 39121
2009.07.10  4000 4005 4070 3905 66487
2009.07.13  4190 4020 4295 4000 101071
2009.07.14  4280 4225 4440 4190 98139
2009.07.15  4230 4275 4300 4065 42267
2009.07.16  4015 4230 4300 3865 39668
2009.07.17  4125 4010 4180 3990 60010
2009.07.20  3990 4125 4225 3950 58627
2009.07.21  4380 3990 4585 3990 106583
2009.07.22  4820 4480 4820 4305 105905
2009.07.23  4725 4615 4800 4515 35629
2009.07.24  4730 4840 4840 4650 12882
2009.07.27  4580 4705 4725 4500 115639
2009.07.28  4820 4785 5000 4520 140869
2009.07.29  4410 4875 5020 4345 253496
2009.07.30  4410 4325 4410 4145 48786
2009.07.31  4450 4430 4500 4330 58693
2009.08.03  5000 4455 5110 4400 268549
2009.08.04  5010 4935 5100 4800 86062
2009.08.05  5250 4940 5520 4940 133908
2009.08.06  5260 5340 5400 5160 44351
2009.08.07  5260 5260 5260 5090 28993
2009.08.10  5250 5260 5360 5010 30363
2009.08.11  5500 5250 5520 5200 46361
2009.08.12  5550 5520 5700 5470 42763
2009.08.13  5730 5670 5730 5250 22666
2009.08.14  5720 5730 5750 5550 16598
2009.08.17  5630 5460 5710 5460 43408
2009.08.18  5600 5600 5650 5300 47376
2009.08.19  5430 5660 5660 5150 50008
2009.08.20  5350 5450 5690 5230 28328
2009.08.21  5200 5250 5450 5150 44537
2009.08.24  4795 5200 5210 4700 38978
2009.08.25  4800 4745 4800 4555 56616
2009.08.26  5020 4805 5050 4805 64515
2009.08.27  5270 5020 5380 5020 44929
2009.08.28  5270 5250 5390 5190 9925
2009.08.31  5290 5200 5940 5200 17087
2009.09.01  5290 5200 5400 5110 26438
2009.09.02  5310 5500 5500 5000 27197
2009.09.03  5200 5480 5480 5070 19790
2009.09.04  5190 5200 5310 4425 53797
2009.09.07  5240 5150 5300 5000 6977
2009.09.08  5090 5240 5240 5000 32306
2009.09.09  5510 5070 5690 5070 79262
2009.09.10  5550 5600 5650 5480 37186
2009.09.11  5850 5750 5900 5700 59347
2009.09.14  6000 6300 6300 5850 13295
2009.09.15  5860 6050 6150 5600 34292
2009.09.16  5700 6000 6000 5700 4719
2009.09.17  5650 5700 5700 5500 46868
2009.09.18  5650 5650 6000 5650 11020
2009.09.21  5900 5700 6470 5700 71692
2009.09.22  6100 5850 6170 5850 492335
2009.09.23  5780 6140 6490 5600 149183
2009.09.24  5430 5780 5950 5260 42338
2009.09.25  5100 5350 5430 4950 58251
2009.09.28  4705 5150 5240 4700 41130
2009.09.29  4635 4750 4895 4490 53693
2009.09.30  4635 4635 4845 4420 23337
2009.10.01  4570 4550 4685 4410 8094
2009.10.05  4470 4600 4640 4400 4634
2009.10.06  4060 4650 4650 3885 46305
2009.10.07  3985 4000 4100 3925 27336
2009.10.08  4105 4000 4200 3940 10009
2009.10.09  4215 3955 4220 3955 12084
2009.10.12  4060 4100 4195 3990 14290
2009.10.13  4025 4100 4100 3930 11237
2009.10.14  3975 4050 4050 3900 12911
2009.10.15  3905 3975 4055 3850 19096
2009.10.16  4000 4050 4050 3840 16114
2009.10.19  3935 3920 4045 3800 13811
2009.10.20  3950 4000 4000 3835 2456
2009.10.21  3820 3995 3995 3810 4803
2009.10.22  3820 3890 3890 3655 9489
2009.10.23  3870 3975 3975 3720 4143
2009.10.26  3940 3985 3985 3820 5641
2009.10.27  3800 4050 4050 3800 15559
2009.10.28  3665 3875 3875 3600 13232
2009.10.29  3400 3590 3600 3300 24595
2009.10.30  3400 3755 3755 3400 11582
2009.11.02  3300 3400 3500 3195 14416
2009.11.03  3330 3300 3330 3205 7869
2009.11.04  3410 3350 3465 3350 4754
2009.11.05  3470 3320 3560 3270 26292
2009.11.06  3470 3525 3565 3335 17764
2009.11.09  3510 3355 3630 3355 28413
2009.11.10  3635 3600 3660 3510 21921
2009.11.11  3665 3635 3685 3530 7377
2009.11.12  3500 3680 3680 3500 13287
2009.11.13  3560 3420 3560 3350 16810
2009.11.16  3400 3560 3560 3350 20513
2009.11.17  3490 3550 3550 3365 4592
2009.11.18  3495 3410 3510 3410 5064
2009.11.19  3475 3495 3560 3400 19493
2009.11.20  3480 3470 3500 3360 3294
2009.11.23  3575 3580 3580 3400 3445
2009.11.24  3570 3600 3600 3460 3711
2009.11.25  3530 3590 3600 3450 7419
2009.11.26  3630 3530 3635 3500 12693
2009.11.27  3415 3600 3660 3405 13511
2009.11.30  3685 3585 3685 3360 21743
2009.12.01  3710 3705 3790 3600 18013
2009.12.02  3910 3865 4050 3750 27122
2009.12.03  3960 3915 4090 3910 19049
2009.12.04  3950 3955 3955 3855 12333
2009.12.07  3900 3870 4100 3850 13883
2009.12.08  3900 3910 3910 3810 12635
2009.12.09  3970 4065 4065 3815 9387
2009.12.10  4050 3995 4050 3900 8887
2009.12.11  4030 4010 4090 4010 9694
2009.12.14  4170 4210 4210 4065 5312
2009.12.15  4400 4195 4400 4100 26314
2009.12.16  4675 4410 5040 4410 53369
2009.12.17  4560 4715 4800 4560 28506
2009.12.18  4670 4500 4730 4270 17225
2009.12.21  4565 4780 4780 4410 29003
2009.12.22  4520 4480 4550 4400 26303
2009.12.23  4445 4500 4500 4320 25005
2009.12.24  4355 4495 4500 4325 43391
2009.12.28  4410 4400 4560 4335 45571
2009.12.29  4040 4180 4180 3900 24540
2009.12.30  3950 4045 4085 3920 12563
2010.01.04  4000 3905 4030 3815 10194
2010.01.05  4045 4020 4100 3960 27334
2010.01.06  3900 3910 4000 3530 21510
2010.01.07  3945 3985 4045 3870 5837
2010.01.08  4100 3900 4400 3900 40433
2010.01.11  4140 4130 4400 4090 11769
2010.01.12  4045 4140 4380 3975 9925
2010.01.13  4050 3970 4190 3900 4243
2010.01.14  4000 4050 4060 4000 6107
2010.01.15  4000 4050 4050 3960 4292
2010.01.18  4020 3950 4100 3950 1518
2010.01.19  3970 4070 4070 3950 6704
2010.01.20  3800 3995 3995 3800 8719
2010.01.21  3860 3715 3925 3715 7744
2010.01.22  3850 3850 3890 3760 2888
2010.01.25  3750 3805 3890 3700 5812
2010.01.26  3700 3750 3895 3600 6611
2010.01.27  3660 3700 3700 3600 3714
2010.01.28  3610 3780 3780 3535 10908
2010.01.29  3555 3610 3680 3520 2979
2010.02.01  3500 3655 3700 3320 9233
2010.02.02  3550 3500 3645 3470 3132
2010.02.03  3550 3740 3740 3505 3334
2010.02.04  3625 3695 3695 3500 7236
2010.02.05  3490 3325 3580 3325 5106
2010.02.08  3485 3490 3530 3400 3044
2010.02.09  3640 3695 3695 3330 8439
2010.02.10  3730 3730 3730 3600 7562
2010.02.11  3900 3775 4000 3715 23881
2010.02.12  4020 3910 4060 3900 16040
2010.02.16  4005 4080 4350 3900 13951
2010.02.17  3940 4005 4150 3920 12346
2010.02.18  3900 4025 4025 3855 1400
2010.02.19  3845 3705 3900 3700 7115
2010.02.22  3800 3850 3875 3755 5866
2010.02.23  3770 3885 3885 3655 2653
2010.02.24  3930 3850 4095 3700 36132
2010.02.25  3935 3930 4000 3790 11335
2010.02.26  3800 4050 4050 3800 7535
2010.03.02  3830 3800 3990 3605 8023
2010.03.03  3810 3830 3850 3740 22763
2010.03.04  3935 4010 4010 3705 152522
2010.03.05  4175 3915 4230 3900 52308
2010.03.08  4565 4295 4750 4210 84495
2010.03.09  4450 4560 4665 4380 37437
2010.03.10  4330 4460 4465 4220 17911
2010.03.11  4340 4465 4465 4100 29185
2010.03.12  4340 4310 4420 4200 24408
2010.03.15  4440 4500 4600 4365 17114
2010.03.16  4695 4550 4935 4500 53907
2010.03.17  4910 4740 4990 4610 34199
2010.03.18  4895 4975 5200 4805 36308
2010.03.19  4720 4940 5140 4700 23960
2010.03.22  4720 4780 4790 4600 17089
2010.03.23  4825 4750 4935 4700 67454
2010.03.24  4910 4830 5000 4800 54319
2010.03.25  4915 4950 4990 4760 68014
2010.03.26  5070 4995 5130 4915 45087
2010.03.29  5070 5000 5270 5000 33021
2010.03.30  5150 5090 5250 5090 37168
2010.03.31  5000 5100 5210 4800 37526
2010.04.01  5030 5100 5100 4855 42936
2010.04.02  5030 5010 5100 4910 41384
2010.04.05  4995 5030 5100 4950 9307
2010.04.06  4995 5000 5090 4900 11234
2010.04.07  4900 5010 5010 4850 14087
2010.04.08  4980 4810 5000 4810 25035
2010.04.09  4980 4950 5050 4950 8671
2010.04.12  4900 5000 5000 4850 15322
2010.04.13  4750 4810 4980 4700 10666
2010.04.14  4785 4700 4870 4700 32120
2010.04.15  4780 4895 4895 4755 4856
2010.04.16  4775 4735 4890 4500 12977
2010.04.19  4775 4860 4860 4600 24852
2010.04.20  4700 4850 4850 4605 9076
2010.04.21  4670 4620 4690 4485 34087
2010.04.22  4500 4600 4720 4450 39482
2010.04.23  4400 4440 4485 4200 37141
2010.04.26  4455 4400 4500 4250 16629
2010.04.27  4450 4450 4455 4350 34884
2010.04.28  4450 4350 4530 4300 36712
2010.04.29  4520 4530 4555 4430 52484
2010.04.30  4675 4530 4750 4500 28098
2010.05.03  4750 4600 5000 4600 21007
2010.05.04  4810 4755 4870 4750 12791
2010.05.06  4845 4800 4875 4750 20064
2010.05.07  4950 4710 4950 4700 58600
2010.05.10  5000 4950 5050 4830 22781
2010.05.11  4950 4915 5060 4850 26529
2010.05.12  5020 4950 5020 4930 11237
2010.05.13  5140 5000 5140 5000 18972
2010.05.14  5120 5060 5140 5060 14541
2010.05.17  5070 5020 5100 4865 24450
2010.05.18  5070 5190 5190 4965 23741
2010.05.19  5070 5020 5160 4945 39626
2010.05.20  4815 5070 5070 4310 42449
2010.05.24  4810 4680 4900 4600 26692
2010.05.25  4715 4700 4850 4350 62579
2010.05.26  4765 4700 4880 4650 15690
2010.05.27  4900 4750 4950 4715 26501
2010.05.28  4860 5050 5050 4860 22069
2010.05.31  4935 4800 4970 4755 11379
2010.06.01  4940 4940 4945 4875 8612
2010.06.03  4965 5000 5000 4900 5645
2010.06.04  4950 4995 4995 4865 19651
2010.06.07  5000 4900 5090 4885 36226
2010.06.08  4985 4950 5070 4850 32682
2010.06.09  4930 4930 5090 4915 14800
2010.06.10  4995 5000 5000 4890 7839
2010.06.11  4985 5020 5020 4890 44159
2010.06.14  4850 5020 5020 4830 11192
2010.06.15  4895 4965 4965 4805 7373
2010.06.16  4970 4990 4990 4880 18071
2010.06.17  4980 4905 4990 4890 13300
2010.06.18  4950 4995 5000 4900 1850
2010.06.21  4915 4985 4990 4880 3643
2010.06.22  4900 4900 4925 4750 7147
2010.06.23  4915 4855 4945 4790 18232
2010.06.24  4915 5000 5000 4875 8146
2010.06.25  4915 4950 4985 4805 6729
2010.06.28  4930 4930 4930 4810 3105
2010.06.29  4960 4930 4960 4870 11345
2010.06.30  5000 4800 5050 4800 21575
2010.07.01  5000 4980 5000 4915 6365
2010.07.02  4995 5000 5000 4920 2976
2010.07.05  4990 4950 5020 4860 30946
2010.07.06  5000 5000 5000 4900 4794
2010.07.07  5000 4810 5010 4810 15165
2010.07.08  5200 5000 5400 4950 74585
2010.07.09  5300 5390 5700 5300 60756
2010.07.12  5300 5450 5490 5240 15774
2010.07.13  5510 5280 5550 5280 23025
2010.07.14  5430 5510 5790 5430 52272
2010.07.15  5300 5400 5490 5300 15858
2010.07.16  5370 5250 5500 5250 11569
2010.07.19  5610 5370 5740 5300 30059
2010.07.20  5910 5660 5950 5630 41932
2010.07.21  5880 5910 5980 5700 19951
2010.07.22  5600 5810 5890 5600 13290
2010.07.23  5600 5560 5730 5300 65417
2010.07.26  5660 5550 5720 5550 8853
2010.07.27  5660 5660 5740 5400 24685
2010.07.28  5780 5630 5800 5550 17797
2010.07.29  5650 5720 6000 5650 25579
2010.07.30  5660 5650 5730 5560 20089
2010.08.02  5660 5700 5800 5640 24051
2010.08.03  5700 5750 5750 5600 22591
2010.08.04  5760 5740 5870 5700 69188
2010.08.05  5700 5800 5900 5700 41709
2010.08.06  5700 5700 5760 5530 33461
2010.08.09  5700 5770 5770 5620 30034
2010.08.10  5600 5730 5730 5590 17339
2010.08.11  5400 5530 5650 5400 31119
2010.08.12  5430 5380 5560 5250 16369
2010.08.13  5440 5400 5580 5320 23333
2010.08.16  5350 5400 5550 5340 20128
2010.08.17  5340 5350 5440 5250 17087
2010.08.18  5290 5300 5380 5260 23734
2010.08.19  5280 5250 5400 5240 20296
2010.08.20  5270 5290 5400 5200 7287
2010.08.23  5200 5220 5400 5170 22715
2010.08.24  5070 5210 5300 5030 32358
2010.08.25  5050 5070 5260 5050 32408
2010.08.26  5120 5170 5190 5050 4639
2010.08.27  5180 5190 5230 5050 8729
2010.08.30  5240 5320 5320 5180 11306
2010.08.31  5250 5390 5390 5220 3551
2010.09.01  5370 5280 5390 5250 5234
2010.09.02  5420 5490 5490 5350 6440
2010.09.03  5740 5490 5750 5380 43162
2010.09.06  5650 5650 5850 5650 18264
2010.09.07  5770 5600 5900 5600 25722
2010.09.08  5720 5730 5820 5650 5032
2010.09.09  5800 5800 5830 5670 16039
2010.09.10  5830 5800 5830 5730 13668
2010.09.13  5710 5770 5800 5670 23896
2010.09.14  5800 5710 5820 5710 9465
2010.09.15  5800 5800 5830 5760 15729
2010.09.16  5890 5860 5900 5800 19866
2010.09.17  6400 5890 6690 5890 78139
2010.09.20  6410 6400 6640 6320 30625
2010.09.24  6490 6440 6670 6370 6073
2010.09.27  6800 6500 6910 6500 23532
2010.09.28  6680 6840 6840 6680 12546
2010.09.29  7000 6790 7060 6690 43244
2010.09.30  6900 7050 7500 6900 31474
2010.10.01  6950 6810 6990 6700 23189
2010.10.04  6970 6950 7300 6950 31526
2010.10.05  7300 6990 7500 6970 46522
2010.10.06  7140 7490 7490 6900 33430
2010.10.07  7100 7080 7280 7080 22193
2010.10.08  7120 7080 7190 6970 16556
2010.10.11  7060 7120 7190 6960 23234
2010.10.12  7090 7010 7150 6900 34224
2010.10.13  8030 7090 8150 7090 112609
2010.10.14  8470 8030 8900 7900 64523
2010.10.15  9000 8500 9170 8250 55865
2010.10.18  9030 9400 9450 8870 52617
2010.10.19  9100 8910 9340 8800 36880
2010.10.20  9140 9270 9270 8850 17927
2010.10.21  8980 9100 9100 8850 19595
2010.10.22  9090 8900 9200 8750 41551
2010.10.25  9150 9200 9600 9060 68511
2010.10.26  9000 9210 9580 8870 66888
2010.10.27  9050 9300 9300 8870 30984
2010.10.28  9050 9000 9100 8910 14705
2010.10.29  9150 9100 9200 8990 14990
2010.11.01  9170 9390 9390 9150 21171
2010.11.02  9300 9400 9400 9130 20548
2010.11.03  9610 9400 9770 9200 69343
2010.11.04  11050 9800 11050 9800 332587
2010.11.05  11000 10750 12250 10650 397828
2010.11.08  10600 10900 11050 10500 80406
2010.11.09  12100 10750 12150 10750 307566
2010.11.10  11550 12200 12800 11550 129133
2010.11.11  12450 11800 12450 11700 154655
2010.11.12  12400 12150 12950 10600 200570
2010.11.15  14250 13300 14250 13300 71446
2010.11.16  15150 15700 16350 14250 591295
2010.11.17  16450 14750 16450 14550 250509
2010.11.18  16100 16450 17000 15750 242227
2010.11.19  16400 16350 16750 15750 93933
2010.11.22  16100 16150 16550 15600 85134
2010.11.23  17500 16200 17650 16200 232628
2010.11.24  17300 16550 17650 16550 123940
2010.11.25  17000 17350 17900 16900 92439
2010.11.26  16100 17000 17400 15550 74366
2010.11.29  15300 16250 16300 15000 79782
2010.11.30  16600 15350 17000 15100 126146
2010.12.01  16100 16600 17500 16100 66563
2010.12.02  15700 16100 16500 15700 33100
2010.12.03  16100 15600 16500 15500 37869
2010.12.06  16000 16450 16600 15650 39024
2010.12.07  16450 15800 16600 15550 59193
2010.12.08  16000 16500 16750 15900 44971
2010.12.09  15850 16050 16850 15750 66130
2010.12.10  16100 15850 16400 15550 66322
2010.12.13  16850 16600 17600 16200 112078
2010.12.14  16900 17200 17200 16550 67411
2010.12.15  16750 16900 17200 16600 39565
2010.12.16  17450 17000 17750 16600 83740
2010.12.17  18400 17600 19300 17500 171966
2010.12.20  18400 18050 18750 17550 79008
2010.12.21  19500 19000 19900 18800 123419
2010.12.22  20750 20000 21700 19800 190415
2010.12.23  20100 21700 22100 19750 153280
2010.12.24  21850 20800 21850 20150 70415
2010.12.27  21700 22000 23300 21350 130192
2010.12.28  21600 22000 22350 21200 98152
2010.12.29  21950 19750 22500 19750 96755
2010.12.30  22100 22150 22450 21500 58570
2011.01.03  22050 22800 22800 21500 68140
2011.01.04  20800 21950 22000 20300 137901
2011.01.05  20000 20550 20750 19050 116769
2011.01.06  19950 19800 20700 19300 67094
2011.01.07  21350 19550 21650 19550 115156
2011.01.10  20550 21450 21600 20500 35956
2011.01.11  19900 20950 20950 19750 92098
2011.01.12  19950 20100 20450 19550 38488
2011.01.13  17850 20150 20150 17750 159456
2011.01.14  16300 18000 18000 15750 318743
2011.01.17  16800 16350 17000 15950 181831
2011.01.18  15950 16950 17000 15400 151971
2011.01.19  16300 15900 16800 15600 124109
2011.01.20  16500 16500 16650 15900 48650
2011.01.21  16400 16200 16850 16050 70222
2011.01.24  15700 16150 16550 15200 112589
2011.01.25  15350 16000 16300 15350 71740
2011.01.26  14500 14900 15050 13800 353147
2011.01.27  15850 14650 16050 13950 242178
2011.01.28  16000 15850 16050 15300 58067
2011.01.31  16600 16050 16750 15700 82580
2011.02.01  17500 16750 17600 16650 87730
2011.02.07  18000 17600 18100 17300 82718
2011.02.08  17950 18300 18750 17600 126192
2011.02.09  18050 17950 18700 17800 32765
2011.02.10  17400 17850 18200 17200 46745
2011.02.11  17950 17400 18450 16800 92441
2011.02.14  18550 18100 18750 17600 85101
2011.02.15  18450 18500 18800 18250 88093
2011.02.16  18300 18600 18600 18150 37370
2011.02.17  18300 18200 18400 17700 74344
2011.02.18  19700 18300 19700 18250 112934
2011.02.21  19450 19600 19700 19100 49657
2011.02.22  19050 19600 19600 18850 41477
2011.02.23  18600 18900 19250 18400 36862
2011.02.24  18000 18500 18700 17950 41596
2011.02.25  19000 17800 19150 17750 46634
2011.02.28  18350 19000 19250 18150 30252
2011.03.02  17850 18450 18450 17750 26215
2011.03.03  18350 17750 18750 17600 28094
2011.03.04  19600 18450 19700 18000 99817
2011.03.07  19700 19400 20100 19250 54609
2011.03.08  19550 19800 19800 19150 52283
2011.03.09  20800 19350 20900 19350 114904
2011.03.10  22250 22000 23800 21500 484976
2011.03.11  22500 21800 22600 21050 152279
2011.03.14  21850 21900 22900 21600 102076
2011.03.15  21800 21750 22600 18700 151457
2011.03.16  22200 22400 22600 21850 149318
2011.03.17  22000 21700 22200 21300 56395
2011.03.18  22000 22400 22450 21650 102541
2011.03.21  22800 22500 23200 22500 112591
2011.03.22  23250 23100 23400 22750 136141
2011.03.23  23250 23650 23650 22950 82851
2011.03.24  22550 23500 23500 22300 80693
2011.03.25  22400 22550 22900 21650 93989
2011.03.28  22000 22350 22650 21700 42463
2011.03.29  22900 22400 23350 22300 111903
2011.03.30  24500 23050 25000 23050 248732
2011.03.31  24650 24700 25300 24300 149211
2011.04.01  24950 24800 25000 24100 151997
2011.04.04  24400 25250 25300 24400 80298
2011.04.05  25650 24500 26200 24350 281802
2011.04.06  25500 25700 25800 24800 157865
2011.04.07  25050 25450 25550 24250 157241
2011.04.08  24950 25050 25450 24400 179067
2011.04.11  25600 24850 25800 24850 130278
2011.04.12  25600 26000 26250 25050 170519
2011.04.13  26300 25550 26500 25200 185955
2011.04.14  26400 26750 26900 25350 177599
2011.04.15  26400 26200 26600 26100 71009
2011.04.18  26200 26400 26500 25900 115000
2011.04.19  26200 26000 26350 25500 90475
2011.04.20  26900 26250 27450 26250 112237
2011.04.21  27100 27150 27400 26500 104085
2011.04.22  25950 27300 27300 25900 106751
2011.04.25  25250 26100 26200 24800 142620
2011.04.26  25600 25750 26150 24900 114740
2011.04.27  25400 26000 26000 25150 61956
2011.04.28  24800 25350 25600 23850 79194
2011.04.29  24650 25000 25100 23550 66634
2011.05.02  24850 24700 25250 24100 50641
2011.05.03  24550 24850 25250 24200 67338
2011.05.04  24000 24950 24950 23900 128394
2011.05.06  23900 23450 24450 23300 48518
2011.05.09  23000 23500 23950 23000 53324
2011.05.11  22300 23000 23800 21150 163118
2011.05.12  23150 22200 23350 21950 56623
2011.05.13  22600 23600 23600 22400 77149
2011.05.16  22400 22200 22950 22000 64894
2011.05.17  20600 21750 22100 20550 131777
2011.05.18  20600 20150 21300 20150 85254
2011.05.19  19200 20800 21000 19200 113037
2011.05.20  19050 19300 20100 18650 137868
2011.05.23  18850 19050 19500 17750 135983
2011.05.24  18700 18950 19300 17850 93905
2011.05.25  18000 18600 19000 17900 38516
2011.05.26  18900 18300 19100 17400 134979
2011.05.27  19050 18900 19650 18650 79464
2011.05.30  18850 18950 19050 18700 25132
2011.05.31  19150 18800 19150 18400 69492
2011.06.01  19050 19300 19900 18900 42384
2011.06.02  17400 18600 18700 17050 168419
2011.06.03  16800 17100 17400 14900 441521
2011.06.07  17250 16800 17650 16700 99183
2011.06.08  18600 17450 18850 16950 139332
2011.06.09  18550 18750 18950 18300 45172
2011.06.10  17800 18500 18950 17450 89670
2011.06.13  17800 17700 18100 17000 53427
2011.06.14  17850 17450 17950 17450 27031
2011.06.15  17350 17800 17900 17200 18287
2011.06.16  16700 17000 17350 16300 60056
2011.06.17  16750 16700 17500 16400 37824
2011.06.20  15500 16600 16950 14950 180883
2011.06.21  14750 15050 15500 14150 291200
2011.06.22  14600 14800 15150 14550 71895
2011.06.23  15100 14800 15150 14150 87681
2011.06.24  15900 15050 16000 14900 103735
2011.06.27  15600 16000 16100 15400 35134
2011.06.28  15900 15800 16100 15600 58516
2011.06.29  15550 16000 16450 15500 160213
2011.06.30  15400 15800 15800 14850 39332
2011.07.01  15200 15550 15550 14850 66151
2011.07.04  16300 15500 16300 15250 69340
2011.07.05  16900 16450 17050 16050 103221
2011.07.06  17400 17150 17600 16600 87686
2011.07.07  18500 17500 18500 17200 118003
2011.07.08  18500 18900 19000 18200 79841
2011.07.11  18250 18300 18950 18000 61537
2011.07.12  17650 18400 18450 17600 61738
2011.07.13  19150 17700 19400 17700 154543
2011.07.14  20400 19000 20400 19000 183894
2011.07.15  20550 20500 21100 20200 167310
2011.07.18  21100 20550 21500 20200 101561
2011.07.19  21400 21000 21800 20800 171974
2011.07.20  22000 21850 22550 21650 179566
2011.07.21  21400 22000 22000 21100 121993
2011.07.22  21650 21500 22350 21500 99727
2011.07.25  20100 21650 21700 20000 217358
2011.07.26  21200 20150 21700 19200 273517
2011.07.27  22050 20600 22500 20600 303039
2011.07.28  23000 21550 23050 21550 247033
2011.07.29  23200 23300 23700 22750 179305
2011.08.01  23000 23150 23800 22450 216336
2011.08.02  23400 23300 24350 22700 281923
2011.08.03  24100 22900 24200 21200 239467
2011.08.04  24500 24550 26400 23800 408803
2011.08.05  23400 22000 25100 22000 272370
2011.08.08  21300 23000 23850 19900 327287
2011.08.09  18150 20500 20500 18150 472332
2011.08.10  18850 19350 19800 18650 346379
2011.08.11  21400 17450 21650 16900 361840
2011.08.12  22500 22300 23700 21950 370514
2011.08.16  24950 24000 25700 23500 850584
2011.08.17  24500 24500 25000 23550 436135
2011.08.18  26000 25400 26250 24500 649514
2011.08.19  25000 25200 26800 24600 788850
2011.08.22  23350 25500 25900 21550 357589
2011.08.23  24250 24100 24700 22850 330793
2011.08.24  24700 24750 25300 23800 234112
2011.08.25  24150 25000 25400 23900 178836
2011.08.26  24450 24000 24650 23200 150889
2011.08.29  24650 24900 24900 24000 151777
2011.08.30  24100 24650 25500 24000 253586
2011.08.31  27700 24250 27700 23750 581837
2011.09.01  28200 28900 31000 27500 1148276
2011.09.02  29850 28500 31100 28500 1169109
2011.09.05  29800 29550 30250 28800 697274
2011.09.06  28500 29350 29850 26850 363904
2011.09.07  29850 29100 30600 28300 635338
2011.09.08  28800 29850 29850 28400 180363
2011.09.09  28000 29000 29550 27450 213833
2011.09.14  27100 27650 28800 26500 216530
2011.09.15  27900 27900 28400 26250 127126
2011.09.16  28650 28150 28750 27650 128464
2011.09.19  28250 28650 28800 27750 118232
2011.09.20  28400 28050 30000 27200 353608
2011.09.21  29400 28450 30450 28100 517673
2011.09.22  28550 28800 30100 28550 288759
2011.09.23  26300 27350 28050 26300 332825
2011.09.26  23750 26550 27200 22400 687562
2011.09.27  25900 24800 26150 24100 256180
2011.09.28  28900 26450 29650 26300 522849
2011.09.29  27900 28100 29150 27800 195468
2011.09.30  31600 28600 31950 28350 812494
2011.10.04  31950 31200 32400 30700 453763
2011.10.05  30450 32500 32700 29400 266061
2011.10.06  31200 31050 34700 30250 341517
2011.10.07  33000 32400 35000 30700 563943
2011.10.10  34200 36000 36450 33150 1127549
2011.10.11  32950 34500 35000 31700 522472
2011.10.12  34200 33350 35100 32550 358844
2011.10.13  36600 34200 38500 34000 764795
2011.10.14  37150 36650 38000 35650 219311
2011.10.17  36400 37550 37950 36350 304650
2011.10.18  38750 35650 39800 35650 368420
2011.10.19  39900 39450 40700 38150 305481
2011.10.20  39000 40450 41900 37000 322160
2011.10.21  38300 40250 40300 37550 182713
2011.10.24  39000 38800 39450 36750 240872
2011.10.25  36050 40200 41950 36050 2809618
2011.10.26  38000 34750 38900 34700 518652
2011.10.27  37800 38700 39100 35800 245293
2011.10.28  37250 38250 38300 36000 230382
2011.10.31  37800 37600 37950 36300 131995
2011.11.01  39400 38850 40500 38150 349192
2011.11.02  40200 39400 40850 39000 262703
2011.11.03  39850 40700 40750 39000 184159
2011.11.04  40900 40200 41200 39750 143742
2011.11.07  39150 40900 40900 39000 230648
2011.11.08  39100 39800 39800 37850 185835
2011.11.09  38800 39100 39600 38500 145852
2011.11.10  37350 37600 38600 36650 112422
2011.11.11  39850 38300 39850 37400 162557
2011.11.14  39100 40100 40100 38450 218245
2011.11.15  37850 38700 38700 37450 145503
2011.11.16  36500 37900 38250 36500 162783
2011.11.17  38100 36450 38600 36400 96983
2011.11.18  38500 37550 38600 37300 85233
2011.11.21  38350 38600 38900 37350 39859
2011.11.22  37600 37600 38350 37000 85246
2011.11.23  36100 37600 38300 34050 122504
2011.11.24  35900 35500 36050 34500 112769
2011.11.25  35850 36000 36550 35100 97879
2011.11.28  35400 35600 36200 35350 74273
2011.11.29  37700 35500 37950 34900 140091
2011.11.30  37800 37750 38350 36550 118406
2011.12.01  37600 38300 38450 37500 59580
2011.12.02  37300 37000 38100 37000 87573
2011.12.05  37250 37300 37500 36450 61223
2011.12.06  36950 37400 37750 35600 125595
2011.12.07  35250 36350 36500 35050 152728
2011.12.08  33300 35250 35350 32600 263475
2011.12.09  33800 32500 34350 31800 231310
2011.12.12  35450 33950 36900 33400 228228
2011.12.13  37100 35500 38200 35500 203432
2011.12.14  37000 36900 38300 36300 131827
2011.12.15  37050 36900 37950 36100 123962
2011.12.16  38900 37100 39050 37050 170097
2011.12.19  38000 38750 38950 35050 169696
2011.12.20  37800 38000 38400 36700 50403
2011.12.21  37250 37700 38300 36750 90624
2011.12.22  37200 37000 37800 36650 55088
2011.12.23  37250 37550 38100 36900 93344
2011.12.26  37850 37700 38200 37350 125984
2011.12.27  37400 38150 38150 37000 85877
2011.12.28  37750 37800 37850 37250 56445
2011.12.29  39900 38500 40300 38000 241778
2012.01.02  39350 40450 40900 38950 108562
2012.01.03  39650 39350 40200 38850 133692
2012.01.04  39500 39900 40950 39400 173566
2012.01.05  40800 39800 41600 39400 179528
2012.01.06  39700 40750 40950 39600 72792
2012.01.09  38600 39800 39900 38200 85694
2012.01.10  38300 38100 38950 38000 95216
2012.01.11  37650 38300 38900 37150 100726
2012.01.12  38250 38650 38650 37200 60944
2012.01.13  37650 38250 38700 37650 54654
2012.01.16  37800 37650 38000 37000 45072
2012.01.17  36450 37600 38250 35700 114227
2012.01.18  35200 36000 36700 35000 106090
2012.01.19  34000 35400 35750 33900 130188
2012.01.20  32400 34600 35300 32250 244836
2012.01.25  33300 32550 33750 32550 124508
2012.01.26  35450 33800 35750 33700 191978
2012.01.27  35750 36000 36000 34650 63000
2012.01.30  33700 35750 35750 33600 140021
2012.01.31  34750 34100 34750 33200 111973
2012.02.01  34700 35250 35250 34050 57294
2012.02.02  33650 35100 35100 32900 134280
2012.02.03  32000 33700 34450 30850 308415
2012.02.06  30400 32400 32400 29200 437545
2012.02.07  32100 30200 32250 30150 174832
2012.02.08  33050 32000 33350 31150 195234
2012.02.09  33950 32600 34000 32250 144278
2012.02.10  34400 33950 34750 33500 87175
2012.02.13  35300 34950 35350 34050 100538
2012.02.14  35850 35550 36000 34800 92985
2012.02.15  37850 35950 39500 35300 289500
2012.02.16  38200 37400 38500 37400 87965
2012.02.17  37750 38050 38650 37750 65999
2012.02.20  36200 37200 37750 35600 104485
2012.02.21  37100 36300 37250 36100 142613
2012.02.22  35700 37300 37650 35350 112738
2012.02.23  38100 35700 38850 35400 144468
2012.02.24  40850 38100 40900 37550 223483
2012.02.27  40950 40350 42650 39550 171854
2012.02.28  39600 40950 41300 39150 790915
2012.02.29  38900 40550 41100 38600 74644
2012.03.02  38750 38900 39500 37750 77593
2012.03.05  40500 38250 40500 38250 78411
2012.03.06  39950 40500 40550 39400 66024
2012.03.07  40000 39200 40200 39100 114273
2012.03.08  41300 40000 41800 40000 226755
2012.03.09  41200 41600 41700 40500 48699
2012.03.12  40100 41100 41200 39700 61510
2012.03.13  39500 40250 40300 38700 52285
2012.03.14  39100 39550 40200 37450 176037
2012.03.15  37700 39200 39500 37700 87277
2012.03.16  37500 37350 38450 36550 157684
2012.03.19  35800 38000 38000 35800 144059
2012.03.20  34600 35900 36700 34500 144332
2012.03.21  35950 34500 36150 34500 108383
2012.03.22  35750 36100 36600 34700 92951
2012.03.23  34600 35200 35800 33800 117110
2012.03.26  33000 34600 34700 32800 126309
2012.03.27  32200 34000 34450 32050 143715
2012.03.28  34200 32050 34950 31550 166786
2012.03.29  34550 34200 35800 34200 233737
2012.03.30  34300 34000 34600 33000 90981
2012.04.02  35500 34300 35500 33300 72511
2012.04.03  35500 35550 36300 35050 64314
2012.04.04  33700 35250 35600 32500 143364
2012.04.05  33900 33050 34800 33050 70824
2012.04.06  34200 33400 34750 33400 105666
2012.04.09  34100 34200 35700 34050 96963
2012.04.10  34150 34300 35400 33750 66003
2012.04.12  34200 34000 34450 32700 89493
2012.04.13  34200 33850 34650 33800 70636
2012.04.16  34500 33800 34950 33550 48553
2012.04.17  34950 34600 35700 34350 124155
2012.04.18  36800 35600 36800 34850 160935
2012.04.19  36300 37000 37450 36200 113226
2012.04.20  35600 36400 37000 35450 122727
2012.04.23  36200 35600 36450 35200 60625
2012.04.24  36000 35650 36400 35100 74263
2012.04.25  34850 36000 36300 34200 78144
2012.04.26  31350 34850 35000 31100 260251
2012.04.27  29450 31400 32100 27050 526895
2012.04.30  29000 29700 29750 27750 656175
2012.05.02  29600 29000 30200 28600 158781
2012.05.03  30450 29600 30900 29600 145756
2012.05.04  30450 30100 30800 29850 100861
2012.05.07  30350 30350 30550 29350 69278
2012.05.08  31850 30350 32600 30350 211555
2012.05.09  32350 31850 32450 31400 92062
2012.05.10  32700 32600 33200 32200 75522
2012.05.11  32350 32500 32950 31300 83444
2012.05.14  32000 32350 33400 32000 173305
2012.05.15  32800 31500 32800 31000 137527
2012.05.16  31700 33000 33700 31700 123046
2012.05.17  32000 31800 32400 31300 64820
2012.05.18  32650 32050 33700 31550 262031
2012.05.21  34400 32700 34400 32700 168548
2012.05.22  35900 34700 35950 33950 144713
2012.05.23  35100 35850 36500 34950 117935
2012.05.24  37400 35700 37950 35700 252350
2012.05.25  36600 37600 37850 35900 130448
2012.05.29  36000 36700 37100 35950 102460
2012.05.30  37950 36250 37950 36150 123267
2012.05.31  38400 37600 38600 37250 137249
2012.06.01  37550 38400 38750 37250 69224
2012.06.04  36600 36350 37800 36300 78626
2012.06.05  39500 37800 40000 36850 329618
2012.06.07  39950 40000 41400 38700 196470
2012.06.08  39300 40000 41800 38950 241568
2012.06.11  38300 39500 40200 37750 192052
2012.06.12  39600 38550 39600 38300 171725
2012.06.13  37600 41950 43500 37600 660468
2012.06.14  38150 37600 39350 37100 296583
2012.06.15  37000 38600 38700 36200 274281
2012.06.18  37600 37550 37900 36200 168033
2012.06.19  36450 38200 38500 36450 128907
2012.06.20  35850 36600 36650 35650 187369
2012.06.21  36400 36250 36650 35450 113430
2012.06.22  37100 36400 38250 36300 297516
2012.06.25  39200 37200 39200 36650 265953
2012.06.26  39200 38800 39400 38150 146894
2012.06.27  38550 39500 39500 38500 81107
2012.06.28  37050 39050 39100 36650 142764
2012.06.29  36600 37250 37400 36000 120725
2012.07.02  40150 37250 40750 37250 321687
2012.07.03  39700 40600 41300 39600 227521
2012.07.04  43500 40100 43850 39650 479690
2012.07.05  44150 43600 44600 42800 271926
2012.07.06  45450 44900 46200 44300 241059
2012.07.09  45550 45800 48200 44950 335259
2012.07.10  43950 45150 45550 42800 317640
2012.07.11  44200 43950 44700 42800 253823
2012.07.12  43000 43850 44450 42950 135392
2012.07.13  43950 43350 43950 40500 290607
2012.07.16  40750 44950 45000 40600 383553
2012.07.17  38650 40000 41400 38400 304291
2012.07.18  37650 38850 40000 37050 329573
2012.07.19  39750 38300 39900 38100 172527
2012.07.20  39450 40300 40300 38700 155301
2012.07.23  38050 39000 39000 37850 87495
2012.07.24  38350 37900 39000 35900 244663
2012.07.25  37650 38350 39100 37100 123430
2012.07.26  38250 38550 39350 37900 147421
2012.07.27  37600 38750 38750 37100 140481
2012.07.30  37050 37600 38250 36900 86363
2012.07.31  35500 36850 37250 35200 273242
2012.08.01  35650 35250 36200 35000 210377
2012.08.02  34950 35550 35900 34900 77892
2012.08.03  33900 34700 35200 33700 123573
2012.08.06  34500 34200 34750 33700 120896
2012.08.07  34500 34850 35650 34450 96524
2012.08.08  34100 34600 34900 34050 98033
2012.08.09  34400 33800 35200 32800 527022
2012.08.10  32100 34100 34400 30850 729107
2012.08.13  32000 32550 32600 31800 212736
2012.08.14  32200 31800 32700 31800 129157
2012.08.16  33800 32500 34000 32250 296106
2012.08.17  33200 33700 33700 32600 199994
2012.08.20  34150 33100 34350 32500 178141
2012.08.21  35150 33950 35650 33450 382128
2012.08.22  36200 36200 36750 35900 360784
2012.08.23  36800 36200 37150 35300 326250
2012.08.24  35950 36700 37100 35800 175062
2012.08.27  35100 36100 36300 34900 162324
2012.08.28  36550 35400 36650 34450 350335
2012.08.29  35800 37000 37400 35800 223640
2012.08.30  35100 36150 36150 34700 256662
2012.08.31  36900 35250 37550 35250 453655
2012.09.03  39000 37350 40500 36800 717131
2012.09.04  36950 39200 39250 36300 500506
2012.09.05  36650 37050 37200 35300 262698
2012.09.06  36000 36800 37350 35850 141724
2012.09.07  35800 36400 36700 35750 141242
2012.09.10  35700 36150 36200 35350 96779
2012.09.11  37200 36100 37200 35700 178348
2012.09.12  36000 37200 37500 36000 204928
2012.09.13  35050 35700 36350 34500 222975
2012.09.14  34250 35500 35500 33250 375412
2012.09.17  32850 34300 34350 32700 265375
2012.09.18  33650 33300 34100 33200 174490
2012.09.19  33150 34000 34150 32750 203116
2012.09.20  33350 32850 33800 32850 132499
2012.09.21  35250 33450 35400 33450 351143
2012.09.24  36250 35750 36750 34800 667083
2012.09.25  34200 36050 36250 34150 299327
2012.09.26  33350 33850 34650 33150 211666
2012.09.27  32100 33300 33750 32050 255815
2012.09.28  32800 32800 33450 32150 246318
2012.10.02  34150 32400 34450 32400 377412
2012.10.04  33100 34150 34650 33100 336063
2012.10.05  32450 33400 33400 32100 251613
2012.10.08  36400 33350 36700 32900 989318
2012.10.09  35750 36750 39250 35700 1238379
2012.10.10  33400 35300 35550 33400 503882
2012.10.11  33450 33700 34600 32550 436819
2012.10.12  32950 33450 33600 32700 296290
2012.10.15  31750 32950 33750 31500 401038
2012.10.16  31450 32100 32300 30250 223527
2012.10.17  30900 31700 32300 30850 154652
2012.10.18  28800 31150 31200 28650 385595
2012.10.19  28550 28500 29250 27000 285617
2012.10.22  27750 27650 28550 27550 202630
2012.10.23  28750 28100 29900 27950 287826
2012.10.24  28450 28300 28700 27400 156086
2012.10.25  26200 28400 28550 25800 464861
2012.10.26  24000 26200 26450 23200 835622
2012.10.29  23300 23800 24350 22750 411660
2012.10.30  23450 23000 23900 22950 215995
2012.10.31  23400 23650 24450 23400 273406
2012.11.01  24400 23900 24600 23350 257179
2012.11.02  24150 24900 25000 24100 222051
2012.11.05  23550 24300 24400 23450 141982
2012.11.06  25400 24000 25850 23700 550497
2012.11.07  24600 25550 26000 24450 248424
2012.11.08  25300 23900 25750 23800 325235
2012.11.09  24700 25050 25550 24200 226816
2012.11.12  25300 25100 25500 24250 292516
2012.11.13  23850 25550 25650 23750 225327
2012.11.14  20300 24200 24200 20300 721120
2012.11.15  18050 19300 19500 17850 695517
2012.11.16  16550 17900 18400 16550 579339
2012.11.19  17700 16650 18050 16650 403962
2012.11.20  19700 18100 20350 18050 726997
2012.11.21  18900 19900 21300 18700 610491
2012.11.22  16700 18700 18900 16700 760142
2012.11.23  17050 17050 17200 16050 349188
2012.11.26  17300 17600 18000 17150 236337
2012.11.27  17100 17250 17500 16700 252910
2012.11.28  17550 17100 18000 17100 246025
2012.11.29  18300 17650 18350 17350 165538
2012.11.30  17900 18550 18600 17850 183302
2012.12.03  17750 17700 18200 17400 134279
2012.12.04  17750 17750 18100 17450 97590
2012.12.05  15900 17750 17850 15400 573183
2012.12.06  15250 15850 16200 15000 450894
2012.12.07  15050 15050 15600 14550 399505
2012.12.10  15700 15250 15900 15150 362738
2012.12.11  16050 15500 16200 15200 245298
2012.12.12  16050 16300 16550 16050 121607
2012.12.13  16600 16200 16800 16000 155807
2012.12.14  16600 16400 16900 16400 217913
2012.12.17  17100 16900 17850 16850 439225
2012.12.18  16550 17100 17250 16200 206003
2012.12.20  15200 16650 16950 15200 271523
2012.12.21  15300 15300 15700 15000 155784
2012.12.24  15700 15300 16100 15300 165759
2012.12.26  15550 15650 15950 15400 143453
2012.12.27  16250 15500 16350 15500 213461
2012.12.28  16500 16400 16700 16200 200139
2013.01.02  16450 16900 16900 16300 144285
2013.01.03  16250 16500 16650 15900 182916
2013.01.04  17100 16200 17450 16200 506631
2013.01.07  17250 17350 17400 16900 306485
2013.01.08  17250 17250 17350 16950 213505
2013.01.09  17350 17250 17850 17150 353632
2013.01.10  16400 17150 17250 15950 524482
2013.01.11  16200 16550 16700 16100 226446
2013.01.14  16550 16200 16700 16200 157121
2013.01.15  16450 16650 16950 16400 151819
2013.01.16  15650 16250 16450 15650 206587
2013.01.17  15100 15850 15900 14950 279216
2013.01.18  15250 15200 15350 15000 127598
2013.01.21  15600 15350 15700 15350 123805
2013.01.22  15700 15700 15750 15250 99021
2013.01.23  15500 15700 16100 15500 156285
2013.01.24  15350 15550 15750 15350 115156
2013.01.25  15350 15400 15750 15200 123348
2013.01.28  14900 15400 15500 14700 171029
2013.01.29  14750 14800 14950 14200 230103
2013.01.30  14550 14800 14900 14450 111477
2013.01.31  13900 14600 14650 13750 209199
2013.02.01  13950 14000 14200 13600 148031
2013.02.04  13950 14300 14600 13900 219321
2013.02.05  13850 13700 13950 13450 122520
2013.02.06  13650 14000 14000 13650 89969
2013.02.07  13400 13550 13750 13150 200814
2013.02.08  13800 13350 13800 13300 161486
2013.02.12  13950 14050 14050 13700 122856
2013.02.13  13950 14100 14250 13950 116574
2013.02.14  14450 14050 14450 14000 129149
2013.02.15  14250 14400 14550 14250 127197
2013.02.18  14000 14300 14350 14000 92159
2013.02.19  14350 14050 14600 14050 174961
2013.02.20  14750 14550 14800 14450 166901
2013.02.21  14700 14600 14750 14450 79602
2013.02.22  14700 14600 15050 14600 167104
2013.02.25  14950 14850 15250 14700 189892
2013.02.26  14450 14750 14900 14450 132919
2013.02.27  15400 14400 15400 14400 319342
2013.02.28  15450 15500 15500 15150 124998
2013.03.04  15450 15550 15950 15400 214971
2013.03.05  15850 15450 15900 15450 190965
2013.03.06  15550 16000 16100 15500 149904
2013.03.07  15100 15450 15550 14800 146012
2013.03.08  15000 15100 15250 14950 91241
2013.03.11  16450 15000 16750 14400 701542
2013.03.12  16550 16450 16800 16250 378227
2013.03.13  16700 16650 17100 16450 311876
2013.03.14  16600 16550 16750 16150 173693
2013.03.15  16900 16850 17800 16700 607857
2013.03.18  16500 17050 17450 16500 313396
2013.03.19  17600 16800 17600 16700 309619
2013.03.20  17350 17750 17800 17150 283273
2013.03.21  17100 17450 17700 17050 194312
2013.03.22  17250 16900 17350 16900 174534
2013.03.25  17000 17350 17600 17000 138601
2013.03.26  16750 16700 16950 16400 165440
2013.03.27  16650 16750 17400 16650 186537
2013.03.28  17200 16800 17350 16600 193568
2013.03.29  16800 17350 17350 16800 147524
2013.04.01  17850 17050 17900 16800 352521
2013.04.02  19350 17900 19400 17800 1002821
2013.04.03  20300 19650 20400 19150 730388
2013.04.04  21000 20000 21250 19200 773918
2013.04.05  20800 21200 22250 20350 707201
2013.04.08  18550 20850 21100 18450 671836
2013.04.09  19550 18600 19750 18150 665059
2013.04.10  19100 19600 20000 19100 352311
2013.04.11  20100 19500 20250 19350 473099
2013.04.12  20200 20350 20550 19800 447672
2013.04.15  20300 20550 20800 20050 373309
2013.04.16  20000 19900 20400 19900 288560
2013.04.17  19700 20150 20300 19200 364330
2013.04.18  18850 19800 19950 18850 388947
2013.04.19  18000 18950 18950 17600 398074
2013.04.22  17800 18050 18350 17750 250446
2013.04.23  18300 17900 18450 17650 268926
2013.04.24  18750 18500 18900 18250 263985
2013.04.25  18350 18800 18950 18300 196829
2013.04.26  18350 18450 18650 18200 160683
2013.04.29  17900 18350 18500 17850 187194
2013.04.30  16000 17800 17800 15250 2060855
2013.05.02  14850 16200 16200 14450 913357
2013.05.03  15100 15000 15500 14900 352138
2013.05.06  15650 15200 15900 15000 341522
2013.05.07  16750 15900 16750 15650 359011
2013.05.08  18500 17100 18500 17100 911956
2013.05.09  18800 19000 19200 18050 553852
2013.05.10  19350 18800 20100 18550 804832
2013.05.13  19050 19500 19550 18700 273700
2013.05.14  18500 19200 19200 18050 342591
2013.05.15  19900 18400 19900 18400 575018
2013.05.16  19900 19550 20050 19050 303996
2013.05.20  19250 19800 19950 19100 185744
2013.05.21  19150 19350 19900 19150 155790
2013.05.22  19300 19550 19750 18550 316898
2013.05.23  18800 19100 19550 18250 215656
2013.05.24  19000 18700 19150 18350 153580
2013.05.27  20600 19050 20700 19050 482942
2013.05.28  21300 20600 21550 20350 513380
2013.05.29  21000 21350 21550 21000 205938
2013.05.30  20300 21050 21400 20250 177906
2013.05.31  20350 20600 20600 19750 140697
2013.06.03  19400 20450 20550 19300 158378
2013.06.04  18900 19500 19500 18500 190162
2013.06.05  19150 18900 19850 18750 231716
2013.06.07  19150 19150 19800 18650 153309
2013.06.10  19100 19100 19450 18900 104603
2013.06.11  17850 18850 19100 17800 260943
2013.06.12  18450 17550 18750 17550 198438
2013.06.13  18500 18400 19150 18250 123182
2013.06.14  18000 18700 18950 17900 86349
2013.06.17  17000 17750 18200 16700 149291
2013.06.18  17400 17200 17650 16950 99576
2013.06.19  16850 17400 17600 16850 69955
2013.06.20  15750 16550 16700 15750 249427
2013.06.21  16300 15400 16300 14800 176185
2013.06.24  15700 16300 16500 15600 84953
2013.06.25  15200 15350 16500 14900 148039
2013.06.26  16550 16100 16550 15550 351718
2013.06.27  17450 17000 17650 16850 246737
2013.06.28  17550 17450 18150 17300 186097
2013.07.01  17300 17650 17650 17150 130031
2013.07.02  16700 17300 17450 16600 126585
2013.07.03  16150 16700 17150 16150 115646
2013.07.04  16900 16300 17100 16100 88249
2013.07.05  16500 17000 17050 16500 74879
2013.07.08  16400 16550 16850 16050 69683
2013.07.09  16350 16250 16600 16100 49586
2013.07.10  15850 16350 16500 15850 76344
2013.07.11  16200 16150 16450 15900 84047
2013.07.12  16400 16600 16800 16200 88740
2013.07.15  16300 16250 16450 15950 57944
2013.07.16  16400 16200 16800 16200 66477
2013.07.17  16600 16400 16950 16400 84482
2013.07.18  16200 16750 16950 16200 82717
2013.07.19  16000 16200 16450 15900 81740
2013.07.22  15800 16050 16200 15700 77957
2013.07.23  15800 15800 16150 15650 59987
2013.07.24  15900 15700 16000 15600 61931
2013.07.25  15300 16100 16100 14650 139139
2013.07.26  15600 15500 16000 15200 107015
2013.07.29  16050 15650 16350 15650 215934
2013.07.30  16100 16150 16800 15950 159028
2013.07.31  16700 16300 16850 16100 127900
2013.08.01  16700 16700 16850 16350 59333
2013.08.02  16600 16800 16850 16450 61883
2013.08.05  16600 16550 16800 16200 92761
2013.08.06  16700 16550 17000 16450 90194
2013.08.07  16250 16700 16800 16250 69668
2013.08.08  15750 16150 16350 15750 92319
2013.08.09  16050 15800 16250 15800 48974
2013.08.12  15800 15900 16150 15800 40960
2013.08.13  15400 15850 16000 15300 70883
2013.08.14  15300 15400 15650 15050 65097
2013.08.16  16050 15300 16450 15150 99274
2013.08.19  16400 16050 16400 15800 55695
2013.08.20  15650 16350 16450 15500 87553
2013.08.21  15150 15550 15800 14850 117336
2013.08.22  14800 14800 15200 14200 127818
2013.08.23  15000 14550 15300 14550 54359
2013.08.26  15200 15000 15400 14900 60350
2013.08.27  14650 15250 15250 14650 44409
2013.08.28  14950 14400 14950 14150 60558
2013.08.29  15800 14750 15900 14700 105241
2013.08.30  16750 15800 17200 15700 183264
2013.09.02  16650 16700 17050 16550 96664
2013.09.03  16500 16500 16900 16400 75006
2013.09.04  17900 16500 18250 16400 460153
2013.09.05  18050 18000 18350 17650 142177
2013.09.06  18000 18300 18300 17750 91369
2013.09.09  18200 18250 18250 17400 79177
2013.09.10  18850 18000 18950 17950 154021
2013.09.11  19000 18850 19250 18650 138437
2013.09.12  19000 18800 19450 18800 96160
2013.09.13  19450 19050 19800 18800 166475
2013.09.16  19400 19450 19700 19050 90268
2013.09.17  19400 19200 19500 19000 69925
2013.09.23  18450 19200 19350 18100 227204
2013.09.24  18500 18450 18600 17950 106426
2013.09.25  20000 18600 20000 18250 209641
2013.09.26  19850 20000 20200 19650 228891
2013.09.27  19300 19800 19800 19300 98881
2013.09.30  18800 19450 19450 18650 91279
2013.10.01  18700 18600 19400 18250 65554
2013.10.02  18700 18900 18900 18300 45782
2013.10.04  18400 18400 18700 17950 51768
2013.10.07  18200 18350 18500 17800 69619
2013.10.08  18350 18100 18600 18050 36948
2013.10.10  18550 18500 18550 18150 33174
2013.10.11  17800 18550 18650 17650 109875
2013.10.14  17150 17900 17900 17050 80866
2013.10.15  17600 17050 17900 17050 52000
2013.10.16  17700 17300 17700 17100 40643
2013.10.17  18150 17900 18300 17550 45183
2013.10.18  18450 18350 18700 18050 47662
2013.10.21  18950 18450 19150 18250 79248
2013.10.22  19150 18950 19250 18650 53383
2013.10.23  18650 19000 19250 18550 48647
2013.10.24  18700 18650 19050 18450 49869
2013.10.25  19100 18700 19100 18550 45597
2013.10.28  18900 19150 19250 18550 42487
2013.10.29  18200 18750 18900 18100 58802
2013.10.30  18150 18350 18700 17900 79262
2013.10.31  18150 17950 18200 17750 37568
2013.11.01  18150 18300 18550 17700 34873
2013.11.04  18050 18050 18200 17800 24550
2013.11.05  17550 17900 18150 17500 27583
2013.11.06  17400 17500 17800 17400 40103
2013.11.07  16650 17350 17550 16450 66511
2013.11.08  16400 16350 16950 16050 49302
2013.11.11  16150 16700 16800 15500 95231
2013.11.12  16750 16100 16800 16100 31456
2013.11.13  16950 16800 17750 16650 109136
2013.11.14  18100 16900 18500 16900 112383
2013.11.15  18300 18200 18900 17800 74436
2013.11.18  18600 18450 18800 18100 57211
2013.11.19  18100 18500 18600 17950 39476
2013.11.20  18500 18250 18950 18200 76585
2013.11.21  18250 18950 19100 18250 53969
2013.11.22  19350 18300 19550 18250 163591
2013.11.25  19600 19750 20100 19400 114880
2013.11.26  19900 19450 20500 19450 259310
2013.11.27  19600 20050 20300 19600 117450
2013.11.28  19250 19900 20050 19200 129283
2013.11.29  19550 19200 19700 19050 72750
2013.12.02  19850 19700 20000 19250 91525
2013.12.03  19850 20200 20300 19850 128289
2013.12.04  20950 19900 21200 19900 360553
2013.12.05  20900 20800 21450 20800 206354
2013.12.06  21300 21050 21500 20400 218605
2013.12.09  21450 21300 21950 21100 108868
2013.12.10  21000 21200 21700 20550 102976
2013.12.11  20950 20800 21350 20600 129875
2013.12.12  20550 20900 21300 20150 108389
2013.12.13  20500 20400 20950 20000 118673
2013.12.16  20800 20650 21150 20500 98609
2013.12.17  19600 20600 20900 19600 124101
2013.12.18  20050 19550 20250 19300 133279
2013.12.19  19400 20000 20350 18900 165003
2013.12.20  20150 19450 20150 18650 250039
2013.12.23  19750 20250 20300 19450 108822
2013.12.24  19300 20000 20000 18900 221839
2013.12.26  19300 19300 19750 19100 85400
2013.12.27  20000 19550 20250 19350 275649
2013.12.30  20300 20200 20800 20050 193717
2014.01.02  20750 20400 21350 20350 283727
2014.01.03  20950 20950 21300 20550 213782
2014.01.06  21850 21150 21950 20950 334202
2014.01.07  21800 21900 22200 21600 187254
2014.01.08  22650 21950 22850 21900 343812
2014.01.09  23000 22650 23300 22550 254535
2014.01.10  22000 23200 23250 21900 380934
2014.01.13  20450 22000 22000 20450 882277
2014.01.14  20650 20400 21050 20350 340540
2014.01.15  21000 21100 21450 20850 377354
2014.01.16  20450 21150 21200 20250 307926
2014.01.17  20450 20650 20800 20400 149605
2014.01.20  19900 20450 20650 19700 196104
2014.01.21  20400 20000 20550 19800 191546
2014.01.22  20250 20400 20500 20100 125696
2014.01.23  21500 20600 21600 20600 547652
2014.01.24  22200 21450 22250 20850 464850
2014.01.27  20950 21750 21950 20950 365650
2014.01.28  21850 20850 21950 20650 370181
2014.01.29  21700 21800 22200 21600 230343
2014.02.03  20850 21500 21950 20800 224179
2014.02.04  20950 20150 21150 20050 203151
2014.02.05  21800 21100 21900 21100 234289
2014.02.06  21600 21950 21950 21500 211625
2014.02.07  22550 22000 22900 21900 312922
2014.02.10  22850 22600 23150 22250 170845
2014.02.11  22500 22600 22800 22100 113223
2014.02.12  23300 22900 23600 22800 257243
2014.02.13  23600 23600 23900 23100 198549
2014.02.14  25700 23400 26150 23350 604204
2014.02.17  25550 26150 26350 25350 282477
2014.02.18  26550 25300 27050 25300 301124
2014.02.19  28450 26500 28500 26500 358491
2014.02.20  28550 28750 29300 27900 369914
2014.02.21  28450 28350 28650 27750 227589
2014.02.24  27800 28600 29400 27800 264541
2014.02.25  28700 28200 28900 27300 236475
2014.02.26  28000 29000 29250 27850 178360
2014.02.27  28000 28000 28700 27700 197869
2014.02.28  29800 28300 30600 28150 414092
2014.03.03  29150 29550 29900 28950 163868
2014.03.04  28950 28800 29550 28700 147537
2014.03.05  29450 29350 29500 28500 176140
2014.03.06  29600 29500 30600 29100 252536
2014.03.07  31300 29650 31450 29650 381608
2014.03.10  30700 31350 31550 30600 182200
2014.03.11  30350 31300 31400 30050 147980
2014.03.12  29400 30500 30750 28950 207304
2014.03.13  31700 29500 32050 29100 318728
2014.03.14  30800 31300 31850 30500 184887
2014.03.17  27350 30250 30500 26650 985162
2014.03.18  27750 27500 28650 27050 376617
2014.03.19  27050 28700 28950 27000 207244
2014.03.20  26900 27250 28200 26600 304199
2014.03.21  28050 27500 28400 27100 178898
2014.03.24  26400 28150 28250 26250 329698
2014.03.25  26000 26800 27150 25050 345770
2014.03.26  26950 26500 26950 25750 231080
2014.03.27  25900 26500 26750 25500 298726
2014.03.28  25900 25650 26400 25500 137334
2014.03.31  25800 26250 26550 25400 159239
2014.04.01  27450 26150 27500 26100 324133
2014.04.02  28050 27650 29550 27400 483587
2014.04.03  27100 28400 29100 26900 314351
2014.04.04  26450 27000 27300 26000 221131
2014.04.07  24800 26450 26450 24450 266309
2014.04.08  25450 24600 25500 23700 288137
2014.04.09  24800 25750 26150 24500 222510
2014.04.10  24550 25250 25250 24500 117663
2014.04.11  24250 24000 24850 24000 135278
2014.04.14  24950 24250 25250 24250 113055
2014.04.15  24800 25350 25350 24600 120405
2014.04.16  25450 25050 25500 24900 123677
2014.04.17  24900 25500 25500 24750 101293
2014.04.18  25300 25050 25350 24900 74369
2014.04.21  26250 25600 26300 25300 248012
2014.04.22  26700 26350 27000 25850 237573
2014.04.23  25800 26950 27000 25700 245806
2014.04.24  27250 26200 27600 25400 481666
2014.04.25  26850 26700 27700 26250 268067
2014.04.28  26200 26700 27200 26150 131429
2014.04.29  25600 26200 26600 25500 143128
2014.04.30  25650 25950 26600 25650 131238
2014.05.02  24550 25850 25900 24300 140089
2014.05.07  22700 24550 24600 22450 468745
2014.05.08  21950 22550 22800 21350 425304
2014.05.09  21850 22200 22550 21700 221216
2014.05.12  22750 22350 22950 22200 214706
2014.05.13  22300 22750 22950 22250 198477
2014.05.14  22800 22700 22800 22200 115606
2014.05.15  22300 22900 23100 21700 218468
2014.05.16  21100 21950 22200 20450 518359
2014.05.19  18500 21000 21350 18450 781587
2014.05.20  19050 18600 19150 18150 385481
2014.05.21  19000 19200 19350 18850 218233
2014.05.22  18950 19100 19650 18900 356944
2014.05.23  18800 19150 19150 18500 239992
2014.05.26  18500 19250 19300 18400 171196
2014.05.27  18000 18350 18500 16900 623464
2014.05.28  19350 18350 19600 18300 890810
2014.05.29  20400 19600 21000 19150 796755
2014.05.30  20200 20650 20700 20000 275604
2014.06.02  18300 20300 20300 18300 445574
2014.06.03  18300 18250 18700 17100 253790
2014.06.05  17600 18050 18700 17250 212719
2014.06.09  18100 17600 18400 17400 174044
2014.06.10  18200 18100 18500 17950 153325
2014.06.11  18200 18250 18500 17950 152193
2014.06.12  18950 18300 19400 18100 346047
2014.06.13  19200 18950 19800 18900 259107
2014.06.16  19650 19900 20600 19550 601079
2014.06.17  19600 19650 19850 19200 181123
2014.06.18  19000 19750 19850 19000 171637
2014.06.19  19600 19200 19800 19200 265642
2014.06.20  19800 19700 20400 19700 409527
2014.06.23  18550 19700 19800 18500 342747
2014.06.24  18500 18450 18750 17600 348627
2014.06.25  18050 18250 18600 17900 150405
2014.06.26  18450 18350 19050 18350 223724
2014.06.27  18200 18500 18500 18000 148340
2014.06.30  19000 18300 19200 18300 291782
2014.07.01  19200 19000 19450 18850 170969
2014.07.02  19300 19400 19500 19050 184838
2014.07.03  19950 19300 20850 19300 700622
2014.07.04  19650 20100 20300 19500 198105
2014.07.07  18550 19700 19750 18500 450885
2014.07.08  18650 18450 18850 18150 283468
2014.07.09  19200 18700 19450 18400 273848
2014.07.10  18650 19200 19450 18600 201045
2014.07.11  18350 18300 18700 18200 166173
2014.07.14  18050 18550 18650 17950 251863
2014.07.15  18000 18150 18250 17800 270201
2014.07.16  17150 18050 18100 16950 356554
2014.07.17  17750 17400 17950 17150 241067
2014.07.18  18350 17850 18700 17750 398598
2014.07.21  19900 18700 20200 18700 1030996
2014.07.22  20200 19700 20200 19100 441118
2014.07.23  19100 20300 20600 19100 357374
2014.07.24  18600 18950 19250 18500 338934
2014.07.25  18000 18600 18850 18000 220274
2014.07.28  18750 17950 18900 17850 305685
2014.07.29  17300 18750 18800 17100 597921
2014.07.30  16600 17450 17550 16350 482201
2014.07.31  16750 16600 16950 15950 323302
2014.08.01  16600 16350 17300 16300 160001
2014.08.04  17550 16650 17750 16350 340042
2014.08.05  17000 17500 17550 16950 263764
2014.08.06  17350 17150 17850 17150 384815
2014.08.07  16400 17450 17450 16250 407800
2014.08.08  16400 16350 16850 16250 175074
2014.08.11  16400 16750 16750 16350 151447
2014.08.12  16550 16500 16850 16350 174343
2014.08.13  17600 16600 17600 16550 359855
2014.08.14  17600 17550 18200 17300 317932
2014.08.18  18050 17900 18600 17800 505643
2014.08.19  17100 18100 18150 16950 350528
2014.08.20  17250 17300 17600 17100 221021
2014.08.21  17100 17450 17650 17100 180550
2014.08.22  17250 17250 17650 17200 167332
2014.08.25  17550 17500 18800 17400 669514
2014.08.26  17750 17800 17950 17350 201139
2014.08.27  16950 17700 17850 16750 332641
2014.08.28  16950 17150 17300 16650 154864
2014.08.29  17150 17000 17450 16900 179799
2014.09.01  17000 17300 17450 16950 105425
2014.09.02  16700 17050 17150 16650 162169
2014.09.03  16700 16700 16850 16350 129868
2014.09.04  16600 16750 16850 16450 135554
2014.09.05  17100 16650 17400 16650 240615
2014.09.11  17200 17100 17500 17050 123242
2014.09.12  17300 17200 17400 16900 133843
2014.09.15  17250 17450 17650 17150 112981
2014.09.16  17200 17150 17650 17100 149253
2014.09.17  18300 17300 18300 17300 551637
2014.09.18  18350 18550 18950 18300 471558
2014.09.19  18600 18600 18650 18050 243817
2014.09.22  18600 18800 19350 18450 505561
2014.09.23  19250 18400 19250 18050 339901
2014.09.24  19950 19250 20450 19250 1021690
2014.09.25  19800 20350 20500 19650 412698
2014.09.26  19850 19600 20200 19450 302944
2014.09.29  19100 20250 20350 18650 550908
2014.09.30  19550 19150 19850 19150 436004
2014.10.01  20200 19550 20300 19250 554605
2014.10.02  20300 19950 20750 19650 488384
2014.10.06  20400 20450 20500 19900 245317
2014.10.07  19200 20300 20450 19150 319851
2014.10.08  18450 18800 19450 18050 444226
2014.10.10  18400 18700 18700 18150 235541
2014.10.13  17200 18150 18350 16800 375585
2014.10.14  17500 17000 17700 16900 132206
2014.10.15  17250 17600 17850 17100 145006
2014.10.16  16850 16950 17150 16550 198852
2014.10.17  17900 17250 18600 17150 468708
2014.10.20  18000 18200 18550 17600 180575
2014.10.21  17050 17900 17950 17000 297557
2014.10.22  17500 17400 17600 17150 149129
2014.10.23  17500 17750 18100 17200 247059
2014.10.24  16900 17700 17900 16900 169045
2014.10.27  16900 16900 17150 16600 136126
2014.10.28  19150 17300 19400 17100 2187313
2014.10.29  19300 19350 19650 18700 518018
2014.10.30  19150 19500 19500 18700 308679
2014.10.31  20300 19500 21150 19350 1159079
2014.11.03  19700 20500 20600 19600 396567
2014.11.04  19050 19750 19900 18700 412886
2014.11.05  18850 18800 19550 18500 282129
2014.11.06  19400 19150 19450 18750 250403
2014.11.07  19550 19300 19750 19100 161603
2014.11.10  18400 19550 19600 18400 270174
2014.11.11  18850 18350 18850 18250 158702
2014.11.12  18700 18900 19000 18500 123258
2014.11.13  19150 18800 19250 18650 134958
2014.11.14  18500 19200 19300 18500 124817
2014.11.17  17250 18600 18850 17150 321029
2014.11.18  17450 17300 17650 17050 123886
2014.11.19  17400 17750 17750 17400 110157
2014.11.20  17300 17400 17550 17150 91434
2014.11.21  17750 17450 17800 17400 95786
2014.11.24  17600 17750 17850 17300 95986
2014.11.25  18300 17650 18300 17600 178695
2014.11.26  18100 18300 19050 18050 292530
2014.11.27  19100 18300 20050 18300 855565
2014.11.28  18850 19250 19800 18850 315460
2014.12.01  19600 19150 19850 18950 422972
2014.12.02  22500 20600 22500 20500 2151667
2014.12.03  23750 24000 25450 23150 3299477
2014.12.04  25100 24300 25200 23650 2183461
2014.12.05  25200 27050 28100 24900 2336685
2014.12.08  26400 25400 26400 24350 1387671
2014.12.09  23400 25750 26000 23100 1262209
2014.12.10  23850 23600 24050 22700 1074590
2014.12.11  21550 23500 24000 21200 1456188
2014.12.12  23100 21700 23700 20750 1803533
2014.12.15  21600 22700 23500 21600 709758
2014.12.16  23150 21750 23150 21550 780585
2014.12.17  23200 22900 23750 22450 653185
2014.12.18  23650 22900 24450 21800 948266
2014.12.19  22550 23600 23900 22500 423087
2014.12.22  21050 22300 22550 21050 484610
2014.12.23  20850 21200 21750 20550 349045
2014.12.24  20700 21050 21500 20400 220844
2014.12.26  20500 20600 21050 20100 287481
2014.12.29  20900 20550 21150 20500 160122
2014.12.30  20200 20800 21100 20050 234701
2015.01.02  21450 20200 21500 20000 253833
2015.01.05  22050 21450 22100 21200 261144
2015.01.06  21550 21600 22300 21350 182588
2015.01.07  22550 21650 23750 21550 689718
2015.01.08  22600 22750 23000 22200 216701
2015.01.09  21850 22500 22550 21750 246742
2015.01.12  22350 21850 23300 21600 439440
2015.01.13  22650 22150 23500 22050 394016
2015.01.14  22400 22600 22800 22200 172742
2015.01.15  22750 22550 23100 22400 221213
2015.01.16  22400 23000 23350 22100 267806
2015.01.19  22750 22450 22750 21950 246336
2015.01.20  22450 22750 22750 21900 189984
2015.01.21  23500 22450 23500 22300 484806
2015.01.22  22550 23800 24400 22050 549550
2015.01.23  23350 22800 23400 22350 255437
2015.01.26  24850 23350 25500 23000 1205242
2015.01.27  25850 24750 26400 24500 1138120
2015.01.28  26000 26900 27800 26000 1356110
2015.01.29  24700 25550 25650 24200 660892
2015.01.30  25100 25250 25400 24200 387426
2015.02.02  25150 25550 26550 25000 598090
2015.02.03  25700 25100 25700 24050 386809
2015.02.04  24800 26000 26050 24750 326851
2015.02.05  26000 24800 26100 24800 549045
2015.02.06  26000 26300 26750 25700 373753
2015.02.09  25200 26300 26400 24400 402354
2015.02.10  26400 25100 26400 24400 398483
2015.02.11  26850 26600 27200 26000 408994
2015.02.12  26400 26850 26900 25650 399896
2015.02.13  25900 26750 26950 25800 348532
2015.02.16  23300 26200 26300 23300 617607
2015.02.17  24200 23500 24500 23500 364744
2015.02.23  24000 24150 24750 23850 178838
2015.02.24  23450 24050 24350 23300 296809
2015.02.25  24600 23700 25000 23650 349017
2015.02.26  24750 26050 26400 24650 562601
2015.02.27  28300 24800 28450 24500 1517853
2015.03.02  29200 28750 30950 28050 1596234
2015.03.03  31750 29400 31800 29300 1260154
2015.03.04  31100 33000 33750 30100 1923893
2015.03.05  31450 31750 31800 30400 1058131
2015.03.06  29600 30850 31150 28900 1351388
2015.03.09  30200 29200 31400 29150 926831
2015.03.10  29500 30600 30650 29350 394942
2015.03.11  30650 28950 30650 28750 446663
2015.03.12  30200 30500 30750 29700 438298
2015.03.13  29250 30200 30500 29100 378352
2015.03.16  30100 29300 30300 29150 436086
2015.03.17  29050 30000 30150 28950 355250
2015.03.18  28900 29300 29550 28800 251410
2015.03.19  29950 29350 30250 28900 536498
2015.03.20  32250 29550 32300 29200 924404
2015.03.23  29750 32000 32000 29750 865724
2015.03.24  28300 29500 29700 27950 527678
2015.03.25  29350 28650 29600 28600 370499
2015.03.26  28600 28700 29000 28000 296065
2015.03.27  28600 28400 28850 28200 146999
2015.03.30  27600 28600 28700 27250 323316
2015.03.31  29200 27600 30150 27600 673169
2015.04.01  28750 28900 29050 27850 311289
2015.04.02  29600 28900 30050 28300 371023
2015.04.03  30200 29800 30500 29300 476088
2015.04.06  30300 30050 30650 29800 355725
2015.04.07  29300 30350 30350 28900 311887
2015.04.08  29150 29300 29800 28550 237281
2015.04.09  30950 29150 32950 29100 1049603
2015.04.10  32200 31450 32650 30850 758299
2015.04.13  30650 32200 32200 30650 360335
2015.04.14  29200 30250 31050 29100 426079
2015.04.15  30000 29250 31000 29250 363435
2015.04.16  30100 30050 30550 28800 354296
2015.04.17  30300 30200 31750 29450 505773
2015.04.20  30500 30300 31450 29900 334529
2015.04.21  32600 30750 33800 30700 1196247
2015.04.22  31300 32900 33250 28100 722334
2015.04.23  30350 31200 31900 29100 498161
2015.04.24  29650 30650 30950 28950 416770
2015.04.27  30600 29950 30750 29750 312721
2015.04.28  30900 30250 32150 30250 424214
2015.04.29  35450 31100 35450 31000 1345941
2015.04.30  36500 34700 37450 33700 1362175
2015.05.04  36750 36750 37550 35350 614070
2015.05.06  36200 36100 37400 35250 548763
2015.05.07  35200 36200 36500 33750 776951
2015.05.08  30800 35900 37700 30550 2357422
2015.05.11  31150 31500 32700 30400 615721
2015.05.12  29000 31150 31450 28900 642931
2015.05.13  29600 29300 30250 27650 593175
2015.05.14  28900 29800 30300 28800 301184
2015.05.15  29000 28900 29550 28750 288819
2015.05.18  27500 29050 29100 27400 412953
2015.05.19  28100 27800 28500 27550 203794
2015.05.20  27300 28150 28250 27200 306853
2015.05.21  29000 27300 29550 27100 443206
2015.05.22  28450 29400 29450 28000 244325
2015.05.26  29850 28800 30050 28550 353650
2015.05.27  31000 29550 31050 28800 290698
2015.05.28  30750 31800 31800 30700 247528
2015.05.29  28850 30800 31000 28850 342494
2015.06.01  29200 28500 29600 27700 244110
2015.06.02  27850 29250 29550 27850 175865
2015.06.03  27850 27900 28950 27150 256127
2015.06.04  28550 28200 28600 27700 180295
2015.06.05  27400 28150 28700 27250 229251
2015.06.08  31500 28400 31500 28250 920038
2015.06.09  32000 31850 32550 30400 623918
2015.06.10  31850 31800 32750 30750 352344
2015.06.11  33150 32300 34000 32100 681834
2015.06.12  31450 34000 34000 30800 332782
2015.06.15  31400 31300 32600 30600 183259
2015.06.16  35950 32100 36050 32100 1092051
2015.06.17  30450 34950 35200 29650 2399474
2015.06.18  29300 31050 31200 28850 656431
2015.06.19  29850 29350 30450 28700 477004
2015.06.22  29550 29500 30400 29250 233146
2015.06.23  29700 29700 30450 29500 252644
2015.06.24  31100 30150 31800 29800 538654
2015.06.25  31650 31350 31700 29850 392121
2015.06.26  31050 31700 32650 31050 334129
2015.06.29  30800 30500 31800 29950 259322
2015.06.30  31100 30700 31200 29850 203050
2015.07.01  32450 31600 32550 31300 448435
2015.07.02  32100 32600 32850 31800 323766
2015.07.03  31200 32500 32500 31000 252723
2015.07.06  30500 30450 31200 30250 227269
2015.07.07  31700 30900 32700 29800 648343
2015.07.08  30650 31700 32250 30600 335318
2015.07.09  30750 30450 31200 29000 285326
2015.07.10  31950 30500 32200 30350 343013
2015.07.13  32300 32150 33650 32150 504054
2015.07.14  31900 32900 32900 31450 245501
2015.07.15  31550 32250 32550 31100 197698
2015.07.16  33100 31400 33250 31350 486586
2015.07.17  33150 32850 33150 32400 236765
2015.07.20  33800 33050 34900 33000 708935
2015.07.21  33850 34100 34200 32850 232388
2015.07.22  32000 33500 34100 32000 264228
2015.07.23  30700 32000 32700 30500 376764
2015.07.24  30400 30800 30850 29800 320243
2015.07.27  28900 30600 30600 28500 423171
2015.07.28  28100 28100 28600 27250 263557
2015.07.29  27400 28400 28950 27400 159245
2015.07.30  25850 27600 28000 25850 223177
2015.07.31  26900 25750 27450 25700 188458
2015.08.03  26350 26900 27250 26200 77849
2015.08.04  27000 26050 27000 25550 101070
2015.08.05  27700 26950 27900 26500 109707
2015.08.06  27600 27600 28100 27200 88589
2015.08.07  28150 27100 28750 26800 130936
2015.08.10  27800 28550 28650 27600 112795
2015.08.11  27200 28350 28350 27000 88073
2015.08.12  26500 26850 27600 25800 160244
2015.08.13  27200 26250 27350 26250 79295
2015.08.17  26800 27800 27900 26800 70233
2015.08.18  25550 26900 26900 25250 130460
2015.08.19  23550 24700 25350 23200 221710
2015.08.20  23350 22800 24750 22800 200497
2015.08.21  21700 21400 22450 21400 217987
2015.08.24  20350 21500 22700 20350 256520
2015.08.25  22000 20900 22450 20450 170588
2015.08.26  23000 22150 23250 22000 173974
2015.08.27  22950 23150 23600 22400 128746
2015.08.28  23200 23650 23700 23150 79001
2015.08.31  23200 23300 23450 22950 60073
2015.09.01  22500 23150 23600 22100 84515
2015.09.02  22000 22000 22550 21400 103115
2015.09.03  22550 22800 22900 22400 70600
2015.09.04  22150 22750 22800 21700 75103
2015.09.07  21400 21800 22100 21150 79219
2015.09.08  21000 21300 21900 20500 71793
2015.09.09  21900 21350 21950 21350 55208
2015.09.10  22100 21550 22100 21500 61952
2015.09.11  23000 22100 23400 21800 93130
2015.09.14  22350 23000 23250 22050 51221
2015.09.15  22550 22200 22600 22100 28312
2015.09.16  23050 22600 23300 22600 52798
2015.09.17  22950 23400 23500 22800 39878
2015.09.18  23350 22800 23450 22650 60735
2015.09.21  23200 23500 24000 22500 68585
2015.09.22  23000 23250 23450 22950 38993
2015.09.23  21900 22750 22950 21900 88892
2015.09.24  22350 22150 22550 22000 41922
2015.09.25  22800 22600 23000 22200 43422
2015.09.30  24000 22800 24250 22400 165093
2015.10.01  24200 24000 24500 23900 72025
2015.10.02  24250 24200 24300 23550 72190
2015.10.05  24050 24400 24700 23950 79281
2015.10.06  24500 24100 24550 24000 64256
2015.10.07  24400 24600 25000 24100 50935
2015.10.08  23600 24250 24700 23250 98530
2015.10.12  23300 23600 23600 22800 133113
2015.10.13  23400 23200 23800 23200 54482
2015.10.14  24150 23400 24250 23200 83806
2015.10.15  25700 24250 25900 24000 204861
2015.10.16  27050 26100 27050 25600 338319
2015.10.19  28150 29100 29900 27550 797916
2015.10.20  27600 27600 28350 27000 214646
2015.10.21  27400 28000 28400 27150 247864
2015.10.22  26650 26800 27150 26250 102240
2015.10.23  26700 26900 27700 26550 85996
2015.10.26  27850 26750 28050 26400 214382
2015.10.27  27800 28400 28950 27250 288844
2015.10.28  27450 28000 28050 27400 324203
2015.10.29  27650 27950 28250 27500 76738
2015.10.30  28000 27600 28400 27500 81573
2015.11.02  27500 28300 28300 26750 110780
2015.11.03  26700 27200 27700 26650 96325
2015.11.04  27750 26850 28000 26650 112430
2015.11.05  27300 27600 28000 27300 45615
2015.11.06  26750 27300 27450 25900 129687
2015.11.09  25950 26700 26900 25500 128170
2015.11.10  27000 25900 27700 25050 133986
2015.11.11  27900 26600 28100 26600 179889
2015.11.12  28150 28000 28500 27850 1309889
2015.11.13  28200 28350 28500 27850 93713
2015.11.16  28200 27400 28700 27400 118081
2015.11.17  27900 28500 28700 27450 165942
2015.11.18  29300 28100 29750 27600 447354
2015.11.19  29250 29450 29600 29150 124504
2015.11.20  30100 29500 30600 29200 242156
2015.11.23  30650 30450 31200 30050 171218
2015.11.24  30900 30850 31050 30150 104251
2015.11.25  30250 30800 30900 30250 86331
2015.11.26  30250 30200 31150 29400 125806
2015.11.27  30200 30450 31050 30000 70739
2015.11.30  29650 29950 30150 29300 123055
2015.12.01  29800 29650 30300 29450 91109
2015.12.02  29200 30200 30200 28650 146875
2015.12.03  29650 29200 29700 28900 117499
2015.12.04  29400 29500 29800 29250 87456
2015.12.07  29450 29800 30200 29450 102758
2015.12.08  29500 29350 29800 28750 99672
2015.12.09  29200 29700 30250 29050 87344
2015.12.10  28800 28950 29500 28750 83877
2015.12.11  28550 29000 29350 28450 70996
2015.12.14  27800 28100 28250 27450 144372
2015.12.15  28850 27600 29100 27600 62128
2015.12.16  29100 28900 29300 28750 49233
2015.12.17  29400 29250 29750 29000 43199
2015.12.18  29750 28800 30350 28800 675917
2015.12.21  29250 30100 30300 29250 71285
2015.12.22  28600 29200 29200 27900 148267
2015.12.23  27850 28900 29000 27700 96283
2015.12.24  27850 28350 28700 27700 123387
2015.12.28  27900 28200 28600 27450 303755
2015.12.29  29300 27950 29350 27950 230465
2015.12.30  29300 29200 30000 29050 93217
2016.01.04  28800 29200 29700 28800 61872
2016.01.05  28950 28400 29000 28100 60508
2016.01.06  28300 28950 29050 27850 105006
2016.01.07  28250 27950 28550 27800 62058
2016.01.08  27200 27900 27900 27200 106354
2016.01.11  29200 27600 29550 27450 174751
2016.01.12  31350 29650 32200 29650 518880
2016.01.13  31800 31450 32100 31050 188512
2016.01.14  31000 31450 31450 30350 181174
2016.01.15  29700 31200 31400 29500 229935
2016.01.18  30450 29850 30650 29100 120433
2016.01.19  30700 30450 30850 29500 136993
2016.01.20  30000 30700 30700 29450 100445
2016.01.21  30300 29650 30400 29550 86758
2016.01.22  31200 30600 32000 30150 229018
2016.01.25  31250 31350 31650 30700 131484
2016.01.26  32150 31250 32300 30800 256403
2016.01.27  31100 32350 32350 30850 168146
2016.01.28  31500 31100 31700 30500 123538
2016.01.29  31500 31600 31850 30800 106816
2016.02.01  31300 32000 32400 31200 148876
2016.02.02  31000 31400 31800 30900 103190
2016.02.03  31300 31000 31300 30500 131956
2016.02.04  30600 31350 31350 30600 120100
2016.02.05  31000 30400 31000 30050 73471
2016.02.11  29400 29800 30000 29000 120153
2016.02.12  28000 29100 29750 27550 163603
2016.02.15  29400 27800 29400 27400 115994
2016.02.16  29350 29650 29750 29050 52339
2016.02.17  30100 29200 30200 28900 98677
2016.02.18  29750 30450 30600 29750 83442
2016.02.19  30800 29650 31500 29500 309347
2016.02.22  31200 31950 32150 30900 299647
2016.02.23  31700 31900 32400 31200 320866
2016.02.24  31550 32100 32650 31550 279459
2016.02.25  32500 31900 33300 31650 475544
2016.02.26  32900 32350 33000 32200 195746
2016.02.29  33000 33300 33350 32750 168323
2016.03.02  32700 33450 33500 32600 148841
2016.03.03  31400 32500 32500 30800 332505
2016.03.04  32000 31200 32150 30950 156270
2016.03.07  31600 32150 32200 31350 123277
2016.03.08  31500 31550 32150 31250 113566
2016.03.09  30450 31600 31800 30200 223417
2016.03.10  31200 30700 31350 30500 150135
2016.03.11  30800 31200 31300 30750 74740
2016.03.14  30850 30900 31350 30550 80709
2016.03.15  30200 30700 30950 30200 132595
2016.03.16  31750 30700 33150 30600 485494
2016.03.17  31900 32300 32400 31450 119414
2016.03.18  31500 32350 32550 31450 90618
2016.03.21  31000 31350 31600 30800 94773
2016.03.22  32350 30900 32500 30900 192153
2016.03.23  32150 32500 32750 31850 108296
2016.03.24  32350 32000 33150 31950 304099
2016.03.25  31500 32400 32600 31500 176242
2016.03.28  31150 31350 31500 30800 185593
2016.03.29  31300 31150 31500 30800 141528
2016.03.30  30900 31450 31750 30850 120022
2016.03.31  30100 31000 31100 30100 156758
2016.04.01  30250 30150 30700 29750 82875
2016.04.04  30700 30300 30750 30100 68583
2016.04.05  30300 30800 30800 30150 79163
2016.04.06  30500 30300 30650 30050 94650
2016.04.07  29950 30500 30500 29900 107807
2016.04.08  30250 30000 30450 29700 73623
2016.04.11  30600 30350 30950 29750 90591
2016.04.12  30400 30450 31050 30100 81327
2016.04.14  30150 30400 30550 30050 69746
2016.04.15  29600 30100 30150 29550 115331
2016.04.18  30250 29300 30250 29300 68789
2016.04.19  29950 30200 30200 29750 59091
2016.04.20  29900 30000 30200 29700 51135
2016.04.21  30850 29950 30900 29550 177919
2016.04.22  30750 30950 31300 30600 91235
2016.04.25  30500 30750 30800 30450 45723
2016.04.26  29950 30350 30800 29950 83711
2016.04.27  30100 30050 30500 29700 57910
2016.04.28  29800 30050 30200 29800 70350
2016.04.29  29600 29800 30100 29600 47929
2016.05.02  28050 29450 29750 27900 171188
2016.05.03  29000 28250 29200 27650 94076
2016.05.04  28850 28850 29450 28450 67306
2016.05.09  28100 29000 29000 28000 89192
2016.05.10  28550 28350 28900 28200 51830
2016.05.11  28650 28500 29300 28400 55574
2016.05.12  28250 28450 28800 28000 62353
2016.05.13  28750 28250 28750 28150 40812
2016.05.16  28500 29000 29100 28450 49748
2016.05.17  28200 28300 28750 27900 65677
2016.05.18  26900 27800 28100 26850 103885
2016.05.19  26300 26700 27150 25650 112768
2016.05.20  27600 26100 27650 26100 79344
2016.05.23  28100 27700 28150 27200 44375
2016.05.24  27500 28050 28050 27500 46126
2016.05.25  27900 27800 28050 27150 49944
2016.05.26  28450 28000 28800 27800 85493
2016.05.27  28300 28950 29200 28150 117702
2016.05.30  28100 28450 28750 27600 62102
2016.05.31  28350 28100 28650 27800 57275
2016.06.01  28250 28050 28600 28050 30097
2016.06.02  29250 28400 29300 28250 103836
2016.06.03  29050 29000 29250 28800 57588
2016.06.07  29600 29150 29900 29150 93165
2016.06.08  29600 29350 29600 29200 75505
2016.06.09  29950 29750 30450 29600 139789
2016.06.10  30000 30150 30250 29700 70923
2016.06.13  29600 29650 29750 29000 80617
2016.06.14  29050 29400 29500 29000 49266
2016.06.15  29350 29050 29600 29000 51430
2016.06.16  28050 29450 29500 28050 81098
2016.06.17  28550 28150 28900 28150 64563
2016.06.20  28950 28800 29300 28600 55580
2016.06.21  29600 29200 29700 28800 59727
2016.06.22  29300 29700 29800 29200 41053
2016.06.23  29400 29300 29600 28550 66140
2016.06.24  27700 29450 29550 27150 163544
2016.06.27  27200 26400 27750 26400 101514
2016.06.28  27500 27200 27850 26800 62916
2016.06.29  28150 27650 28200 27650 47518
2016.06.30  28300 28400 28450 27900 46901
2016.07.01  29150 28300 29200 28200 87512
2016.07.04  29100 29400 29500 29100 68996
2016.07.05  29300 29200 29550 29100 60810
2016.07.06  29100 29100 29450 28700 68033
2016.07.07  29500 29300 29500 29100 55643
2016.07.08  29650 29300 29750 29100 61694
2016.07.11  29900 30000 30000 29600 92031
2016.07.12  31150 30300 31500 30200 349050
2016.07.13  30850 31800 33700 30650 1010382
2016.07.14  31700 31500 32100 30500 388289
2016.07.15  31800 32250 33050 31700 289143
2016.07.18  32950 32300 32950 32150 260741
2016.07.19  32400 33150 33150 32150 160500
2016.07.20  31450 32450 32700 31150 211865
2016.07.21  32400 31400 32500 31300 180249
2016.07.22  31950 32200 32800 31950 98812
2016.07.25  32000 32250 32600 31750 76605
2016.07.26  31450 31950 32450 31400 71562
2016.07.27  32300 31700 32300 31650 141198
2016.07.28  31950 32450 32600 31900 77722
2016.07.29  31450 31750 32000 31400 69758
2016.08.01  30900 31800 31850 30900 110226
2016.08.02  32200 31250 32250 30500 104039
2016.08.03  31800 32000 32550 31500 109788
2016.08.04  31550 32000 32250 31550 62961
2016.08.05  30200 31350 31700 30200 141509
2016.08.08  30450 30200 30550 30100 55861
2016.08.09  30150 30400 30500 29400 130014
2016.08.10  30850 30250 30850 30100 58194
2016.08.11  30300 30650 31400 30200 43901
2016.08.12  30600 31050 31400 30500 87401
2016.08.16  30800 30500 31400 30150 80509
2016.08.17  29750 30550 30900 29750 85969
2016.08.18  29250 29300 29900 28750 112423
2016.08.19  29150 29350 29650 29100 40897
2016.08.22  28550 29150 29250 28550 56158
2016.08.23  28350 28550 28850 28300 62268
2016.08.24  28300 28250 28600 27900 84350
2016.08.25  28150 28050 28750 27400 51728
2016.08.26  30050 28550 30500 28550 134984
2016.08.29  28850 29750 30050 28800 82535
2016.08.30  29050 28850 29550 28800 68307
2016.08.31  30350 29100 30500 28850 126149
2016.09.01  30000 30300 30300 29250 97287
2016.09.02  28900 30000 30000 28800 119655
2016.09.05  29450 29000 29650 28600 59021
2016.09.06  29150 29550 29600 28950 46933
2016.09.07  28950 29150 29550 28950 42486
2016.09.08  27500 28600 28600 27350 160946
2016.09.09  27600 27600 27900 27000 88226
2016.09.12  26400 27000 27000 25100 148933
2016.09.13  26500 26400 27050 26100 74204
2016.09.19  26550 26300 26900 26300 46251
2016.09.20  26600 26350 26800 26000 45825
2016.09.21  26950 27100 27200 26600 44109
2016.09.22  26800 27400 27400 26650 47140
2016.09.23  26350 26800 26800 26300 39301
2016.09.26  25850 26450 26450 25700 72037
2016.09.27  26000 25450 26000 25100 115108
2016.09.28  26150 26000 26150 25800 39428
2016.09.29  26200 26250 26250 25850 37738
2016.09.30  25800 25950 26150 25500 51215
2016.10.04  25800 25550 25950 25300 43064
2016.10.05  25500 25500 25800 25300 25842
2016.10.06  17900 25500 25650 17900 97266
2016.10.07  23250 23250 23250 23250 56240
2016.10.10  23600 23350 24450 23000 312895
2016.10.11  23400 23850 24000 23300 59197
2016.10.12  23550 23400 23900 23350 31880
2016.10.13  22850 23350 24050 22600 79947
2016.10.14  22750 22650 23300 22550 51846
2016.10.17  22200 22600 22950 21900 52879
2016.10.18  20500 22200 22300 20300 138047
2016.10.19  21000 20500 21500 20500 53447
2016.10.20  21150 21400 21750 20700 49724
2016.10.21  21100 20900 21450 20800 36899
2016.10.24  20800 21300 21300 20750 33743
2016.10.25  20050 20700 20900 19600 107690
2016.10.26  20650 20050 20850 19800 66999
2016.10.27  20950 20850 21150 20600 29413
2016.10.28  20350 20800 21000 20200 31147
2016.10.31  20350 20500 20700 20150 34713
2016.11.01  20700 19850 21000 19850 31630
2016.11.02  20800 20750 20900 20150 69044
2016.11.03  20650 20800 20850 20400 33557
2016.11.04  20250 20800 20800 20050 31218
2016.11.07  22500 20300 22700 20300 144510
2016.11.08  22200 22950 22950 21600 86962
2016.11.09  20800 22150 22200 20050 141819
2016.11.10  21300 21250 21400 20750 83314
2016.11.11  22400 21100 23450 20900 106842
2016.11.14  22200 22150 22550 22000 26274
2016.11.15  22100 22400 22450 21800 27577
2016.11.16  22150 22100 22350 21650 32620
2016.11.17  22150 22150 22200 21700 28463
2016.11.18  22000 22200 22200 21750 15875
2016.11.21  22000 21850 22450 21800 36442
2016.11.22  22300 21900 22400 21900 27069
2016.11.23  21900 22150 22400 21800 26010
2016.11.24  21200 21750 22050 21100 25838
2016.11.25  21700 21150 21800 21150 14782
2016.11.28  21400 21500 21800 21050 24352
2016.11.29  21200 21200 21600 20850 17934
2016.11.30  20500 21050 21050 20500 23976
2016.12.01  20300 20500 20750 20100 37414
2016.12.02  19700 20200 20200 19500 66415
2016.12.05  18500 19700 19950 18150 98655
2016.12.06  18300 18500 18850 18150 49540
2016.12.07  18400 18300 18650 18150 30029
2016.12.08  18250 18550 18950 18250 35485
2016.12.09  19100 18200 19100 18200 29384
2016.12.12  19500 19100 19550 19050 27363
2016.12.13  19950 19600 19950 19200 27055
2016.12.14  19900 20000 20400 19750 27984
2016.12.15  20000 19900 20250 19700 15740
2016.12.16  20000 20000 20200 19700 14974
2016.12.19  20150 20450 20450 19900 20720
2016.12.20  19800 20150 20200 19800 13962
2016.12.21  19800 19800 20000 19450 19491
2016.12.22  19200 19800 20000 19150 21944
2016.12.23  18650 18950 19350 18550 35171
2016.12.26  18400 18750 18950 18200 28550
2016.12.27  19400 18350 19400 18200 48572
2016.12.28  19500 19500 19500 18900 15316
2016.12.29  20500 19500 20550 19450 49751
2017.01.02  26650 20750 26650 20750 610292
2017.01.03  26700 26700 27250 25900 370786
2017.01.04  26950 26600 27350 26250 229973
2017.01.05  26400 26600 26850 25550 218733
2017.01.06  26500 28600 29250 26200 586676
2017.01.09  26400 27000 27050 26000 169354
2017.01.10  25000 26200 26200 24900 275702
2017.01.11  25050 25000 25350 24700 102797
2017.01.12  24000 25150 25200 23850 146459
2017.01.13  24000 24150 24500 23400 155152
2017.01.16  22650 23400 23500 22650 288384
2017.01.17  22050 22650 23150 21900 148431
2017.01.18  22250 22300 22650 21950 91565
2017.01.19  21800 22350 22600 21800 110057
2017.01.20  20700 21700 22200 20600 196233
2017.01.23  20950 20750 21350 20650 95357
2017.01.24  20400 21300 21900 20400 174520
2017.01.25  20400 20500 21000 20300 60302
2017.01.26  20350 20750 20850 20150 49897
2017.01.31  19750 20600 20750 19750 74840
2017.02.01  20350 19850 20400 19750 66007
2017.02.02  19750 20350 20450 19750 62175
2017.02.03  19600 19800 20100 19300 62562
2017.02.06  19700 19100 20000 18350 123117
2017.02.07  19750 19900 20200 19600 39725
2017.02.08  19750 19700 19850 19300 31652
2017.02.09  20500 19950 20700 19750 99776
2017.02.10  20100 20350 20450 20050 52258
2017.02.13  21800 20150 21950 20150 303653
2017.02.14  21300 21700 21800 21050 106762
2017.02.15  20550 21450 22600 20550 295859
2017.02.16  20700 20600 21000 20550 42137
2017.02.17  20700 20700 21100 20350 53293
2017.02.20  21250 20900 21450 20800 58772
2017.02.21  21050 21300 21300 20850 57920
2017.02.22  21300 21350 21650 20950 83901
2017.02.23  20800 21350 21400 20800 61713
2017.02.24  20650 20750 21050 20650 40445
2017.02.27  20200 20650 20750 20150 47045
2017.02.28  20000 20000 20350 19800 37209
2017.03.02  19600 19950 20100 19600 41822
2017.03.03  20000 19250 20700 19250 69116
2017.03.06  20000 20000 20250 19750 19620
2017.03.07  19600 19700 19900 19200 69389
2017.03.08  19400 19650 19800 19300 37382
2017.03.09  19750 19700 20000 19500 38037
2017.03.10  19950 19900 19950 19350 23804
2017.03.13  20350 20100 20600 19950 37902
2017.03.14  19900 20050 20300 19850 32192
2017.03.15  19600 20050 20050 19600 27130
2017.03.16  19750 19950 20100 19700 17746
2017.03.17  19700 19750 19900 19500 24839
2017.03.20  19450 19700 19800 19200 32729
2017.03.21  19500 19550 19650 19450 19040
2017.03.22  19500 19500 19900 19200 33681
2017.03.23  19000 19500 19800 18850 70944
2017.03.24  18800 19100 19100 18650 48425
2017.03.27  19050 18800 19200 18800 28152
2017.03.28  19200 19050 19350 19050 19299
2017.03.29  19000 19300 19350 19000 30917
2017.03.30  18900 19000 19250 18800 27534
2017.03.31  20250 19150 20550 19100 125008
2017.04.03  20400 20400 20400 19950 48394
2017.04.04  20450 20500 20650 20150 43410
2017.04.05  20750 20600 20850 20400 56030
2017.04.06  20550 20750 20800 20200 28611
2017.04.07  20950 20700 21350 20350 68502
2017.04.10  20850 20950 21150 20350 37183
2017.04.11  20400 20600 21050 20100 35208
2017.04.12  20700 20600 20700 20200 25215
2017.04.13  20800 20500 21350 20500 39247
2017.04.14  20450 20600 21050 20300 27450
2017.04.17  20800 20600 20950 20300 29177
2017.04.18  21000 20800 21050 20650 31203
2017.04.19  22050 20800 22200 20800 193555
2017.04.20  22050 21800 22150 21500 69449
2017.04.21  23550 22500 23950 22200 294912
2017.04.24  23200 23500 23750 22950 82910
2017.04.25  23700 23300 24000 23300 107136
2017.04.26  23150 23700 23950 23100 69450
2017.04.27  23100 23150 23500 22900 63645
2017.04.28  23100 23100 23500 22950 43635
2017.05.02  22150 23050 23200 21800 88120
2017.05.04  23350 21900 23350 21900 51484
2017.05.08  23350 23700 23700 23150 44621
2017.05.10  23000 23800 23800 22850 45045
2017.05.11  23650 23600 23650 23150 57081
2017.05.12  21850 23650 23700 21800 154713
2017.05.15  21150 22000 22100 20750 98401
2017.05.16  20900 21100 21550 20850 68951
2017.05.17  21650 20950 21900 20900 54663
2017.05.18  21350 21000 21600 21000 33996
2017.05.19  20350 21350 21400 20350 111354
2017.05.22  20400 20600 20750 20000 51618
2017.05.23  20050 20400 20650 20000 70961
2017.05.24  19800 20050 20350 19800 56710
2017.05.25  19250 20000 20100 18800 163474
2017.05.26  19300 19250 19650 18950 104780
2017.05.29  18500 19300 19450 18350 132762
2017.05.30  18650 18700 19100 18550 90069
2017.05.31  18500 18850 18850 18500 115495
2017.06.01  18750 18700 18950 18500 47063
2017.06.02  18750 18850 18900 18650 41544
2017.06.05  18750 19000 19000 18500 92781
2017.06.07  18700 18700 18950 18650 64732
2017.06.08  18500 18850 18950 18300 109805
2017.06.09  18600 18600 18650 18300 41797
2017.06.12  18150 18650 18700 18050 74379
2017.06.13  18200 18200 18400 18150 36694
2017.06.14  18550 18250 18600 18200 45524
2017.06.15  18150 18550 18600 18100 57351
2017.06.16  17800 18100 18200 17750 73547
2017.06.19  17900 18000 18400 17800 80352
2017.06.20  17400 17950 18100 17050 104097
2017.06.21  16600 17300 17300 16500 92385
2017.06.22  16900 17000 17900 16850 111403
2017.06.23  17350 17100 17400 16950 38321
2017.06.26  17100 17400 17500 17050 39158
2017.06.27  17100 17300 17300 16850 33078
2017.06.28  16900 17000 17300 16850 33501
2017.06.29  16700 17050 17050 16600 41007
2017.06.30  16850 16900 17100 16700 19870
2017.07.03  16750 16750 17050 16450 40798
2017.07.04  16500 16650 16800 16500 26662
2017.07.05  16150 16750 16750 15950 130791
2017.07.06  16850 16450 17200 16250 109118
2017.07.07  16950 16900 17100 16600 52486
2017.07.10  16350 16950 17150 16300 33104
2017.07.11  16050 16300 16500 16000 46722
2017.07.12  16150 16300 16300 16000 22886
2017.07.13  16150 16400 16550 16100 22453
2017.07.14  15350 16250 16300 15300 84800
2017.07.17  15050 15600 15600 14800 78374
2017.07.18  14800 15100 15300 14650 61206
2017.07.19  15150 14900 15300 14800 39383
2017.07.20  15350 15250 15400 15000 46307
2017.07.21  15400 15550 15550 15150 29524
2017.07.24  15100 15700 15700 15050 28344
2017.07.25  15400 15400 15400 15000 33137
2017.07.26  15400 15600 15600 15200 22579
2017.07.27  15150 15400 15500 15150 34382
2017.07.28  14650 15200 15200 14550 68080
2017.07.31  14050 14900 14900 13900 64502
2017.08.01  14200 14100 14400 13950 27748
2017.08.02  14300 14400 14600 14150 22295
2017.08.03  13950 14500 14500 13850 40645
2017.08.04  13500 14100 14100 13350 70550
2017.08.07  13950 13550 14150 13550 33579
2017.08.08  14150 14150 14750 14050 71859
2017.08.09  14100 14300 14300 14000 23926
2017.08.10  13900 14350 14350 13700 24271
2017.08.11  13400 13800 13800 13400 44196
2017.08.21  13150 12950 13400 12850 29943
2017.08.22  13200 13150 13300 13000 16293
2017.08.23  13150 13300 13300 12800 48717
2017.08.24  13150 13150 13300 13050 16352
2017.08.25  13250 13250 13350 13050 20431
2017.08.28  13200 13150 13350 13100 17737
2017.08.29  12950 13150 13200 12800 37343
2017.08.30  12800 13050 13100 12800 17066
2017.08.31  12950 12800 13000 12600 34381
2017.09.01  13800 12950 14100 12850 106707
