2010.08.04  10750 12600 12600 10750 435737
2010.08.05  9500 9460 10400 9270 3702864
2010.08.06  9100 9600 9910 8970 1093816
2010.08.09  9000 9160 9330 8900 624293
2010.08.10  9010 9050 9270 8910 632838
2010.08.11  8400 8940 9010 8400 526051
2010.08.12  7750 8220 8220 7690 337153
2010.08.13  8910 8000 8910 7950 1043792
2010.08.16  8800 9060 9140 8560 829435
2010.08.17  8630 8900 8930 8620 287746
2010.08.18  8330 8690 8790 8330 499165
2010.08.19  8180 8350 8530 8170 214321
2010.08.20  8120 8130 8380 8100 113757
2010.08.23  8280 8110 8950 8110 346198
2010.08.24  8170 8310 8400 8170 129559
2010.08.25  8000 8230 8250 7980 139056
2010.08.26  8050 8160 8290 7990 101168
2010.08.27  7920 7970 8090 7920 70136
2010.08.30  8040 8000 8090 7920 57212
2010.08.31  7900 7950 8000 7860 61815
2010.09.01  7900 7900 8050 7870 59962
2010.09.02  7890 8040 8040 7890 56104
2010.09.03  7970 7900 7970 7880 55153
2010.09.06  7980 7970 8030 7930 59774
2010.09.07  7900 8030 8050 7900 66234
2010.09.08  7750 7900 7900 7750 84234
2010.09.09  7730 7750 7800 7700 53448
2010.09.10  7710 7790 7840 7710 59223
2010.09.13  7680 7860 7860 7600 57809
2010.09.14  7680 7610 7850 7600 125533
2010.09.15  7680 7670 7710 7590 83961
2010.09.16  7650 7730 7830 7640 60542
2010.09.17  7610 7560 7710 7560 68216
2010.09.20  7640 7650 7670 7570 48704
2010.09.24  7700 7620 7770 7620 49774
2010.09.27  7710 7720 7740 7670 63219
2010.09.28  7650 7700 7740 7590 66055
2010.09.29  7580 7640 7650 7550 95647
2010.09.30  7610 7640 7930 7590 275919
2010.10.01  7660 7700 7740 7630 46845
2010.10.04  7730 7710 7820 7650 72498
2010.10.05  7920 7750 8100 7670 245048
2010.10.06  8000 8000 8270 7930 188630
2010.10.07  8030 8060 8060 7910 107200
2010.10.08  8030 8060 8130 7990 77057
2010.10.11  8300 8100 8300 8050 146129
2010.10.12  8730 8390 8860 8300 306090
2010.10.13  8530 8700 8700 8410 154691
2010.10.14  8520 8600 8600 8310 140448
2010.10.15  8400 8550 8580 8320 79414
2010.10.18  8690 8580 8750 8450 132230
2010.10.19  8500 8780 8780 8500 72251
2010.10.20  8400 8360 8550 8350 68325
2010.10.21  8500 8450 8510 8370 49590
2010.10.22  8320 8450 8540 8260 48115
2010.10.25  8500 8330 8560 8210 62259
2010.10.26  8500 8600 8620 8420 60948
2010.10.27  8760 8640 8880 8510 123663
2010.10.28  8680 8760 8790 8660 42527
2010.10.29  8630 8750 8770 8520 56917
2010.11.01  8720 8730 8770 8600 71757
2010.11.02  9010 8730 9420 8700 296103
2010.11.03  8980 9150 9150 8820 93224
2010.11.04  9000 8950 9150 8890 65224
2010.11.05  8810 9030 9150 8810 98854
2010.11.08  8400 8820 8870 8380 114111
2010.11.09  7900 8400 8400 7880 201189
2010.11.10  8100 7930 8140 7800 63918
2010.11.11  7810 8140 8140 7750 162777
2010.11.12  7760 7950 7950 7630 89029
2010.11.15  7770 7650 7970 7650 72314
2010.11.16  7810 7650 7860 7650 40665
2010.11.17  7750 7610 7880 7610 32818
2010.11.18  7830 7820 7840 7700 23639
2010.11.19  7830 7830 7850 7720 21625
2010.11.22  7800 7740 7870 7740 37975
2010.11.23  7700 7800 7860 7680 54367
2010.11.24  7440 7350 7500 6550 67612
2010.11.25  7450 7490 7550 7420 19194
2010.11.26  7260 7400 7480 7260 36731
2010.11.29  7220 7260 7280 7060 29366
2010.11.30  7400 7210 7400 7170 18103
2010.12.01  7390 7400 7540 7360 8334
2010.12.02  7350 7450 7450 7310 27786
2010.12.03  7350 7400 7400 7330 10399
2010.12.06  7340 7370 7380 7310 20103
2010.12.07  7310 7300 7370 7300 14311
2010.12.08  7300 7410 7410 7290 12809
2010.12.09  7330 7320 7440 7290 9855
2010.12.10  7340 7470 7470 7340 23382
2010.12.13  7370 7360 7420 7230 30000
2010.12.14  7400 7400 7420 7350 12824
2010.12.15  7500 7440 7710 7360 32036
2010.12.16  7660 7610 7730 7500 15260
2010.12.17  7520 7540 7680 7450 31096
2010.12.20  7300 7490 7500 7140 35864
2010.12.21  7380 7290 7470 7250 9304
2010.12.22  7440 7550 7550 7300 22609
2010.12.23  7440 7410 7480 7340 15777
2010.12.24  7360 7440 7850 7300 30870
2010.12.27  7380 7460 7460 7300 19188
2010.12.28  7350 7380 7390 7280 17107
2010.12.29  7340 7350 7370 7300 5249
2010.12.30  7410 7460 7460 7370 4566
2011.01.03  7500 7410 7560 7410 14834
2011.01.04  7550 7590 7590 7500 26726
2011.01.05  7530 7560 7560 7450 5524
2011.01.06  7450 7580 7580 7380 16632
2011.01.07  7550 7490 7680 7350 32379
2011.01.10  7540 7450 7620 7450 14808
2011.01.11  7490 7500 7600 7410 10817
2011.01.12  7440 7530 7530 7400 23798
2011.01.13  7500 7460 7560 7400 12087
2011.01.14  7450 7500 7550 7420 12730
2011.01.17  7450 7450 7550 7410 20459
2011.01.18  7450 7520 7520 7400 16717
2011.01.19  7390 7500 7500 7360 15635
2011.01.20  7390 7420 7480 7280 21650
2011.01.21  7360 7400 7400 7300 18546
2011.01.24  7360 7370 7450 7300 11154
2011.01.25  7350 7410 7410 7340 16171
2011.01.26  7300 7300 7410 7300 14820
2011.01.27  7500 7390 7540 7250 27478
2011.01.28  7550 7530 7630 7430 15425
2011.01.31  7320 7540 7540 7310 10128
2011.02.01  7240 7440 7440 7190 13122
2011.02.07  7300 7210 7370 7210 19104
2011.02.08  7190 7250 7340 7150 16202
2011.02.09  7100 7290 7290 7090 13987
2011.02.10  7100 7160 7160 6970 17012
2011.02.11  7040 6950 7070 6920 39454
2011.02.14  6800 7040 7050 6790 32313
2011.02.15  6680 6980 6980 6610 29217
2011.02.16  6760 6780 6780 6650 12306
2011.02.17  6600 6790 6810 6590 12461
2011.02.18  6530 6550 6790 6510 16911
2011.02.21  6530 6530 6660 6400 30399
2011.02.22  6470 6400 6580 6380 10416
2011.02.23  6370 6330 6540 6320 11682
2011.02.24  6150 6240 6420 6150 35267
2011.02.25  6250 6150 6410 6070 19011
2011.02.28  6120 6250 6300 6080 5021
2011.03.02  6100 5950 6170 5950 18566
2011.03.03  5930 5820 6000 5820 25354
2011.03.04  6190 5930 6240 5890 57141
2011.03.07  5970 6110 6250 5940 29570
2011.03.08  6000 5970 6010 5900 17957
2011.03.09  6290 6010 6320 6000 142552
2011.03.10  6170 6290 6390 6090 32640
2011.03.11  6210 6110 6260 6090 23986
2011.03.14  6070 6090 6210 5810 66640
2011.03.15  5970 6100 6100 5830 87043
2011.03.16  6240 6040 6260 5940 51492
2011.03.17  6340 6150 6350 5990 46513
2011.03.18  6340 6340 6380 6240 34265
2011.03.21  6740 6390 6770 6350 49569
2011.03.22  6740 6680 6890 6550 55200
2011.03.23  6930 6730 6970 6680 32815
2011.03.24  6850 6930 7100 6850 65120
2011.03.25  6990 6870 7010 6860 41505
2011.03.28  7070 7050 7130 7010 33662
2011.03.29  7040 7120 7120 6930 46911
2011.03.30  6880 7060 7060 6860 15418
2011.03.31  6650 6920 6920 6540 23355
2011.04.01  6610 6690 6690 6580 10896
2011.04.04  6640 6690 6690 6570 13337
2011.04.05  6560 6700 6700 6560 9378
2011.04.06  6740 6560 6780 6500 26433
2011.04.07  6850 6750 6880 6670 10241
2011.04.08  6780 6790 6890 6770 18941
2011.04.11  6810 6900 6900 6750 9339
2011.04.12  6830 6810 6900 6800 5636
2011.04.13  6850 6900 6900 6500 18214
2011.04.14  6750 6850 6900 6710 21690
2011.04.15  7020 6800 7050 6800 48957
2011.04.18  7400 7110 7440 7090 70794
2011.04.19  7430 7400 7560 7290 73011
2011.04.20  7500 7490 7540 7420 38804
2011.04.21  7400 7550 7580 7310 24837
2011.04.22  7310 7480 7500 7270 32734
2011.04.25  7470 7350 7530 7130 46472
2011.04.26  7480 7470 7520 7400 15606
2011.04.27  7400 7500 7500 7300 17561
2011.04.28  7270 7400 7400 7150 15431
2011.04.29  7250 7100 7350 7100 9419
2011.05.02  7420 7250 7430 7140 25115
2011.05.03  7360 7520 7520 7300 15343
2011.05.04  7510 7500 8080 7500 129919
2011.05.06  7200 7510 7510 7180 33712
2011.05.09  7120 7490 7490 7110 8628
2011.05.11  7050 7140 7160 7050 9996
2011.05.12  6990 7010 7150 6870 6979
2011.05.13  6960 7000 7160 6950 6054
2011.05.16  7250 7000 7250 6910 46789
2011.05.17  7210 7250 7250 7090 470
2011.05.18  7180 7210 7290 7100 819
2011.05.19  7190 7300 7340 7030 11011
2011.05.20  6950 7250 7250 6930 4256
2011.05.23  6890 6920 6920 6690 10885
2011.05.24  6890 6980 6980 6850 1347
2011.05.25  6800 6960 6960 6760 2659
2011.05.26  6680 6950 6950 6510 11299
2011.05.27  6730 6680 6900 6680 11776
2011.05.30  6700 6700 6900 6650 9796
2011.05.31  6960 6710 6960 6500 13091
2011.06.01  6950 7090 7090 6730 1936
2011.06.02  6650 6940 6940 6610 6281
2011.06.03  6790 6650 6890 6650 15210
2011.06.07  6750 6750 6900 6750 1733
2011.06.08  6830 6850 6850 6700 7051
2011.06.09  6840 6850 6860 6690 7237
2011.06.10  6710 6840 6900 6700 3078
2011.06.13  6730 6650 6750 6640 2555
2011.06.14  6720 6520 6840 6520 1858
2011.06.15  6740 6700 6850 6530 1741
2011.06.16  6840 6600 6840 6560 8475
2011.06.17  6600 6840 6840 6600 4877
2011.06.20  6610 6620 6810 6600 10481
2011.06.21  6680 6840 6840 6600 2739
2011.06.22  6820 6700 6840 6680 1958
2011.06.23  6850 6900 6900 6600 4799
2011.06.24  7000 6850 7070 6770 11546
2011.06.27  6990 7040 7040 6770 7079
2011.06.28  6990 7020 7100 6980 12463
2011.06.29  6920 6950 7070 6920 538
2011.06.30  6880 6940 7040 6880 959
2011.07.01  7000 7100 7100 6900 7282
2011.07.04  7000 7050 7080 6800 7818
2011.07.05  7060 7100 7100 6950 18204
2011.07.06  7060 7100 7100 6990 301
2011.07.07  7140 7060 7150 7000 20069
2011.07.08  7000 7000 7150 7000 627
2011.07.11  7070 6010 7200 6010 12680
2011.07.12  7000 7000 7090 6830 6743
2011.07.13  6900 6800 7080 6800 9459
2011.07.14  6920 6950 7050 6900 12961
2011.07.15  6940 7000 7080 6910 4517
2011.07.18  7100 7000 7100 7000 20854
2011.07.19  7110 7150 7180 7050 10181
2011.07.20  7130 7110 7160 7000 37949
2011.07.21  7150 7130 7180 7120 13513
2011.07.22  7220 7130 7220 7130 18344
2011.07.25  7250 7440 7440 7090 12447
2011.07.26  7200 7120 7250 7050 707
2011.07.27  7180 7200 7250 7060 10082
2011.07.28  7170 7000 7170 7000 13506
2011.07.29  7160 7170 7180 7010 9089
2011.08.01  7200 7160 7290 7120 33163
2011.08.02  7210 7010 7250 7010 16509
2011.08.03  7200 7000 7240 7000 8751
2011.08.04  7190 7250 7250 7100 17325
2011.08.05  6520 6430 7050 6400 31187
2011.08.08  6470 6510 6990 6320 30608
2011.08.09  6120 6260 6310 6000 16331
2011.08.10  6380 6230 6500 6230 9211
2011.08.11  6900 6580 7090 6300 34325
2011.08.12  6650 7090 7100 6650 18678
2011.08.16  6870 6760 7140 6760 7771
2011.08.17  6870 6990 6990 6730 3882
2011.08.18  7900 6930 7900 6800 256808
2011.08.19  6800 7900 8540 6800 579260
2011.08.22  6700 7100 7200 6520 166846
2011.08.23  6670 6870 6970 6500 61083
2011.08.24  6920 6840 7200 6670 121018
2011.08.25  7100 7170 7850 6990 527678
2011.08.26  7150 7270 7270 7020 77312
2011.08.29  7190 7150 7260 7070 96024
2011.08.30  7010 7380 7380 6870 99337
2011.08.31  7300 7200 7470 7130 167464
2011.09.01  7620 7700 8190 7410 406109
2011.09.02  7600 7690 7900 7330 154064
2011.09.05  7420 7550 7750 7160 121954
2011.09.06  6850 7400 7400 6850 108000
2011.09.07  6950 7000 7050 6770 54011
2011.09.08  6850 6980 7070 6830 32209
2011.09.09  6700 6810 6980 6700 37510
2011.09.14  6300 6430 6670 6300 81880
2011.09.15  6200 6400 6500 6200 19054
2011.09.16  6410 6400 6450 6250 19708
2011.09.19  6500 6390 6810 6200 25518
2011.09.20  6420 6530 6530 6210 20615
2011.09.21  6500 6530 6630 6350 24729
2011.09.22  6250 6380 6400 6200 43580
2011.09.23  6250 6050 6390 5970 33444
2011.09.26  6000 6430 6730 5960 62870
2011.09.27  6150 6010 6200 6010 14755
2011.09.28  6110 6490 6490 6110 15226
2011.09.29  6190 5950 6190 5940 30538
2011.09.30  6300 6240 6330 6040 23126
2011.10.04  6140 6200 6450 6100 10973
2011.10.05  5950 6140 6200 5920 24695
2011.10.06  6030 6100 6110 6000 12240
2011.10.07  6100 6100 6250 6080 7440
2011.10.10  6230 6120 6290 6120 6624
2011.10.11  6430 6310 6550 6250 23804
2011.10.12  6460 6480 6490 6310 8637
2011.10.13  6240 6450 6490 6240 16619
2011.10.14  6370 6170 6400 6170 9012
2011.10.17  6540 6400 6600 6400 21307
2011.10.18  6840 6460 6950 6450 173277
2011.10.19  6850 6780 6940 6750 28041
2011.10.20  6650 6930 6930 6470 66473
2011.10.21  6600 6650 6660 6370 31245
2011.10.24  7040 6740 7060 6520 117134
2011.10.25  6920 7000 7040 6800 29047
2011.10.26  6880 7000 7000 6740 26250
2011.10.27  7020 6930 7070 6850 45406
2011.10.28  7020 7020 7120 6930 28180
2011.10.31  6830 7110 7200 6600 54600
2011.11.01  6800 6830 6850 6560 18343
2011.11.02  6730 6560 6750 6500 27565
2011.11.03  6460 6750 6750 6460 57374
2011.11.04  6620 6630 6650 6480 17379
2011.11.07  6640 6730 6790 6530 8476
2011.11.08  6580 6560 6670 6450 42379
2011.11.09  6680 6640 6950 6480 58844
2011.11.10  6400 6680 6680 6380 41108
2011.11.11  6400 6450 6550 6400 18211
2011.11.14  6430 6430 6500 6400 21357
2011.11.15  6430 6580 6580 6380 20583
2011.11.16  6410 6430 6600 6400 17063
2011.11.17  6560 6380 6630 6380 79216
2011.11.18  6500 6530 6530 6390 18393
2011.11.21  6370 6420 6480 6360 6133
2011.11.22  6370 6350 6400 6290 21422
2011.11.23  6290 6380 6480 6290 10747
2011.11.24  6380 6330 6410 6250 5874
2011.11.25  6380 6440 6440 6280 7695
2011.11.28  6350 6490 6490 6220 4574
2011.11.29  6390 6420 6450 6330 7618
2011.11.30  6380 6390 6430 6280 3173
2011.12.01  6520 6360 6530 6270 88982
2011.12.02  6620 6360 6660 6360 16152
2011.12.05  6800 6770 7200 6550 236633
2011.12.06  6900 6960 6960 6700 63977
2011.12.07  6920 6950 7040 6860 89447
2011.12.08  6800 6900 7010 6710 35875
2011.12.09  6890 6800 6910 6560 33579
2011.12.12  7240 6960 7370 6900 54103
2011.12.13  7250 7250 7280 7010 33076
2011.12.14  7230 7150 7340 7150 33483
2011.12.15  7020 7280 7280 6900 22597
2011.12.16  6930 7020 7200 6850 14267
2011.12.19  6500 6910 7020 6070 62445
2011.12.20  6540 6630 6640 6400 10850
2011.12.21  6950 6750 6960 6550 19590
2011.12.22  7040 7000 7050 6910 21187
2011.12.23  7070 7040 7150 6910 46388
2011.12.26  7000 7100 7100 6900 14194
2011.12.27  6870 7080 7280 6750 111886
2011.12.28  6990 6810 7040 6810 3385
2011.12.29  7180 6980 7200 6800 15494
2012.01.02  6940 7180 7180 6940 18773
2012.01.03  7000 7050 7090 6900 13893
2012.01.04  7120 6910 7210 6860 29954
2012.01.05  7100 7190 7190 7000 18527
2012.01.06  7040 7160 7160 6960 14168
2012.01.09  6880 7040 7090 6880 9629
2012.01.10  6920 6950 7010 6880 13758
2012.01.11  6970 6910 7040 6900 17243
2012.01.12  6890 6970 6990 6850 15795
2012.01.13  6950 6930 7000 6810 7870
2012.01.16  6880 6950 6990 6750 7990
2012.01.17  6850 6800 6930 6800 8046
2012.01.18  6830 6820 6880 6730 13683
2012.01.19  6770 6810 6830 6770 9441
2012.01.20  6760 6800 6810 6740 20217
2012.01.25  6670 6800 6810 6670 62277
2012.01.26  6840 6750 6840 6680 5768
2012.01.27  6780 6850 6940 6700 14793
2012.01.30  6780 6890 6890 6700 11242
2012.01.31  6750 6890 6890 6690 19636
2012.02.01  6700 6870 6870 6690 14775
2012.02.02  6860 6800 6860 6700 20501
2012.02.03  6920 6860 6950 6800 8127
2012.02.06  6900 6970 6980 6790 23506
2012.02.07  6880 6850 6900 6690 20626
2012.02.08  6800 6990 6990 6750 14485
2012.02.09  6840 6930 6930 6710 19702
2012.02.10  6770 6980 6980 6760 12756
2012.02.13  6800 6790 6800 6680 31988
2012.02.14  6710 6800 6830 6700 19079
2012.02.15  6710 6700 6770 6680 31130
2012.02.16  6690 6770 6770 6670 14161
2012.02.17  6660 6680 6800 6650 20997
2012.02.20  6660 6770 6900 6650 14728
2012.02.21  6730 6770 6770 6650 22820
2012.02.22  6730 6700 6750 6670 4780
2012.02.23  6730 6680 6800 6680 9624
2012.02.24  6730 6730 6800 6680 13986
2012.02.27  6740 6730 6810 6700 11611
2012.02.28  6820 6710 6860 6710 22427
2012.02.29  6830 6820 6940 6810 7959
2012.03.02  6850 6910 6910 6800 6206
2012.03.05  6830 6850 6940 6700 10871
2012.03.06  6760 6710 6900 6700 16781
2012.03.07  6690 6710 6760 6680 7171
2012.03.08  6840 6880 6880 6640 43993
2012.03.09  6700 6890 6890 6700 24048
2012.03.12  6740 6850 6850 6710 10898
2012.03.13  6780 6720 6810 6720 9043
2012.03.14  6750 6850 6850 6710 7417
2012.03.15  6680 6830 6830 6630 11065
2012.03.16  6520 6620 6730 6500 28316
2012.03.19  6520 6540 6560 6490 52638
2012.03.20  6520 6520 6630 6400 17754
2012.03.21  6460 6520 6590 6400 7473
2012.03.22  6320 6400 6490 6320 11756
2012.03.23  6240 6320 6430 6070 21958
2012.03.26  6150 6210 6240 6100 15305
2012.03.27  6310 6150 6310 6100 2733
2012.03.28  6150 6410 6410 6100 13550
2012.03.29  6150 6160 6230 6120 13729
2012.03.30  6150 6150 6260 6070 4990
2012.04.02  6140 6160 6290 6120 4086
2012.04.03  6200 6350 6350 6140 7401
2012.04.04  6140 6250 6250 6130 10956
2012.04.05  6150 6290 6290 6060 5685
2012.04.06  6120 6050 6200 6050 5357
2012.04.09  6070 6100 6180 6000 5868
2012.04.10  6080 6070 6130 6030 5643
2012.04.12  6020 6060 6100 5990 6027
2012.04.13  6000 6090 6090 5980 11082
2012.04.16  6000 6020 6080 5950 3011
2012.04.17  5920 6000 6120 5920 17331
2012.04.18  5920 5920 6000 5850 11268
2012.04.19  5880 5930 6030 5810 11823
2012.04.20  5750 5850 5880 5750 6304
2012.04.23  5760 5710 5820 5660 10852
2012.04.24  5650 5760 5790 5500 5870
2012.04.25  6100 5700 6200 5600 17925
2012.04.26  5810 6100 6100 5810 5552
2012.04.27  5850 5810 5880 5700 6512
2012.04.30  5800 6050 6100 5780 3708
2012.05.02  5990 5830 6140 5800 15754
2012.05.03  6060 6000 6100 5900 5851
2012.05.04  6100 6100 6170 5950 8111
2012.05.07  5920 6080 6080 5900 5984
2012.05.08  6050 6010 6080 5920 8512
2012.05.09  6100 6040 6100 5980 2244
2012.05.10  6060 6000 6100 6000 4113
2012.05.11  6100 6090 6260 6030 14546
2012.05.14  6050 6050 6170 6000 4304
2012.05.15  6000 6120 6120 5860 7176
2012.05.16  6000 6000 6000 5880 4163
2012.05.17  6000 6080 6080 5860 2678
2012.05.18  5930 5850 6040 5810 3439
2012.05.21  6000 6000 6000 5750 4722
2012.05.22  6000 6020 6100 5850 2182
2012.05.23  6040 6050 6080 5920 6490
2012.05.24  6050 6040 6050 5960 1204
2012.05.25  6050 6080 6090 5800 2253
2012.05.29  6060 6090 6090 5940 13386
2012.05.30  6050 6080 6090 6000 3631
2012.05.31  6100 6040 6100 6000 8729
2012.06.01  6050 6120 6120 6000 270
2012.06.04  5840 6000 6000 5710 3156
2012.06.05  5900 5840 5920 5840 1313
2012.06.07  6000 5900 6070 5810 1901
2012.06.08  5900 6020 6020 5790 2872
2012.06.11  5890 5990 5990 5850 1992
2012.06.12  5880 5870 5980 5730 5018
2012.06.13  5800 5880 5970 5800 2453
2012.06.14  5960 5800 5970 5800 124
2012.06.15  5940 5980 5980 5850 2762
2012.06.18  6000 5980 6010 5770 7741
2012.06.19  6040 6040 6060 5970 2232
2012.06.20  6070 6000 6070 5950 2947
2012.06.21  6040 5860 6070 5860 1199
2012.06.22  5990 5900 6070 5900 2323
2012.06.25  5980 6050 6050 5800 2191
2012.06.26  6000 6000 6010 5830 6280
2012.06.27  6020 6020 6020 5870 5126
2012.06.28  6030 6020 6050 5930 2103
2012.06.29  6330 6010 6500 5970 18193
2012.07.02  6280 6390 6390 6130 9639
2012.07.03  6270 6140 6300 6140 8544
2012.07.04  6350 6280 6350 6150 4668
2012.07.05  6340 6180 6340 6180 4300
2012.07.06  6310 6250 6340 6250 1226
2012.07.09  6220 6310 6340 6200 2887
2012.07.10  6290 6220 6290 6100 3223
2012.07.11  6260 6290 6290 6140 1326
2012.07.12  6270 6280 6400 6270 1413
2012.07.13  6330 6390 6390 6160 1705
2012.07.16  6350 6390 6390 6200 255
2012.07.17  6340 6350 6350 6220 1009
2012.07.18  6330 6340 6380 6250 1535
2012.07.19  6300 6360 6360 6210 754
2012.07.20  6310 6220 6320 6220 1329
2012.07.23  6290 6350 6350 6120 374
2012.07.24  6230 6200 6230 5890 5598
2012.07.25  5970 6190 6370 5550 10774
2012.07.26  6070 5730 6240 5730 2593
2012.07.27  6040 6100 6100 5950 3672
2012.07.30  6100 6030 6200 6010 3037
2012.07.31  6110 6180 6190 6000 3912
2012.08.01  6120 5950 6130 5910 3355
2012.08.02  6160 6120 6170 6010 3304
2012.08.03  6090 6170 6170 5960 1058
2012.08.06  6130 6160 6170 6000 3618
2012.08.07  6000 6000 6300 5950 7911
2012.08.08  6180 6320 6320 6000 1631
2012.08.09  6100 6270 6270 6010 1295
2012.08.10  5980 6100 6180 5980 2441
2012.08.13  6090 6100 6110 5980 3371
2012.08.14  6100 5990 6100 5980 3150
2012.08.16  6140 6100 6190 6010 1979
2012.08.17  6170 6180 6180 6000 3987
2012.08.20  6050 6020 6160 5960 5921
2012.08.21  6060 5950 6120 5950 3335
2012.08.22  6090 6120 6120 6000 205
2012.08.23  6080 6010 6300 5990 5377
2012.08.24  6110 6140 6140 6020 4494
2012.08.27  6090 6050 6120 5950 4742
2012.08.28  6150 6080 6190 6020 15608
2012.08.29  6160 6240 6240 6080 2370
2012.08.30  6150 6190 6190 5920 18368
2012.08.31  6340 6100 6390 6100 12974
2012.09.03  6320 6390 6450 6230 7104
2012.09.04  6370 6390 6400 6270 3338
2012.09.05  6150 6370 6370 6090 8390
2012.09.06  6190 6110 6190 6110 1506
2012.09.07  6300 6270 6310 6190 5486
2012.09.10  6300 6340 6340 6200 2154
2012.09.11  6140 6230 6280 6140 4472
2012.09.12  6240 6280 6290 6110 2600
2012.09.13  6210 6140 6290 6120 2550
2012.09.14  6200 6330 6330 6120 20639
2012.09.17  6210 6200 6300 6130 8608
2012.09.18  6160 6180 6280 6150 9523
2012.09.19  6190 6160 6200 6130 4966
2012.09.20  6290 6370 6370 6140 12044
2012.09.21  6360 6290 6370 6160 12423
2012.09.24  6450 6360 6480 6300 14683
2012.09.25  6430 6460 6470 6350 2604
2012.09.26  6470 6450 6520 6400 10156
2012.09.27  6300 6380 6500 6300 5237
2012.09.28  6380 6460 6460 6310 3247
2012.10.02  6320 6440 6440 6290 3649
2012.10.04  6260 6380 6380 6250 6409
2012.10.05  6300 6340 6350 6300 10113
2012.10.08  6190 6220 6300 6150 8301
2012.10.09  6390 6240 6400 6190 6064
2012.10.10  6370 6390 6390 6320 1628
2012.10.11  6260 6370 6370 6260 4338
2012.10.12  6350 6120 6450 6120 9229
2012.10.15  6330 6210 6430 6210 9174
2012.10.16  6600 6240 7000 6160 89634
2012.10.17  6600 7030 7340 6480 228260
2012.10.18  6480 6680 6690 6380 48575
2012.10.19  6510 6710 6790 6460 39204
2012.10.22  6450 6590 6600 6390 23890
2012.10.23  6450 6450 6620 6400 24338
2012.10.24  6470 6410 6490 6270 16244
2012.10.25  6350 6470 6570 6350 11705
2012.10.26  6250 6450 6450 6220 9755
2012.10.29  6100 6330 6330 6060 29653
2012.10.30  6060 6030 6200 6030 8385
2012.10.31  6050 6060 6190 6050 15592
2012.11.01  6040 6120 6120 5960 11714
2012.11.02  5920 6160 6160 5900 13090
2012.11.05  6110 5950 6140 5860 10029
2012.11.06  6000 6100 6100 5990 5611
2012.11.07  6100 6130 6260 5990 108170
2012.11.08  6360 6100 6480 6100 188592
2012.11.09  6250 6400 6430 6200 6094
2012.11.12  6250 6240 6340 6110 5085
2012.11.13  6130 6120 6300 6120 5496
2012.11.14  6140 6190 6190 6040 4964
2012.11.15  5960 6140 6180 5960 4639
2012.11.16  6080 5970 6500 5900 10352
2012.11.19  6120 6060 6180 6000 3110
2012.11.20  6100 6170 6170 6000 12745
2012.11.21  5940 6150 6150 5940 9676
2012.11.22  5970 6060 6100 5900 8799
2012.11.23  5990 5970 6000 5800 8385
2012.11.26  6020 6150 6150 5820 9021
2012.11.27  6000 5850 6100 5850 21501
2012.11.28  6250 6050 6450 5970 25306
2012.11.29  6210 6350 6350 6000 5449
2012.11.30  6180 6210 6240 6090 904
2012.12.03  6150 6370 6370 6000 2408
2012.12.04  6030 6270 6270 6010 2895
2012.12.05  6030 6060 6240 6000 9376
2012.12.06  5910 6020 6110 5910 8520
2012.12.07  6050 5920 6100 5910 3699
2012.12.10  5970 6000 6000 5860 11236
2012.12.11  6030 6030 6060 5930 889
2012.12.12  5980 6040 6040 5900 4720
2012.12.13  5990 6100 6100 5880 3435
2012.12.14  5990 5990 6050 5930 735
2012.12.17  5930 5970 6020 5840 4773
2012.12.18  5890 5920 6000 5760 9928
2012.12.20  5950 5990 6000 5840 948
2012.12.21  5860 6000 6000 5750 5941
2012.12.24  5940 5720 5950 5720 7156
2012.12.26  5920 5990 5990 5810 5333
2012.12.27  5930 5980 5980 5790 1518
2012.12.28  5920 5970 5970 5830 1993
2013.01.02  5920 6030 6030 5900 7568
2013.01.03  5840 5890 5970 5810 6447
2013.01.04  5890 5850 5940 5850 2086
2013.01.07  5980 6020 6020 5850 12922
2013.01.08  6060 5900 6140 5900 7712
2013.01.09  6040 6050 6060 5930 3355
2013.01.10  6040 6040 6070 5990 4619
2013.01.11  6030 5950 6080 5930 3097
2013.01.14  5940 6100 6100 5940 14427
2013.01.15  5980 5950 6030 5930 8034
2013.01.16  5980 6110 6110 5900 6868
2013.01.17  5960 5980 6000 5870 1277
2013.01.18  5960 5920 6090 5920 4099
2013.01.21  5950 5960 5990 5900 1733
2013.01.22  5930 6080 6080 5780 3601
2013.01.23  5930 5930 6000 5900 6489
2013.01.24  5940 5950 5960 5870 3249
2013.01.25  5950 6000 6000 5900 1379
2013.01.28  5930 5950 5950 5880 3608
2013.01.29  6000 6040 6040 5920 4976
2013.01.30  6000 6080 6080 5940 2267
2013.01.31  5950 5940 6040 5910 5246
2013.02.01  5950 6000 6000 5910 249
2013.02.04  5920 5920 5980 5850 816
2013.02.05  5820 5870 5970 5800 4500
2013.02.06  5850 5970 5980 5720 5412
2013.02.07  5830 5820 5920 5690 7758
2013.02.08  5830 5780 5880 5780 3447
2013.02.12  5830 6090 6090 5750 4188
2013.02.13  5840 5990 5990 5770 395
2013.02.14  5800 5960 5960 5770 8068
2013.02.15  5800 5900 5900 5800 9360
2013.02.18  5840 5890 5950 5820 3001
2013.02.19  5890 5950 6100 5840 5707
2013.02.20  6090 5850 6220 5850 52810
2013.02.21  6030 6090 6160 6000 16185
2013.02.22  6080 5970 6150 5960 9874
2013.02.25  6050 6080 6120 6050 2819
2013.02.26  6140 6200 6200 6050 11097
2013.02.27  6060 6130 6130 6060 3469
2013.02.28  6020 6140 6140 5980 11543
2013.03.04  5990 6020 6090 5950 8003
2013.03.05  5970 6140 6140 5960 4959
2013.03.06  6030 5990 6030 5950 3550
2013.03.07  6040 6030 6140 6000 16859
2013.03.08  6260 6070 6300 6060 24043
2013.03.11  6290 6230 6290 6100 10175
2013.03.12  6260 6280 6290 6210 5960
2013.03.13  6360 6770 6770 6310 9053
2013.03.14  6370 6410 6420 6330 5725
2013.03.15  6330 6420 6420 6310 9289
2013.03.18  6330 6330 6520 6300 15104
2013.03.19  6340 6330 6420 6300 7001
2013.03.20  7170 6330 7170 6230 122429
2013.03.21  6820 7250 8200 6820 991112
2013.03.22  6440 6730 6880 6340 255432
2013.03.25  6320 6440 6490 6200 73278
2013.03.26  6720 6350 7160 6350 488944
2013.03.27  6650 6800 6800 6480 74551
2013.03.28  6680 6660 6960 6650 88445
2013.03.29  6610 6740 6920 6490 70790
2013.04.01  6590 6830 6830 6500 69666
2013.04.02  6590 6680 6730 6490 39869
2013.04.03  6410 6600 6640 6410 32251
2013.04.04  6410 6410 6550 6240 41389
2013.04.05  6340 6410 6410 6300 37617
2013.04.08  6260 6270 6410 6260 16871
2013.04.09  6280 6470 6520 6220 26650
2013.04.10  6340 6250 6440 6250 19847
2013.04.11  6480 6340 6640 6340 29831
2013.04.12  6430 6600 6600 6400 17625
2013.04.15  6650 6810 6810 6500 29835
2013.04.16  6660 6560 6780 6500 40230
2013.04.17  6890 6690 7220 6650 99771
2013.04.18  7770 6970 7920 6890 540894
2013.04.19  8040 7610 8480 7610 389160
2013.04.22  8350 8100 8500 7810 174615
2013.04.23  8650 8440 8850 8310 200454
2013.04.24  9240 8790 9770 8620 232509
2013.04.25  9110 9380 9420 8970 134480
2013.04.26  9210 9110 9500 8900 81189
2013.04.29  8850 9120 9460 8850 54294
2013.04.30  9120 8910 9350 8610 126178
2013.05.02  9050 9170 9200 8920 57692
2013.05.03  9200 9190 9220 9050 33933
2013.05.06  9010 9240 9250 9000 47647
2013.05.07  9200 8960 9260 8960 46025
2013.05.08  9900 9270 10300 9210 438461
2013.05.09  9700 9980 10200 9700 101790
2013.05.10  9380 9940 9940 9360 104273
2013.05.13  9780 9360 9780 9110 90172
2013.05.14  9400 9610 9780 8610 96447
2013.05.15  9060 9270 9650 8990 81954
2013.05.16  8700 9000 9500 8690 166396
2013.05.20  8460 8700 8770 8420 86499
2013.05.21  8820 8430 8920 8430 136873
2013.05.22  8820 8970 8970 8710 34007
2013.05.23  8600 8870 9050 8310 110546
2013.05.24  8630 8590 8750 8500 19832
2013.05.27  8910 8640 8910 8640 51942
2013.05.28  8920 8880 8950 8760 45420
2013.05.29  8770 9000 9000 8700 38330
2013.05.30  8830 8700 8980 8660 29930
2013.05.31  8690 8830 8920 8400 29517
2013.06.03  8370 8830 8830 8300 29029
2013.06.04  8160 8200 8430 7650 60184
2013.06.05  7120 8000 8010 7120 81411
2013.06.07  7260 7140 7460 7140 63878
2013.06.10  7320 7210 7680 7210 45368
2013.06.11  7430 7330 7460 7330 9474
2013.06.12  7660 7430 7880 7430 18438
2013.06.13  7740 7700 7780 7490 13249
2013.06.14  7530 7740 7790 7500 16082
2013.06.17  7460 7760 7760 7260 16232
2013.06.18  7300 7250 7590 7200 37925
2013.06.19  7330 7310 7530 7270 25964
2013.06.20  7210 7330 7490 7100 32743
2013.06.21  7200 7100 7200 6950 28104
2013.06.24  7180 7250 7360 7100 19240
2013.06.25  6950 7020 7690 6910 93634
2013.06.26  7120 7200 7320 6970 27524
2013.06.27  7550 7300 7640 7220 28495
2013.06.28  7450 7690 7690 7440 6452
2013.07.01  7390 7450 7490 7070 6444
2013.07.02  7390 7290 7530 7200 20326
2013.07.03  7310 7390 7580 7310 9906
2013.07.04  7660 7500 7690 7310 36410
2013.07.05  7820 8000 8290 7700 269870
2013.07.08  7700 7940 8020 7650 51230
2013.07.09  8080 7980 8100 7710 81005
2013.07.10  7820 8040 8250 7820 67981
2013.07.11  8200 7980 8200 7820 62686
2013.07.12  8020 8190 8200 7950 82120
2013.07.15  8150 8050 8200 7890 46914
2013.07.16  8360 8270 8390 8130 63611
2013.07.17  8340 8310 8620 8310 112412
2013.07.18  8090 8490 8490 8060 48221
2013.07.19  7980 8190 8350 7960 58730
2013.07.22  8470 8030 8470 8000 76066
2013.07.23  8470 8510 8510 8310 50332
2013.07.24  8350 8530 8550 8280 38142
2013.07.25  8380 8440 8490 8340 35488
2013.07.26  8190 8400 8400 8140 54857
2013.07.29  8010 8250 8250 7970 51723
2013.07.30  8070 7930 8130 7910 25851
2013.07.31  8190 8110 8190 7950 30584
2013.08.01  8050 8070 8180 8010 19365
2013.08.02  8060 8170 8170 7910 35028
2013.08.05  7860 8110 8110 7800 51166
2013.08.06  7880 7840 7900 7830 17708
2013.08.07  7830 7880 7910 7750 32324
2013.08.08  7790 7820 7930 7750 33310
2013.08.09  7780 7880 7880 7600 38980
2013.08.12  7750 7780 7810 7660 20002
2013.08.13  7950 7780 8050 7630 66377
2013.08.14  8280 7980 8390 7910 98717
2013.08.16  8280 8310 8370 8200 43801
2013.08.19  8290 8250 8320 8100 37429
2013.08.20  7950 8250 8250 7950 38322
2013.08.21  7790 8000 8010 7570 82307
2013.08.22  7600 7750 7760 7500 42443
2013.08.23  7850 7570 7870 7570 25811
2013.08.26  7900 7850 7950 7600 26748
2013.08.27  7670 7900 7900 7500 22791
2013.08.28  7450 7590 7590 7350 44963
2013.08.29  7450 7480 7550 7350 24402
2013.08.30  7380 7480 7480 7290 17794
2013.09.02  7290 7380 7380 7230 36759
2013.09.03  7480 7320 7540 7240 46012
2013.09.04  7790 7490 7790 7320 43307
2013.09.05  7830 7710 8060 7710 50343
2013.09.06  7830 7870 7980 7770 23190
2013.09.09  7750 7620 7880 7620 16876
2013.09.10  7560 7780 7780 7560 33043
2013.09.11  7560 7560 7670 7450 34453
2013.09.12  7570 7500 7660 7500 9705
2013.09.13  7390 7570 7590 7350 82027
2013.09.16  7330 7350 7450 7300 21010
2013.09.17  7350 7350 7410 7290 18269
2013.09.23  7270 7280 7390 7250 23086
2013.09.24  7290 7230 7310 7180 20343
2013.09.25  7220 7290 7380 7160 42517
2013.09.26  7230 7150 7330 7150 14648
2013.09.27  7280 7200 7410 7170 34731
2013.09.30  7320 7300 7320 7210 19937
2013.10.01  7280 7380 7400 7200 25656
2013.10.02  7270 7250 7350 7250 11309
2013.10.04  7290 7260 7320 7170 17984
2013.10.07  7300 7230 7490 7230 11262
2013.10.08  7290 7300 7300 7200 9096
2013.10.10  7220 7290 7320 7220 10471
2013.10.11  7240 7250 7330 7220 8681
2013.10.14  7200 7240 7320 7170 10858
2013.10.15  7420 7290 7420 7240 22462
2013.10.16  7380 7450 7450 7270 7081
2013.10.17  7240 7380 7380 7160 22678
2013.10.18  7220 7240 7260 7170 9122
2013.10.21  7210 7220 7270 7180 13384
2013.10.22  7180 7170 7250 7130 21099
2013.10.23  6800 7180 7180 6800 60547
2013.10.24  6840 6830 6900 6770 28463
2013.10.25  6950 6890 6960 6810 21499
2013.10.28  6900 6810 7030 6810 11770
2013.10.29  6960 7010 7010 6880 7060
2013.10.30  7010 6850 7010 6850 7056
2013.10.31  7030 7040 7050 6910 5087
2013.11.01  7060 6960 7080 6910 11443
2013.11.04  7070 7090 7090 6920 19966
2013.11.05  6970 7140 7140 6930 13519
2013.11.06  6970 7040 7040 6900 10426
2013.11.07  6960 6970 7040 6900 8633
2013.11.08  6930 6800 6930 6800 9353
2013.11.11  6550 6900 6900 6300 46615
2013.11.12  6540 6550 6550 6490 16613
2013.11.13  6530 6540 6540 6410 11818
2013.11.14  6500 6480 6530 6400 12125
2013.11.15  6450 6500 6560 6430 8136
2013.11.18  6370 6320 6430 6300 18778
2013.11.19  6400 6370 6400 6230 5891
2013.11.20  6400 6400 6470 6250 10311
2013.11.21  6300 6400 6400 6200 13149
2013.11.22  6280 6450 6450 6200 5636
2013.11.25  6280 6280 6360 6200 9439
2013.11.26  6400 6260 6440 6200 28539
2013.11.27  6430 6400 6430 6240 4756
2013.11.28  6400 6450 6450 6310 10204
2013.11.29  6340 6400 6400 6320 5761
2013.12.02  6260 6340 6370 6170 13896
2013.12.03  6390 6220 6400 6200 12770
2013.12.04  6350 6390 6390 6230 7654
2013.12.05  6250 6310 6390 6220 2958
2013.12.06  6300 6250 6350 6210 7063
2013.12.09  6430 6300 6440 6300 5062
2013.12.10  6410 6450 6450 6200 5828
2013.12.11  6290 6440 6440 6270 10956
2013.12.12  6210 6290 6300 6170 12105
2013.12.13  6140 6210 6210 5950 8171
2013.12.16  6120 6140 6140 6020 4669
2013.12.17  5870 6080 6080 5830 14837
2013.12.18  5750 5660 5870 5650 23529
2013.12.19  5720 5750 5850 5720 11789
2013.12.20  5950 5720 5950 5690 8765
2013.12.23  5970 6000 6010 5780 4414
2013.12.24  5990 5950 6100 5950 5909
2013.12.26  6030 5950 6100 5760 45098
2013.12.27  6360 6030 6380 5980 11352
2013.12.30  6510 6320 6540 6290 13481
2014.01.02  6330 6350 6500 6240 15419
2014.01.03  6250 6330 6380 6250 13935
2014.01.06  6360 6250 6360 6230 6556
2014.01.07  6340 6360 6360 6280 2538
2014.01.08  6240 6340 6440 6240 16763
2014.01.09  6420 6240 6450 6240 5670
2014.01.10  6520 6440 6530 6370 2712
2014.01.13  6590 6500 6660 6400 5883
2014.01.14  6500 6590 6590 6460 3216
2014.01.15  6500 6790 6790 6460 4096
2014.01.16  6550 6510 6570 6410 7047
2014.01.17  6560 6520 6580 6430 1697
2014.01.20  6660 6750 6840 6580 22294
2014.01.21  6640 6730 6930 6640 29491
2014.01.22  6700 6750 6800 6650 20907
2014.01.23  6660 6680 6700 6590 7316
2014.01.24  6560 6690 6690 6450 9360
2014.01.27  6380 6500 6500 6170 7283
2014.01.28  6450 6300 6450 6180 12724
2014.01.29  6610 6450 6610 6300 39962
2014.02.03  6590 6660 6660 6420 5352
2014.02.04  6400 6580 6580 6400 6558
2014.02.05  6450 6450 6490 6400 4657
2014.02.06  6370 6380 6450 6360 5358
2014.02.07  6370 6420 6440 6300 8590
2014.02.10  6370 6370 6400 6280 8151
2014.02.11  6340 6290 6410 6240 53488
2014.02.12  6350 6340 6350 6180 15318
2014.02.13  6350 6340 6360 6250 10407
2014.02.14  6260 6300 6380 6260 9190
2014.02.17  6440 6260 6440 6250 10708
2014.02.18  6480 6440 6500 6410 2388
2014.02.19  6420 6260 6450 6260 11321
2014.02.20  6490 6460 6530 6400 3830
2014.02.21  6500 6450 6520 6450 2469
2014.02.24  6490 6560 6560 6480 4275
2014.02.25  6560 6260 6560 6260 17953
2014.02.26  6570 6500 6610 6460 15099
2014.02.27  6550 6570 6630 6520 8917
2014.02.28  6570 6550 6610 6500 9274
2014.03.03  6480 6640 6640 6440 5200
2014.03.04  6500 6480 6500 6380 4083
2014.03.05  6540 6400 6610 6400 11561
2014.03.06  6840 6540 6870 6500 27233
2014.03.07  6840 6880 6940 6800 24447
2014.03.10  6850 6840 6870 6700 10273
2014.03.11  7000 6780 7020 6780 25515
2014.03.12  6980 6970 7040 6890 5671
2014.03.13  7060 6850 7150 6850 70267
2014.03.14  7290 7000 7380 6950 76525
2014.03.17  7390 7350 7600 7060 91672
2014.03.18  7400 7500 7530 7220 48617
2014.03.19  7400 7410 7500 7300 23059
2014.03.20  7450 7400 7480 7370 20392
2014.03.21  7590 7510 7620 7450 39632
2014.03.24  7750 7690 8070 7640 141676
2014.03.25  7770 7800 7910 7690 37439
2014.03.26  7610 7760 7880 7610 25315
2014.03.27  7620 7610 7900 7550 61146
2014.03.28  7920 7950 7950 7630 65934
2014.03.31  6660 6780 6870 6640 58877
2014.04.01  7160 6700 7380 6700 86868
2014.04.02  7010 7160 7340 7010 32274
2014.04.03  7050 6950 7070 6910 23246
2014.04.04  7120 7060 7130 6850 28448
2014.04.07  7110 7200 7300 7090 34434
2014.04.08  6930 7170 7170 6900 44157
2014.04.09  7020 6930 7090 6860 50504
2014.04.10  7040 7100 7130 6940 35686
2014.04.11  7090 7040 7130 6900 24702
2014.04.14  7030 7050 7250 7000 20416
2014.04.15  7060 7100 7100 6980 45612
2014.04.16  7130 7060 7190 7050 59809
2014.04.17  7200 7220 7220 7130 36166
2014.04.18  7240 7190 7250 7120 26878
2014.04.21  7190 7240 7290 7150 24361
2014.04.22  7140 7110 7150 7060 28996
2014.04.23  7260 7220 7570 7140 105686
2014.04.24  6950 7060 7170 6830 80997
2014.04.25  6520 6900 6900 6440 128544
2014.04.28  6520 6380 6580 6370 31276
2014.04.29  6490 6510 6570 6410 21826
2014.04.30  6430 6490 6550 6370 29238
2014.05.02  6560 6380 6660 6380 35615
2014.05.07  6540 6750 6750 6450 14417
2014.05.08  6630 6490 6630 6230 39151
2014.05.09  6480 6580 6580 6170 59741
2014.05.12  6540 6470 6580 6290 39692
2014.05.13  6430 6590 6590 6390 27910
2014.05.14  6540 6520 6550 6450 49650
2014.05.15  6820 6530 7170 6520 245483
2014.05.16  6740 6900 6900 6700 52399
2014.05.19  6620 6630 6830 6560 66683
2014.05.20  6430 6630 6640 6330 36151
2014.05.21  6410 6430 6550 6380 17413
2014.05.22  6410 6410 6560 6390 23082
2014.05.23  6710 6420 6750 6420 55691
2014.05.26  6730 6680 6730 6580 33184
2014.05.27  6800 6770 6950 6620 56410
2014.05.28  6890 6920 6940 6810 40626
2014.05.29  6890 6850 6900 6700 14493
2014.05.30  6850 6840 6890 6780 7947
2014.06.02  6750 6840 6880 6700 11475
2014.06.03  6570 6750 6750 6570 19588
2014.06.05  6640 6610 6860 6550 13933
2014.06.09  6640 6670 6760 6540 14065
2014.06.10  6630 6730 6730 6630 8188
2014.06.11  6520 6630 6650 6500 24150
2014.06.12  6570 6520 6620 6410 39552
2014.06.13  6830 6630 6840 6630 88672
2014.06.16  7000 6900 7060 6870 102301
2014.06.17  6990 7000 7070 6970 28065
2014.06.18  6990 7000 7050 6950 29265
2014.06.19  6930 7030 7100 6870 51550
2014.06.20  6950 6930 7110 6930 88457
2014.06.23  6970 6950 7020 6900 44432
2014.06.24  6950 7000 7030 6910 41579
2014.06.25  6890 6910 7000 6800 48192
2014.06.26  6900 7000 7150 6890 130820
2014.06.27  6900 6950 6970 6790 24033
2014.06.30  6970 6860 6980 6800 22792
2014.07.01  7170 6940 7210 6940 81598
2014.07.02  7180 7170 7240 7100 59549
2014.07.03  7350 7170 7470 7130 87048
2014.07.04  7400 7400 7470 7360 37429
2014.07.07  7380 7380 7470 7310 32164
2014.07.08  7500 7450 7500 7330 61649
2014.07.09  7740 7500 7750 7500 149933
2014.07.10  7190 7590 7660 7100 776459
2014.07.11  7090 7090 7280 6860 181451
2014.07.14  7190 7090 7300 7020 68928
2014.07.15  7160 7190 7300 7090 29972
2014.07.16  6920 7150 7150 6750 145082
2014.07.17  6930 6920 7050 6710 85045
2014.07.18  7050 6930 7100 6850 40289
2014.07.21  6790 7010 7010 6680 85723
2014.07.22  6620 6790 6790 6580 47816
2014.07.23  6700 6620 6750 6600 57691
2014.07.24  6590 6700 6730 6560 64060
2014.07.25  6550 6600 6710 6550 38231
2014.07.28  6430 6550 6580 6220 152362
2014.07.29  6420 6500 6530 6300 52207
2014.07.30  6420 6420 6420 6290 24556
2014.07.31  6380 6350 6420 6250 32431
2014.08.01  6430 6380 6470 6350 22534
2014.08.04  6440 6480 6480 6350 12562
2014.08.05  6360 6440 6440 6340 12858
2014.08.06  6200 6360 6390 6200 36696
2014.08.07  6290 6200 6390 6200 11912
2014.08.08  6250 6290 6360 6130 33425
2014.08.11  6240 6250 6320 6180 8771
2014.08.12  6030 6210 6290 6030 36652
2014.08.13  6040 6040 6100 5900 63125
2014.08.14  6370 6010 6420 6000 67677
2014.08.18  6370 6100 6390 6000 66631
2014.08.19  6230 6370 6420 6180 23203
2014.08.20  6060 6190 6260 6060 30572
2014.08.21  5900 6060 6060 5820 96932
2014.08.22  5800 5890 5950 5790 42682
2014.08.25  5470 5800 5800 5400 106380
2014.08.26  5420 5510 5520 5360 82294
2014.08.27  5690 5490 5820 5420 64280
2014.08.28  5660 5740 5790 5630 28887
2014.08.29  5650 5560 5670 5520 50143
2014.09.01  5500 5650 5650 5430 29639
2014.09.02  5420 5500 5540 5310 55824
2014.09.03  5300 5370 5410 5160 70228
2014.09.04  5350 5300 5360 5250 26154
2014.09.05  5410 5350 5460 5300 21300
2014.09.11  5570 5410 5590 5400 28532
2014.09.12  5550 5370 5570 5370 8517
2014.09.15  5630 5500 5650 5430 23666
2014.09.16  5850 5600 5850 5600 43138
2014.09.17  5890 5820 5890 5720 21002
2014.09.18  5800 5950 5950 5740 16548
2014.09.19  5770 5890 6000 5750 41838
2014.09.22  5930 5830 5930 5650 28409
2014.09.23  5880 5860 5950 5810 18439
2014.09.24  5890 5820 5930 5740 15416
2014.09.25  5750 5860 5900 5750 18812
2014.09.26  5700 5690 5780 5640 19685
2014.09.29  5500 5700 5750 5500 13063
2014.09.30  5470 5500 5670 5470 8245
2014.10.01  5410 5470 5680 5410 16336
2014.10.02  5500 5410 5520 5410 9618
2014.10.06  5520 5500 5740 5500 8964
2014.10.07  5600 5520 5600 5490 10509
2014.10.08  5650 5650 5700 5540 7650
2014.10.10  5450 5700 5700 5450 18715
2014.10.13  5300 5520 5540 5260 15763
2014.10.14  5290 5290 5470 5200 7655
2014.10.15  5330 5210 5400 5210 8393
2014.10.16  5260 5280 5280 5170 22949
2014.10.17  5160 5200 5250 5150 19113
2014.10.20  5200 5160 5270 5140 12212
2014.10.21  5000 5200 5200 4995 31496
2014.10.22  4925 5000 5050 4910 31519
2014.10.23  4930 4925 4995 4915 20036
2014.10.24  4900 4930 4985 4870 25753
2014.10.27  4880 4865 4950 4820 25688
2014.10.28  4800 4880 4940 4795 26107
2014.10.29  5020 4800 5140 4800 17437
2014.10.30  4945 4975 5030 4900 10224
2014.10.31  4940 4945 4965 4885 8235
2014.11.03  4945 4940 4980 4825 21516
2014.11.04  4935 4945 4970 4805 12448
2014.11.05  4850 4825 4930 4770 19043
2014.11.06  4670 4810 4875 4635 25163
2014.11.07  4845 4600 4850 4600 11458
2014.11.10  4830 4825 4835 4650 7650
2014.11.11  4720 4865 4865 4715 7032
2014.11.12  4710 4720 4770 4690 13204
2014.11.13  4710 4660 4730 4660 10533
2014.11.14  4580 4710 4710 4505 16663
2014.11.17  4750 4580 4790 4535 9335
2014.11.18  4750 4760 4880 4660 8830
2014.11.19  4675 4700 4785 4665 41155
2014.11.20  4625 4675 4720 4600 22518
2014.11.21  4475 4590 4645 4415 52172
2014.11.24  4550 4475 4550 4430 17427
2014.11.25  4590 4515 4590 4450 10508
2014.11.26  4775 4525 4890 4525 30581
2014.11.27  4750 4740 4830 4705 10673
2014.11.28  5050 4785 5070 4665 55756
2014.12.01  4985 5050 5070 4900 14619
2014.12.02  4985 4985 5050 4830 14483
2014.12.03  4890 5020 5020 4890 11766
2014.12.04  4860 4890 4985 4860 10803
2014.12.05  4900 4810 4900 4620 22032
2014.12.08  4845 4900 4900 4720 7410
2014.12.09  4745 4800 4900 4655 11810
2014.12.10  4625 4745 4770 4570 21456
2014.12.11  4500 4625 4625 4445 17540
2014.12.12  4495 4500 4545 4445 5592
2014.12.15  4485 4495 4500 4350 5392
2014.12.16  4400 4485 4485 4360 20990
2014.12.17  4425 4400 4480 4375 7586
2014.12.18  4450 4425 4580 4395 14458
2014.12.19  4480 4450 4495 4405 7363
2014.12.22  4600 4485 4675 4480 13370
2014.12.23  4515 4640 4700 4430 25077
2014.12.24  4440 4520 4520 4375 25703
2014.12.26  4375 4445 4495 4310 52261
2014.12.29  4245 4400 4400 4195 75081
2014.12.30  4145 4245 4245 4055 48798
2015.01.02  4155 4145 4170 4105 15401
2015.01.05  4200 4155 4215 4060 19552
2015.01.06  4260 4125 4300 4125 35012
2015.01.07  4295 4350 4350 4180 16126
2015.01.08  4455 4295 4695 4295 108030
2015.01.09  4615 4465 4660 4465 63877
2015.01.12  4570 4615 4615 4490 34188
2015.01.13  4360 4490 4535 4360 35503
2015.01.14  4535 4425 4550 4355 31635
2015.01.15  4835 4540 4855 4540 107729
2015.01.16  4955 4850 5230 4770 184597
2015.01.19  4995 4925 5060 4890 36303
2015.01.20  4990 4820 5060 4820 17634
2015.01.21  4890 5050 5050 4800 31910
2015.01.22  4740 4890 4890 4650 19885
2015.01.23  4760 4800 4800 4565 20302
2015.01.26  4665 4980 4980 4600 35172
2015.01.27  4750 4695 4785 4595 36811
2015.01.28  4720 4750 4780 4600 33832
2015.01.29  4740 4820 4820 4655 32520
2015.01.30  4720 4740 4800 4610 29243
2015.02.02  4500 4720 4720 4455 57800
2015.02.03  4395 4500 4560 4350 40038
2015.02.04  4430 4325 4545 4325 30820
2015.02.05  4540 4450 4540 4380 20233
2015.02.06  4540 4555 4630 4390 31702
2015.02.09  4440 4465 4510 4390 34737
2015.02.10  4315 4520 4520 4300 22284
2015.02.11  4400 4400 4400 4300 33524
2015.02.12  4320 4375 4400 4255 29084
2015.02.13  4240 4335 4335 4195 20772
2015.02.16  4250 4250 4300 4225 36325
2015.02.17  4255 4240 4370 4100 27044
2015.02.23  4300 4255 4405 4245 14247
2015.02.24  4460 4290 4460 4290 29430
2015.02.25  4485 4420 4500 4410 19614
2015.02.26  4530 4520 4530 4450 21303
2015.02.27  4580 4460 4580 4460 27609
2015.03.02  4570 4620 4620 4465 20246
2015.03.03  4515 4570 4620 4515 13364
2015.03.04  4525 4515 4550 4490 17677
2015.03.05  4550 4600 4620 4485 10063
2015.03.06  4770 4525 4820 4525 47040
2015.03.09  4795 4760 4935 4710 73889
2015.03.10  4840 4900 4925 4755 34193
2015.03.11  4780 4860 4860 4600 30342
2015.03.12  5170 4800 5200 4655 109435
2015.03.13  5180 5170 5240 5030 65185
2015.03.16  5220 5200 5450 5200 83090
2015.03.17  5090 5210 5340 5060 31214
2015.03.18  5090 5090 5150 4960 29948
2015.03.19  5080 5150 5150 4990 11427
2015.03.20  5080 5220 5220 5020 14477
2015.03.23  4950 5130 5130 4950 20972
2015.03.24  4955 4985 4985 4900 4694
2015.03.25  4895 5080 5080 4895 17554
2015.03.26  4800 4905 4905 4765 13935
2015.03.27  4810 4925 4930 4780 11159
2015.03.30  4860 4830 4900 4795 24757
2015.03.31  5230 4900 5250 4830 58668
2015.04.01  5140 5220 5220 5050 25799
2015.04.02  5210 5140 5280 5030 36011
2015.04.03  5120 5240 5240 5110 10382
2015.04.06  4975 5060 5140 4940 17345
2015.04.07  4920 5050 5050 4905 15563
2015.04.08  4865 4925 4985 4810 18106
2015.04.09  4940 4890 4950 4820 15423
2015.04.10  5010 4990 5010 4915 15006
2015.04.13  4945 5060 5060 4890 15321
2015.04.14  4830 4970 4970 4820 14798
2015.04.15  4905 4830 4905 4830 8232
2015.04.16  4925 4925 4930 4865 7256
2015.04.17  4920 4900 4955 4860 14153
2015.04.20  4875 4830 4915 4800 17462
2015.04.21  4815 4875 4875 4805 34130
2015.04.22  4740 4850 4910 4740 26052
2015.04.23  4730 4910 4910 4725 7174
2015.04.24  4740 4730 4755 4665 10737
2015.04.27  4805 4880 4880 4700 15533
2015.04.28  4780 4890 4890 4780 3200
2015.04.29  4790 4725 4820 4710 8355
2015.04.30  4755 4680 4775 4680 2424
2015.05.04  4720 4850 4850 4710 4986
2015.05.06  4470 4720 4720 4450 44022
2015.05.07  4480 4485 4520 4400 19781
2015.05.08  4575 4520 4600 4520 8059
2015.05.11  4695 4645 4840 4450 24865
2015.05.12  4705 4695 4755 4535 15056
2015.05.13  4900 4750 4945 4695 40024
2015.05.14  4940 4900 4960 4870 32350
2015.05.15  4935 4975 4990 4900 27054
2015.05.18  4865 4995 4995 4815 1990
2015.05.19  4945 4950 5030 4900 36143
2015.05.20  4955 4990 5000 4925 9324
2015.05.21  4945 4965 5000 4870 24495
2015.05.22  5150 4990 5150 4865 73594
2015.05.26  5140 5150 5300 4995 551564
2015.05.27  4990 5200 5210 4850 30498
2015.05.28  4925 4960 5030 4900 24679
2015.05.29  5130 4930 5140 4900 10925
2015.06.01  5130 5130 5200 4990 40273
2015.06.02  5010 5130 5150 5000 9267
2015.06.03  5020 5130 5130 4905 6803
2015.06.04  4980 5030 5060 4830 9556
2015.06.05  4995 4980 5080 4950 30621
2015.06.08  5150 4990 5230 4990 55859
2015.06.09  5140 5150 5210 5050 20521
2015.06.10  5090 5150 5180 5060 8561
2015.06.11  5090 5030 5150 5000 10318
2015.06.12  4900 5090 5170 4900 17903
2015.06.15  5030 5050 5050 4750 32526
2015.06.16  5000 5030 5060 4815 14781
2015.06.17  4950 5050 5050 4885 6395
2015.06.18  4870 4950 4960 4840 16799
2015.06.19  4700 4770 4955 4630 16235
2015.06.22  4860 4700 4900 4600 26387
2015.06.23  4850 5100 5150 4820 17667
2015.06.24  4795 4890 4910 4795 31621
2015.06.25  4900 4820 4980 4815 24420
2015.06.26  4945 4900 4995 4845 29418
2015.06.29  5040 4930 5250 4860 91731
2015.06.30  5180 5000 5200 4975 38592
2015.07.01  5190 5230 5540 5190 72201
2015.07.02  5390 5190 5400 5180 60136
2015.07.03  5400 5450 5610 5310 115802
2015.07.06  5380 5100 5500 5100 69834
2015.07.07  5170 5440 5470 5150 46690
2015.07.08  5320 5170 5430 5160 52958
2015.07.09  5530 5350 5530 5200 46370
2015.07.10  5550 5550 5730 5470 41188
2015.07.13  5530 5550 5780 5400 57726
2015.07.14  5480 5480 5580 5380 57389
2015.07.15  5420 5550 5550 5260 26943
2015.07.16  5480 5420 5480 5270 14627
2015.07.17  5480 5480 5540 5310 22599
2015.07.20  5400 5480 5530 5380 11011
2015.07.21  5130 5420 5440 5040 30514
2015.07.22  5230 5120 5300 5110 24689
2015.07.23  5200 5330 5330 5100 16139
2015.07.24  5100 5210 5210 5010 31124
2015.07.27  5100 5110 5280 5040 27472
2015.07.28  5020 5030 5100 4905 19233
2015.07.29  5020 5020 5110 4970 5831
2015.07.30  4790 5020 5090 4780 17861
2015.07.31  4750 4800 4900 4645 16462
2015.08.03  4950 4750 4950 4565 20303
2015.08.04  5000 4950 5000 4800 12057
2015.08.05  4995 5030 5030 4935 3062
2015.08.06  4935 4975 5040 4845 31631
2015.08.07  4800 4745 4935 4735 22685
2015.08.10  4685 4795 4810 4670 11000
2015.08.11  4600 4685 4765 4560 12110
2015.08.12  4350 4600 4600 4295 48075
2015.08.13  4400 4360 4510 4330 20983
2015.08.17  4355 4400 4545 4355 22249
2015.08.18  4290 4360 4490 4275 8548
2015.08.19  4045 4300 4315 3900 40026
2015.08.20  4010 3990 4080 3990 10422
2015.08.21  3595 3600 3960 3500 75155
2015.08.24  3710 3525 3720 3525 28137
2015.08.25  3715 3640 3740 3640 32948
2015.08.26  3835 3720 3835 3700 11821
2015.08.27  3850 3845 3890 3650 30349
2015.08.28  3875 3790 3875 3720 34987
2015.08.31  3960 3920 3960 3875 19404
2015.09.01  4010 3985 4395 3920 123015
2015.09.02  3990 4005 4020 3850 31253
2015.09.03  3980 4020 4150 3970 12549
2015.09.04  3920 4025 4025 3800 26913
2015.09.07  3970 3920 4170 3750 17239
2015.09.08  3795 4065 4065 3795 14806
2015.09.09  3865 3810 3885 3790 13695
2015.09.10  3935 3865 3990 3825 8639
2015.09.11  3865 3940 4000 3835 9827
2015.09.14  3870 3870 3920 3820 6970
2015.09.15  3860 3875 3875 3790 2628
2015.09.16  3870 3870 3940 3860 19239
2015.09.17  3970 3890 3975 3875 13715
2015.09.18  4000 4055 4055 3915 17514
2015.09.21  4250 4000 4330 3955 71405
2015.09.22  4230 4280 4280 4050 39972
2015.09.23  4205 4250 4680 4200 144392
2015.09.24  4055 4225 4305 4050 35884
2015.09.25  4000 4080 4200 3955 26366
2015.09.30  3985 4010 4070 3925 29880
2015.10.01  3960 4080 4080 3925 17443
2015.10.02  4020 4000 4050 3950 11125
2015.10.05  4020 4025 4080 3990 10655
2015.10.06  4100 4030 4270 4000 15053
2015.10.07  4175 4100 4175 4050 23074
2015.10.08  4150 4270 4270 4130 13856
2015.10.12  4180 4165 4200 4105 13737
2015.10.13  4260 4270 4300 4180 9505
2015.10.14  4260 4300 4300 4165 3194
2015.10.15  4260 4300 4300 4160 3323
2015.10.16  4280 4260 4280 4170 7639
2015.10.19  4265 4290 4290 4225 7831
2015.10.20  4230 4270 4305 4150 11525
2015.10.21  4240 4230 4240 4180 4980
2015.10.22  4230 4240 4335 4170 4815
2015.10.23  4245 4300 4300 4160 10625
2015.10.26  4240 4250 4265 4195 9535
2015.10.27  4150 4240 4290 4120 30008
2015.10.28  4155 4170 4170 4025 3306
2015.10.29  4145 4155 4235 4050 11318
2015.10.30  4010 4230 4230 4010 13134
2015.11.02  4090 4030 4150 4020 3394
2015.11.03  4030 4100 4145 3980 8846
2015.11.04  4045 4040 4105 3965 14564
2015.11.05  4035 4050 4050 3960 17863
2015.11.06  3915 4035 4035 3875 26205
2015.11.09  3920 3930 4030 3825 12934
2015.11.10  3880 3930 3980 3850 3570
2015.11.11  3850 3895 3900 3745 22802
2015.11.12  3875 3760 3955 3755 6323
2015.11.13  3850 3880 3950 3845 7864
2015.11.16  3855 3845 3930 3845 21998
2015.11.17  3880 3845 3895 3775 10539
2015.11.18  3905 3880 3910 3815 6087
2015.11.19  3850 3905 3905 3825 4898
2015.11.20  3850 3925 4035 3770 12914
2015.11.23  3880 3870 4035 3850 22377
2015.11.24  3900 3900 3900 3845 6839
2015.11.25  3930 4035 4035 3850 6377
2015.11.26  3885 3950 3950 3820 13924
2015.11.27  3860 3900 3900 3825 11320
2015.11.30  3785 3875 3890 3780 14733
2015.12.01  3760 3785 3785 3725 5616
2015.12.02  3790 3770 3940 3630 20270
2015.12.03  3790 3790 3790 3670 29314
2015.12.04  3765 3800 3800 3670 38014
2015.12.07  3770 3770 3770 3695 21282
2015.12.08  3715 3770 3770 3655 24562
2015.12.09  3690 3720 3720 3620 10318
2015.12.10  3735 3700 3780 3620 6442
2015.12.11  3775 3740 3815 3700 1649
2015.12.14  3700 3775 3775 3675 19787
2015.12.15  3650 3710 3730 3600 4773
2015.12.16  3725 3655 3725 3610 7372
2015.12.17  3890 3995 4695 3730 766634
2015.12.18  3865 3920 3960 3810 81887
2015.12.21  3890 3850 3900 3745 47726
2015.12.22  3865 3950 3950 3750 37151
2015.12.23  3850 3870 3880 3745 24219
2015.12.24  3785 3860 3895 3780 24198
2015.12.28  3790 3790 3845 3755 17255
2015.12.29  3815 3800 3850 3720 22034
2015.12.30  3860 3820 3890 3790 20618
2016.01.04  3810 3870 3945 3780 10078
2016.01.05  3875 3820 3875 3750 16989
2016.01.06  3780 3880 3900 3765 20447
2016.01.07  3680 3790 3790 3650 24141
2016.01.08  3785 3720 3805 3510 26749
2016.01.11  3700 3790 3810 3500 18918
2016.01.12  3695 3705 3750 3625 10076
2016.01.13  3720 3700 3740 3690 33381
2016.01.14  3725 3720 3820 3630 6582
2016.01.15  3740 3730 3810 3680 9027
2016.01.18  3850 3740 3850 3685 32072
2016.01.19  3880 3900 3910 3815 18124
2016.01.20  3905 3880 4050 3815 47177
2016.01.21  4030 3910 4245 3890 87223
2016.01.22  4010 4000 4070 3860 23213
2016.01.25  4040 4020 4050 3990 12500
2016.01.26  3965 4040 4040 3900 17188
2016.01.27  3960 3965 4030 3910 12708
2016.01.28  4020 3965 4100 3910 10801
2016.01.29  4125 4040 4150 4040 25918
2016.02.01  4150 4160 4160 4100 7282
2016.02.02  4085 4150 4170 4005 13185
2016.02.03  4005 4010 4090 3870 24686
2016.02.04  4045 4070 4070 3910 7682
2016.02.05  4050 4045 4050 3955 2444
2016.02.11  3890 4000 4005 3865 18040
2016.02.12  3795 4055 4055 3555 22525
2016.02.15  3870 3810 3890 3770 18073
2016.02.16  3940 3880 3940 3800 16084
2016.02.17  3930 3955 3955 3855 4294
2016.02.18  3945 3930 3950 3880 23423
2016.02.19  3950 3900 3980 3900 21817
2016.02.22  4040 3960 4120 3960 25570
2016.02.23  4045 4045 4060 3960 9178
2016.02.24  4030 4050 4050 3980 11155
2016.02.25  4040 4010 4075 3985 20647
2016.02.26  4040 4050 4050 3940 27417
2016.02.29  3995 4000 4040 3975 6710
2016.03.02  4030 4020 4035 3985 20728
2016.03.03  4030 4040 4045 3980 12203
2016.03.04  4075 4045 4085 4000 29407
2016.03.07  4075 4150 4150 4030 26663
2016.03.08  4190 4195 4590 4155 180561
2016.03.09  4105 4150 4220 4050 55877
2016.03.10  4230 4130 4255 4120 44105
2016.03.11  4420 4255 4445 4200 134998
2016.03.14  4420 4375 4425 4305 38665
2016.03.15  4400 4420 4450 4320 29289
2016.03.16  4390 4415 4430 4330 24000
2016.03.17  4480 4395 4560 4350 38328
2016.03.18  4500 4520 4530 4330 38488
2016.03.21  4510 4510 4550 4455 33748
2016.03.22  4490 4530 4530 4415 13228
2016.03.23  4510 4550 4550 4420 17042
2016.03.24  4540 4510 4560 4460 28468
2016.03.25  4525 4540 4550 4500 4890
2016.03.28  4380 4525 4525 4325 23697
2016.03.29  4440 4420 4440 4350 16981
2016.03.30  4400 4440 4440 4335 18518
2016.03.31  4425 4350 4430 4350 5324
2016.04.01  4430 4425 4450 4325 21797
2016.04.04  4425 4440 4480 4310 14704
2016.04.05  4330 4425 4425 4270 20726
2016.04.06  4205 4330 4330 4150 38561
2016.04.07  4330 4205 4345 4170 23037
2016.04.08  4290 4330 4345 4255 7178
2016.04.11  4345 4300 4390 4250 17101
2016.04.12  4340 4370 4370 4265 10299
2016.04.14  4335 4350 4355 4265 12451
2016.04.15  4320 4380 4380 4270 11830
2016.04.18  4280 4370 4370 4240 12908
2016.04.19  4285 4290 4315 4210 14375
2016.04.20  4295 4305 4305 4210 20921
2016.04.21  4270 4295 4350 4240 8354
2016.04.22  4300 4350 4350 4250 31656
2016.04.25  4345 4465 4465 4300 14966
2016.04.26  4335 4275 4430 4275 10687
2016.04.27  4360 4335 4385 4220 17001
2016.04.28  4370 4360 4400 4315 17798
2016.04.29  4365 4385 4385 4310 7735
2016.05.02  4280 4425 4425 4250 24821
2016.05.03  4300 4300 4300 4190 17954
2016.05.04  4325 4340 4350 4225 14797
2016.05.09  4330 4350 4380 4290 5059
2016.05.10  4635 4330 4985 4280 469284
2016.05.11  4645 4665 4725 4590 73997
2016.05.12  4705 4755 4760 4590 65108
2016.05.13  4700 4740 4740 4600 37679
2016.05.16  4535 4610 4730 4505 44404
2016.05.17  4465 4535 4565 4375 47736
2016.05.18  4395 4470 4550 4345 21995
2016.05.19  4395 4400 4400 4365 13749
2016.05.20  4470 4410 4510 4350 36118
2016.05.23  4500 4475 4520 4370 23014
2016.05.24  4535 4535 4555 4435 15555
2016.05.25  4585 4535 4605 4470 31291
2016.05.26  4610 4585 4690 4550 30855
2016.05.27  4600 4520 4630 4495 88695
2016.05.30  4590 4600 4600 4500 16357
2016.05.31  4700 4630 4800 4600 122857
2016.06.01  4690 4790 4790 4660 37635
2016.06.02  4690 4700 4700 4640 23334
2016.06.03  4685 4690 4690 4565 13790
2016.06.07  4650 4740 4740 4590 27823
2016.06.08  4555 4650 4650 4500 33636
2016.06.09  4515 4555 4555 4485 9780
2016.06.10  4515 4510 4525 4480 7106
2016.06.13  4515 4515 4520 4450 8715
2016.06.14  4400 4540 4540 4355 13501
2016.06.15  4280 4400 4425 4260 23846
2016.06.16  4230 4295 4295 4120 26610
2016.06.17  4280 4230 4280 4175 9228
2016.06.20  4195 4280 4280 4160 11059
2016.06.21  4270 4250 4270 4160 10477
2016.06.22  4335 4270 4390 4270 14360
2016.06.23  4320 4335 4450 4200 19590
2016.06.24  4070 4330 4410 4000 33611
2016.06.27  4000 3900 4185 3895 21823
2016.06.28  4065 3970 4065 3950 18313
2016.06.29  4220 4080 4275 4065 12269
2016.06.30  4230 4240 4280 4160 11018
2016.07.01  4235 4235 4275 4190 7593
2016.07.04  4355 4240 4355 4240 11020
2016.07.05  4365 4360 4365 4300 6875
2016.07.06  4345 4365 4370 4020 14077
2016.07.07  4350 4345 4370 4270 4809
2016.07.08  4290 4375 4375 4250 8367
2016.07.11  4300 4290 4500 4170 19674
2016.07.12  4335 4300 4350 4200 8945
2016.07.13  4350 4335 4390 4280 18212
2016.07.14  4390 4320 4395 4320 12649
2016.07.15  4395 4395 4420 4340 19494
2016.07.18  4305 4390 4390 4305 17753
2016.07.19  4330 4370 4380 4250 25294
2016.07.20  4605 4340 4750 4340 180867
2016.07.21  4605 4630 4695 4530 49380
2016.07.22  4715 4630 4720 4600 33810
2016.07.25  4695 4705 4780 4640 29463
2016.07.26  4730 4700 4840 4660 39137
2016.07.27  4640 4750 4775 4560 38015
2016.07.28  4620 4650 4650 4575 12040
2016.07.29  4640 4625 4680 4560 15872
2016.08.01  4605 4640 4640 4550 20476
2016.08.02  4575 4605 4675 4575 17704
2016.08.03  4640 4575 4640 4560 13847
2016.08.04  4640 4700 4700 4525 15056
2016.08.05  4655 4675 4680 4620 22316
2016.08.08  4660 4670 4720 4620 22109
2016.08.09  4610 4660 4670 4590 34311
2016.08.10  4830 4670 4860 4585 81790
2016.08.11  4830 4830 4900 4780 30772
2016.08.12  4700 4830 4870 4620 83396
2016.08.16  4670 4700 4785 4655 18566
2016.08.17  4685 4670 4700 4540 39182
2016.08.18  4700 4685 4700 4635 27350
2016.08.19  4700 4700 4715 4630 24816
2016.08.22  4595 4645 4695 4565 8868
2016.08.23  4600 4595 4610 4510 9183
2016.08.24  4590 4600 4605 4545 8126
2016.08.25  4640 4600 4640 4510 8806
2016.08.26  4640 4640 4725 4575 6635
2016.08.29  4500 4695 4695 4490 15633
2016.08.30  4550 4500 4580 4500 7320
2016.08.31  4540 4550 4680 4475 7324
2016.09.01  4510 4515 4530 4455 3843
2016.09.02  4540 4600 4600 4460 2730
2016.09.05  4510 4540 4590 4470 11381
2016.09.06  4520 4555 4555 4325 15289
2016.09.07  4490 4565 4565 4420 9183
2016.09.08  4440 4490 4520 4355 13765
2016.09.09  4395 4440 4440 4300 15862
2016.09.12  4390 4220 4410 4220 16257
2016.09.13  4375 4380 4390 4290 21361
2016.09.19  4490 4525 4525 4245 15533
2016.09.20  4480 4400 4485 4380 10837
2016.09.21  4470 4480 4480 4390 8654
2016.09.22  4470 4500 4550 4430 7756
2016.09.23  4515 4470 4545 4455 12028
2016.09.26  4540 4520 4650 4435 16940
2016.09.27  4570 4540 4625 4500 9732
2016.09.28  4595 4590 4595 4535 6101
2016.09.29  4605 4595 4630 4565 13113
2016.09.30  4635 4605 4650 4585 17830
2016.10.04  4595 4645 4695 4570 16383
2016.10.05  4590 4595 4690 4550 16163
2016.10.06  4630 4590 4665 4530 32929
2016.10.07  4585 4585 4660 4535 28629
2016.10.10  4545 4585 4585 4500 11558
2016.10.11  4580 4545 4640 4520 9961
2016.10.12  4620 4585 4685 4550 19030
2016.10.13  4570 4630 4630 4500 16076
2016.10.14  4540 4565 4615 4535 11869
2016.10.17  4560 4540 4595 4505 9994
2016.10.18  4545 4595 4595 4480 12251
2016.10.19  4550 4545 4600 4475 9594
2016.10.20  4390 4550 4550 4390 19590
2016.10.21  4380 4365 4450 4365 6941
2016.10.24  4365 4440 4440 4365 9254
2016.10.25  4465 4370 4525 4300 10428
2016.10.26  4355 4465 4465 4305 12454
2016.10.27  4365 4445 4445 4255 4400
2016.10.28  4410 4445 4445 4290 10617
2016.10.31  4455 4410 4540 4305 13756
2016.11.01  4520 4410 4550 4400 12548
2016.11.02  4485 4530 4650 4400 27949
2016.11.03  4400 4485 4485 4305 20008
2016.11.04  4250 4300 4420 4215 25994
2016.11.07  4475 4260 4480 4255 14338
2016.11.08  4515 4475 4590 4395 30778
2016.11.09  4210 4550 4550 4095 46578
2016.11.10  4420 4330 4480 4300 25167
2016.11.11  4510 4430 4510 4350 23210
2016.11.14  4540 4515 4575 4485 15001
2016.11.15  4490 4435 4540 4435 16081
2016.11.16  4470 4490 4540 4410 32153
2016.11.17  4380 4505 4505 4250 19350
2016.11.18  4310 4490 4490 4280 21701
2016.11.21  4320 4390 4500 4280 23145
2016.11.22  4305 4350 4470 4305 17393
2016.11.23  4300 4440 4440 4300 12629
2016.11.24  4295 4320 4395 4250 7834
2016.11.25  4300 4295 4385 4250 11250
2016.11.28  4320 4300 4345 4285 7394
2016.11.29  4330 4320 4395 4300 9328
2016.11.30  4295 4350 4350 4255 6209
2016.12.01  4280 4400 4400 4240 9815
2016.12.02  4330 4280 4340 4260 15801
2016.12.05  4200 4340 4340 4200 16592
2016.12.06  4215 4200 4400 4190 7026
2016.12.07  4180 4250 4285 4060 7998
2016.12.08  4140 4180 4180 4100 11505
2016.12.09  4250 4140 4335 4105 4757
2016.12.12  4310 4250 4380 4230 14958
2016.12.13  4450 4400 4470 4260 21612
2016.12.14  4480 4455 4485 4420 18804
2016.12.15  4545 4470 4570 4450 28802
2016.12.16  4480 4585 4585 4435 9905
2016.12.19  4505 4500 4530 4465 5989
2016.12.20  4510 4550 4550 4440 5896
2016.12.21  4505 4520 4550 4440 10655
2016.12.22  4500 4510 4510 4425 27104
2016.12.23  4450 4500 4500 4400 14486
2016.12.26  4520 4500 4550 4415 10945
2016.12.27  4500 4520 4525 4455 8093
2016.12.28  4500 4540 4540 4340 8931
2016.12.29  4530 4500 4530 4400 10422
2017.01.02  4645 4535 4645 4515 29965
2017.01.03  4685 4655 4730 4655 23547
2017.01.04  4685 4685 4740 4645 13386
2017.01.05  4685 4700 4700 4610 6517
2017.01.06  4685 4695 4695 4620 11528
2017.01.09  4690 4690 4705 4640 25714
2017.01.10  4700 4650 4715 4600 14752
2017.01.11  4705 4700 4710 4665 18998
2017.01.12  4715 4690 4745 4690 20576
2017.01.13  4715 4715 4740 4650 14713
2017.01.16  4690 4715 4740 4685 32313
2017.01.17  4700 4695 4725 4690 13208
2017.01.18  4695 4705 4705 4630 29196
2017.01.19  4610 4705 4705 4610 6757
2017.01.20  4610 4625 4625 4550 8937
2017.01.23  4595 4615 4670 4570 8019
2017.01.24  4650 4660 4660 4530 12721
2017.01.25  4660 4705 4705 4640 11739
2017.01.26  4665 4660 4700 4610 7496
2017.01.31  4650 4695 4695 4610 5239
2017.02.01  4650 4710 4710 4565 4902
2017.02.02  4650 4650 4700 4580 16243
2017.02.03  4530 4690 4690 4400 32864
2017.02.06  4490 4530 4600 4460 23547
2017.02.07  4585 4500 4600 4450 32891
2017.02.08  4575 4585 4585 4545 6458
2017.02.09  4540 4630 4630 4490 34437
2017.02.10  4570 4540 4570 4500 20702
2017.02.13  4585 4570 4595 4510 6787
2017.02.14  4520 4575 4575 4500 13352
2017.02.15  4555 4520 4570 4500 21272
2017.02.16  4595 4570 4630 4510 12201
2017.02.17  4595 4585 4605 4525 10008
2017.02.20  4590 4610 4610 4530 7859
2017.02.21  4560 4610 4610 4530 8142
2017.02.22  4555 4600 4600 4510 11106
2017.02.23  4545 4555 4615 4500 16729
2017.02.24  4555 4550 4560 4505 8687
2017.02.27  4535 4595 4595 4505 9720
2017.02.28  4520 4535 4535 4500 10311
2017.03.02  4540 4530 4560 4470 18182
2017.03.03  4500 4635 4635 4495 8350
2017.03.06  4415 4585 4585 4415 23579
2017.03.07  4445 4545 4545 4400 7556
2017.03.08  4460 4465 4475 4440 7649
2017.03.09  4465 4480 4505 4415 8350
2017.03.10  4460 4495 4495 4405 4422
2017.03.13  4445 4410 4460 4400 11171
2017.03.14  4455 4445 4495 4415 21294
2017.03.15  4480 4610 4610 4450 4807
2017.03.16  4530 4470 4575 4430 14549
2017.03.17  4495 4545 4545 4425 12927
2017.03.20  4450 4500 4510 4420 29332
2017.03.21  4450 4495 4495 4435 23863
2017.03.22  4460 4450 4495 4400 16704
2017.03.23  4490 4480 4510 4400 25841
2017.03.24  4535 4505 4550 4480 34687
2017.03.27  4505 4535 4550 4490 23544
2017.03.28  4585 4505 4590 4505 59535
2017.03.29  4640 4595 4640 4595 39808
2017.03.30  4655 4680 4680 4585 17411
2017.03.31  4730 4675 4735 4600 47246
2017.04.03  4730 4735 4760 4680 38606
2017.04.04  4920 4750 5140 4715 175765
2017.04.05  5160 5100 5390 4915 469657
2017.04.06  5170 5160 5280 5040 115937
2017.04.07  5140 5170 5200 5070 47660
2017.04.10  5150 5240 5270 4935 66079
2017.04.11  5050 5150 5170 4950 55112
2017.04.12  5100 5010 5160 5000 33018
2017.04.13  5150 5100 5190 5060 55552
2017.04.14  5150 5150 5160 5090 27783
2017.04.17  5190 5090 5190 5000 74200
2017.04.18  5190 5200 5210 5110 27398
2017.04.19  5290 5190 5600 5100 298176
2017.04.20  5290 5300 5300 5200 75812
2017.04.21  5290 5250 5310 5220 46282
2017.04.24  5170 5290 5290 5150 46207
2017.04.25  5130 5170 5190 5040 61558
2017.04.26  5150 5180 5190 5100 38280
2017.04.27  5130 5110 5220 5030 49433
2017.04.28  5200 5130 5240 5050 29042
2017.05.02  5050 5210 5210 5050 32963
2017.05.04  5150 5100 5170 5060 19362
2017.05.08  5200 5130 5220 5090 31592
2017.05.10  5200 5210 5400 4910 91385
2017.05.11  5150 5200 5210 5120 51243
2017.05.12  5360 5210 5370 5160 174794
2017.05.15  5680 6220 6350 5560 1064492
2017.05.16  5700 5700 5770 5460 217940
2017.05.17  5870 5810 6100 5610 357953
2017.05.18  5880 5700 5940 5700 78249
2017.05.19  6040 5840 6180 5840 222990
2017.05.22  6170 6050 6260 5940 236686
2017.05.23  6400 6230 6620 6180 348697
2017.05.24  6380 6400 6430 6240 119740
2017.05.25  6150 6380 6380 6080 122149
2017.05.26  6310 6240 6500 6150 149110
2017.05.29  5970 6310 6310 5870 248910
2017.05.30  5980 5970 6120 5940 89444
2017.05.31  5920 5980 6020 5880 52891
2017.06.01  5860 5930 5950 5700 153809
2017.06.02  5970 5870 6010 5870 66128
2017.06.05  5970 6010 6030 5890 75057
2017.06.07  5880 5970 6040 5810 83727
2017.06.08  5860 5900 5910 5800 48510
2017.06.09  5800 5900 5900 5640 112982
2017.06.12  5680 5800 5800 5600 82008
2017.06.13  5740 5700 5790 5680 85850
2017.06.14  5860 5770 5980 5760 105401
2017.06.15  5740 5900 5900 5700 36446
2017.06.16  5680 5740 5760 5520 58045
2017.06.19  5680 5680 5700 5540 51140
2017.06.20  5540 5700 5700 5470 107957
2017.06.21  5560 5700 5700 5440 60635
2017.06.22  5750 5680 5810 5590 80924
2017.06.23  5760 5660 5790 5600 35949
2017.06.26  5740 5770 5830 5600 51433
2017.06.27  5700 5740 5740 5590 51995
2017.06.28  5900 5710 6060 5700 144459
2017.06.29  5890 5950 6040 5790 111802
2017.06.30  5840 5870 5870 5790 21332
2017.07.03  5870 5850 5970 5840 48919
2017.07.04  5790 5850 5930 5680 52458
2017.07.05  5760 5880 5880 5650 14763
2017.07.06  5730 5700 5790 5620 37763
2017.07.07  5710 5660 5740 5630 54759
2017.07.10  5960 5730 6010 5710 101208
2017.07.11  5900 5950 5960 5860 74574
2017.07.12  5750 5930 5950 5720 56207
2017.07.13  5610 5840 5850 5500 71369
2017.07.14  5500 5690 5690 5410 77306
2017.07.17  5500 5580 5580 5420 41260
2017.07.18  5380 5530 5530 5350 50155
2017.07.19  5400 5420 5420 5260 39480
2017.07.20  5440 5400 5640 5400 19601
2017.07.21  5530 5440 5600 5400 24505
2017.07.24  5440 5580 5580 5360 33513
2017.07.25  5460 5440 5480 5390 18561
2017.07.26  5510 5460 5540 5400 23615
2017.07.27  5550 5620 5620 5490 5538
2017.07.28  5620 5560 5960 5430 114822
2017.07.31  5500 5520 5720 5400 30838
2017.08.01  5450 5600 5600 5390 22864
2017.08.02  5470 5450 5490 5350 22346
2017.08.03  5350 5410 5520 5260 36103
2017.08.04  5370 5350 5430 5220 16144
2017.08.07  5180 5370 5450 5180 39049
2017.08.08  5280 5320 5340 5140 39845
2017.08.09  5250 5380 5380 5150 10487
2017.08.10  5100 5250 5310 5080 27888
2017.08.11  4960 5060 5130 4960 18560
2017.08.14  4635 4770 4800 4590 193049
2017.08.16  4600 4695 4700 4560 70565
2017.08.17  4630 4605 4680 4600 68251
2017.08.18  4850 4600 4850 4575 19170
