2009.04.17   12400 10800 12400 10800 26425
2009.04.20   12500 14250 14250 12500 2599821
2009.04.21   10650 11550 12300 10650 1576685
2009.04.22   11500 10900 12150 10000 1888969
2009.04.23   10750 11850 11950 10550 760600
2009.04.24   10200 10800 11500 10050 751484
2009.04.27   8750 10350 10500 8700 890408
2009.04.28   7730 8700 8700 7610 826963
2009.04.29   8570 7820 8800 7610 1404906
2009.04.30   8300 8480 8530 8100 673933
2009.05.04   8920 8520 9540 8500 1095253
2009.05.06   10250 9450 10250 9400 1586895
2009.05.07   10500 10250 10950 9810 1384275
2009.05.08   10450 10300 10550 10000 374111
2009.05.11   10000 10600 10650 10000 502526
2009.05.12   9650 9750 9880 9450 365469
2009.05.13   9950 9610 10100 9610 343938
2009.05.14   9720 9700 9930 9650 171146
2009.05.15   9630 9900 9910 9550 216547
2009.05.18   9230 9500 9510 8930 318232
2009.05.19   9400 9470 9780 9280 295697
2009.05.20   9680 9450 9730 9110 280439
2009.05.21   10850 9880 11100 9850 1994999
2009.05.22   10500 10700 11550 10500 1063881
2009.05.25   10150 10700 11200 9000 963486
2009.05.26   9800 10100 10650 9550 586731
2009.05.27   10100 10200 10800 9920 786088
2009.05.28   9800 9910 10400 9150 471510
2009.05.29   9450 10000 10000 9420 226719
2009.06.01   10000 9470 10100 9110 312727
2009.06.02   10050 10200 10600 9940 559859
2009.06.03   10600 10200 10700 9840 722590
2009.06.04   9990 10650 10750 9990 330038
2009.06.05   9850 10200 10250 9730 277812
2009.06.08   9700 9750 10100 9620 173529
2009.06.09   9340 9650 9830 9260 224384
2009.06.10   9400 9470 9470 9160 126177
2009.06.11   9500 9440 9690 9350 79547
2009.06.12   9650 9600 9750 9260 82069
2009.06.15   9340 9600 9630 9300 67133
2009.06.16   9300 9200 9400 9170 89887
2009.06.17   9150 9170 9340 8980 114865
2009.06.18   8950 9230 9360 8950 98261
2009.06.19   8570 9100 9120 8570 159788
2009.06.22   8700 8740 8840 8530 69698
2009.06.23   8220 8520 8620 7830 143177
2009.06.24   8250 8000 8300 7860 130178
2009.06.25   8740 8350 8840 8100 115599
2009.06.26   8600 8880 8880 8400 66126
2009.06.29   8200 8400 8650 8100 67687
2009.06.30   8260 8410 8410 8020 57637
2009.07.01   8500 8150 8620 8150 56035
2009.07.02   8400 8550 8590 8360 46027
2009.07.03   8450 8200 8480 8200 46965
2009.07.06   8650 8410 8800 8130 59062
2009.07.07   8710 8890 8890 8620 52438
2009.07.08   8300 8700 8700 8300 40987
2009.07.09   8320 8300 8480 8270 34658
2009.07.10   8300 8350 8410 8220 48081
2009.07.13   8000 8270 8420 8000 32057
2009.07.14   8020 8070 8230 7900 44169
2009.07.15   8530 8340 9170 8340 386069
2009.07.16   8360 8630 8630 8270 84367
2009.07.17   8230 8500 8500 8200 46578
2009.07.20   8350 8280 8450 8250 50402
2009.07.21   8300 8480 8480 8210 57548
2009.07.22   8290 8310 8400 8170 52862
2009.07.23   8400 8240 8440 8210 46206
2009.07.24   8450 8400 8610 8400 46760
2009.07.27   8780 8450 8780 8450 94249
2009.07.28   8680 8830 8830 8610 57598
2009.07.29   8610 8610 8690 8500 72436
2009.07.30   8470 8470 8600 8400 47847
2009.07.31   8540 8490 8610 8490 49196
2009.08.03   8620 8560 8700 8540 57080
2009.08.04   8400 8770 8770 8400 48019
2009.08.05   8400 8400 8570 8350 57773
2009.08.06   8430 8320 8540 8320 45755
2009.08.07   8400 8460 8600 8390 44353
2009.08.10   8800 8620 8870 8440 160864
2009.08.11   9250 8800 9450 8760 248221
2009.08.12   9300 9340 9410 9140 99448
2009.08.13   9240 9220 9290 8950 160959
2009.08.14   9270 9390 9550 7860 268142
2009.08.17   8900 9380 9450 8800 195446
2009.08.18   9520 8800 9520 8700 297156
2009.08.19   10400 10000 10850 9870 1165992
2009.08.20   11350 10550 11500 10050 2022653
2009.08.21   10850 11550 11700 10700 513486
2009.08.24   11400 11150 11750 10750 480028
2009.08.25   12300 11300 12750 11100 1141798
2009.08.26   11850 12300 12600 11200 310217
2009.08.27   11000 12500 13600 10950 1649339
2009.08.28   12650 11350 12650 11050 1051774
2009.08.31   12800 13000 13300 12350 1239528
2009.09.01   13250 13100 13850 12900 828955
2009.09.02   14550 12900 15100 12800 1239103
2009.09.03   15600 14700 16650 14600 1123872
2009.09.04   16200 15950 16450 15300 701912
2009.09.07   16800 16400 17400 15500 585365
2009.09.08   16550 17000 18450 16000 972258
2009.09.09   17050 16750 17450 16250 434456
2009.09.10   17500 17500 18100 16900 327382
2009.09.11   17000 17700 18150 16150 383289
2009.09.14   15200 16700 16850 15200 462462
2009.09.15   16050 15550 16050 14550 649974
2009.09.16   16500 16300 17300 15950 479790
2009.09.17   15800 16500 16500 15500 427682
2009.09.18   15600 15800 15800 15000 260112
2009.09.21   15450 15600 15850 15100 131562
2009.09.22   16500 15450 16650 15450 335716
2009.09.23   16550 16750 16850 15900 166629
2009.09.24   16300 16600 16600 15500 172080
2009.09.25   16500 16300 16500 15800 131913
2009.09.28   16450 16450 17300 16050 253202
2009.09.29   16100 16600 16850 15950 191744
2009.09.30   14550 16250 16300 14300 295962
2009.10.01   14150 14600 14800 13250 274921
2009.10.05   14200 13800 14500 13750 122536
2009.10.06   14800 14500 15650 14200 241381
2009.10.07   14350 15000 15400 14350 108026
2009.10.08   14900 14400 15000 14050 113340
2009.10.09   15800 15200 15800 14900 166022
2009.10.12   16450 15800 16450 15650 169891
2009.10.13   16450 16200 16800 16100 214520
2009.10.14   16600 16500 16850 16200 127551
2009.10.15   16500 16700 16900 15950 123924
2009.10.16   16400 16500 16600 16150 97443
2009.10.19   17200 16400 17500 16000 354139
2009.10.20   17300 17450 17800 17000 224172
2009.10.21   17400 17050 17400 16750 135299
2009.10.22   17500 17400 18050 17000 211985
2009.10.23   17500 17850 17850 17200 148329
2009.10.26   16950 17500 17500 16700 83888
2009.10.27   16600 16950 17150 16250 125720
2009.10.28   16200 16450 16650 15650 140602
2009.10.29   16500 15850 16700 15700 101783
2009.10.30   16550 16500 16750 16300 89231
2009.11.02   16000 16450 16500 15700 97719
2009.11.03   16250 17200 17450 16150 787040
2009.11.04   16100 16250 16500 15750 163591
2009.11.05   15900 16100 16250 15700 72794
2009.11.06   16350 16150 18250 15500 1488367
2009.11.09   15650 16300 16600 15650 370669
2009.11.10   16050 15800 16350 15500 234686
2009.11.11   16800 16600 17050 16350 478956
2009.11.12   17000 16750 17200 16650 265160
2009.11.13   16750 16800 17050 16600 117479
2009.11.16   16050 16500 16800 16050 138346
2009.11.17   16600 16050 16700 16000 145299
2009.11.18   16650 16650 16800 16350 93514
2009.11.19   16850 16550 17050 16400 143983
2009.11.20   16750 16800 16900 16600 75755
2009.11.23   18300 16950 18400 16800 772502
2009.11.24   18400 18400 18450 17800 323645
2009.11.25   18750 18700 19450 18550 669311
2009.11.26   19000 18550 19300 18450 314522
2009.11.27   18000 18600 20050 17200 1413696
2009.11.30   19200 18500 19200 17950 499150
2009.12.01   19100 19150 19650 18700 311980
2009.12.02   19050 19200 19650 18900 345855
2009.12.03   18950 19200 19200 18250 281694
2009.12.04   18750 18750 19050 18550 122721
2009.12.07   19400 18900 19650 18400 306083
2009.12.08   20600 19700 21550 19650 946964
2009.12.09   20600 20550 21050 20350 238578
2009.12.10   20800 20700 20950 20150 264501
2009.12.11   21000 21100 21550 20750 290693
2009.12.14   20900 20700 21400 20600 257811
2009.12.15   20150 21200 21200 19950 281881
2009.12.16   20300 20150 20800 20150 228130
2009.12.17   21200 20300 21950 20200 407645
2009.12.18   21350 20800 21750 20800 188800
2009.12.21   21050 21350 21950 21050 216498
2009.12.22   20350 21150 21400 20100 264126
2009.12.23   20750 20450 20750 19300 490097
2009.12.24   20750 20750 21050 20350 376837
2009.12.28   19700 20600 20650 19700 278261
2009.12.29   20150 20000 20200 19450 159155
2009.12.30   20500 20150 20650 20000 230479
2010.01.04   21400 20700 21400 20350 301508
2010.01.05   21200 21300 21950 20950 358797
2010.01.06   20900 21400 21700 20800 161306
2010.01.07   21400 21200 22500 20950 559243
2010.01.08   21700 22000 22750 21350 362424
2010.01.11   21550 21700 22250 21400 157513
2010.01.12   21400 22050 22300 21350 246604
2010.01.13   21200 21000 21300 20700 200869
2010.01.14   21250 21300 21400 20900 142488
2010.01.15   20750 21350 21350 20700 207183
2010.01.18   20750 20900 21000 20400 132507
2010.01.19   21300 21100 21750 20850 169488
2010.01.20   21600 21700 22300 21550 322427
2010.01.21   21200 21300 21900 21200 109754
2010.01.22   20300 20900 21100 19900 253748
2010.01.25   19500 19650 20050 19250 257267
2010.01.26   18700 19400 19650 18600 159397
2010.01.27   18350 19000 19050 18250 138667
2010.01.28   18600 18500 19050 18250 81661
2010.01.29   18000 18500 18650 17650 141722
2010.02.01   18350 18050 18450 17500 115573
2010.02.02   17750 18600 18600 17750 75464
2010.02.03   18000 18050 18150 17650 78688
2010.02.04   19050 18350 19300 18300 231253
2010.02.05   18000 18000 18350 17900 83582
2010.02.08   17000 18150 18200 17000 134442
2010.02.09   16900 16500 16900 15800 229729
2010.02.10   16600 17150 17200 16500 127171
2010.02.11   17050 16150 17050 16150 108975
2010.02.12   17300 17100 17350 16850 78921
2010.02.16   16950 17050 17200 16850 92404
2010.02.17   17250 17100 17350 17100 70711
2010.02.18   17000 17500 17500 16700 81314
2010.02.19   16200 16700 17000 16200 115018
2010.02.22   16550 16900 17050 16450 123510
2010.02.23   17000 16900 17150 16650 77424
2010.02.24   17900 16700 18100 16700 211704
2010.02.25   16900 18300 18300 16900 190828
2010.02.26   17900 17000 18000 16850 190363
2010.03.02   17900 17700 18150 17600 172400
2010.03.03   17550 17050 17800 17050 157018
2010.03.04   17850 17800 18500 17600 355888
2010.03.05   19050 18500 19150 18500 424978
2010.03.08   20150 19250 20500 18750 440186
2010.03.09   20150 20150 20300 19650 168646
2010.03.10   20600 20150 20650 19900 156425
2010.03.11   20800 20600 21400 20500 242606
2010.03.12   20750 20850 20950 20350 119202
2010.03.15   19900 20650 20900 19850 123322
2010.03.16   20400 20200 20400 19850 112009
2010.03.17   20700 20300 20700 20100 79643
2010.03.18   20700 20350 21350 20350 109575
2010.03.19   21000 21200 21350 20850 99764
2010.03.22   20550 20900 21250 20350 98082
2010.03.23   20700 20750 20900 20450 70876
2010.03.24   20700 20800 21300 20650 113382
2010.03.25   21700 20600 21700 20400 238016
2010.03.26   22850 21650 22950 21450 420422
2010.03.29   22650 22500 23100 22200 224715
2010.03.30   22850 22750 23000 22100 127514
2010.03.31   22550 22750 23050 22000 128930
2010.04.01   22650 22850 22850 21650 187507
2010.04.02   22300 22700 22700 21850 100990
2010.04.05   20850 22300 22300 20050 270624
2010.04.06   21500 20800 21950 20800 163910
2010.04.07   21950 22100 22100 21500 93307
2010.04.08   24000 22000 24650 21950 488250
2010.04.09   24350 24200 24800 23800 309806
2010.04.12   24100 24650 24800 23850 176676
2010.04.13   24200 24400 24400 23650 112731
2010.04.14   24950 24100 25450 24100 230277
2010.04.15   24500 25300 25300 24000 123956
2010.04.16   24200 24500 24700 23450 202642
2010.04.19   23850 23800 23900 23250 94695
2010.04.20   24150 23600 24300 23600 90715
2010.04.21   24350 24150 24550 23950 107232
2010.04.22   23850 24800 24800 23650 145510
2010.04.23   24700 24200 25150 23900 266730
2010.04.26   24600 25250 25250 24100 224763
2010.04.27   24350 24550 24700 24050 105862
2010.04.28   25150 23650 25450 23450 379914
2010.04.29   25150 25550 26000 24850 449766
2010.04.30   25300 25600 25600 24600 227977
2010.05.03   24750 24400 25050 24300 185051
2010.05.04   26000 25400 26050 24800 309846
2010.05.06   25650 25350 26200 25000 231311
2010.05.07   24900 24350 25450 24200 209324
2010.05.10   26050 25200 26050 24900 263752
2010.05.11   26500 26750 27600 26100 340948
2010.05.12   27550 26550 27700 26200 275695
2010.05.13   28000 27750 28350 27400 226136
2010.05.14   28600 27800 28950 27300 227280
2010.05.17   28000 28600 29200 27850 230271
2010.05.18   27100 28500 28500 26000 234812
2010.05.19   27700 26300 28000 25950 158698
2010.05.20   26500 27700 28050 25550 138301
2010.05.24   25700 26000 26400 25150 132949
2010.05.25   23700 25000 25100 22100 249571
2010.05.26   25000 23750 25000 23600 81681
2010.05.27   25650 24650 25750 24500 112121
2010.05.28   25650 26500 26500 24650 125861
2010.05.31   25650 25600 25700 25200 67986
2010.06.01   25400 25900 26100 24650 111518
2010.06.03   26000 25700 26200 25500 131994
2010.06.04   24000 25950 25950 24000 567309
2010.06.07   22650 23000 23350 21950 550504
2010.06.08   22300 22700 23450 22000 353905
2010.06.09   22550 22500 23100 22200 265757
2010.06.10   23850 22900 24000 22650 527991
2010.06.11   24000 24400 24950 23600 338430
2010.06.14   23800 24000 24350 23450 139936
2010.06.15   23900 23800 24200 23500 154813
2010.06.16   24450 24650 24850 24300 210122
2010.06.17   25400 24300 25700 24300 428866
2010.06.18   25400 25800 25850 25100 136083
2010.06.21   25550 25800 25800 25000 130570
2010.06.22   25600 25550 25650 25000 95176
2010.06.23   25250 25300 25400 24800 132509
2010.06.24   25200 25200 25200 24300 206850
2010.06.25   24700 24700 25150 24600 64809
2010.06.28   24700 25050 25050 24400 68580
2010.06.29   24000 25000 25000 23550 144082
2010.06.30   24000 23250 24050 23200 84560
2010.07.01   24500 23800 24600 23300 113063
2010.07.02   25200 24500 25500 24350 356128
2010.07.05   25700 25300 26000 25050 353042
2010.07.06   26200 25950 26450 25350 320280
2010.07.07   26150 26400 26450 25650 159376
2010.07.08   25950 26300 26500 25700 161418
2010.07.09   25650 26100 26150 25200 189554
2010.07.12   25750 25550 25850 25300 124847
2010.07.13   25450 25750 26150 25350 149011
2010.07.14   25950 25950 27200 25800 562776
2010.07.15   25250 25950 25950 24550 322924
2010.07.16   24250 25500 25500 24250 189086
2010.07.19   23800 23600 24150 23600 143901
2010.07.20   23850 24000 24500 23850 127871
2010.07.21   23400 23850 24150 23250 175842
2010.07.22   22200 23200 23550 21400 360383
2010.07.23   21400 22200 22550 20700 322692
2010.07.26   22150 21550 22400 21550 132224
2010.07.27   22300 22550 22550 21650 123731
2010.07.28   21850 22450 22450 21750 58608
2010.07.29   21100 21750 22150 20700 208256
2010.07.30   20700 21000 21300 20200 151308
2010.08.02   21000 20750 21150 20750 75250
2010.08.03   20950 21050 21250 20400 160867
2010.08.04   20850 20950 21550 20500 164428
2010.08.05   21150 21500 21650 20950 167564
2010.08.06   21300 21100 21300 20500 79154
2010.08.09   21400 21200 21650 21000 75732
2010.08.10   21450 21350 21700 21350 69674
2010.08.11   20650 21450 21450 20600 73009
2010.08.12   20350 20200 20350 19500 132045
2010.08.13   20450 20100 20650 19500 79284
2010.08.16   20900 20350 21050 20200 63971
2010.08.17   21300 20600 21450 20600 69342
2010.08.18   21000 21500 21900 21000 134564
2010.08.19   21150 21000 21450 20950 66868
2010.08.20   20650 20500 20900 20500 73879
2010.08.23   19600 20600 20600 19500 236419
2010.08.24   19050 19500 19900 18650 148131
2010.08.25   18500 18700 18900 18300 127023
2010.08.26   18000 18450 18800 18000 132885
2010.08.27   17450 17700 17950 17200 150680
2010.08.30   18100 17750 18450 17650 171690
2010.08.31   18300 18050 18300 17700 152065
2010.09.01   18600 18750 18950 18500 214991
2010.09.02   18450 18800 19050 18450 103775
2010.09.03   19200 18550 19200 18550 136155
2010.09.06   19150 19550 19550 18900 150811
2010.09.07   18800 19050 19250 18750 81912
2010.09.08   18450 18700 18900 18350 52880
2010.09.09   18450 18550 18600 18200 65675
2010.09.10   19750 18550 19900 18500 272978
2010.09.13   20550 20000 20700 19700 263183
2010.09.14   20100 20400 20500 19900 121473
2010.09.15   20100 19900 20400 19800 111064
2010.09.16   20050 20100 20500 20050 85378
2010.09.17   20050 20150 20300 19850 61720
2010.09.20   20150 19750 20400 19750 40628
2010.09.24   20000 20300 20300 19750 42803
2010.09.27   19600 20150 20300 19350 118525
2010.09.28   19200 19400 19600 19150 75729
2010.09.29   19800 19100 19800 19100 74363
2010.09.30   19450 19800 19950 19400 51363
2010.10.01   20300 19500 20500 19500 157048
2010.10.04   20550 20700 21200 20450 173026
2010.10.05   20500 20500 20550 20000 74333
2010.10.06   21600 20700 21650 20600 344938
2010.10.07   21950 21750 22150 21500 258641
2010.10.08   21200 21650 21650 21200 129483
2010.10.11   20650 21300 21300 20600 128403
2010.10.12   21000 21150 21550 20750 125407
2010.10.13   20800 21300 21550 20700 78806
2010.10.14   20800 20900 21150 20600 92536
2010.10.15   22350 20800 22400 20800 447764
2010.10.18   23250 22700 23600 22400 496090
2010.10.19   22850 23050 23550 22550 294355
2010.10.20   23400 22450 23500 22350 262526
2010.10.21   23150 23850 23850 23150 213153
2010.10.22   22550 23050 23100 22300 181154
2010.10.25   22600 22550 22800 21950 127546
2010.10.26   22600 22800 23200 22550 149212
2010.10.27   22000 22850 22850 21750 217665
2010.10.28   21100 21950 22150 20950 212527
2010.10.29   21600 21100 21700 20900 164567
2010.11.01   21700 21850 22350 21500 256399
2010.11.02   21250 21850 22150 21150 117004
2010.11.03   21500 21300 21600 21200 103175
2010.11.04   22200 21650 22450 21600 272140
2010.11.05   21550 22500 22500 21400 161358
2010.11.08   21200 21500 21750 21100 80569
2010.11.09   21200 21100 21300 20850 78036
2010.11.10   21850 21150 21900 21000 156894
2010.11.11   21500 21750 21800 21400 74891
2010.11.12   20200 21450 21450 19800 287940
2010.11.15   19400 20200 20200 18650 245626
2010.11.16   19150 19800 19850 19100 160878
2010.11.17   19100 18600 19300 18500 96230
2010.11.18   19550 19200 19600 19200 46453
2010.11.19   19400 19800 19800 19350 51793
2010.11.22   19600 19500 19800 19300 80682
2010.11.23   20450 20400 21000 20200 308717
2010.11.24   20850 19700 20850 19300 209012
2010.11.25   20650 21050 21050 20300 95101
2010.11.26   19700 20550 20600 19200 139130
2010.11.29   19100 19450 19850 18850 79033
2010.11.30   19450 19050 19800 19050 73521
2010.12.01   19800 19450 19900 19250 44340
2010.12.02   19300 20100 20200 19150 116289
2010.12.03   19350 19500 19550 19200 45265
2010.12.06   19300 19400 19700 19150 109150
2010.12.07   19200 19500 19500 19000 79730
2010.12.08   19000 19250 19300 18900 83209
2010.12.09   19000 19050 19200 18900 85701
2010.12.10   20000 19400 20200 19200 254511
2010.12.13   19900 20100 20100 19600 119120
2010.12.14   20750 19950 20750 19950 300636
2010.12.15   20500 20550 20750 20250 174267
2010.12.16   21250 20400 21700 20400 548259
2010.12.17   21400 21250 21850 21000 210453
2010.12.20   20550 20900 21100 20350 211474
2010.12.21   20700 20800 21200 20600 166664
2010.12.22   20200 20650 20850 20200 147825
2010.12.23   20000 20250 20400 19650 120299
2010.12.24   20200 19950 20650 19900 76141
2010.12.27   19500 20450 20450 19350 104814
2010.12.28   19950 19400 20050 19400 68393
2010.12.29   20650 20000 20650 19900 89540
2010.12.30   21000 20650 21050 20450 125446
2011.01.03   20950 21050 21300 20800 158950
2011.01.04   21550 21250 21750 21100 310487
2011.01.05   21500 21500 21800 21050 179958
2011.01.06   22400 21950 23450 21700 677304
2011.01.07   21900 22450 22850 21850 262510
2011.01.10   21500 22050 22150 21400 143033
2011.01.11   21400 21500 21700 21250 124473
2011.01.12   20800 21500 21550 20650 348239
2011.01.13   21000 20900 21050 20700 161676
2011.01.14   21400 21250 21450 21050 164283
2011.01.17   20850 21650 21650 20850 143089
2011.01.18   20650 20450 21100 20400 118643
2011.01.19   20800 20650 21000 20450 98599
2011.01.20   20250 20600 20650 20200 145997
2011.01.21   19650 20250 20350 19550 123813
2011.01.24   19900 19550 19950 19500 71904
2011.01.25   19500 20000 20100 19450 148314
2011.01.26   19400 19450 19700 19300 123990
2011.01.27   19350 19450 19600 19150 123048
2011.01.28   19050 19350 19600 19000 97847
2011.01.31   18400 18800 18800 18400 131698
2011.02.01   18500 18450 19050 18350 140425
2011.02.07   18800 18900 19150 18650 80432
2011.02.08   18800 18900 19100 18600 98089
2011.02.09   18650 18800 19000 18500 63940
2011.02.10   18450 18500 18750 18450 62987
2011.02.11   18050 18400 18600 17900 102895
2011.02.14   17800 18150 18400 17500 95243
2011.02.15   17600 17550 18050 17350 105401
2011.02.16   18250 17650 18300 17450 127704
2011.02.17   17500 18300 18750 17500 170021
2011.02.18   17850 17550 18050 17400 74928
2011.02.21   17600 17850 18000 17400 104869
2011.02.22   18050 17300 18400 17300 270932
2011.02.23   18650 17800 18700 17650 209108
2011.02.24   18700 18750 19000 18500 153559
2011.02.25   18850 18600 18900 18100 128623
2011.02.28   17950 19050 19050 17950 102874
2011.03.02   17700 17700 18200 17600 43479
2011.03.03   18100 17700 18100 17700 42501
2011.03.04   18000 18400 18400 17850 44116
2011.03.07   17700 18000 18100 17700 49712
2011.03.08   18000 17700 18100 17550 39372
2011.03.09   17500 18200 18250 17400 146629
2011.03.10   16500 17400 17500 16500 190094
2011.03.11   16600 16300 16800 16300 87848
2011.03.14   15650 16050 16450 15400 169510
2011.03.15   14600 15300 15900 14050 249107
2011.03.16   14550 14600 14900 14000 214040
2011.03.17   15100 14300 15250 14000 190056
2011.03.18   15050 15200 15300 14750 173932
2011.03.21   16100 15150 16250 15150 158439
2011.03.22   16200 16100 16400 15850 77021
2011.03.23   16400 16250 16550 15800 76379
2011.03.24   16800 16200 17000 16200 117956
2011.03.25   16850 16850 16950 16500 75189
2011.03.28   16800 16800 16950 16650 39501
2011.03.29   16500 16800 16800 16500 42580
2011.03.30   16950 16700 17000 16250 64161
2011.03.31   17650 17000 17750 17000 112213
2011.04.01   17500 17800 17800 17400 47578
2011.04.04   17150 17500 17750 17150 119423
2011.04.05   17100 17000 17300 16900 59207
2011.04.06   17050 17100 17450 16900 44046
2011.04.07   16700 17000 17100 16700 47948
2011.04.08   16750 16700 16900 16550 35748
2011.04.11   16500 16650 16850 16450 66997
2011.04.12   16950 17000 17250 16750 101679
2011.04.13   16700 16950 17350 16500 68870
2011.04.14   16600 16600 17050 16550 58603
2011.04.15   16500 16600 16850 16400 63232
2011.04.18   16100 16550 16650 15750 103261
2011.04.19   15900 15900 16100 15700 73078
2011.04.20   17650 16000 17650 15850 255311
2011.04.21   18300 18250 19400 18200 841760
2011.04.22   17650 18200 18200 17300 254311
2011.04.25   17350 17450 18050 17350 107653
2011.04.26   16350 17300 17300 16350 158922
2011.04.27   16500 16600 16900 16350 84638
2011.04.28   16350 16550 17000 16050 112150
2011.04.29   15650 16400 16400 15550 100030
2011.05.02   16100 15650 16250 15650 65859
2011.05.03   15750 15950 16150 15650 55626
2011.05.04   15750 15750 15950 15650 36425
2011.05.06   15950 15700 16250 15700 70028
2011.05.09   15850 16050 16200 15850 26579
2011.05.11   15800 15850 16000 15600 40157
2011.05.12   15700 15550 15800 15350 44420
2011.05.13   16250 15800 16600 15600 127908
2011.05.16   15950 16350 16400 15800 95237
2011.05.17   15700 15800 16000 15400 47659
2011.05.18   15700 15700 15900 15550 37396
2011.05.19   14700 15750 15800 14700 90163
2011.05.20   15000 14700 15450 14650 50163
2011.05.23   14500 14800 15100 14500 42670
2011.05.24   14550 14200 14750 14200 35268
2011.05.25   14250 14500 14800 14150 35593
2011.05.26   14550 14350 14600 14250 53957
2011.05.27   14450 14650 14850 14450 31639
2011.05.30   14900 14450 14950 14450 43037
2011.05.31   14900 14700 14950 14600 37091
2011.06.01   14900 15000 15150 14750 31990
2011.06.02   14250 14400 14700 14250 32666
2011.06.03   14350 14300 14550 14150 51716
2011.06.07   14350 14600 14800 14350 30017
2011.06.08   14100 14300 14650 14050 42011
2011.06.09   14400 14200 14700 14200 37046
2011.06.10   14250 14500 14850 14250 30698
2011.06.13   13600 14150 14200 13350 52269
2011.06.14   13650 13300 13950 13300 41609
2011.06.15   13700 13650 13750 13300 53970
2011.06.16   13400 13400 13750 13300 42926
2011.06.17   13300 13550 13600 13150 46000
2011.06.20   12950 13300 13450 12800 56679
2011.06.21   13450 12900 13500 12900 53639
2011.06.22   13650 13600 13750 13450 38356
2011.06.23   13550 13500 13850 13400 24775
2011.06.24   14400 13500 14400 13500 78416
2011.06.27   14350 14300 14450 14000 34463
2011.06.28   14400 14400 14700 14150 38033
2011.06.29   14500 14800 14800 14400 26593
2011.06.30   14800 14600 14950 14300 56750
2011.07.01   14950 14800 15400 14800 71635
2011.07.04   15450 15150 15800 15150 65593
2011.07.05   15550 15450 15650 15150 37721
2011.07.06   15300 15600 15600 15100 37372
2011.07.07   15250 15500 15500 15100 32874
2011.07.08   15350 15300 15450 15100 28601
2011.07.11   15150 15150 15300 15050 33423
2011.07.12   14700 14850 15000 14550 32807
2011.07.13   14800 14700 14850 14600 46365
2011.07.14   15450 14950 15450 14600 94576
2011.07.15   15650 15550 15950 15500 86374
2011.07.18   15900 15600 15900 15450 76048
2011.07.19   16000 15900 16050 15700 68151
2011.07.20   15700 16250 16450 15700 75817
2011.07.21   15150 15550 15700 15150 73980
2011.07.22   15250 15150 15400 15000 73235
2011.07.25   14550 15250 15250 14550 79996
2011.07.26   14550 14500 14750 14450 41869
2011.07.27   14200 14550 14650 14050 119294
2011.07.28   14050 13950 14100 13750 91029
2011.07.29   13650 14000 14150 13550 66731
2011.08.01   14000 13950 14100 13650 82809
2011.08.02   13750 13850 14100 13500 86840
2011.08.03   13200 13500 13500 13150 72805
2011.08.04   13050 13100 13350 13000 73031
2011.08.05   11800 11450 12300 11450 124394
2011.08.08   10550 11250 11700 10200 103894
2011.08.09   9720 9200 9900 9000 216378
2011.08.10   10200 10400 10700 9950 179251
2011.08.11   10450 9500 10550 9500 74465
2011.08.12   10100 10900 11050 10100 103985
2011.08.16   10650 10600 10950 10500 113225
2011.08.17   11500 10700 11700 10600 156518
2011.08.18   10950 11500 11950 10700 128375
2011.08.19   9830 10300 10550 9620 108007
2011.08.22   9710 9630 10200 9570 67000
2011.08.23   10250 9820 10350 9800 65605
2011.08.24   10050 10400 10500 9870 55648
2011.08.25   9960 10300 10500 9900 47019
2011.08.26   9980 9850 10250 9850 32905
2011.08.29   10450 10250 10500 10000 65101
2011.08.30   10600 10600 10950 10400 66568
2011.08.31   10700 10550 10700 10450 31031
2011.09.01   10700 10800 11150 10500 112553
2011.09.02   10700 10750 10750 10500 30865
2011.09.05   10400 10500 10600 10050 49305
2011.09.06   10100 10050 10250 9950 38436
2011.09.07   10300 10200 10500 10100 38426
2011.09.08   10050 10500 10600 10050 42222
2011.09.09   10150 10000 10250 10000 40299
2011.09.14   9700 10150 10150 9600 37294
2011.09.15   9840 10000 10100 9600 24112
2011.09.16   10200 9950 10250 9840 59469
2011.09.19   9900 10300 10450 9880 43824
2011.09.20   9890 9800 10100 9700 24714
2011.09.21   10200 10000 10250 9900 56827
2011.09.22   9800 9900 10000 9740 49805
2011.09.23   9020 9500 9600 9000 53744
2011.09.26   8000 9080 9150 7890 115522
2011.09.27   8350 8100 8490 8090 64936
2011.09.28   8290 8360 8450 8240 47223
2011.09.29   8700 8290 8780 8070 39474
2011.09.30   9110 8710 9190 8710 39549
2011.10.04   8870 8250 8900 8250 24476
2011.10.05   8370 8900 8920 8300 24317
2011.10.06   8660 8990 9200 8600 22220
2011.10.07   8950 8800 9170 8800 30069
2011.10.10   9210 9000 9240 8960 36918
2011.10.11   9000 9400 9400 8910 77986
2011.10.12   9300 9000 9330 8910 44572
2011.10.13   9400 9400 9750 9300 59890
2011.10.14   9350 9500 9500 9120 23095
2011.10.17   9400 9700 9700 9300 53624
2011.10.18   9160 9140 9220 9050 51613
2011.10.19   9540 9210 9640 9110 60435
2011.10.20   9400 9540 10100 9310 143212
2011.10.21   9790 9470 9890 9450 42494
2011.10.24   10200 9900 10400 9860 126169
2011.10.25   10200 10400 10600 10000 101098
2011.10.26   9970 9950 10100 9750 69282
2011.10.27   10500 10100 10700 10100 137081
2011.10.28   10300 10850 10850 10200 111712
2011.10.31   10100 10400 10450 9980 70275
2011.11.01   10050 9860 10200 9860 48639
2011.11.02   10050 9740 10050 9660 51452
2011.11.03   9720 10050 10250 9720 55777
2011.11.04   10250 9950 10400 9920 92130
2011.11.07   11500 10350 11600 10200 390602
2011.11.08   10950 11900 11950 10950 256744
2011.11.09   11000 11150 11200 10700 91235
2011.11.10   9910 10350 10500 9910 153881
2011.11.11   10250 10150 10350 9950 107056
2011.11.14   10350 10400 10550 10300 83142
2011.11.15   9980 10200 10300 9960 67230
2011.11.16   9860 10200 10250 9850 92755
2011.11.17   10050 9970 10050 9750 37076
2011.11.18   9810 9830 9990 9750 53185
2011.11.21   9630 9700 9830 9440 51586
2011.11.22   9620 9360 9750 9360 39764
2011.11.23   9190 9570 9640 9180 40640
2011.11.24   9040 9010 9190 9010 44602
2011.11.25   8980 9020 9170 8600 73997
2011.11.28   9200 8970 9200 8970 24798
2011.11.29   9540 9340 9640 9290 38380
2011.11.30   9050 9640 9640 9050 62324
2011.12.01   9410 9480 9480 9300 43843
2011.12.02   9390 9500 9500 9270 40752
2011.12.05   9370 9420 9470 9330 25229
2011.12.06   9200 9370 9460 9170 27099
2011.12.07   9540 9260 9580 9230 44855
2011.12.08   9380 9540 9540 9000 26826
2011.12.09   9300 9360 9380 9200 30490
2011.12.12   10300 9400 10300 9360 125677
2011.12.13   10250 9950 10600 9950 167436
2011.12.14   10000 10400 10450 9970 74034
2011.12.15   9770 9930 9990 9710 29203
2011.12.16   9710 9850 9990 9600 35629
2011.12.19   9230 9730 9870 8640 137797
2011.12.20   9810 9250 9900 9250 90414
2011.12.21   10900 10000 11250 10000 917391
2011.12.22   11000 11000 11700 10950 545038
2011.12.23   11000 11250 11450 10750 169350
2011.12.26   11400 11250 11600 11150 155150
2011.12.27   10950 11450 11450 10900 122680
2011.12.28   11150 10950 11150 10750 70928
2011.12.29   11200 11100 11250 10900 65891
2012.01.02   11300 11450 11550 11050 119608
2012.01.03   11750 11500 11750 11200 258117
2012.01.04   11400 11750 11750 11300 170243
2012.01.05   11400 11550 11900 11350 145355
2012.01.06   10850 11450 11450 10700 146083
2012.01.09   11350 10800 11400 10650 138654
2012.01.10   11700 11400 12150 11400 268349
2012.01.11   12750 11850 13400 11500 642132
2012.01.12   12750 12950 13150 12400 228258
2012.01.13   13300 12750 13600 12750 399451
2012.01.16   13100 13200 13400 12800 193170
2012.01.17   13100 13550 14800 13100 1248938
2012.01.18   12400 13100 13100 12400 354684
2012.01.19   12850 12550 13250 12500 303385
2012.01.20   12350 12850 13100 12350 147037
2012.01.25   12250 12300 12800 12250 90418
2012.01.26   12600 12400 12850 12400 86780
2012.01.27   12750 12600 12850 12500 60058
2012.01.30   13050 12750 13050 12300 143436
2012.01.31   13000 13350 13350 12800 106199
2012.02.01   12850 13000 13000 12600 110077
2012.02.02   12750 12950 12950 12600 112240
2012.02.03   12500 12750 12800 12450 99933
2012.02.06   11900 12400 12750 11750 161975
2012.02.07   11750 12000 12100 11600 114251
2012.02.08   11900 11800 12300 11800 121837
2012.02.09   12100 12050 12200 11900 65301
2012.02.10   12100 12150 12200 11950 50339
2012.02.13   11800 12150 12150 11800 98716
2012.02.14   11600 11900 11900 11500 135823
2012.02.15   11600 11600 11750 11500 65746
2012.02.16   12050 11600 12400 11600 207937
2012.02.17   12050 12200 12300 11900 111217
2012.02.20   12100 12200 12350 12000 75816
2012.02.21   12200 12100 12350 12000 112265
2012.02.22   11800 12350 12350 11700 143223
2012.02.23   11350 11800 11800 11250 179528
2012.02.24   11000 11350 11450 10850 212171
2012.02.27   10600 11000 11050 10500 170338
2012.02.28   10900 10450 11050 10450 146435
2012.02.29   10900 10950 11050 10800 68858
2012.03.02   11100 10900 11300 10900 103930
2012.03.05   10950 11100 11150 10900 47100
2012.03.06   10850 10950 11000 10550 71754
2012.03.07   10750 10500 10850 10500 58242
2012.03.08   10900 10750 11000 10750 40483
2012.03.09   10850 10950 11050 10750 35964
2012.03.12   10750 10850 10900 10650 37384
2012.03.13   10900 10700 11050 10700 77570
2012.03.14   10750 11000 11000 10750 46451
2012.03.15   10800 10800 11000 10750 52433
2012.03.16   11000 10950 11200 10900 95561
2012.03.19   11550 11100 11600 11050 207539
2012.03.20   11550 11500 11750 11250 174164
2012.03.21   11700 11600 11800 11500 94800
2012.03.22   11500 11600 11950 11500 115032
2012.03.23   11700 11400 11700 11400 48383
2012.03.26   11500 11650 11850 11500 39918
2012.03.27   11500 11500 11650 11100 57343
2012.03.28   11300 11400 11550 11150 45201
2012.03.29   10900 11300 11400 10750 51738
2012.03.30   11000 10800 11250 10750 28683
2012.04.02   11000 11000 11100 10950 15316
2012.04.03   11000 11100 11300 10900 61018
2012.04.04   11000 11000 11200 10600 52342
2012.04.05   10800 11000 11000 10600 33531
2012.04.06   10550 10700 10850 10500 20623
2012.04.09   9900 10550 10550 9900 69255
2012.04.10   9900 9900 10000 9860 21793
2012.04.12   9710 9800 9800 9660 19150
2012.04.13   10050 10000 10150 9740 30554
2012.04.16   10000 9800 10000 9800 16175
2012.04.17   10150 9990 10200 9940 29379
2012.04.18   10350 10250 10350 10100 15641
2012.04.19   10050 10200 10400 10000 25730
2012.04.20   9910 9980 10050 9900 14163
2012.04.23   9910 9900 10100 9860 21310
2012.04.24   9800 9870 9870 9660 19262
2012.04.25   9660 9760 9880 9610 18670
2012.04.26   9470 9660 9890 9310 27768
2012.04.27   9450 9470 9600 9350 16881
2012.04.30   9410 9320 9530 9320 20884
2012.05.02   9450 9500 9580 9300 24229
2012.05.03   9560 9420 9600 9420 12951
2012.05.04   9640 9820 9820 9560 8976
2012.05.07   9400 9430 9530 9300 12160
2012.05.08   9650 9450 9660 9330 22175
2012.05.09   9600 9600 9900 9460 28045
2012.05.10   9470 9600 9750 9320 19457
2012.05.11   9260 9550 9560 9170 22105
2012.05.14   9070 9170 9290 9000 24781
2012.05.15   8750 8990 9030 8720 40435
2012.05.16   8400 8750 8750 8400 32681
2012.05.17   8410 8250 8510 8250 17751
2012.05.18   7980 8300 8300 7940 29060
2012.05.21   8040 8080 8190 7950 12982
2012.05.22   8330 8050 8380 8050 19828
2012.05.23   8300 8330 8460 8210 9767
2012.05.24   8300 8210 8340 8210 2627
2012.05.25   8410 8510 8510 8290 9413
2012.05.29   8460 8420 8520 8370 5967
2012.05.30   8500 8550 8550 8350 5614
2012.05.31   8490 8390 8490 8320 9568
2012.06.01   8470 8530 8530 8360 2794
2012.06.04   8000 8300 8300 8000 13468
2012.06.05   8010 8000 8140 7990 22322
2012.06.07   8150 8200 8280 8060 16420
2012.06.08   8070 8080 8160 8020 15891
2012.06.11   8190 8070 8290 8070 14674
2012.06.12   8180 8140 8200 8060 8594
2012.06.13   8250 8180 8290 8150 6336
2012.06.14   8080 8300 8460 8050 28088
2012.06.15   8000 8100 8140 7990 15062
2012.06.18   8250 8150 8310 8110 23534
2012.06.19   8500 8250 8580 8250 27879
2012.06.20   8650 8690 8790 8570 29657
2012.06.21   8610 8730 8750 8520 11286
2012.06.22   8510 8400 8610 8370 3670
2012.06.25   8440 8510 8520 8380 4088
2012.06.26   8400 8440 8500 8350 30098
2012.06.27   8340 8390 8390 8210 18676
2012.06.28   8340 8340 8390 8300 19340
2012.06.29   8450 8540 8540 8310 18078
2012.07.02   8480 8640 8640 8420 25160
2012.07.03   8510 8500 8620 8410 23843
2012.07.04   8550 8640 8640 8540 19027
2012.07.05   8610 8480 8620 8480 12182
2012.07.06   8590 8580 8650 8540 11683
2012.07.09   8480 8550 8570 8480 8349
2012.07.10   8490 8420 8530 8400 8831
2012.07.11   8490 8530 8550 8330 10877
2012.07.12   8400 8560 8560 8400 14183
2012.07.13   8280 8400 8450 8030 19437
2012.07.16   8170 8310 8480 8150 13175
2012.07.17   8280 8200 8330 8110 14619
2012.07.18   8400 8210 8580 8210 34679
2012.07.19   8900 8490 9060 8490 73388
2012.07.20   8900 9050 9150 8850 31768
2012.07.23   8730 8820 8820 8660 17306
2012.07.24   8460 8570 8720 8340 26863
2012.07.25   8210 8290 8350 8120 13835
2012.07.26   8180 8280 8280 8150 16376
2012.07.27   8330 8350 8430 8240 6676
2012.07.30   8420 8350 8450 8260 14406
2012.07.31   8590 8330 8600 8330 14803
2012.08.01   8550 8570 8750 8410 9603
2012.08.02   8540 8500 8600 8470 11131
2012.08.03   8400 8500 8500 8340 10948
2012.08.06   8420 8680 8680 8380 42860
2012.08.07   8290 8500 8500 8280 35324
2012.08.08   8290 8350 8350 8250 31275
2012.08.09   8300 8350 8350 8250 17158
2012.08.10   8320 8280 8400 8250 33861
2012.08.13   8350 8400 8400 8200 27492
2012.08.14   8260 8400 8400 8250 31468
2012.08.16   8140 8220 8290 8080 80478
2012.08.17   8140 8200 8230 8080 35975
2012.08.20   8160 8200 8250 8150 47072
2012.08.21   8330 8160 8370 8140 50859
2012.08.22   8340 8330 8390 8250 40338
2012.08.23   8680 8350 8870 8350 102592
2012.08.24   8650 8600 8800 8550 72658
2012.08.27   8470 8730 8750 8470 58074
2012.08.28   8470 8560 8560 8390 61862
2012.08.29   9020 8580 9050 8520 138261
2012.08.30   9050 9200 9310 9000 144120
2012.08.31   8950 9050 9080 8860 84432
2012.09.03   9240 9080 9310 8940 76176
2012.09.04   9110 9270 9440 9110 51081
2012.09.05   8910 9120 9160 8910 36164
2012.09.06   8950 8910 9050 8800 42883
2012.09.07   8950 9050 9190 8940 27580
2012.09.10   8900 9000 9090 8860 29600
2012.09.11   8840 8890 9000 8710 38300
2012.09.12   8900 8880 9070 8860 28006
2012.09.13   8980 9000 9070 8950 27447
2012.09.14   9080 9060 9320 9020 69897
2012.09.17   8950 9240 9240 8950 34612
2012.09.18   8890 8940 9000 8800 44851
2012.09.19   8860 8890 8890 8770 47343
2012.09.20   8840 8860 8980 8820 21197
2012.09.21   8840 8850 8940 8660 47858
2012.09.24   8790 8840 8890 8730 28011
2012.09.25   8700 8820 8840 8690 15331
2012.09.26   8690 8690 8800 8590 21321
2012.09.27   8890 8750 8890 8560 24557
2012.09.28   9050 8950 9150 8900 27848
2012.10.02   9040 9050 9180 8930 26003
2012.10.04   9020 9100 9150 8920 25344
2012.10.05   8890 9100 9100 8870 38919
2012.10.08   8780 8890 8950 8780 47094
2012.10.09   8770 8730 8800 8690 46752
2012.10.10   8660 8760 8760 8620 26246
2012.10.11   8670 8660 8780 8600 20168
2012.10.12   8750 8620 8900 8610 28489
2012.10.15   8800 8840 8840 8710 86867
2012.10.16   8780 8900 8960 8740 32268
2012.10.17   8900 8820 9000 8760 41981
2012.10.18   8620 8910 8960 8620 60868
2012.10.19   8420 8620 8620 8320 47054
2012.10.22   8340 8190 8360 8180 30634
2012.10.23   8200 8350 8390 8100 35871
2012.10.24   8090 8170 8170 8050 22149
2012.10.25   8120 8100 8310 8090 29259
2012.10.26   7860 8200 8200 7860 38135
2012.10.29   7430 7820 7920 7410 49066
2012.10.30   7410 7340 7640 7330 27788
2012.10.31   7270 7420 7500 7250 26158
2012.11.01   7030 7250 7250 6990 47341
2012.11.02   7130 7100 7230 7050 20808
2012.11.05   7060 7100 7150 7000 35650
2012.11.06   7250 7070 7250 7060 16362
2012.11.07   7350 7250 7390 7180 16879
2012.11.08   7290 7280 7330 7150 10313
2012.11.09   7190 7240 7250 7090 12086
2012.11.12   7450 7190 7690 7160 23251
2012.11.13   7460 7500 7510 7360 24930
2012.11.14   7490 7500 7550 7360 13008
2012.11.15   7230 7350 7380 7100 17002
2012.11.16   7280 7300 7300 7120 12926
2012.11.19   7490 7300 7550 7280 6938
2012.11.20   7420 7450 7520 7360 7845
2012.11.21   7300 7420 7440 7250 7642
2012.11.22   7250 7260 7390 7190 25088
2012.11.23   7270 7290 7290 7110 5772
2012.11.26   7170 7410 7410 7080 14649
2012.11.27   6990 7260 7260 6950 36833
2012.11.28   6920 7000 7000 6890 12265
2012.11.29   6890 6920 7090 6850 26729
2012.11.30   6880 7000 7000 6830 21787
2012.12.03   6860 6830 7020 6830 11716
2012.12.04   6860 6820 6970 6820 16619
2012.12.05   6840 6820 6920 6820 12602
2012.12.06   6850 6920 6930 6830 13581
2012.12.07   7000 6870 7090 6870 27026
2012.12.10   7040 7000 7110 6960 12610
2012.12.11   7040 7010 7160 7010 12002
2012.12.12   6980 7100 7100 6980 15395
2012.12.13   7020 7000 7050 6950 12604
2012.12.14   7400 7050 7400 7050 57264
2012.12.17   7280 7320 7450 7270 11208
2012.12.18   7350 7370 7430 7260 18888
2012.12.20   7340 7300 7380 7290 8519
2012.12.21   7260 7250 7380 7150 14747
2012.12.24   7290 7300 7380 7200 24141
2012.12.26   7250 7300 7380 7220 18299
2012.12.27   7240 7150 7270 7150 15771
2012.12.28   7290 7180 7400 7180 8453
2013.01.02   7410 7300 7410 7250 21706
2013.01.03   7430 7420 7550 7390 22357
2013.01.04   7470 7410 7500 7350 17611
2013.01.07   7490 7540 7600 7450 14111
2013.01.08   7550 7400 7580 7400 13785
2013.01.09   7620 7550 7630 7500 23005
2013.01.10   7620 7600 7700 7530 15723
2013.01.11   7640 7620 7820 7600 29498
2013.01.14   7530 7640 7640 7440 13613
2013.01.15   7260 7450 7510 7260 50623
2013.01.16   7330 7280 7330 7150 26303
2013.01.17   7330 7360 7500 7210 6259
2013.01.18   7390 7330 7440 7320 12123
2013.01.21   7370 7400 7520 7250 19520
2013.01.22   7440 7330 7510 7230 21407
2013.01.23   7430 7410 7460 7320 14340
2013.01.24   7390 7490 7490 7300 20997
2013.01.25   7230 7300 7350 7200 28612
2013.01.28   7220 7270 7340 7150 13737
2013.01.29   7180 7220 7280 7180 19991
2013.01.30   7100 7140 7280 7100 14717
2013.01.31   7110 7170 7190 7100 5815
2013.02.01   7110 7250 7250 7030 5396
2013.02.04   7110 7060 7250 7060 6245
2013.02.05   7070 7180 7180 6940 12712
2013.02.06   7040 7020 7100 7010 15970
2013.02.07   7040 7160 7160 6940 11570
2013.02.08   7050 7080 7130 6960 17982
2013.02.12   7090 7010 7130 6950 9088
2013.02.13   7110 7100 7150 7000 11007
2013.02.14   7140 7100 7150 7040 16817
2013.02.15   7290 7180 7300 7140 31994
2013.02.18   7290 7280 7290 7210 11845
2013.02.19   7290 7300 7390 7240 7442
2013.02.20   7360 7340 7370 7210 36445
2013.02.21   7430 7360 7430 7250 41010
2013.02.22   7620 7430 7800 7360 69444
2013.02.25   7650 7650 7740 7600 20345
2013.02.26   7800 7630 7990 7550 77760
2013.02.27   7710 7700 7970 7700 19380
2013.02.28   7950 7890 8000 7760 51140
2013.03.04   7900 7970 7990 7780 22930
2013.03.05   7850 7900 7930 7750 23802
2013.03.06   7850 7890 7890 7790 10575
2013.03.07   7790 7890 8050 7790 31047
2013.03.08   7660 7700 7760 7520 39841
2013.03.11   7600 7660 7700 7560 17100
2013.03.12   7630 7720 7720 7590 24186
2013.03.13   7710 7590 7970 7590 41576
2013.03.14   7740 7850 7850 7700 19152
2013.03.15   7770 7800 7910 7700 27297
2013.03.18   7690 7770 7830 7520 25000
2013.03.19   7830 7750 7880 7670 22560
2013.03.20   7990 7830 8080 7780 50622
2013.03.21   7910 7990 8080 7860 16403
2013.03.22   7900 7920 8050 7880 32331
2013.03.25   7890 7900 8000 7880 24824
2013.03.26   8030 7820 8050 7820 34004
2013.03.27   7990 8060 8060 7940 10656
2013.03.28   8020 8030 8050 7940 15091
2013.03.29   7990 8000 8090 7910 42739
2013.04.01   8040 7970 8070 7970 15124
2013.04.02   8040 7980 8120 7980 35872
2013.04.03   8130 8040 8140 7980 42391
2013.04.04   8240 8120 8240 7940 65992
2013.04.05   8000 8200 8280 8000 36665
2013.04.08   8070 8090 8190 7960 47650
2013.04.09   8020 7950 8140 7380 43623
2013.04.10   8000 8020 8100 7970 32689
2013.04.11   8040 8010 8130 7900 26567
2013.04.12   8070 8010 8100 7950 27289
2013.04.15   8000 8010 8160 7980 21228
2013.04.16   7950 7930 8000 7820 23553
2013.04.17   7820 7980 7980 7800 25115
2013.04.18   7890 7750 7920 7750 15893
2013.04.19   8000 8030 8030 7830 18843
2013.04.22   7950 8100 8100 7860 8036
2013.04.23   7950 7850 8000 7850 26671
2013.04.24   8190 8000 8190 7900 44741
2013.04.25   8370 8190 8440 8190 32213
2013.04.26   8600 8380 8680 8380 58796
2013.04.29   8540 8630 8730 8490 25272
2013.04.30   8470 8510 8630 8460 15899
2013.05.02   8700 8480 8730 8400 29259
2013.05.03   8820 8720 8950 8700 49957
2013.05.06   8790 8930 8930 8740 8272
2013.05.07   8830 8830 8900 8700 31154
2013.05.08   8680 8800 8890 8660 30501
2013.05.09   8730 8950 8950 8650 12925
2013.05.10   8790 8880 8890 8690 19070
2013.05.13   8600 8820 8820 8580 13299
2013.05.14   8650 8640 8750 8500 22530
2013.05.15   8610 8790 8790 8610 15571
2013.05.16   8730 8770 8770 8550 6776
2013.05.20   8650 8610 8740 8610 57380
2013.05.21   8710 8590 8750 8590 20048
2013.05.22   8720 8750 8790 8690 17382
2013.05.23   8860 8770 8900 8620 18011
2013.05.24   8840 8890 8890 8700 16125
2013.05.27   9050 8810 9100 8790 29845
2013.05.28   9050 9050 9230 8900 40010
2013.05.29   8980 9050 9100 8940 28180
2013.05.30   8960 8950 9030 8830 26321
2013.05.31   8900 9000 9000 8860 22891
2013.06.03   8900 8900 8920 8760 32092
2013.06.04   8810 8900 8950 8690 29341
2013.06.05   8670 8920 8920 8660 23075
2013.06.07   8490 8700 8860 8200 59077
2013.06.10   8460 8490 8620 8450 19297
2013.06.11   8550 8420 8550 8270 32085
2013.06.12   8440 8330 8550 8330 16266
2013.06.13   8390 8350 8440 8300 18069
2013.06.14   8260 8350 8470 8180 41669
2013.06.17   7900 8150 8290 7900 32700
2013.06.18   7650 7650 7940 7640 35122
2013.06.19   7600 7660 7770 7580 15184
2013.06.20   7500 7500 7650 7310 24564
2013.06.21   7230 7200 7350 6580 24496
2013.06.24   7120 7250 7250 7010 6531
2013.06.25   6820 6990 7120 6380 59178
2013.06.26   6800 6650 6880 6650 17356
2013.06.27   7020 6860 7100 6860 11398
2013.06.28   6910 7040 7170 6910 21417
2013.07.01   7000 6950 7180 6950 15936
2013.07.02   7150 7010 7200 6980 11649
2013.07.03   7130 7270 7270 7000 9616
2013.07.04   7150 7200 7200 6980 9240
2013.07.05   7150 7200 7250 7100 13612
2013.07.08   7030 7280 7280 6930 6019
2013.07.09   7070 7090 7150 7000 2854
2013.07.10   6950 7100 7150 6880 6591
2013.07.11   7080 6950 7090 6950 8166
2013.07.12   7040 7150 7150 6980 7217
2013.07.15   7090 7010 7150 7010 1766
2013.07.16   6980 7200 7200 6980 11104
2013.07.17   7100 7020 7170 6960 3890
2013.07.18   7340 7080 7340 7040 18347
2013.07.19   7390 7370 7480 7190 33300
2013.07.22   7400 7400 7450 7250 12813
2013.07.23   7440 7400 7560 7260 19824
2013.07.24   7550 7410 7600 7310 19553
2013.07.25   7370 7560 7560 7330 15043
2013.07.26   7100 7370 7380 7100 27630
2013.07.29   7000 7050 7140 6900 31767
2013.07.30   7030 7000 7050 6970 16286
2013.07.31   7040 7040 7150 6990 7750
2013.08.01   7160 7000 7280 7000 13229
2013.08.02   7000 7170 7260 6970 27395
2013.08.05   7300 7010 7400 7010 28096
2013.08.06   7290 7310 7330 7160 11114
2013.08.07   7340 7170 7450 7170 12122
2013.08.08   7350 7340 7490 7250 32182
2013.08.09   7480 7340 7540 7310 27033
2013.08.12   7460 7500 7540 7310 30189
2013.08.13   7380 7490 7520 7310 11575
2013.08.14   7460 7380 7500 7320 19063
2013.08.16   7290 7460 7500 7290 26557
2013.08.19   7180 7300 7470 7170 29567
2013.08.20   7050 7150 7340 7000 24067
2013.08.21   7100 7050 7120 6980 12424
2013.08.22   7040 7060 7100 6930 9379
2013.08.23   7070 7000 7090 7000 3521
2013.08.26   7110 7010 7110 7010 6220
2013.08.27   7100 7030 7110 7000 4404
2013.08.28   7000 7040 7040 6940 10795
2013.08.29   7070 7000 7070 6920 31180
2013.08.30   7100 7100 7130 6970 37439
2013.09.02   7080 7100 7100 7000 15858
2013.09.03   7050 7090 7120 6970 22332
2013.09.04   7040 7050 7080 7000 18503
2013.09.05   7070 7020 7070 6980 20058
2013.09.06   7120 7040 7150 7020 32091
2013.09.09   7100 7090 7120 7040 11584
2013.09.10   7150 7100 7190 7070 31939
2013.09.11   7250 7150 7290 7150 48003
2013.09.12   7320 7270 7370 7240 56226
2013.09.13   7300 7320 7360 7240 24794
2013.09.16   7300 7300 7310 7210 14081
2013.09.17   7300 7300 7330 7200 15667
2013.09.23   7350 7310 7350 7210 31212
2013.09.24   7350 7350 7450 7260 20503
2013.09.25   7340 7350 7370 7280 14705
2013.09.26   7330 7300 7340 7270 18440
2013.09.27   7340 7330 7400 7330 14015
2013.09.30   7240 7420 7420 7240 19163
2013.10.01   7200 7240 7300 7100 32852
2013.10.02   7180 7300 7300 7140 12416
2013.10.04   7070 7160 7190 7060 17112
2013.10.07   7090 7070 7100 6970 13776
2013.10.08   7050 7020 7090 7000 9386
2013.10.10   7080 7050 7080 7000 9186
2013.10.11   7120 7080 7140 7060 12318
2013.10.14   7180 7100 7190 7090 13471
2013.10.15   7130 7150 7210 7100 15649
2013.10.16   7120 7130 7150 7030 10548
2013.10.17   7100 7170 7170 7000 14350
2013.10.18   7050 7120 7120 7000 12975
2013.10.21   7010 7050 7060 6900 19936
2013.10.22   7070 6950 7090 6950 12561
2013.10.23   6990 7070 7120 6800 24443
2013.10.24   6970 7000 7020 6840 16966
2013.10.25   7000 6970 7040 6900 9322
2013.10.28   7000 7010 7040 6950 6823
2013.10.29   6940 7000 7010 6890 7669
2013.10.30   6950 6950 6960 6890 6021
2013.10.31   7080 6950 7090 6950 50145
2013.11.01   7090 7080 7320 7070 39898
2013.11.04   7070 7100 7180 7050 7916
2013.11.05   6990 7020 7120 6960 15758
2013.11.06   7000 7070 7070 6920 11269
2013.11.07   6920 6930 7000 6850 15382
2013.11.08   6870 6920 6920 6790 7947
2013.11.11   6580 6850 6930 6550 15572
2013.11.12   6570 6580 6700 6500 14798
2013.11.13   6300 6510 6580 6290 24716
2013.11.14   6410 6300 6420 6300 10069
2013.11.15   6400 6370 6450 6340 10305
2013.11.18   6380 6500 6600 6300 6291
2013.11.19   6370 6390 6390 6300 9194
2013.11.20   6270 6270 6360 6250 8707
2013.11.21   6270 6270 6300 6200 8000
2013.11.22   6480 6250 6490 6250 12499
2013.11.25   6590 6500 6680 6500 13303
2013.11.26   6600 6600 6600 6500 5086
2013.11.27   6520 6600 6600 6440 3702
2013.11.28   6500 6520 6530 6420 2812
2013.11.29   6470 6440 6500 6300 5454
2013.12.02   6430 6470 6480 6270 7956
2013.12.03   6430 6320 6470 6300 4421
2013.12.04   6360 6400 6400 6300 906
2013.12.05   6330 6370 6370 6250 3875
2013.12.06   6190 6280 6310 6100 8255
2013.12.09   5950 6180 6180 5950 20572
2013.12.10   5880 5820 6040 5760 17708
2013.12.11   5810 5800 6030 5800 5656
2013.12.12   5870 5720 6000 5720 6223
2013.12.13   6000 5750 6050 5750 5170
2013.12.16   5980 6100 6100 5850 1923
2013.12.17   5970 5820 5980 5820 5108
2013.12.18   6040 5960 6070 5910 2619
2013.12.19   6030 6090 6140 5880 3045
2013.12.20   5990 6000 6000 5910 1787
2013.12.23   5880 5990 6030 5880 2010
2013.12.24   5880 5880 5880 5820 5007
2013.12.26   5990 5870 6000 5790 8411
2013.12.27   5850 5800 5910 5800 14011
2013.12.30   6010 5820 6010 5820 6690
2014.01.02   6000 6000 6050 5930 5739
2014.01.03   5950 6000 6020 5850 5348
2014.01.06   5950 5950 5950 5820 1501
2014.01.07   6020 5990 6020 5910 2596
2014.01.08   6030 6050 6050 5990 11745
2014.01.09   6100 6050 6200 6050 3677
2014.01.10   6080 6100 6230 6000 6486
2014.01.13   6090 6140 6210 5990 10056
2014.01.14   5980 6090 6170 5980 3626
2014.01.15   6050 5920 6050 5890 7970
2014.01.16   6050 6070 6140 5990 7838
2014.01.17   6070 6050 6190 5990 18805
2014.01.20   6100 6070 6100 6000 7665
2014.01.21   6000 6140 6140 5900 25801
2014.01.22   6000 5960 6020 5910 2205
2014.01.23   5990 6000 6000 5900 7994
2014.01.24   5970 6000 6000 5830 4779
2014.01.27   5900 5620 5990 5610 10825
2014.01.28   5900 5880 5930 5800 2826
2014.01.29   6000 5930 6050 5870 6489
2014.02.03   6000 6050 6050 5950 3577
2014.02.04   6000 6000 6050 5930 7456
2014.02.05   6060 6090 6090 6000 3252
2014.02.06   6080 6140 6140 6020 32360
2014.02.07   6200 6120 6210 6080 13056
2014.02.10   6200 6200 6240 6190 4977
2014.02.11   6180 6090 6190 6090 6615
2014.02.12   6440 6140 6440 6140 20936
2014.02.13   6380 6400 6440 6310 23710
2014.02.14   6450 6450 6470 6350 7923
2014.02.17   6420 6490 6520 6390 6012
2014.02.18   6460 6360 6490 6360 7438
2014.02.19   6600 6430 6740 6370 26502
2014.02.20   6620 6600 6740 6500 17424
2014.02.21   6770 6620 6810 6590 14126
2014.02.24   6590 6740 6800 6540 9639
2014.02.25   6630 6560 6690 6540 24662
2014.02.26   6870 6630 6930 6620 47892
2014.02.27   6870 6880 6940 6760 18580
2014.02.28   6740 6900 6900 6720 6348
2014.03.03   6550 6740 6740 6520 16609
2014.03.04   6710 6550 6710 6410 8499
2014.03.05   6720 6710 6840 6680 7788
2014.03.06   6690 6680 6830 6580 10830
2014.03.07   6670 6690 6690 6590 17705
2014.03.10   6660 6610 6680 6590 9449
2014.03.11   6580 6680 6680 6550 14802
2014.03.12   6600 6520 6700 6490 4701
2014.03.13   6560 6600 6600 6470 7578
2014.03.14   6370 6560 6560 6360 14408
2014.03.17   6300 6320 6400 6300 6840
2014.03.18   6310 6290 6400 6260 8712
2014.03.19   6400 6400 6450 6300 16799
2014.03.20   6360 6400 6460 6300 3177
2014.03.21   6440 6360 6460 6300 17285
2014.03.24   6480 6420 6540 6420 3387
2014.03.25   6380 6380 6450 6330 5556
2014.03.26   6430 6400 6480 6380 5793
2014.03.27   6400 6450 6450 6300 10023
2014.03.28   6430 6420 6450 6390 7138
2014.03.31   6430 6430 6490 6390 6829
2014.04.01   6500 6450 6540 6400 11283
2014.04.02   6540 6560 6560 6480 7401
2014.04.03   6680 6560 6690 6500 13509
2014.04.04   6530 6680 6780 6470 26377
2014.04.07   6620 6530 6800 6420 16229
2014.04.08   6660 6610 6750 6550 4009
2014.04.09   6650 6630 6660 6540 3882
2014.04.10   6520 6620 6650 6500 7159
2014.04.11   6640 6520 6640 6460 3867
2014.04.14   6930 6640 6960 6640 54915
2014.04.15   6850 6860 6930 6820 9815
2014.04.16   6900 6850 6920 6760 10395
2014.04.17   6890 6910 6950 6730 17547
2014.04.18   6870 6910 6910 6820 7188
2014.04.21   6770 6830 6880 6710 6673
2014.04.22   6670 6760 6790 6650 4197
2014.04.23   6750 6710 6790 6660 10212
2014.04.24   6740 6770 6770 6580 12109
2014.04.25   6670 6710 6740 6520 19117
2014.04.28   6580 6610 6790 6440 23312
2014.04.29   6450 6630 6630 6440 14278
2014.04.30   6490 6440 6500 6350 19175
2014.05.02   6450 6480 6480 6320 15599
2014.05.07   6260 6430 6430 6260 4395
2014.05.08   6240 6290 6330 6240 5613
2014.05.09   6300 6340 6340 6180 4198
2014.05.12   6300 6300 6350 6200 2197
2014.05.13   6870 6230 7240 6230 446965
2014.05.14   6630 7050 7050 6590 131824
2014.05.15   6600 6630 6700 6450 63237
2014.05.16   6500 6660 6660 6400 35201
2014.05.19   6300 6550 6550 6240 37073
2014.05.20   6150 6380 6380 6060 23892
2014.05.21   6110 6100 6150 6040 13508
2014.05.22   6110 6130 6200 6090 13422
2014.05.23   6110 6110 6160 6090 7327
2014.05.26   6040 6150 6150 6000 17993
2014.05.27   6090 6040 6160 5990 13303
2014.05.28   6180 6090 6180 5990 28534
2014.05.29   6180 6180 6190 6100 2098
2014.05.30   6090 6180 6190 6050 6460
2014.06.02   6000 6080 6130 6000 14249
2014.06.03   6050 6430 6430 6050 32485
2014.06.05   6000 6070 6120 5990 16852
2014.06.09   6000 6000 6120 5900 5314
2014.06.10   5940 5970 6080 5870 21630
2014.06.11   5900 6040 6050 5850 8571
2014.06.12   5910 5900 5940 5880 12311
2014.06.13   5990 5930 5990 5870 4791
2014.06.16   6080 5930 6090 5930 9959
2014.06.17   6040 6090 6100 5950 10772
2014.06.18   5960 6080 6080 5900 7545
2014.06.19   5860 5970 6040 5860 9577
2014.06.20   6000 6050 6050 5910 1013
2014.06.23   5990 6070 6070 5960 1964
2014.06.24   5890 6060 6060 5840 10918
2014.06.25   5740 6000 6000 5740 10105
2014.06.26   5790 5980 5980 5740 6758
2014.06.27   5830 5860 5930 5750 4079
2014.06.30   5860 5920 5920 5750 4848
2014.07.01   5860 5900 5970 5750 8709
2014.07.02   5920 5900 5920 5800 3064
2014.07.03   5940 5950 5960 5870 15883
2014.07.04   5910 5920 6000 5790 17299
2014.07.07   5840 5900 5900 5770 11326
2014.07.08   5850 5890 5890 5750 11761
2014.07.09   5850 5670 5850 5670 18016
2014.07.10   5910 5850 5920 5770 15534
2014.07.11   5940 5930 5970 5800 5515
2014.07.14   5960 5990 6030 5810 10560
2014.07.15   5950 5990 5990 5850 6130
2014.07.16   5910 6000 6000 5820 10624
2014.07.17   5920 5970 5970 5860 2643
2014.07.18   5920 5950 5950 5850 5608
2014.07.21   5910 5940 5950 5850 11954
2014.07.22   5890 5910 5930 5790 21724
2014.07.23   5840 5930 5930 5800 9291
2014.07.24   5830 5900 5900 5700 15851
2014.07.25   5800 5880 5880 5720 1638
2014.07.28   5700 5800 5830 5700 16805
2014.07.29   5540 5790 5790 5490 18703
2014.07.30   5540 5490 5590 5390 26645
2014.07.31   5550 5650 5650 5280 56720
2014.08.01   5560 5550 5600 5440 1774
2014.08.04   5570 5610 5610 5450 3951
2014.08.05   5550 5570 5640 5500 10238
2014.08.06   5600 5620 5620 5510 2110
2014.08.07   5590 5620 5620 5530 1205
2014.08.08   5590 5670 5670 5520 7250
2014.08.11   5480 5650 5740 5310 8184
2014.08.12   5420 5490 5530 5410 10406
2014.08.13   5440 5430 5570 5370 2001
2014.08.14   5400 5520 5520 5370 7088
2014.08.18   5390 5480 5490 5300 8251
2014.08.19   5320 5260 5380 5260 4404
2014.08.20   5310 5370 5380 5190 13899
2014.08.21   5200 5300 5300 5120 12496
2014.08.22   4980 5200 5290 4980 42327
2014.08.25   4935 5030 5030 4875 18074
2014.08.26   5670 5670 5670 5670 42057
2014.08.27   5830 5800 6180 5710 196214
2014.08.28   5620 5940 5940 5590 47929
2014.08.29   5470 5700 5700 5400 35382
2014.09.01   5390 5480 5480 5300 24922
2014.09.02   5370 5400 5400 5350 5096
2014.09.03   5450 5350 5450 5320 7831
2014.09.04   5500 5440 5520 5400 16334
2014.09.05   5450 5560 5560 5370 15759
2014.09.11   5480 5490 5600 5400 8848
2014.09.12   5390 5530 5530 5300 16085
2014.09.15   5360 5320 5440 5290 27862
2014.09.16   5360 5360 5390 5230 12460
2014.09.17   5420 5380 5470 5340 22713
2014.09.18   5440 5440 5480 5390 3935
2014.09.19   5440 5480 5480 5350 7345
2014.09.22   5340 5440 5470 5340 7009
2014.09.23   5310 5340 5410 5250 6747
2014.09.24   5300 5250 5370 5240 3209
2014.09.25   5280 5420 5420 5240 3789
2014.09.26   5090 5230 5250 4930 39708
2014.09.29   5060 5140 5150 5050 6114
2014.09.30   5020 4995 5070 4990 8883
2014.10.01   5020 5160 5170 4915 6823
2014.10.02   4930 5000 5000 4870 6770
2014.10.06   4885 4950 5000 4850 3719
2014.10.07   4980 4860 4985 4840 5326
2014.10.08   4970 4950 5030 4840 8650
2014.10.10   4945 4955 4955 4850 4260
2014.10.13   4790 4945 4945 4690 10896
2014.10.14   4735 4800 4835 4680 5995
2014.10.15   4755 4700 4775 4680 8180
2014.10.16   4720 4685 4720 4640 5517
2014.10.17   4675 4745 4745 4625 14908
2014.10.20   4780 4740 4780 4660 9931
2014.10.21   4740 4735 4790 4695 14553
2014.10.22   4885 4775 4970 4705 23213
2014.10.23   4910 4885 4945 4860 3983
2014.10.24   4895 4995 4995 4805 8210
2014.10.27   4850 4865 4940 4750 5322
2014.10.28   4760 4850 4850 4740 2555
2014.10.29   4750 4800 4825 4685 8423
2014.10.30   4775 4710 4800 4710 6898
2014.10.31   4760 4800 4800 4690 6646
2014.11.03   4795 4760 4800 4760 4947
2014.11.04   4730 4800 4805 4650 13018
2014.11.05   4795 4740 4795 4630 8434
2014.11.06   4785 4800 4895 4700 5373
2014.11.07   4845 4800 4880 4750 6667
2014.11.10   4885 4850 4885 4770 3424
2014.11.11   4835 4720 4900 4720 11211
2014.11.12   5350 4845 5390 4845 43642
2014.11.13   5310 5270 5400 5010 27023
2014.11.14   5330 5330 5400 5170 26051
2014.11.17   5230 5330 5330 5110 10207
2014.11.18   5260 5250 5390 5140 8722
2014.11.19   5320 5260 5320 5080 15317
2014.11.20   5140 5280 5280 5090 16819
2014.11.21   5170 5130 5170 5070 15718
2014.11.24   5160 5090 5170 5050 11817
2014.11.25   5130 5200 5230 5060 11184
2014.11.26   5130 5090 5140 5060 5757
2014.11.27   5130 5140 5190 5050 14446
2014.11.28   5240 5130 5250 5070 12516
2014.12.01   5190 5340 5340 5100 8971
2014.12.02   5150 5060 5160 5040 10585
2014.12.03   5140 5110 5190 5040 12183
2014.12.04   5200 5100 5200 5080 9690
2014.12.05   5170 5200 5230 5070 11170
2014.12.08   5050 5170 5170 5050 21000
2014.12.09   5020 5030 5100 4910 6894
2014.12.10   4880 4995 5050 4870 10585
2014.12.11   4830 4845 4850 4695 25054
2014.12.12   4825 4800 4850 4715 9176
2014.12.15   4775 4825 4825 4715 3585
2014.12.16   4760 4750 4780 4715 2629
2014.12.17   4800 4800 4820 4725 2984
2014.12.18   4750 4850 4850 4600 13598
2014.12.19   4800 4750 4835 4660 6475
2014.12.22   4785 4780 4795 4675 10151
2014.12.23   4780 4790 4800 4690 8738
2014.12.24   4745 4775 4780 4730 6038
2014.12.26   4845 4615 4865 4615 8901
2014.12.29   4840 4835 4845 4745 2678
2014.12.30   4760 4800 4840 4690 12594
2015.01.02   4750 4735 4750 4670 10444
2015.01.05   4735 4800 4800 4700 4986
2015.01.06   4750 4735 4760 4650 10317
2015.01.07   4705 4700 4745 4660 8538
2015.01.08   4700 4750 4750 4670 3299
2015.01.09   4700 4730 4750 4680 16229
2015.01.12   4660 4705 4705 4660 7185
2015.01.13   4700 4620 4710 4605 11767
2015.01.14   4730 4750 4750 4650 10986
2015.01.15   4685 4665 4750 4650 12649
2015.01.16   4645 4685 4695 4620 12304
2015.01.19   4575 4650 4650 4575 17216
2015.01.20   4530 4575 4595 4500 22581
2015.01.21   4580 4530 4605 4530 20294
2015.01.22   4680 4590 4705 4580 12644
2015.01.23   4830 4690 4840 4675 17489
2015.01.26   4795 4815 4850 4785 9362
2015.01.27   4795 4795 4805 4745 18814
2015.01.28   5060 4805 5060 4785 24541
2015.01.29   4960 5040 5090 4905 16340
2015.01.30   5090 5000 5090 4925 10999
2015.02.02   5030 5110 5110 4995 7235
2015.02.03   4965 5040 5070 4965 6567
2015.02.04   4960 5020 5060 4915 16773
2015.02.05   4885 4950 4950 4850 7413
2015.02.06   5100 4975 5100 4900 29172
2015.02.09   5190 5140 5240 5100 22686
2015.02.10   5190 5280 5280 5110 10395
2015.02.11   5150 5180 5190 5090 15627
2015.02.12   5050 5130 5170 5050 9863
2015.02.13   5060 5180 5190 5040 8284
2015.02.16   4960 5120 5120 4900 24438
2015.02.17   5040 4960 5040 4900 17701
2015.02.23   5010 5050 5090 4970 9242
2015.02.24   5040 4960 5050 4960 13034
2015.02.25   5050 5050 5160 5020 11840
2015.02.26   5150 5050 5210 5000 20316
2015.02.27   5400 5170 5550 5150 68607
2015.03.02   5360 5400 5410 5260 15722
2015.03.03   5360 5400 5400 5320 39568
2015.03.04   5260 5440 5440 5190 70564
2015.03.05   5370 5300 5380 5260 22950
2015.03.06   5300 5310 5420 5300 14535
2015.03.09   5350 5280 5350 5250 11463
2015.03.10   5220 5300 5370 5160 24603
2015.03.11   5320 5140 5340 5020 24162
2015.03.12   5330 5240 5330 5170 20976
2015.03.13   5360 5300 5360 5260 10148
2015.03.16   5350 5310 5410 5290 8789
2015.03.17   5270 5400 5400 5270 19803
2015.03.18   5350 5410 5410 5210 27214
2015.03.19   5170 5340 5370 5170 21164
2015.03.20   5100 5190 5190 5050 26385
2015.03.23   5130 5090 5140 5080 7082
2015.03.24   5070 5170 5260 5050 31892
2015.03.25   5120 5070 5170 5070 14039
2015.03.26   5050 5140 5140 5010 15646
2015.03.27   5030 5020 5050 4940 23240
2015.03.30   5020 5040 5040 4970 11976
2015.03.31   5010 5020 5050 4920 15966
2015.04.01   5000 5030 5030 4940 10401
2015.04.02   4985 5070 5120 4960 13503
2015.04.03   5010 4970 5070 4955 16348
2015.04.06   4980 5080 5080 4960 12084
2015.04.07   5050 4985 5050 4960 31603
2015.04.08   5150 5060 5150 5010 35589
2015.04.09   5150 5150 5200 5100 17043
2015.04.10   5190 5210 5210 5090 13608
2015.04.13   5300 5200 5350 5160 35529
2015.04.14   5280 5310 5330 5240 38921
2015.04.15   5330 5260 5370 5260 41669
2015.04.16   5930 5380 6120 5300 452340
2015.04.17   5620 5800 5810 5580 169189
2015.04.20   5620 5680 5680 5520 47852
2015.04.21   5620 5620 5720 5580 30737
2015.04.22   5370 5620 5660 5350 53340
2015.04.23   5300 5400 5470 5300 47084
2015.04.24   5460 5400 5480 5300 27441
2015.04.27   5400 5460 5500 5390 22576
2015.04.28   5420 5370 5690 5370 18279
2015.04.29   5320 5480 5480 5260 37498
2015.04.30   5340 5320 5360 5200 27485
2015.05.04   5130 5340 5340 5110 47623
2015.05.06   4990 5130 5260 4990 54501
2015.05.07   4980 5090 5090 4880 27937
2015.05.08   4920 4960 5010 4910 16650
2015.05.11   4900 4920 4950 4860 31298
2015.05.12   4900 4900 4925 4855 21438
2015.05.13   4945 4865 4965 4865 19241
2015.05.14   4965 4910 5020 4900 13548
2015.05.15   4920 4995 4995 4900 36618
2015.05.18   4850 4920 4950 4845 29701
2015.05.19   4740 4810 4830 4705 41264
2015.05.20   4835 4705 4900 4700 22134
2015.05.21   4795 4835 4835 4750 13207
2015.05.22   4750 4775 4835 4750 21012
2015.05.26   4800 4895 4895 4755 16014
2015.05.27   4730 4805 4805 4700 25120
2015.05.28   4715 4820 4820 4700 15645
2015.05.29   4745 4705 4800 4700 25124
2015.06.01   4775 4795 4795 4720 11004
2015.06.02   4785 4850 4850 4695 21315
2015.06.03   4760 4790 4825 4700 18369
2015.06.04   4780 4795 4795 4700 8176
2015.06.05   4785 4725 4815 4720 8427
2015.06.08   4770 4785 4800 4730 14567
2015.06.09   4775 4770 4785 4720 11066
2015.06.10   4890 4820 4920 4740 25066
2015.06.11   4915 4950 4950 4850 15292
2015.06.12   4915 4935 4935 4870 8059
2015.06.15   4880 4915 4935 4800 17076
2015.06.16   4750 4880 4895 4665 22955
2015.06.17   4745 4830 4830 4710 9976
2015.06.18   4890 4815 4890 4700 17854
2015.06.19   4895 4900 4920 4815 10320
2015.06.22   4875 4930 4930 4830 8297
2015.06.23   4875 4795 4920 4780 20776
2015.06.24   4880 4890 4890 4840 10695
2015.06.25   4880 4890 4890 4810 12215
2015.06.26   4875 4885 4925 4820 19292
2015.06.29   4790 4815 4815 4710 14369
2015.06.30   4830 4710 4850 4670 33119
2015.07.01   4805 4735 4840 4735 1781
2015.07.02   4800 4795 4800 4705 19458
2015.07.03   4795 4800 4800 4695 17739
2015.07.06   4670 4750 4795 4670 14708
2015.07.07   4670 4655 4735 4610 12500
2015.07.08   4665 4670 4730 4655 13785
2015.07.09   4600 4730 4730 4535 17780
2015.07.10   4680 4620 4740 4570 4544
2015.07.13   4850 4680 4850 4670 12975
2015.07.14   4780 4800 4845 4755 5404
2015.07.15   4740 4825 4825 4640 21584
2015.07.16   4690 4700 4745 4685 7266
2015.07.17   4720 4690 4795 4680 12479
2015.07.20   4850 4730 4870 4720 25296
2015.07.21   4850 4800 4850 4780 13712
2015.07.22   4915 4915 4925 4835 16791
2015.07.23   4870 4915 4920 4795 11518
2015.07.24   4800 4820 4870 4710 23495
2015.07.27   4800 4730 4800 4700 19807
2015.07.28   6240 4900 6240 4800 3526933
2015.07.29   5510 6090 6140 5510 1061570
2015.07.30   5140 5630 5750 5140 401910
2015.07.31   5950 5160 6650 5130 2963924
2015.08.03   7600 5840 7720 5760 3267965
2015.08.04   6900 7420 7480 6840 1100594
2015.08.05   7500 6940 8640 6730 4302488
2015.08.06   7180 7550 8300 6950 1659421
2015.08.07   6900 7280 7570 6890 988789
2015.08.10   6650 6770 7050 6440 500078
2015.08.11   6260 6650 6770 6260 430268
2015.08.12   6140 6350 6950 5860 717175
2015.08.13   6240 6280 6370 6090 227901
2015.08.17   6010 6380 6480 6010 218510
2015.08.18   5620 6010 6180 5590 295522
2015.08.19   5600 5500 5900 5370 226639
2015.08.20   5290 5680 5820 5290 186670
2015.08.21   5000 4820 5090 4700 347305
2015.08.24   4750 4860 5040 4715 148112
2015.08.25   4970 4820 5020 4735 88494
2015.08.26   5180 5070 5470 5010 181514
2015.08.27   5100 5290 5300 5090 124886
2015.08.28   5310 5180 5370 5060 143919
2015.08.31   5230 5400 5520 5230 102680
2015.09.01   5100 5290 5330 4975 100582
2015.09.02   5030 4950 5080 4870 123512
2015.09.03   4955 5120 5130 4905 115254
2015.09.04   4785 5010 5020 4750 122072
2015.09.07   4990 4770 5120 4770 77305
2015.09.08   4970 5000 5120 4905 73138
2015.09.09   5130 5090 5250 5000 98490
2015.09.10   5140 5120 5140 5010 68158
2015.09.11   5600 5100 6130 5100 757429
2015.09.14   5630 5670 5770 5390 185544
2015.09.15   5670 5680 5890 5530 193428
2015.09.16   5680 5790 5790 5540 126351
2015.09.17   5380 5680 5680 5380 115641
2015.09.18   5450 5390 5720 5390 94362
2015.09.21   5490 5370 5490 5290 67591
2015.09.22   5450 5560 5560 5400 75810
2015.09.23   5730 5430 5840 5410 196311
2015.09.24   6100 5850 6530 5720 532975
2015.09.25   5820 6100 6100 5760 135564
2015.09.30   5680 5880 5880 5570 112513
2015.10.01   5610 5730 5740 5530 93302
2015.10.02   6030 5630 6030 5590 122801
2015.10.05   5830 6120 6480 5830 248371
2015.10.06   5950 5960 6050 5810 68457
2015.10.07   6060 5990 6330 5950 182261
2015.10.08   6040 6030 6350 5960 159730
2015.10.12   6140 6050 6230 5910 70806
2015.10.13   6000 6190 6200 5970 58455
2015.10.14   5790 5950 6060 5750 93924
2015.10.15   5910 5780 5940 5700 45237
2015.10.16   5760 5930 6040 5760 55932
2015.10.19   5600 5710 5890 5600 46892
2015.10.20   5660 5580 5730 5510 55139
2015.10.21   5670 5680 5740 5620 16353
2015.10.22   5450 5670 5670 5340 82268
2015.10.23   5500 5450 5620 5380 75862
2015.10.26   5660 5520 5670 5520 27265
2015.10.27   5710 5660 5750 5660 23232
2015.10.28   5830 5790 5980 5740 90375
2015.10.29   5570 5800 5930 5570 43556
2015.10.30   5600 5530 5700 5460 41615
2015.11.02   5390 5600 5640 5390 31395
2015.11.03   5440 5400 5550 5260 59181
2015.11.04   5440 5440 5580 5340 27224
2015.11.05   5310 5360 5460 5260 50619
2015.11.06   5350 5310 5410 5180 27492
2015.11.09   5330 5360 5390 5180 40087
2015.11.10   5250 5300 5330 5210 17840
2015.11.11   5130 5100 5280 5100 39278
2015.11.12   5450 5120 5450 5070 36073
2015.11.13   5200 5330 5440 5200 43085
2015.11.16   5190 5100 5250 5050 32389
2015.11.17   5080 5250 5290 4930 87152
2015.11.18   5030 5060 5140 4975 37360
2015.11.19   5210 5030 5230 5030 24283
2015.11.20   5180 5100 5290 5090 26199
2015.11.23   5170 5190 5210 5100 27499
2015.11.24   5490 5240 5720 5220 226448
2015.11.25   5350 5490 5490 5290 43189
2015.11.26   5270 5350 5350 5200 34995
2015.11.27   5350 5270 5400 5220 40721
2015.11.30   5220 5450 5450 5170 21489
2015.12.01   5070 5150 5230 5040 57716
2015.12.02   5170 5200 5200 5020 21678
2015.12.03   5150 5130 5240 5040 22399
2015.12.04   5150 5090 5200 5040 28802
2015.12.07   5100 5150 5210 5060 28107
2015.12.08   5160 5100 5180 4970 39346
2015.12.09   5130 5090 5200 5090 20166
2015.12.10   5500 5160 5820 5160 470455
2015.12.11   5390 5500 5550 5310 57937
2015.12.14   5260 5400 5430 5100 86670
2015.12.15   5180 5120 5290 5120 29411
2015.12.16   5180 5260 5280 5140 56214
2015.12.17   5340 5210 5390 5210 28205
2015.12.18   5520 5340 5520 5260 58874
2015.12.21   5450 5490 5490 5330 37019
2015.12.22   5390 5410 5520 5360 47243
2015.12.23   5410 5360 5570 5300 38371
2015.12.24   5340 5410 5520 5270 53428
2015.12.28   5250 5270 5480 5220 50710
2015.12.29   5310 5250 5340 5160 38805
2015.12.30   5320 5310 5370 5230 41849
2016.01.04   5110 5290 5310 5100 84161
2016.01.05   5030 4960 5160 4960 56470
2016.01.06   5020 5040 5130 4970 55862
2016.01.07   4990 5010 5090 4940 42210
2016.01.08   4930 4970 4970 4830 43751
2016.01.11   4950 4870 5090 4850 22310
2016.01.12   4950 4950 5060 4925 15700
2016.01.13   5030 4925 5040 4925 18688
2016.01.14   4930 5000 5030 4900 19107
2016.01.15   4880 4830 4990 4785 51644
2016.01.18   4790 4800 4865 4735 31233
2016.01.19   4850 4930 5170 4775 29228
2016.01.20   4670 4845 4995 4595 45806
2016.01.21   4550 4585 4720 4545 51232
2016.01.22   4590 4555 4645 4550 17751
2016.01.25   4670 4700 4700 4565 23464
2016.01.26   4665 4580 4690 4580 11878
2016.01.27   4730 4665 4790 4610 23316
2016.01.28   4775 4770 4790 4705 10322
2016.01.29   4770 4780 4825 4610 12797
2016.02.01   4670 4730 4780 4670 12461
2016.02.02   4670 4670 4710 4615 10047
2016.02.03   4680 4620 4840 4600 12189
2016.02.04   4715 4630 4770 4620 10650
2016.02.05   4690 4660 4755 4660 12947
2016.02.11   4485 4600 4685 4485 36157
2016.02.12   4015 4265 4435 4015 111023
2016.02.15   4190 4010 4400 4010 56444
2016.02.16   4300 4290 4325 4165 33675
2016.02.17   4275 4305 4340 4160 22196
2016.02.18   4305 4280 4340 4260 23696
2016.02.19   4295 4385 4385 4235 14552
2016.02.22   4250 4330 4330 4200 25065
2016.02.23   4335 4260 4385 4230 34673
2016.02.24   4420 4380 4470 4335 25175
2016.02.25   4430 4485 4485 4320 15284
2016.02.26   4550 4430 4695 4350 90714
2016.02.29   4580 4550 4650 4495 20010
2016.03.02   4600 4550 4625 4550 18286
2016.03.03   4530 4600 4645 4480 22566
2016.03.04   4570 4545 4630 4510 29208
2016.03.07   4595 4635 4650 4585 20660
2016.03.08   4645 4640 4670 4595 16345
2016.03.09   4595 4665 4685 4595 15705
2016.03.10   4650 4645 4690 4520 19564
2016.03.11   4710 4690 4745 4620 10550
2016.03.14   4635 4740 4740 4635 8049
2016.03.15   4570 4635 4650 4530 15425
2016.03.16   4605 4570 4620 4490 20954
2016.03.17   4550 4605 4650 4550 10827
2016.03.18   4610 4550 4640 4530 12207
2016.03.21   4580 4650 4655 4540 16450
2016.03.22   4490 4650 4650 4470 44240
2016.03.23   4540 4470 4550 4470 25691
2016.03.24   4490 4540 4590 4465 22972
2016.03.25   4670 4490 4700 4490 36405
2016.03.28   4915 4670 4980 4620 80524
2016.03.29   4895 4920 4990 4840 29133
2016.03.30   4800 4990 4995 4800 23439
2016.03.31   4920 4850 4945 4755 30399
2016.04.01   4830 4920 4985 4830 7101
2016.04.04   4755 4830 4875 4700 30553
2016.04.05   4850 4820 4865 4730 8342
2016.04.06   5030 4900 5030 4830 45387
2016.04.07   5150 5160 5790 5110 419345
2016.04.08   5050 5050 5190 4995 70712
2016.04.11   5010 5040 5140 5010 24019
2016.04.12   5040 5020 5100 4980 14915
2016.04.14   4990 5050 5100 4940 29875
2016.04.15   5020 5000 5080 4900 19810
2016.04.18   4965 5020 5080 4850 25855
2016.04.19   4970 4965 5010 4905 14803
2016.04.20   5090 4970 5230 4920 50000
2016.04.21   5090 5120 5180 5040 25174
2016.04.22   5050 5120 5160 5040 11829
2016.04.25   5080 5110 5190 5050 18272
2016.04.26   5040 5080 5180 5040 16406
2016.04.27   5130 5100 5150 5020 21688
2016.04.28   5120 5130 5200 5080 21594
2016.04.29   5090 5100 5110 4905 24916
2016.05.02   4960 5070 5100 4825 61523
2016.05.03   5030 4910 5060 4870 14993
2016.05.04   4980 4930 5090 4930 21513
2016.05.09   5000 4980 5150 4900 24564
2016.05.10   5040 5000 5120 4925 16259
2016.05.11   5400 5130 5400 5040 64435
2016.05.12   5200 5270 5380 5170 90233
2016.05.13   5180 5220 5270 5110 39035
2016.05.16   5150 5220 5240 4900 39409
2016.05.17   4970 5100 5140 4940 45478
2016.05.18   4900 4970 5010 4890 52342
2016.05.19   4970 4950 4985 4870 19884
2016.05.20   4970 4970 4995 4800 17395
2016.05.23   4955 5040 5070 4880 20302
2016.05.24   4815 4955 4995 4790 38555
2016.05.25   4830 4815 4885 4800 12556
2016.05.26   4920 4900 4945 4805 6153
2016.05.27   4925 4890 4935 4820 8012
2016.05.30   4995 5000 5010 4855 16372
2016.05.31   4990 4995 4995 4885 17886
2016.06.01   5000 5020 5070 4915 9420
2016.06.02   4925 4970 5150 4920 14741
2016.06.03   5030 4930 5050 4920 10292
2016.06.07   4925 5030 5030 4895 26330
2016.06.08   4970 4925 5030 4860 10637
2016.06.09   4970 5000 5060 4910 16995
2016.06.10   5000 4990 5020 4910 8221
2016.06.13   4860 4915 4985 4820 32123
2016.06.14   4830 4805 4905 4800 12604
2016.06.15   4895 4725 4950 4725 9020
2016.06.16   4735 4895 4895 4725 16844
2016.06.17   4740 4740 4895 4670 16402
2016.06.20   4780 4675 4790 4675 7271
2016.06.21   4710 4785 4840 4685 12237
2016.06.22   4740 4710 4805 4610 21124
2016.06.23   4805 4740 4830 4655 5866
2016.06.24   4470 4890 4890 4325 40073
2016.06.27   4380 4330 4465 4300 38332
2016.06.28   4415 4380 4490 4270 25435
2016.06.29   4440 4415 4555 4395 15419
2016.06.30   4540 4550 4585 4440 12899
2016.07.01   4690 4540 4700 4530 27128
2016.07.04   4750 4710 4785 4630 14907
2016.07.05   4705 4780 4780 4620 5152
2016.07.06   4615 4750 4750 4370 30219
2016.07.07   4595 4655 4665 4505 15294
2016.07.08   4635 4595 4695 4545 8666
2016.07.11   4650 4635 4715 4550 8973
2016.07.12   4660 4700 4700 4590 13154
2016.07.13   4635 4705 4765 4590 21426
2016.07.14   4660 4635 4745 4600 10380
2016.07.15   4680 4710 4745 4660 10812
2016.07.18   4745 4640 4760 4640 11424
2016.07.19   4750 4765 4795 4700 8185
2016.07.20   4735 4750 4795 4680 5174
2016.07.21   4705 4720 4760 4700 6412
2016.07.22   6110 4790 6110 4720 4275013
2016.07.25   5650 5650 5750 5510 1368646
2016.07.26   5760 5700 5850 5550 946121
2016.07.27   5400 5780 5890 5400 659022
2016.07.28   5560 5500 5930 5470 1018563
2016.07.29   5470 5580 5610 5400 209633
2016.08.01   5510 5450 5800 5440 265142
2016.08.02   5380 5460 5620 5270 206980
2016.08.03   5300 5380 5380 5210 105580
2016.08.04   6890 5480 6890 5430 1494434
2016.08.05   8950 8270 8950 8030 10703663
2016.08.08   9400 9110 10500 9000 6448262
2016.08.09   8590 9280 9280 8480 1501323
2016.08.10   8350 8530 9070 8110 1852203
2016.08.11   8300 8220 8680 8100 748374
2016.08.12   8500 8320 8880 8200 1117682
2016.08.16   7800 8420 8460 7670 664852
2016.08.17   7730 7770 8340 7430 1438466
2016.08.18   8080 7820 8650 7700 1428076
2016.08.19   8110 8190 8190 7830 353349
2016.08.22   8350 8150 8420 8000 488156
2016.08.23   8350 8460 8460 8120 285173
2016.08.24   8580 8350 9240 8060 3004416
2016.08.25   8300 8950 9380 8250 1610234
2016.08.26   7900 8500 8630 7850 415754
2016.08.29   7950 7990 8240 7600 435216
2016.08.30   8250 9020 9150 8140 1368907
2016.08.31   8160 8030 8200 7800 512729
2016.09.01   8320 8490 8840 8240 1146087
2016.09.02   8400 8330 8470 8240 354152
2016.09.05   8150 8440 8440 8150 236178
2016.09.06   8500 8000 8500 7920 443260
2016.09.07   8140 8420 8470 8120 231332
2016.09.08   7550 8090 8170 7520 329939
2016.09.09   7510 7590 7740 7320 147623
2016.09.12   7040 7250 7340 7040 163424
2016.09.13   7970 7180 8290 7180 424855
2016.09.19   7920 7850 7980 7600 213960
2016.09.20   7920 7850 8040 7710 122056
2016.09.21   8160 8050 8760 7950 1121283
2016.09.22   7900 8260 8320 7840 260343
2016.09.23   7610 7900 7900 7550 247589
2016.09.26   7590 7550 7770 7470 92942
2016.09.27   7420 7540 7590 7390 154215
2016.09.28   7500 7550 7760 7380 198731
2016.09.29   7710 7600 7840 7470 139809
2016.09.30   7710 7680 7830 7550 109104
2016.10.04   7950 7750 8050 7640 160088
2016.10.05   7850 7970 8020 7810 103520
2016.10.06   10200 7870 10200 7850 6173958
2016.10.07   9400 10000 10350 9220 2496546
2016.10.10   9160 9540 9970 9000 1666767
2016.10.11   9950 9350 11200 9280 6848988
2016.10.12   9310 9900 10300 9230 1306758
2016.10.13   9010 9260 9620 9010 606014
2016.10.14   10000 9080 11450 9010 5392778
2016.10.17   9580 9920 9930 9490 691641
2016.10.18   11500 9750 11850 9740 6500631
2016.10.19   11900 11200 12100 10900 2477549
2016.10.20   11000 12000 12200 10950 1720879
2016.10.21   11000 11250 11500 10750 1020207
2016.10.24   10600 11200 11300 10250 1259323
2016.10.25   11100 10600 11150 10350 1148862
2016.10.26   10900 11000 11200 10300 809837
2016.10.27   10650 11050 11800 10650 1757433
2016.10.28   10350 10600 10850 10100 643256
2016.10.31   9740 10400 10450 9740 399552
2016.11.01   9450 9570 10000 9450 322285
2016.11.02   8880 9340 9590 8860 335239
2016.11.03   9160 8900 9440 8900 241191
2016.11.04   9420 9180 9520 8950 169063
2016.11.07   9620 9520 9920 9490 243482
2016.11.08   9320 9720 9790 9270 169996
2016.11.09   8500 9300 9350 8060 479221
2016.11.10   9130 8750 9130 8660 171643
2016.11.11   9380 9210 10400 9210 1306102
2016.11.14   9440 9320 9740 9260 240799
2016.11.15   10500 11700 11850 10150 3042943
2016.11.16   10400 10450 10700 10200 604014
2016.11.17   10000 10400 10450 9960 297427
2016.11.18   9570 10000 10000 9560 286753
2016.11.21   9570 9660 9740 9210 160551
2016.11.22   9650 9580 9820 9400 244567
2016.11.23   9350 9700 9720 9350 223642
2016.11.24   9030 9410 9490 8970 112057
2016.11.25   9290 9030 9400 9030 84207
2016.11.28   9510 9420 9790 9230 283708
2016.11.29   9200 9300 9540 8980 198493
2016.11.30   9010 9250 9250 9000 81238
2016.12.01   8800 9010 9120 8680 93493
2016.12.02   8620 8800 8860 8610 72253
2016.12.05   8290 8450 8610 8270 114076
2016.12.06   8660 8250 8750 8250 102169
2016.12.07   8590 8640 8740 8450 59593
2016.12.08   8830 8680 9160 8570 143112
2016.12.09   8890 8850 9050 8830 47389
2016.12.12   8940 9060 9090 8880 54868
2016.12.13   9000 8990 9080 8800 83040
2016.12.14   9050 9080 9200 8930 71586
2016.12.15   9220 9000 9260 8980 103837
2016.12.16   9300 9230 9380 9120 78804
2016.12.19   9340 9290 9430 9130 100359
2016.12.20   9650 9420 10200 9420 883220
2016.12.21   9800 9710 9900 9520 201423
2016.12.22   9580 9950 9950 9570 135395
2016.12.23   9730 9660 9810 9530 122359
2016.12.26   9800 9840 9870 9710 119880
2016.12.27   9850 9800 10150 9760 209641
2016.12.28   9870 9930 9950 9820 78603
2016.12.29   10450 9850 10500 9700 506852
2017.01.02   10500 10450 10550 10200 229716
2017.01.03   10400 10450 10600 10200 218906
2017.01.04   10100 10750 10850 10100 415973
2017.01.05   10450 10150 10600 10150 376231
2017.01.06   10200 10500 10500 10150 202806
2017.01.09   10000 10250 10450 9990 233946
2017.01.10   9680 9980 9990 9620 219914
2017.01.11   9630 9730 9800 9590 121243
2017.01.12   9380 9730 9730 9250 163602
2017.01.13   9210 9320 9430 9160 130897
2017.01.16   8850 9210 9250 8840 132283
2017.01.17   8880 8850 9100 8850 56811
2017.01.18   8810 8910 9060 8800 37771
2017.01.19   9160 9240 10150 9090 790700
2017.01.20   8860 9160 9200 8810 123282
2017.01.23   8490 8850 8890 8470 119622
2017.01.24   8710 8350 8740 8350 71327
2017.01.25   8540 8700 8770 8460 50293
2017.01.26   8720 8560 8890 8560 65868
2017.01.31   8770 8710 8800 8550 48195
2017.02.01   8990 8790 9120 8790 102460
2017.02.02   8930 9160 9160 8860 102572
2017.02.03   8540 8930 8930 8520 81859
2017.02.06   8970 8560 9390 8370 210075
2017.02.07   8770 8960 8970 8710 41270
2017.02.08   8820 8770 8950 8690 46874
2017.02.09   9020 8810 9060 8750 71775
2017.02.10   8870 9020 9070 8860 61969
2017.02.13   8830 8870 8990 8710 31403
2017.02.14   8850 8910 8980 8840 47164
2017.02.15   8850 8870 8950 8700 34133
2017.02.16   8930 8810 8960 8730 60921
2017.02.17   8980 8730 8980 8670 93477
2017.02.20   9870 9720 11000 9420 4938385
2017.02.21   9290 9720 9800 9260 819342
2017.02.22   9210 9340 9430 9170 270653
2017.02.23   9030 9150 9270 8980 214867
2017.02.24   8910 8950 9230 8910 170850
2017.02.27   8790 9000 9000 8790 101072
2017.02.28   8870 8710 8870 8590 127623
2017.03.02   8700 8920 8920 8680 73120
2017.03.03   8420 8650 8780 8020 152810
2017.03.06   8400 8320 8530 8120 58229
2017.03.07   8450 8400 8590 8330 68985
2017.03.08   8490 8450 8580 8360 58848
2017.03.09   8440 8500 8560 8400 71873
2017.03.10   8450 8450 8530 8090 86609
2017.03.13   8560 8560 8840 8530 114840
2017.03.14   8800 8730 9130 8700 263961
2017.03.15   8920 8810 9000 8600 126291
2017.03.16   9160 9040 9500 9040 689170
2017.03.17   9050 9160 9230 8990 156222
2017.03.20   9030 9060 9130 8990 73490
2017.03.21   8830 9050 9110 8830 78370
2017.03.22   8560 8760 8890 8560 116382
2017.03.23   8690 8570 8850 8560 110782
2017.03.24   8720 8750 9050 8620 145056
2017.03.27   8550 8690 8770 8520 72611
2017.03.28   8640 8600 8680 8500 53346
2017.03.29   8600 8700 8710 8530 69696
2017.03.30   8440 8600 8630 8440 71155
2017.03.31   8500 8450 8570 8420 40559
2017.04.03   8470 8500 8550 8410 55926
2017.04.04   8520 8450 8590 8450 49200
2017.04.05   8560 8590 8690 8510 81427
2017.04.06   8560 8590 8640 8440 64471
2017.04.07   8570 8600 8600 8490 48098
2017.04.10   8400 8650 8650 8360 92295
2017.04.11   9150 9400 10200 8910 5492910
2017.04.12   8690 9020 9210 8660 587091
2017.04.13   8500 8800 8800 8500 267224
2017.04.14   8370 8410 8620 8370 202902
2017.04.17   8500 8500 8740 8380 145064
2017.04.18   8540 8510 8580 8460 110280
2017.04.19   8440 8600 8600 8420 90893
2017.04.20   8390 8470 8490 8370 102992
2017.04.21   8380 8430 8520 8370 51071
2017.04.24   8220 8380 8430 8220 98779
2017.04.25   8250 8230 8320 8230 55618
2017.04.26   8580 8260 8580 8250 126508
2017.04.27   8320 8500 8530 8320 82609
2017.04.28   8340 8460 8460 8300 55290
2017.05.02   8330 8630 8660 8320 189526
2017.05.04   8350 8260 8390 8260 49994
2017.05.08   8350 8440 8440 8280 42855
2017.05.10   8330 8390 8390 8300 44403
2017.05.11   8340 8340 8370 8300 48029
2017.05.12   8370 8340 8430 8310 52782
2017.05.15   8330 8370 8380 8270 49758
2017.05.16   8290 8300 8410 8200 70318
2017.05.17   8210 8250 8250 8170 42699
2017.05.18   8130 8130 8250 8070 35378
2017.05.19   8130 8190 8190 8050 30440
2017.05.22   8440 8190 8500 8190 146797
2017.05.23   8320 8450 8450 8290 45695
2017.05.24   8250 8320 8390 8190 45934
2017.05.25   8180 8250 8290 8180 35290
2017.05.26   8190 8180 8270 8170 21732
2017.05.29   8140 8280 8280 8130 30294
2017.05.30   8160 8150 8210 8140 27900
2017.05.31   8100 8160 8200 8090 47359
2017.06.01   8070 8130 8160 8060 35178
2017.06.02   8170 8200 8200 8090 32710
2017.06.05   8140 8210 8210 8120 22194
2017.06.07   8060 8170 8170 8020 40805
2017.06.08   8000 8020 8100 7940 49528
2017.06.09   8000 8020 8080 7900 35532
2017.06.12   8250 8080 8470 8080 255343
2017.06.13   8270 8290 8310 8200 43482
2017.06.14   8180 8300 8310 8170 66055
2017.06.15   8180 8110 8270 8110 42250
2017.06.16   8460 8180 8470 8140 146695
2017.06.19   8430 8500 8530 8380 72819
2017.06.20   8220 8450 8460 8160 56435
2017.06.21   8050 8220 8220 8000 66680
2017.06.22   8000 8050 8110 7940 49900
2017.06.23   8090 8010 8200 7980 77491
2017.06.26   8160 8090 8500 8030 223797
2017.06.27   8100 8310 8310 8090 47947
2017.06.28   8070 8150 8150 8050 37476
2017.06.29   8100 8140 8190 8000 39376
2017.06.30   8080 8060 8110 7960 38403
2017.07.03   8000 8050 8230 8000 36970
2017.07.04   7880 8000 8030 7840 52078
2017.07.05   7950 7880 7970 7850 27920
2017.07.06   7820 7950 7990 7820 20471
2017.07.07   7860 7720 7890 7720 26769
2017.07.10   7700 7860 7890 7660 43160
2017.07.11   7700 7640 7830 7510 21215
2017.07.12   7630 7700 7740 7610 19899
2017.07.13   7570 7480 7620 7390 70226
2017.07.14   7350 7570 7650 7310 31974
2017.07.17   7460 7400 7500 7330 28044
2017.07.18   7490 7420 7560 7420 20808
2017.07.19   7570 7490 7580 7490 21594
2017.07.20   7520 7590 7660 7500 21134
2017.07.21   7480 7560 7560 7410 18500
2017.07.24   7410 7420 7550 7410 13785
2017.07.25   7610 7380 8110 7380 251316
2017.07.26   7570 7620 7620 7490 29406
2017.07.27   7430 7500 7600 7360 45460
2017.07.28   7130 7440 7590 7120 89347
2017.07.31   7060 7050 7170 6990 23714
2017.08.01   7220 7030 7250 7030 20109
2017.08.02   7260 7190 7310 7160 14302
2017.08.03   7150 7340 7340 7080 19603
2017.08.04   7100 7150 7230 7060 16703
2017.08.07   7170 7100 7250 7100 13251
2017.08.08   7110 7170 7220 7000 19229
2017.08.09   6940 7080 7110 6880 46783
2017.08.10   6820 6860 6950 6620 38616
2017.08.11   6650 6800 6800 6590 42995
2017.08.14   6670 6660 6710 6560 14448
2017.08.16   6500 6680 6700 6500 37580
2017.08.17   6510 6560 6560 6420 15890
2017.08.18   6640 6480 6650 6420 17581
2017.08.21  6740 6710 6780 6640 13291
2017.08.22  6780 6700 6800 6700 12343
2017.08.23  6830 6780 6830 6710 23501
2017.08.24  6840 6830 6840 6750 16599
2017.08.25  6830 6870 7300 6780 147378
2017.08.28  6770 6830 6890 6680 33799
2017.08.29  6640 6750 6830 6580 21922
2017.08.30  6620 6640 6750 6620 24240
2017.08.31  6650 6640 6700 6600 14580
2017.09.01  8640 6650 8640 6650 1850973
