2010.10.22  5860 6300 7110 5750 10873953
2010.10.25  6500 5910 6730 5860 4104796
2010.10.26  6030 6560 6650 5950 1111554
2010.10.27  5500 6000 6090 5400 1181426
2010.10.28  5670 5630 5950 5530 929212
2010.10.29  5430 5630 5730 5400 383110
2010.11.01  5330 5470 5630 5220 449633
2010.11.02  5320 5460 5550 5300 215451
2010.11.03  5300 5270 5520 5270 270036
2010.11.04  5310 5370 5430 5270 216665
2010.11.05  5150 5350 5390 5100 223266
2010.11.08  5300 5280 5410 5180 192243
2010.11.09  5250 5280 5350 5190 112444
2010.11.10  5600 5300 5810 5300 572721
2010.11.11  5400 5520 5610 5370 195634
2010.11.12  5250 5520 5520 5100 204092
2010.11.15  5150 5250 5250 5040 116129
2010.11.16  5000 5090 5200 4950 128806
2010.11.17  4805 4900 4975 4750 133184
2010.11.18  4825 4900 4950 4800 87988
2010.11.19  4910 4850 5160 4750 216721
2010.11.22  5000 4915 5050 4865 56845
2010.11.23  4850 5000 5020 4790 89288
2010.11.24  4525 4325 4680 4325 167568
2010.11.25  4400 4640 4640 4250 123617
2010.11.26  4175 4370 4475 4125 111833
2010.11.29  4195 4110 4250 4105 45034
2010.11.30  4250 4175 4330 4160 58442
2010.12.01  4215 4300 4300 4195 32931
2010.12.02  4400 4340 4745 4300 366083
2010.12.03  4180 4310 4400 4180 137731
2010.12.06  4240 4320 4320 4125 53404
2010.12.07  4200 4270 4290 4160 39827
2010.12.08  4195 4210 4270 4165 28406
2010.12.09  4135 4195 4195 4125 75773
2010.12.10  4115 4130 4165 4100 57565
2010.12.13  4150 4140 4245 4105 87326
2010.12.14  4130 4190 4190 4080 73106
2010.12.15  4055 4130 4140 4045 79061
2010.12.16  3970 4090 4090 3940 79379
2010.12.17  3945 4045 4045 3910 97112
2010.12.20  3795 3920 3945 3730 71838
2010.12.21  3835 3805 3900 3805 31758
2010.12.22  3895 3895 3995 3830 26190
2010.12.23  3975 3980 4005 3885 54181
2010.12.24  3910 4020 4080 3910 92809
2010.12.27  3910 3880 3960 3845 21669
2010.12.28  3765 3910 3930 3710 61107
2010.12.29  3850 3730 3850 3730 32950
2010.12.30  3845 3900 3930 3750 20829
2011.01.03  3830 3850 3900 3780 36007
2011.01.04  3860 3850 3870 3790 72583
2011.01.05  4150 3840 4435 3840 498412
2011.01.06  4020 4250 4370 3975 202917
2011.01.07  4395 4210 4550 4175 737370
2011.01.10  4415 4550 4560 4300 160417
2011.01.11  4190 4460 4460 4155 147490
2011.01.12  4190 4220 4315 4110 74431
2011.01.13  4130 4200 4270 4050 83780
2011.01.14  4090 4180 4180 4045 52210
2011.01.17  4045 4120 4140 3955 132850
2011.01.18  4160 4050 4225 4050 101592
2011.01.19  4165 4200 4265 4160 99906
2011.01.20  4155 4165 4265 4135 97070
2011.01.21  4010 4160 4200 4010 50777
2011.01.24  4000 4010 4085 3910 48051
2011.01.25  3990 3950 4080 3950 37244
2011.01.26  3915 3940 3990 3890 60117
2011.01.27  3940 3915 4005 3915 27318
2011.01.28  3910 3940 4000 3885 45437
2011.01.31  3910 3890 4035 3800 28947
2011.02.01  3980 3920 3990 3920 14150
2011.02.07  4060 4070 4075 3980 35647
2011.02.08  4040 4080 4100 3960 28437
2011.02.09  4000 4005 4060 3940 17081
2011.02.10  4000 3965 4060 3920 37098
2011.02.11  3895 4025 4050 3895 35727
2011.02.14  3760 4040 4040 3710 79206
2011.02.15  3675 3805 3805 3620 88229
2011.02.16  3610 3675 3700 3605 22447
2011.02.17  3680 3560 3685 3550 48193
2011.02.18  3730 3650 3755 3640 23378
2011.02.21  3720 3755 3760 3690 27041
2011.02.22  3655 3720 3830 3610 20589
2011.02.23  3590 3650 3680 3590 10375
2011.02.24  3300 3470 3585 3285 66045
2011.02.25  3245 3305 3395 3150 51647
2011.02.28  2770 3245 3245 2770 102231
2011.03.02  2940 2800 2960 2770 42587
2011.03.03  3035 3055 3130 2980 55143
2011.03.04  3055 3050 3120 3005 22964
2011.03.07  3130 3055 3145 3050 33043
2011.03.08  3210 3130 3220 3105 36644
2011.03.09  3250 3235 3285 3215 27190
2011.03.10  3230 3250 3280 3150 30970
2011.03.11  3210 3220 3230 3140 16589
2011.03.14  3085 3005 3180 3005 33456
2011.03.15  2980 3020 3130 2800 39573
2011.03.16  3000 2980 3080 2935 23855
2011.03.17  3000 2930 3030 2855 23695
2011.03.18  3035 3010 3065 3000 26683
2011.03.21  3055 3050 3060 2965 58171
2011.03.22  3045 3040 3050 2990 39028
2011.03.23  3075 3040 3075 2990 66019
2011.03.24  3535 3535 3535 3500 132557
2011.03.25  3800 3870 4065 3550 956101
2011.03.28  3840 3760 3860 3730 181837
2011.03.29  3560 3840 3880 3405 207528
2011.03.30  3450 3560 3570 3425 94537
2011.03.31  3410 3520 3600 3360 85340
2011.04.01  3360 3470 3480 3340 53582
2011.04.04  3510 3370 3720 3310 72793
2011.04.05  3490 3500 3610 3450 45214
2011.04.06  3410 3570 3575 3370 30687
2011.04.07  3230 3410 3420 3230 81851
2011.04.08  3215 3310 3325 3150 63356
2011.04.11  3245 3220 3310 3205 29494
2011.04.12  3225 3250 3270 3190 23760
2011.04.13  3165 3250 3250 3130 21526
2011.04.14  3280 3165 3315 3130 29810
2011.04.15  3495 3250 3710 3250 227819
2011.04.18  3530 3495 3875 3495 220191
2011.04.19  3370 3545 3550 3340 65757
2011.04.20  3430 3370 3430 3330 38661
2011.04.21  3580 3465 3680 3450 98082
2011.04.22  3600 3620 3655 3535 72408
2011.04.25  3500 3600 3645 3470 56359
2011.04.26  3335 3535 3535 3300 52741
2011.04.27  3260 3335 3390 3230 48438
2011.04.28  3380 3315 3385 3215 23506
2011.04.29  3440 3400 3440 3365 37909
2011.05.02  3500 3455 3535 3400 32392
2011.05.03  3530 3490 3540 3430 35596
2011.05.04  3500 3540 3540 3400 34483
2011.05.06  3340 3505 3505 2975 31650
2011.05.09  3330 3345 3400 3275 11565
2011.05.11  3360 3350 3375 3290 7896
2011.05.12  3330 3390 3390 3300 3155
2011.05.13  3360 3330 3390 3300 23804
2011.05.16  3300 3380 3380 3140 11640
2011.05.17  3245 3300 3310 3160 41725
2011.05.18  3150 3255 3290 3150 34101
2011.05.19  3010 3130 3165 3005 35349
2011.05.20  3090 3095 3095 3010 13896
2011.05.23  2990 3090 3090 2955 25901
2011.05.24  2970 2890 3135 2890 13417
2011.05.25  2930 3110 3110 2900 22890
2011.05.26  3010 2930 3055 2930 31168
2011.05.27  3060 3080 3090 3005 36896
2011.05.30  3065 3055 3135 3025 22337
2011.05.31  3120 3035 3125 3035 31171
2011.06.01  3120 3080 3120 3055 15388
2011.06.02  3390 3010 3495 3000 43693
2011.06.03  3145 3385 3585 3110 223512
2011.06.07  3070 3100 3160 3055 16074
2011.06.08  3050 3130 3130 3015 14080
2011.06.09  3030 3050 3090 3005 9738
2011.06.10  3015 3050 3090 2960 10962
2011.06.13  2990 3010 3030 2935 11639
2011.06.14  3050 2980 3050 2925 40339
2011.06.15  3015 3125 3180 2985 24468
2011.06.16  2945 2950 3000 2930 20819
2011.06.17  2920 2925 2970 2880 13291
2011.06.20  2925 2910 3000 2880 4295
2011.06.21  3015 2900 3015 2900 29327
2011.06.22  2985 2960 3010 2950 14862
2011.06.23  2950 3000 3035 2910 20648
2011.06.24  2975 2930 3000 2925 25010
2011.06.27  3030 3115 3350 3030 89717
2011.06.28  3005 3000 3070 2980 15829
2011.06.29  2985 3005 3040 2950 14862
2011.06.30  3000 3000 3145 2970 31210
2011.07.01  3010 3050 3050 2985 8898
2011.07.04  2970 3010 3070 2950 12692
2011.07.05  2970 2980 3020 2970 19088
2011.07.06  2975 2970 3020 2965 8670
2011.07.07  2990 3000 3020 2970 11564
2011.07.08  3040 3100 3100 2990 20934
2011.07.11  3045 3060 3060 2990 25228
2011.07.12  2990 3040 3040 2970 16905
2011.07.13  2975 2970 3030 2970 3758
2011.07.14  2975 2950 3000 2935 16793
2011.07.15  2995 3000 3000 2950 10154
2011.07.18  3045 3000 3060 2940 37264
2011.07.19  3035 3045 3060 2995 24838
2011.07.20  3040 3050 3095 3030 22059
2011.07.21  3015 3030 3055 2980 26912
2011.07.22  3010 3040 3055 3000 34359
2011.07.25  3005 3050 3050 2960 17713
2011.07.26  3130 3010 3165 2990 69961
2011.07.27  3150 3090 3250 3075 29042
2011.07.28  3185 3130 3250 3070 30743
2011.07.29  3195 3175 3280 3165 29787
2011.08.01  3160 3150 3240 3150 38918
2011.08.02  3075 3130 3180 3075 25775
2011.08.03  2970 3100 3100 2950 24705
2011.08.04  2965 3035 3035 2960 34785
2011.08.05  2800 2750 2880 2750 22456
2011.08.08  2620 2800 2800 2405 45288
2011.08.09  2340 2550 2550 2240 31730
2011.08.10  2375 2420 2495 2350 41475
2011.08.11  2500 2250 2500 2200 21549
2011.08.12  2500 2550 2600 2500 12335
2011.08.16  2700 2600 2740 2530 15477
2011.08.17  2715 2700 2750 2600 16718
2011.08.18  2640 2700 2700 2600 24635
2011.08.19  2330 2600 2600 2320 21734
2011.08.22  2325 2345 2350 2260 13001
2011.08.23  2370 2350 2390 2270 5871
2011.08.24  2440 2395 2540 2380 13902
2011.08.25  2435 2450 2500 2390 7566
2011.08.26  2405 2325 2435 2325 1204
2011.08.29  2350 2400 2445 2310 10924
2011.08.30  2400 2395 2420 2310 27300
2011.08.31  2400 2400 2450 2385 4709
2011.09.01  2390 2450 2450 2300 21804
2011.09.02  2400 2445 2445 2365 3832
2011.09.05  2250 2300 2385 2250 16693
2011.09.06  2120 2300 2300 2100 16716
2011.09.07  2230 2150 2250 2150 9271
2011.09.08  2270 2250 2320 2200 7241
2011.09.09  2265 2275 2300 2210 2621
2011.09.14  2170 2295 2295 2170 7120
2011.09.15  2100 2245 2245 2065 6889
2011.09.16  2185 2200 2200 2080 7781
2011.09.19  2190 2200 2250 2100 12586
2011.09.20  2100 2240 2240 2090 19825
2011.09.21  2120 2215 2215 2120 13862
2011.09.22  2135 2175 2175 2050 4164
2011.09.23  2020 2135 2135 2020 14628
2011.09.26  1740 1950 1950 1720 60879
2011.09.27  1810 1710 1985 1710 22718
2011.09.28  1775 1810 1870 1730 15255
2011.09.29  1795 1800 1805 1775 14202
2011.09.30  1805 1800 1830 1795 5657
2011.10.04  1760 1710 1800 1670 10692
2011.10.05  1740 1810 1810 1690 6777
2011.10.06  1825 1810 1835 1740 13869
2011.10.07  1905 1850 2000 1825 34228
2011.10.10  1985 1990 2000 1870 18328
2011.10.11  2040 2040 2040 1915 9396
2011.10.12  2055 2060 2100 2010 4465
2011.10.13  2070 2090 2095 2040 13225
2011.10.14  2070 2105 2105 2050 4279
2011.10.17  1970 2075 2080 1970 9344
2011.10.18  2265 2005 2265 1970 164406
2011.10.19  2140 2330 2330 2140 93873
2011.10.20  2045 2090 2180 2045 11871
2011.10.21  2010 2015 2085 1960 25625
2011.10.24  2015 2070 2095 2000 14253
2011.10.25  2040 2015 2045 1980 9642
2011.10.26  2060 2040 2060 1980 10928
2011.10.27  2070 2060 2140 1990 61605
2011.10.28  2130 2100 2140 2090 18716
2011.10.31  2170 2160 2425 2110 246875
2011.11.01  2205 2170 2220 2070 15382
2011.11.02  2185 2195 2195 2080 12972
2011.11.03  2510 2300 2510 2170 138695
2011.11.04  2615 2530 2690 2385 171243
2011.11.07  2475 2615 2640 2430 42800
2011.11.08  2320 2495 2495 2315 49202
2011.11.09  2370 2330 2450 2315 34998
2011.11.10  2360 2290 2360 2185 50324
2011.11.11  2400 2400 2445 2295 15992
2011.11.14  2480 2450 2505 2380 32562
2011.11.15  2435 2460 2505 2385 16800
2011.11.16  2385 2475 2475 2350 11234
2011.11.17  2500 2385 2500 2280 19379
2011.11.18  2480 2500 2500 2310 18744
2011.11.21  2435 2480 2485 2370 3667
2011.11.22  2355 2355 2470 2355 14716
2011.11.23  2290 2395 2440 2230 7190
2011.11.24  2245 2300 2380 2240 11601
2011.11.25  2195 2300 2300 2150 18046
2011.11.28  2165 2195 2250 2155 16163
2011.11.29  2100 2180 2270 2100 23956
2011.11.30  2120 2120 2120 2080 13144
2011.12.01  2130 2150 2200 2100 18040
2011.12.02  2120 2110 2175 1910 12750
2011.12.05  2120 2120 2150 2055 2606
2011.12.06  2150 2150 2375 2100 228097
2011.12.07  2170 2160 2230 2130 13228
2011.12.08  2175 2240 2240 2140 29465
2011.12.09  2200 2195 2210 2100 16561
2011.12.12  2270 2200 2280 2200 19737
2011.12.13  2260 2270 2350 2210 15112
2011.12.14  2335 2260 2365 2220 8610
2011.12.15  2190 2250 2335 2190 19480
2011.12.16  2170 2200 2300 2160 9238
2011.12.19  2135 2200 2220 2000 6689
2011.12.20  2020 1965 2190 1965 80214
2011.12.21  2000 2080 2080 2000 36079
2011.12.22  2005 2000 2020 1980 14811
2011.12.23  2045 2040 2100 1980 24856
2011.12.26  2080 2085 2085 2005 13893
2011.12.27  2080 2070 2080 2005 10364
2011.12.28  2080 2115 2115 2020 4167
2011.12.29  2080 2125 2125 2025 6904
2012.01.02  2245 2145 2245 2075 24301
2012.01.03  2335 2240 2370 2240 36136
2012.01.04  2440 2335 2550 2300 68518
2012.01.05  2465 2440 2540 2410 7731
2012.01.06  2320 2465 2465 2290 16766
2012.01.09  2320 2320 2420 2250 5559
2012.01.10  2400 2310 2410 2310 15096
2012.01.11  2325 2450 2450 2315 5775
2012.01.12  2345 2395 2395 2220 7459
2012.01.13  2405 2390 2415 2295 13945
2012.01.16  2385 2320 2450 2320 4878
2012.01.17  2450 2385 2550 2320 25700
2012.01.18  2440 2450 2540 2380 3929
2012.01.19  2430 2480 2580 2395 15008
2012.01.20  2385 2530 2530 2375 1334
2012.01.25  2425 2385 2465 2345 268
2012.01.26  2470 2435 2520 2380 2384
2012.01.27  2375 2400 2495 2345 21926
2012.01.30  2375 2480 2480 2305 11544
2012.01.31  2410 2525 2525 2340 954
2012.02.01  2350 2475 2475 2350 4473
2012.02.02  2320 2350 2445 2040 18607
2012.02.03  2340 2270 2360 2255 2590
2012.02.06  2340 2340 2395 2250 7999
2012.02.07  2360 2380 2380 2315 51
2012.02.08  2300 2300 2390 2280 8984
2012.02.09  2310 2260 2360 2245 12617
2012.02.10  2285 2375 2375 2285 3881
2012.02.13  2295 2280 2345 2240 7449
2012.02.14  2245 2345 2345 2235 17386
2012.02.15  2345 2260 2450 2260 19799
2012.02.16  2695 2325 2695 2325 228833
2012.02.17  2500 2800 2800 2500 299621
2012.02.20  2625 2540 2685 2500 88035
2012.02.21  2805 2725 3015 2705 829872
2012.02.22  2715 2760 2760 2660 136448
2012.02.23  3120 2690 3120 2550 335738
2012.02.24  3030 2995 3100 2925 66032
2012.02.27  2830 3020 3020 2750 61504
2012.02.28  2820 2765 2940 2690 45290
2012.02.29  2850 2950 2975 2840 36911
2012.03.02  2845 2855 2955 2760 31159
2012.03.05  2655 2920 2935 2630 60121
2012.03.06  2680 2600 2820 2600 49311
2012.03.07  2650 2730 2730 2630 10001
2012.03.08  2700 2625 2800 2625 17182
2012.03.09  2770 2740 2900 2640 65732
2012.03.12  2795 2875 2875 2650 66169
2012.03.13  2705 2740 2795 2700 25201
2012.03.14  2685 2735 2760 2680 26905
2012.03.15  2740 2690 2740 2600 60163
2012.03.16  2785 2880 2885 2700 54696
2012.03.19  2800 2760 2830 2755 18566
2012.03.20  2800 2800 2830 2740 29348
2012.03.21  2705 2825 2825 2705 24239
2012.03.22  2610 2740 2750 2580 35164
2012.03.23  2600 2675 2675 2600 8937
2012.03.26  2580 2610 2645 2570 13853
2012.03.27  2535 2565 2595 2495 32881
2012.03.28  2500 2485 2615 2460 9954
2012.03.29  2465 2600 2600 2420 16298
2012.03.30  2500 2465 2525 2320 31114
2012.04.02  2455 2510 2510 2415 8049
2012.04.03  2305 2485 2490 2305 36022
2012.04.04  2250 2305 2360 2245 24603
2012.04.05  2225 2170 2235 2170 26720
2012.04.06  2305 2225 2350 2220 12309
2012.04.09  2265 2300 2355 2255 11675
2012.04.10  2235 2235 2345 2235 2754
2012.04.12  2150 2240 2275 2150 18795
2012.04.13  2250 2105 2250 2105 3478
2012.04.16  2275 2205 2275 2195 6418
2012.04.17  2315 2275 2335 2240 13794
2012.04.18  2335 2270 2370 2270 9329
2012.04.19  2335 2295 2340 2295 15738
2012.04.20  2300 2300 2480 2280 12191
2012.04.23  2300 2330 2330 2270 2195
2012.04.24  2240 2295 2295 2210 3127
2012.04.25  2280 2320 2320 2240 5582
2012.04.26  2290 2255 2310 2235 3352
2012.04.27  2215 2365 2365 2215 10062
2012.04.30  2225 2340 2340 2175 33921
2012.05.02  2180 2180 2295 2150 23376
2012.05.03  2210 2180 2235 2150 12595
2012.05.04  2195 2175 2235 2175 2702
2012.05.07  2415 2200 2520 2195 163782
2012.05.08  2570 2445 2710 2380 182613
2012.05.09  2530 2600 2750 2485 74542
2012.05.10  2435 2530 2570 2410 54881
2012.05.11  2785 2500 2800 2405 618490
2012.05.14  2725 2710 2820 2640 174406
2012.05.15  2795 2730 3080 2620 855734
2012.05.16  2550 2790 2965 2510 322615
2012.05.17  2480 2595 2645 2475 78808
2012.05.18  2330 2495 2500 2220 94923
2012.05.21  2300 2215 2345 2215 50029
2012.05.22  2445 2280 2445 2280 46676
2012.05.23  2440 2405 2535 2325 25683
2012.05.24  2480 2420 2480 2370 19599
2012.05.25  2675 2440 2800 2440 72318
2012.05.29  2695 2720 2785 2625 37825
2012.05.30  2700 2740 2740 2595 24252
2012.05.31  2900 2650 2990 2650 339164
2012.06.01  2810 2875 2980 2740 69012
2012.06.04  2740 2660 2795 2610 56854
2012.06.05  2870 2665 2950 2630 84193
2012.06.07  2840 2950 2950 2810 33037
2012.06.08  2695 2850 2870 2560 82448
2012.06.11  2650 2710 2845 2635 46057
2012.06.12  2850 2650 2980 2650 202791
2012.06.13  3110 2850 3190 2775 330443
2012.06.14  2975 3125 3185 2965 149912
2012.06.15  3010 3070 3070 2920 62715
2012.06.18  2950 3050 3145 2905 96529
2012.06.19  2820 2980 2980 2820 116232
2012.06.20  2940 2945 3015 2880 116313
2012.06.21  2890 2940 2940 2810 44427
2012.06.22  2800 2900 2900 2760 46965
2012.06.25  2745 2800 2800 2655 108773
2012.06.26  3155 3005 3155 2885 1243026
2012.06.27  3065 3265 3300 3010 532325
2012.06.28  2920 3080 3105 2905 192560
2012.06.29  2930 2945 2945 2780 82025
2012.07.02  2850 2940 2975 2810 95602
2012.07.03  2850 2885 2885 2780 103886
2012.07.04  2930 2870 2975 2820 83950
2012.07.05  2880 2955 2955 2840 43718
2012.07.06  2860 2885 3015 2800 120523
2012.07.09  2810 2870 2870 2800 49185
2012.07.10  2795 2795 2870 2785 25085
2012.07.11  2720 2750 2820 2710 76473
2012.07.12  2710 2790 2790 2640 78476
2012.07.13  2560 2740 2740 2440 98560
2012.07.16  2630 2575 2710 2460 57582
2012.07.17  2740 2630 2790 2600 51815
2012.07.18  2665 2770 2770 2650 41225
2012.07.19  2750 2680 2760 2640 26381
2012.07.20  2740 2775 2775 2690 16205
2012.07.23  2660 2740 2780 2620 28815
2012.07.24  2630 2625 2685 2505 28665
2012.07.25  2490 2570 2570 2445 30893
2012.07.26  2470 2590 2595 2470 12596
2012.07.27  2530 2575 2580 2490 16953
2012.07.30  2560 2550 2600 2550 11416
2012.07.31  2525 2540 2585 2485 11418
2012.08.01  2625 2545 2660 2530 20782
2012.08.02  2625 2600 2680 2600 17634
2012.08.03  2695 2630 2700 2570 16934
2012.08.06  2750 2735 2760 2660 19162
2012.08.07  3160 2750 3160 2730 561434
2012.08.08  3160 3240 3340 3075 619807
2012.08.09  3120 3160 3270 3085 212385
2012.08.10  3160 3100 3270 3055 310693
2012.08.13  3140 3175 3175 3065 79130
2012.08.14  3195 3155 3340 3090 277623
2012.08.16  3130 3280 3280 3055 81226
2012.08.17  3590 3140 3590 3065 365964
2012.08.20  3810 4000 4070 3700 758717
2012.08.21  3715 3810 3810 3500 340771
2012.08.22  3600 3665 3885 3600 240365
2012.08.23  3485 3600 3650 3450 176503
2012.08.24  3450 3440 3620 3400 155758
2012.08.27  3290 3320 3320 3190 275004
2012.08.28  3485 3320 3500 3300 180950
2012.08.29  3655 3445 3850 3405 394922
2012.08.30  3630 3740 3765 3570 141634
2012.08.31  3525 3640 3640 3500 111857
2012.09.03  4050 4045 4050 3850 550587
2012.09.04  4400 4345 4655 4305 1697753
2012.09.05  4680 4350 4950 4150 1150792
2012.09.06  4385 4680 4760 4310 476661
2012.09.07  4415 4530 4625 4350 309479
2012.09.10  5000 4460 5000 4160 673353
2012.09.11  5000 4875 5190 4720 683620
2012.09.12  4930 4900 5040 4825 266121
2012.09.13  4980 4900 5300 4825 606868
2012.09.14  4715 4990 5040 4530 356551
2012.09.17  4435 4525 4650 4400 296790
2012.09.18  4470 4330 4500 4280 273275
2012.09.19  4365 4470 4470 4360 123796
2012.09.20  4400 4370 4530 4370 133605
2012.09.21  4495 4465 4530 4415 133191
2012.09.24  4125 4520 4545 4010 201495
2012.09.25  4070 4120 4180 4005 101310
2012.09.26  4070 4070 4270 4000 93188
2012.09.27  4050 4180 4190 3930 80176
2012.09.28  4160 4165 4350 4145 79940
2012.10.02  4160 4260 4260 4100 55834
2012.10.04  4170 4160 4275 4140 54145
2012.10.05  4250 4295 4310 4160 78669
2012.10.08  4060 4150 4270 4010 143133
2012.10.09  4035 4060 4100 3925 71439
2012.10.10  3960 4000 4030 3850 54417
2012.10.11  3950 3940 4055 3940 45132
2012.10.12  4145 4140 4190 4000 62948
2012.10.15  3990 4145 4170 3920 97268
2012.10.16  4140 4020 4140 3970 60723
2012.10.17  4760 4190 4760 4160 609890
2012.10.18  4800 4615 4850 4610 465385
2012.10.19  4600 4795 4795 4470 144045
2012.10.22  4750 4500 4770 4385 158620
2012.10.23  4700 4850 4875 4650 124541
2012.10.24  4710 4555 4750 4555 109458
2012.10.25  4315 4675 4675 4240 285991
2012.10.26  4200 4290 4380 4160 63105
2012.10.29  4000 4150 4250 3990 26653
2012.10.30  4000 4000 4100 3905 36305
2012.10.31  4065 4050 4150 3970 51316
2012.11.01  4030 4085 4085 3940 21883
2012.11.02  4160 4030 4200 4030 31079
2012.11.05  4150 4180 4190 4080 22476
2012.11.06  4080 4120 4170 4075 15913
2012.11.07  4265 4080 4360 4040 52804
2012.11.08  4280 4255 4300 4100 48182
2012.11.09  4425 4280 4470 4120 56327
2012.11.12  4525 4500 4600 4435 97007
2012.11.13  4440 4590 4630 4375 55116
2012.11.14  4395 4500 4600 4230 115118
2012.11.15  4290 4375 4375 4060 51252
2012.11.16  3910 4445 4445 3910 66430
2012.11.19  4035 3850 4090 3850 83282
2012.11.20  4360 4145 4360 4035 110750
2012.11.21  4360 4355 4500 4255 38652
2012.11.22  4410 4470 4470 4300 25540
2012.11.23  4330 4450 4450 4275 30609
2012.11.26  4520 4350 4605 4330 196997
2012.11.27  4450 4460 4550 4370 90715
2012.11.28  4550 4450 4585 4300 132199
2012.11.29  4490 4620 4970 4440 790138
2012.11.30  5160 4410 5160 4380 841389
2012.12.03  5520 5260 5580 5090 1317736
2012.12.04  5570 5470 5620 5330 572054
2012.12.05  5700 5650 6020 5540 781220
2012.12.06  5550 5650 5820 5350 436712
2012.12.07  5500 5500 5670 5120 380765
2012.12.10  5720 5490 5720 5340 290396
2012.12.11  5620 5800 5800 5500 199481
2012.12.12  5750 5510 5750 5250 362097
2012.12.13  5800 5750 6000 5600 476324
2012.12.14  5540 5800 5800 5480 322546
2012.12.17  5500 5540 5630 5260 263316
2012.12.18  5380 5590 5590 5290 151461
2012.12.20  4925 5380 5380 4925 298920
2012.12.21  5150 4925 5150 4730 230589
2012.12.24  5090 5120 5190 5050 72299
2012.12.26  5000 5080 5200 4970 100421
2012.12.27  5200 4975 5320 4800 198339
2012.12.28  5520 5300 5520 5180 336096
2013.01.02  5450 5570 5600 5350 170281
2013.01.03  5450 5370 5470 5310 101406
2013.01.04  5600 5470 5620 5340 208499
2013.01.07  5480 5590 5660 5400 126821
2013.01.08  5340 5500 5500 5270 139302
2013.01.09  5240 5340 5390 5090 187564
2013.01.10  5170 5160 5270 5100 105944
2013.01.11  5170 5160 5230 5100 129460
2013.01.14  5110 5170 5180 4935 215620
2013.01.15  5060 5110 5140 4940 125494
2013.01.16  4920 5020 5080 4860 78224
2013.01.17  5100 5010 5100 4850 88069
2013.01.18  5100 5110 5110 5020 78214
2013.01.21  5130 5100 5140 5000 100805
2013.01.22  5450 5130 5510 5070 427007
2013.01.23  5430 5380 5470 5320 100523
2013.01.24  5430 5480 5480 5310 99778
2013.01.25  5220 5480 5480 5120 169079
2013.01.28  5190 5060 5310 5060 71939
2013.01.29  5300 5260 5340 5150 54718
2013.01.30  5290 5250 5340 5180 43094
2013.01.31  5390 5340 5460 5290 98047
2013.02.01  5300 5410 5440 5250 60413
2013.02.04  5230 5350 5350 5180 33621
2013.02.05  5230 5230 5250 5030 74084
2013.02.06  5160 5210 5310 5100 26140
2013.02.07  5120 5260 5420 5120 76729
2013.02.08  5230 5120 5290 5100 39510
2013.02.12  5180 5300 5380 5100 56224
2013.02.13  5570 5260 5570 5160 133261
2013.02.14  5720 5570 5800 5420 323870
2013.02.15  5750 5710 5800 5650 191868
2013.02.18  6110 5650 6210 5640 565305
2013.02.19  6300 6120 6420 6060 411497
2013.02.20  6500 6270 6660 6270 390217
2013.02.21  6350 6300 6630 6230 298232
2013.02.22  6400 6260 6550 6210 166711
2013.02.25  6520 6480 6750 6350 312518
2013.02.26  6510 6510 6840 6400 286821
2013.02.27  6380 6600 6600 6250 195524
2013.02.28  6350 6380 6600 6290 152413
2013.03.04  6400 6280 6480 6240 123146
2013.03.05  6630 6360 6690 6360 182904
2013.03.06  6480 6800 6800 6340 187833
2013.03.07  6340 6500 6500 6250 129745
2013.03.08  6600 6270 6600 6240 153828
2013.03.11  6460 6600 6650 6340 126154
2013.03.12  6500 6390 6560 6370 127979
2013.03.13  6700 6410 6760 6390 194189
2013.03.14  6500 6700 6730 6460 193879
2013.03.15  6430 6510 6730 6330 253556
2013.03.18  6020 6270 6330 5970 466759
2013.03.19  6140 6070 6320 6020 96430
2013.03.20  6130 6160 6270 6020 74628
2013.03.21  6190 6090 6310 6090 39860
2013.03.22  6250 6230 6250 6120 62595
2013.03.25  6170 6220 6300 6150 45851
2013.03.26  6500 6170 6500 6000 134083
2013.03.27  6890 6560 6940 6350 373925
2013.03.28  6880 6940 7150 6730 240546
2013.03.29  6890 6880 6930 6700 131486
2013.04.01  6800 6890 6890 6700 116237
2013.04.02  7000 6720 7230 6720 380002
2013.04.03  7230 7100 7290 7020 286617
2013.04.04  7290 7200 7380 6940 497043
2013.04.05  7110 7290 7300 7040 200940
2013.04.08  6830 7110 7170 6650 199936
2013.04.09  6830 6640 6970 6460 174453
2013.04.10  7850 6990 7850 6970 677473
2013.04.11  8240 8130 8500 8040 919675
2013.04.12  8170 8320 8320 8100 328407
2013.04.15  8510 8240 8700 8170 582310
2013.04.16  8500 8400 8600 8170 308809
2013.04.17  8570 8590 8770 8510 319208
2013.04.18  8460 8550 8550 8350 177617
2013.04.19  8200 8380 8560 8050 179624
2013.04.22  8500 8200 8500 8120 127303
2013.04.23  8490 8690 8690 8340 113101
2013.04.24  9180 8590 9240 8310 474067
2013.04.25  9400 9100 9650 9050 317596
2013.04.26  9600 9600 9600 9300 175898
2013.04.29  9550 9770 9770 9420 129911
2013.04.30  9360 9680 9680 9300 117441
2013.05.02  9080 9360 9390 8470 145319
2013.05.03  9090 9300 9300 8840 169939
2013.05.06  8940 9170 9220 8900 146412
2013.05.07  9040 8920 9050 8800 114736
2013.05.08  9000 9040 9200 8870 259221
2013.05.09  8900 9090 9090 8800 158775
2013.05.10  8700 8950 8950 8690 128622
2013.05.13  8450 8700 8720 8350 154381
2013.05.14  8270 8450 8640 8150 105528
2013.05.15  8960 8300 9090 8300 219390
2013.05.16  9060 9070 9080 8790 126385
2013.05.20  8860 9100 9100 8800 69859
2013.05.21  9300 8900 9300 8880 163434
2013.05.22  9270 9310 9450 9080 140181
2013.05.23  9160 9160 9310 9160 94685
2013.05.24  9310 9170 9330 9060 71774
2013.05.27  9260 9450 9470 7920 86033
2013.05.28  9350 9420 9420 9160 110940
2013.05.29  9360 9480 9480 9200 54416
2013.05.30  9500 9220 9500 9220 141419
2013.05.31  9850 9590 10100 9590 216681
2013.06.03  9780 9800 9930 9650 77296
2013.06.04  9660 9780 9890 9440 69687
2013.06.05  9420 9700 9700 9200 52530
2013.06.07  8680 9420 9420 8450 134958
2013.06.10  8870 8700 9000 8680 36128
2013.06.11  9230 8800 9330 8690 43486
2013.06.12  9170 9370 9400 9100 27030
2013.06.13  9080 9170 9290 8770 75588
2013.06.14  8900 9230 9230 8890 69680
2013.06.17  8880 8910 9040 8650 163194
2013.06.18  8810 8900 8940 8720 94429
2013.06.19  8540 8900 9000 8540 60300
2013.06.20  8780 8400 8790 8120 58882
2013.06.21  8570 8110 8590 8110 63979
2013.06.24  8150 8500 8570 8150 36089
2013.06.25  7880 8020 8150 7530 148854
2013.06.26  7960 7900 8420 7800 44091
2013.06.27  8000 8200 8330 7960 171893
2013.06.28  8190 8010 8300 8010 79076
2013.07.01  8180 8320 8320 8170 51513
2013.07.02  8160 8210 8400 8160 64218
2013.07.03  7990 8280 8280 7920 38323
2013.07.04  8000 7930 8190 7750 16265
2013.07.05  8050 8000 8590 7720 210953
2013.07.08  7960 8060 8280 7850 79373
2013.07.09  7940 7920 8140 7680 69718
2013.07.10  7940 7970 8060 7880 25375
2013.07.11  8200 7950 8300 7950 34083
2013.07.12  8760 8250 8930 8250 143552
2013.07.15  8770 8810 8920 8600 91334
2013.07.16  9060 8990 9120 8750 87750
2013.07.17  9100 9060 9250 8920 73544
2013.07.18  9010 9170 9170 8960 44616
2013.07.19  9000 9290 9460 9000 54521
2013.07.22  8850 9170 9170 8750 61791
2013.07.23  8830 8950 8950 8630 38644
2013.07.24  8810 8700 8930 8700 25591
2013.07.25  8900 8610 9050 8610 41305
2013.07.26  8860 9090 9090 8850 55914
2013.07.29  8850 9130 9150 8600 105790
2013.07.30  9370 9630 9870 9180 610548
2013.07.31  9150 9370 9370 8820 194061
2013.08.01  9000 9350 9380 9000 150477
2013.08.02  9160 9160 9300 9030 111031
2013.08.05  9450 9270 9630 9140 183585
2013.08.06  9370 9490 9490 9230 68727
2013.08.07  9370 9310 9570 9230 120489
2013.08.08  9140 9330 9440 9140 104741
2013.08.09  8920 9120 9270 8900 85827
2013.08.12  8700 8930 8940 8560 96126
2013.08.13  8830 8700 8830 8650 40804
2013.08.14  8580 8830 8830 8580 63041
2013.08.16  8270 8460 8540 8160 109788
2013.08.19  8290 8170 8380 8170 46586
2013.08.20  7970 8310 8310 7970 90005
2013.08.21  7970 7850 8040 7800 50696
2013.08.22  7870 7670 8000 7610 67131
2013.08.23  7960 7990 8040 7850 30369
2013.08.26  7920 8080 8080 7900 22444
2013.08.27  8040 7990 8340 7940 63903
2013.08.28  7890 8000 8010 7710 64908
2013.08.29  7800 7790 7900 7760 37147
2013.08.30  7610 7780 7950 7590 61813
2013.09.02  7700 7610 7750 7610 24491
2013.09.03  7670 7720 7780 7630 33766
2013.09.04  7660 7800 7800 7660 32273
2013.09.05  7740 7700 7770 7660 52124
2013.09.06  7660 7730 7790 7630 45830
2013.09.09  7640 7640 7710 7570 67966
2013.09.10  7670 7730 7730 7620 23653
2013.09.11  8030 7730 8060 7670 99587
2013.09.12  8150 8020 8180 7900 49867
2013.09.13  8100 8140 8180 8000 32612
2013.09.16  8080 8140 8250 8000 38721
2013.09.17  8190 8080 8230 8000 28901
2013.09.23  8100 8230 8230 8050 21945
2013.09.24  7880 8100 8100 7810 70704
2013.09.25  7830 7970 7970 7740 27214
2013.09.26  8030 7870 8050 7710 55187
2013.09.27  8130 7990 8370 7990 56085
2013.09.30  8100 8130 8250 8030 31541
2013.10.01  7900 8100 8220 7870 50380
2013.10.02  8100 8060 8130 7780 37679
2013.10.04  7930 8040 8150 7900 43303
2013.10.07  8160 7970 8210 7930 73739
2013.10.08  8600 8160 8670 8110 168022
2013.10.10  8600 8700 8700 8390 118144
2013.10.11  8760 8690 8850 8600 109837
2013.10.14  8700 8760 8790 8540 45817
2013.10.15  8470 8700 8710 8440 86279
2013.10.16  7980 8400 8520 7940 209443
2013.10.17  7840 7980 8080 7630 128815
2013.10.18  7870 7850 7870 7710 24141
2013.10.21  7650 7870 7870 7600 90646
2013.10.22  7570 7640 7750 7540 69363
2013.10.23  7170 7660 7660 7170 134845
2013.10.24  7350 7170 7350 7030 46372
2013.10.25  7310 7400 7440 7250 37796
2013.10.28  7270 7440 7440 7170 65027
2013.10.29  7250 7350 7380 7240 59345
2013.10.30  7270 7300 7340 7200 41069
2013.10.31  7240 7370 7370 7240 41606
2013.11.01  7530 7330 7680 7240 77324
2013.11.04  7650 7500 7650 7410 38035
2013.11.05  7590 7650 7720 7560 38638
2013.11.06  7500 7590 7690 7410 32143
2013.11.07  7450 7540 7640 7350 25877
2013.11.08  7440 7350 7480 7290 20406
2013.11.11  7270 7410 7490 7160 32892
2013.11.12  7230 7200 7310 7120 42331
2013.11.13  7200 7210 7320 7150 14450
2013.11.14  7200 7200 7290 7120 17819
2013.11.15  7030 7200 7290 7010 27786
2013.11.18  7060 7010 7170 6950 11199
2013.11.19  6700 6960 7110 6580 51768
2013.11.20  7510 6700 7600 6350 493876
2013.11.21  7400 7650 7750 7300 404255
2013.11.22  7420 7530 7540 7290 142265
2013.11.25  7350 7460 7490 7330 84286
2013.11.26  7720 7390 7860 7330 230176
2013.11.27  7650 7720 7900 7600 103934
2013.11.28  7690 7660 7790 7600 81855
2013.11.29  7690 7680 7690 7450 78459
2013.12.02  7580 7640 7690 7500 67401
2013.12.03  7420 7600 7650 7400 49137
2013.12.04  7190 7410 7490 7160 57498
2013.12.05  7200 7210 7360 7160 40001
2013.12.06  7100 7150 7200 7020 32524
2013.12.09  7090 7300 7300 7000 49023
2013.12.10  6760 7090 7140 6740 101040
2013.12.11  6830 6760 6910 6760 16976
2013.12.12  6710 6710 6800 6650 63244
2013.12.13  6650 6740 6860 6570 48994
2013.12.16  6370 6650 6700 6370 60282
2013.12.17  6270 6490 6550 6200 70188
2013.12.18  6320 6200 6370 6170 49460
2013.12.19  6250 6410 6420 6200 42387
2013.12.20  6210 6220 6290 6170 28200
2013.12.23  6400 6210 6420 6210 71872
2013.12.24  6560 6530 6590 6350 39687
2013.12.26  6620 6560 6760 6560 87769
2013.12.27  6700 6640 6720 6600 24314
2013.12.30  6690 6660 6730 6630 21483
2014.01.02  6220 6690 6710 6200 138183
2014.01.03  6280 6260 6400 6220 84272
2014.01.06  6280 6270 6350 6240 47515
2014.01.07  6310 6260 6340 6250 31320
2014.01.08  6280 6310 6380 6220 46829
2014.01.09  6100 6270 6300 6060 144977
2014.01.10  6040 6150 6200 5890 150399
2014.01.13  5920 6060 6130 5840 137865
2014.01.14  6030 5900 6030 5870 54217
2014.01.15  6070 6040 6100 6000 64673
2014.01.16  6230 6120 6260 6120 100941
2014.01.17  6250 6180 6270 6160 55806
2014.01.20  6290 6240 6340 6180 90177
2014.01.21  6610 6220 6640 6220 205614
2014.01.22  6610 6620 6700 6440 68533
2014.01.23  6710 6750 6840 6620 103639
2014.01.24  6660 6690 6790 6490 112735
2014.01.27  6660 6440 6680 6350 137937
2014.01.28  6600 6530 6680 6500 42672
2014.01.29  6900 6590 7040 6590 152546
2014.02.03  6800 6900 6990 6660 92294
2014.02.04  6620 6630 6720 6530 102128
2014.02.05  6600 6700 6710 6530 69813
2014.02.06  6760 6600 6780 6600 84723
2014.02.07  6620 6760 6970 6570 387051
2014.02.10  6210 6560 6560 6210 279555
2014.02.11  6450 6240 6450 6120 172623
2014.02.12  6220 6410 6700 6200 268238
2014.02.13  6150 6220 6290 6110 82104
2014.02.14  6210 6170 6250 6150 51538
2014.02.17  6150 6210 6230 6020 68370
2014.02.18  6340 6210 6410 6130 114415
2014.02.19  6330 6300 6360 6240 55728
2014.02.20  6210 6290 6320 6210 36988
2014.02.21  6220 6290 6290 6130 71891
2014.02.24  6120 6240 6240 6110 52173
2014.02.25  6140 6150 6170 6100 30303
2014.02.26  6200 6090 6250 6090 55083
2014.02.27  6100 6170 6220 6040 81301
2014.02.28  6120 6100 6160 6050 44989
2014.03.03  5910 6080 6160 5860 130706
2014.03.04  5850 5870 5950 5820 50651
2014.03.05  5720 5950 5950 5720 119140
2014.03.06  6390 5760 6500 5760 503382
2014.03.07  6130 6390 6390 6020 399689
2014.03.10  5720 6120 6120 5720 321793
2014.03.11  5610 5750 5810 5580 326560
2014.03.12  5640 5580 5640 5370 433075
2014.03.13  5720 5670 5900 5650 153851
2014.03.14  5700 5700 5740 5550 53761
2014.03.17  5500 5700 5700 5480 59719
2014.03.18  5740 5470 5740 5470 62276
2014.03.19  5710 5790 5840 5670 62942
2014.03.20  6100 5730 6160 5730 231474
2014.03.21  6030 6050 6140 5900 104936
2014.03.24  6020 6030 6080 5980 150243
2014.03.25  5910 5990 6040 5870 104983
2014.03.26  5850 5930 5990 5740 75584
2014.03.27  5880 5850 5940 5770 69587
2014.03.28  6010 5930 6070 5860 125603
2014.03.31  6010 6040 6130 5960 111009
2014.04.01  6030 6010 6080 5980 90238
2014.04.02  6390 6030 6450 6030 428332
2014.04.03  6360 6450 6490 6340 119266
2014.04.04  6590 6350 6690 6330 205156
2014.04.07  6800 6580 7070 6580 243164
2014.04.08  6790 6790 6890 6690 80129
2014.04.09  6590 6970 6970 6530 148614
2014.04.10  6500 6660 6660 6400 128400
2014.04.11  6590 6350 6630 6350 66893
2014.04.14  7300 6740 7570 6710 1179336
2014.04.15  7450 7300 7540 7220 376007
2014.04.16  7730 7510 8140 7420 806945
2014.04.17  8000 7900 8250 7750 499290
2014.04.18  8030 8140 8180 7850 185986
2014.04.21  7910 7920 8020 7810 128566
2014.04.22  7900 7990 8000 7650 225186
2014.04.23  7610 7950 8070 7610 268873
2014.04.24  7490 7660 7740 7290 201181
2014.04.25  7650 7490 7650 7380 157795
2014.04.28  7840 7560 7940 7560 211385
2014.04.29  7800 7940 7940 7610 120838
2014.04.30  7590 7800 7800 7430 122580
2014.05.02  7370 7650 7650 7370 119860
2014.05.07  7100 7370 7370 7000 161599
2014.05.08  6930 7090 7130 6840 138922
2014.05.09  6800 6950 7000 6650 322224
2014.05.12  6410 6800 6980 6390 641023
2014.05.13  6530 6490 6590 6360 527548
2014.05.14  6400 6570 6700 6400 374300
2014.05.15  6620 6370 6760 6370 590921
2014.05.16  6550 6620 6640 6440 174306
2014.05.19  6180 6650 6740 6030 334766
2014.05.20  6010 6190 6220 5800 253873
2014.05.21  5920 5940 6070 5900 129424
2014.05.22  6320 6000 6800 5900 1298809
2014.05.23  6180 6320 6360 6140 259724
2014.05.26  6090 6250 6250 6090 139754
2014.05.27  5860 6030 6140 5800 233955
2014.05.28  5940 5900 6020 5750 147789
2014.05.29  5650 5940 6000 5640 213257
2014.05.30  5720 5700 5850 5670 167062
2014.06.02  5450 5650 5720 5450 124561
2014.06.03  5420 5380 5540 5290 92917
2014.06.05  5300 5420 5460 5250 93245
2014.06.09  5340 5430 5460 5240 69933
2014.06.10  5500 5340 5560 5340 54644
2014.06.11  5490 5500 5590 5470 58582
2014.06.12  5550 5520 5570 5470 37285
2014.06.13  5490 5550 5620 5440 81490
2014.06.16  5440 5440 5560 5390 50112
2014.06.17  5520 5530 5540 5440 26434
2014.06.18  5540 5500 5590 5460 40716
2014.06.19  5540 5540 5750 5470 116413
2014.06.20  5540 5460 5580 5420 46669
2014.06.23  5210 5570 5570 5200 111760
2014.06.24  5060 5220 5220 4795 199341
2014.06.25  4900 4945 5060 4900 60278
2014.06.26  4990 4905 5080 4905 77999
2014.06.27  4695 4900 5040 4695 87781
2014.06.30  4765 4600 4820 4600 78812
2014.07.01  4910 4800 4920 4800 37249
2014.07.02  4910 4870 4995 4865 41387
2014.07.03  4760 4910 4960 4695 89924
2014.07.04  4750 4770 4815 4705 46906
2014.07.07  4570 4780 4795 4500 96850
2014.07.08  4445 4570 4570 4290 171361
2014.07.09  4445 4615 4885 4445 124069
2014.07.10  5110 4540 5110 4475 837050
2014.07.11  5700 5150 5870 5150 1607186
2014.07.14  5690 5700 5790 5460 691797
2014.07.15  5550 5700 5710 5540 320856
2014.07.16  5270 5540 5600 5130 348368
2014.07.17  5180 5230 5430 5160 272883
2014.07.18  5220 5160 5330 5140 121120
2014.07.21  5390 5290 5520 5210 243172
2014.07.22  5340 5410 5570 5290 227680
2014.07.23  5190 5600 5600 5170 151717
2014.07.24  5230 5160 5280 5160 77352
2014.07.25  4990 5230 5250 4975 141136
2014.07.28  4920 4940 5210 4870 148580
2014.07.29  4655 4950 4985 4655 115369
2014.07.30  4540 4515 4680 4515 96339
2014.07.31  4350 4455 4535 4225 163283
2014.08.01  4365 4215 4450 4215 72396
2014.08.04  4580 4390 4665 4380 94374
2014.08.05  4450 4580 4660 4450 77676
2014.08.06  4340 4450 4495 4305 57202
2014.08.07  4445 4215 4455 4215 71731
2014.08.08  4365 4440 4470 4320 55751
2014.08.11  4350 4380 4500 4305 31080
2014.08.12  4350 4330 4420 4250 51709
2014.08.13  4360 4390 4395 4300 37599
2014.08.14  4390 4350 4400 4350 42576
2014.08.18  4355 4410 4480 4335 29914
2014.08.19  4380 4430 4430 4325 45077
2014.08.20  4445 4380 4445 4335 77599
2014.08.21  5110 4470 5110 4470 594668
2014.08.22  4870 5160 5260 4815 630756
2014.08.25  4725 4880 4950 4720 166396
2014.08.26  4770 4700 4870 4690 150379
2014.08.27  4615 4810 4820 4605 127252
2014.08.28  4520 4615 4615 4495 173919
2014.08.29  4495 4520 4580 4475 75593
2014.09.01  4255 4525 4530 4100 187877
2014.09.02  4060 4170 4260 4015 170922
2014.09.03  3930 4035 4120 3915 115354
2014.09.04  4025 3875 4080 3860 104091
2014.09.05  4145 4045 4165 4010 65838
2014.09.11  4105 4145 4165 4085 37926
2014.09.12  3990 4075 4125 3990 47831
2014.09.15  4020 3985 4040 3915 41682
2014.09.16  4100 3990 4100 3940 50908
2014.09.17  4200 4100 4230 4055 78341
2014.09.18  4220 4175 4280 4170 58520
2014.09.19  4300 4225 4335 4150 81792
2014.09.22  4205 4310 4335 4180 59087
2014.09.23  4400 4325 4800 4325 392235
2014.09.24  4320 4370 4420 4225 70260
2014.09.25  4265 4310 4415 4225 44717
2014.09.26  4260 4200 4355 4170 65590
2014.09.29  4200 4235 4260 4070 69858
2014.09.30  4030 4200 4205 4020 58082
2014.10.01  3980 4010 4090 3900 42413
2014.10.02  4040 3980 4065 3950 20895
2014.10.06  3970 4125 4125 3935 35389
2014.10.07  4090 3950 4090 3915 39338
2014.10.08  4030 4090 4090 4025 14119
2014.10.10  3970 3990 4080 3960 33128
2014.10.13  3845 3965 3965 3805 50500
2014.10.14  3900 3880 3930 3760 34949
2014.10.15  3895 3895 3950 3820 18919
2014.10.16  3755 3740 3830 3710 47143
2014.10.17  3840 3755 3875 3740 36514
2014.10.20  3775 3840 3875 3770 28608
2014.10.21  3800 3750 3845 3750 29277
2014.10.22  3770 3795 3845 3725 58905
2014.10.23  3740 3790 3800 3740 26136
2014.10.24  3655 3720 3775 3650 32954
2014.10.27  3675 3625 3780 3575 41795
2014.10.28  3735 3700 3875 3700 36641
2014.10.29  3800 3840 3840 3725 24028
2014.10.30  3910 3850 3940 3750 33214
2014.10.31  3895 3940 3940 3840 30656
2014.11.03  3805 3895 3920 3690 44595
2014.11.04  3660 3750 3755 3600 34493
2014.11.05  3605 3590 3710 3590 43000
2014.11.06  3565 3560 3635 3560 23687
2014.11.07  3610 3505 3630 3505 17207
2014.11.10  3605 3625 3725 3600 30385
2014.11.11  3575 3650 3650 3500 63028
2014.11.12  3610 3685 3745 3580 42450
2014.11.13  3695 3660 3735 3600 31212
2014.11.14  3550 3710 3750 3450 67950
2014.11.17  3665 3650 3665 3515 56185
2014.11.18  3535 3600 3635 3520 55473
2014.11.19  3490 3535 3560 3480 26457
2014.11.20  3465 3490 3545 3450 26289
2014.11.21  3480 3470 3520 3470 26564
2014.11.24  3520 3370 3560 3370 39457
2014.11.25  3505 3580 3585 3505 15716
2014.11.26  3550 3465 3620 3465 27192
2014.11.27  4080 3565 4080 3565 381719
2014.11.28  3860 4170 4285 3860 913792
2014.12.01  3975 3820 4000 3750 232730
2014.12.02  3550 3970 4075 3550 269554
2014.12.03  3550 3550 3645 3430 232836
2014.12.04  3490 3570 3620 3460 137848
2014.12.05  3455 3490 3540 3430 98566
2014.12.08  3580 3460 3590 3440 101800
2014.12.09  3515 3580 3595 3500 65278
2014.12.10  3410 3505 3530 3390 93878
2014.12.11  3485 3410 3545 3390 97363
2014.12.12  3430 3490 3525 3405 130983
2014.12.15  3450 3490 3490 3350 55175
2014.12.16  3395 3450 3450 3310 40977
2014.12.17  3225 3380 3425 3225 147299
2014.12.18  3065 3200 3255 3030 108781
2014.12.19  3050 3070 3125 3015 78036
2014.12.22  3085 3030 3100 2955 97826
2014.12.23  3120 3100 3125 3060 49700
2014.12.24  3100 3135 3155 3070 67783
2014.12.26  3100 3100 3165 3075 74399
2014.12.29  3100 3105 3125 3050 42150
2014.12.30  3190 3125 3205 3080 37690
2015.01.02  3270 3210 3400 3185 77714
2015.01.05  3370 3285 3385 3275 70786
2015.01.06  3395 3370 3405 3280 74690
2015.01.07  3730 3360 3830 3360 336417
2015.01.08  3820 3730 3935 3710 145711
2015.01.09  3950 3785 4070 3785 167868
2015.01.12  3850 3900 4000 3810 111865
2015.01.13  3770 3980 3980 3715 113248
2015.01.14  4130 3770 4300 3770 373331
2015.01.15  4450 4215 4500 4200 415164
2015.01.16  4360 4455 4520 4270 119212
2015.01.19  4445 4520 4930 4385 352474
2015.01.20  4445 4435 4585 4335 157725
2015.01.21  4600 4530 4685 4430 137709
2015.01.22  4435 4560 4665 4335 119686
2015.01.23  4390 4435 4510 4390 66733
2015.01.26  4170 4345 4470 4170 115863
2015.01.27  4250 4500 4585 4205 99619
2015.01.28  4240 4200 4295 4170 28486
2015.01.29  4125 4180 4330 4120 34098
2015.01.30  4155 4260 4315 4145 44482
2015.02.02  4300 4160 4330 4160 33169
2015.02.03  4350 4290 4350 4100 90313
2015.02.04  4245 4350 4350 4220 34936
2015.02.05  4220 4200 4295 4130 26801
2015.02.06  4230 4225 4235 4130 38704
2015.02.09  4100 4150 4150 4065 48453
2015.02.10  4180 4160 4210 4050 35961
2015.02.11  4350 4050 4350 3800 268940
2015.02.12  4310 4355 4450 4260 26077
2015.02.13  4220 4310 4370 4105 36972
2015.02.16  4335 4350 4505 4220 89842
2015.02.17  4280 4225 4395 4180 24547
2015.02.23  4220 4355 4355 4155 33184
2015.02.24  4150 4220 4290 4150 27213
2015.02.25  4130 4130 4175 4080 41613
2015.02.26  4080 4185 4185 4060 34166
2015.02.27  4200 4040 4200 4040 56041
2015.03.02  4500 4295 4830 4260 335150
2015.03.03  4925 4630 5120 4630 321855
2015.03.04  4800 4885 4885 4490 105250
2015.03.05  4910 4760 5000 4665 145662
2015.03.06  4650 4980 4980 4650 77867
2015.03.09  4410 4645 4710 4400 126439
2015.03.10  4410 4470 4580 4260 56632
2015.03.11  4415 4370 4485 4300 35648
2015.03.12  4400 4365 4460 4355 77710
2015.03.13  4505 4400 4590 4350 64754
2015.03.16  4505 4600 4600 4400 53879
2015.03.17  4450 4505 4505 4425 47778
2015.03.18  4380 4500 4500 4310 59879
2015.03.19  4370 4410 4440 4310 32832
2015.03.20  4460 4375 4520 4300 46012
2015.03.23  4520 4460 4580 4360 54766
2015.03.24  4640 4600 4730 4535 78472
2015.03.25  4510 4640 4700 4510 55180
2015.03.26  4450 4500 4500 4450 210962
2015.03.27  4400 4410 4465 4350 27986
2015.03.30  4430 4400 4600 4400 44562
2015.03.31  4520 4450 4545 4400 26278
2015.04.01  4410 4595 4600 4360 29813
2015.04.02  4410 4465 4465 4375 24961
2015.04.03  4360 4320 4480 4320 41237
2015.04.06  4385 4340 4460 4340 26432
2015.04.07  4495 4600 4600 4395 47352
2015.04.08  4435 4490 4585 4400 33304
2015.04.09  4440 4490 4490 4420 26895
2015.04.10  4325 4540 4540 4320 52002
2015.04.13  4180 4330 4390 4180 107001
2015.04.14  4180 4250 4255 4130 48657
2015.04.15  4200 4320 4320 4180 47652
2015.04.16  4390 4200 4515 4200 114331
2015.04.17  4500 4480 4540 4400 139463
2015.04.20  4545 4410 4575 4410 135077
2015.04.21  4490 4600 4600 4350 112466
2015.04.22  4200 4490 4490 3840 149277
2015.04.23  4045 4195 4230 4020 102959
2015.04.24  3930 4040 4040 3740 128847
2015.04.27  3855 3940 3955 3775 90364
2015.04.28  3385 3820 3870 3290 349631
2015.04.29  3500 3360 3550 3360 272080
2015.04.30  3410 3560 3560 3255 193701
2015.05.04  3450 3385 3490 3325 91276
2015.05.06  3355 3450 3500 3275 114418
2015.05.07  3400 3305 3400 3265 42073
2015.05.08  3450 3400 3510 3360 44253
2015.05.11  3450 3435 3505 3420 46517
2015.05.12  3530 3450 3550 3425 54693
2015.05.13  3525 3530 3570 3430 60628
2015.05.14  3485 3520 3550 3465 49743
2015.05.15  3415 3540 3540 3400 42863
2015.05.18  3260 3375 3400 3260 53357
2015.05.19  3410 3265 3430 3265 64352
2015.05.20  3395 3400 3490 3335 22523
2015.05.21  3345 3445 3445 3280 42659
2015.05.22  3330 3345 3395 3290 87749
2015.05.26  3265 3360 3490 3250 95205
2015.05.27  3195 3285 3315 3165 58921
2015.05.28  3085 3220 3270 3025 116929
2015.05.29  3100 3050 3120 2995 40399
2015.06.01  3075 3170 3175 3000 42862
2015.06.02  2960 3105 3145 2825 62069
2015.06.03  2860 2920 2975 2830 89774
2015.06.04  2940 2850 3005 2850 27004
2015.06.05  2945 2845 3040 2845 72898
2015.06.08  3060 2910 3140 2910 65418
2015.06.09  3030 3065 3095 2985 50588
2015.06.10  2995 3050 3100 2970 42494
2015.06.11  3035 2995 3050 2985 54338
2015.06.12  3000 3065 3145 2910 70255
2015.06.15  2900 2970 3095 2890 35794
2015.06.16  2800 2840 2870 2740 108371
2015.06.17  2840 2800 2840 2725 27761
2015.06.18  2815 2815 2855 2750 22918
2015.06.19  2900 2830 2955 2830 28345
2015.06.22  3260 2920 3555 2920 309021
2015.06.23  3300 3165 3300 3105 55965
2015.06.24  3155 3335 3405 3130 93921
2015.06.25  3240 3110 3250 3045 125898
2015.06.26  3240 3190 3295 3155 47403
2015.06.29  3055 3240 3240 2985 65840
2015.06.30  3090 3010 3110 2935 60507
2015.07.01  3120 3090 3260 3050 83970
2015.07.02  3265 3135 3340 3050 159796
2015.07.03  3330 3290 3465 3090 255961
2015.07.06  3590 3350 3750 3350 770438
2015.07.07  3645 3620 3760 3480 273879
2015.07.08  3675 3700 3740 3575 178449
2015.07.09  3500 3670 3670 3380 114420
2015.07.10  3260 3525 3525 3240 153371
2015.07.13  3300 3330 3340 3130 141242
2015.07.14  3240 3310 3440 3240 62191
2015.07.15  3150 3250 3295 3100 102769
2015.07.16  3150 3180 3180 2995 217777
2015.07.17  3290 3150 3290 3050 106150
2015.07.20  3215 3250 3290 3140 160161
2015.07.21  3185 3275 3300 3150 84507
2015.07.22  2920 3085 3180 2860 545067
2015.07.23  2965 2925 2980 2885 102520
2015.07.24  2935 2960 2975 2800 191855
2015.07.27  2860 2935 2950 2860 75014
2015.07.28  2785 2850 2855 2660 140286
2015.07.29  2730 2785 2785 2670 119701
2015.07.30  2850 2730 2890 2730 52959
2015.07.31  2840 2755 2885 2700 67162
2015.08.03  2855 2820 2885 2800 10528
2015.08.04  2860 2805 2900 2805 10055
2015.08.05  2910 2850 2950 2815 25312
2015.08.06  2890 2950 2950 2865 10631
2015.08.07  2810 2840 2935 2800 45539
2015.08.10  2745 2815 2895 2720 33443
2015.08.11  2800 2800 2880 2730 125181
2015.08.12  2810 2870 2870 2755 35338
2015.08.13  2895 2800 2920 2800 27369
2015.08.17  2900 2895 2980 2815 40713
2015.08.18  2940 2880 3045 2825 203132
2015.08.19  2730 2990 2990 2695 69706
2015.08.20  2755 2685 2830 2655 52147
2015.08.21  2680 2700 2700 2575 87884
2015.08.24  2725 2510 2780 2510 51618
2015.08.25  2720 2710 2800 2620 16214
2015.08.26  2800 2800 2825 2710 37385
2015.08.27  2860 2880 2890 2795 28293
2015.08.28  2880 2910 2925 2850 23342
2015.08.31  2935 2940 3070 2845 96681
2015.09.01  2955 3020 3030 2930 45082
2015.09.02  3020 2880 3020 2750 117078
2015.09.03  3025 3045 3050 2990 44335
2015.09.04  3020 3085 3090 2975 67477
2015.09.07  3015 3060 3060 2870 35957
2015.09.08  2975 3075 3075 2945 11855
2015.09.09  3000 3045 3045 2920 12703
2015.09.10  2980 2970 3000 2925 24088
2015.09.11  2995 3005 3010 2910 57309
2015.09.14  2985 2995 3020 2935 64744
2015.09.15  3005 2960 3005 2885 52422
2015.09.16  3010 3010 3025 2950 22742
2015.09.17  2980 3000 3020 2945 33212
2015.09.18  2985 3085 3085 2970 38544
2015.09.21  3405 3035 3645 3000 709452
2015.09.22  3440 3450 3540 3295 189894
2015.09.23  3335 3370 3465 3300 98493
2015.09.24  3355 3435 3510 3355 111440
2015.09.25  3400 3450 3450 3295 48461
2015.09.30  3350 3395 3395 3305 19214
2015.10.01  3330 3435 3435 3310 38812
2015.10.02  3675 3400 3850 3335 328940
2015.10.05  4000 3775 4095 3700 379431
2015.10.06  4170 4090 4190 3960 240544
2015.10.07  4175 4170 4235 3995 254274
2015.10.08  4160 4175 4350 4105 136640
2015.10.12  4210 4250 4295 4145 72645
2015.10.13  4035 4105 4210 3890 132198
2015.10.14  4055 4100 4100 3905 85286
2015.10.15  4130 4000 4135 3990 84197
2015.10.16  4100 4090 4175 4005 115217
2015.10.19  4085 4055 4150 4020 81259
2015.10.20  4070 4045 4130 3940 96087
2015.10.21  4075 4100 4100 3990 46453
2015.10.22  3650 4075 4075 3625 163665
2015.10.23  3900 3650 3970 3625 245727
2015.10.26  4200 4000 4335 3910 296265
2015.10.27  4185 4280 4280 4140 68064
2015.10.28  4115 4200 4200 4035 76203
2015.10.29  3960 4115 4130 3895 82810
2015.10.30  3930 3955 4090 3735 67520
2015.11.02  3900 3930 3960 3815 26605
2015.11.03  4010 3900 4050 3860 58094
2015.11.04  4100 4030 4130 4000 65200
2015.11.05  4115 4230 4230 4080 54762
2015.11.06  4380 4030 4595 4030 309851
2015.11.09  4215 4370 4370 4095 73209
2015.11.10  4200 4230 4310 4000 55739
2015.11.11  4170 4185 4280 4070 60666
2015.11.12  4200 4200 4350 4120 164845
2015.11.13  4430 4280 4445 4150 169625
2015.11.16  4350 4470 4900 4350 586017
2015.11.17  4420 4485 4585 4315 152120
2015.11.18  4370 4400 4495 4335 77314
2015.11.19  4180 4420 4465 4150 134394
2015.11.20  4085 4180 4230 4010 49011
2015.11.23  4265 4150 4280 4050 61963
2015.11.24  4375 4200 4500 4200 110507
2015.11.25  4390 4440 4450 4290 18205
2015.11.26  4385 4485 4485 4350 68137
2015.11.27  4390 4440 4440 4300 10061
2015.11.30  4230 4390 4435 4175 66508
2015.12.01  4240 4300 4330 4005 55423
2015.12.02  4355 4270 4420 4210 48672
2015.12.03  4330 4380 4425 4275 19676
2015.12.04  4685 4300 4890 4300 294138
2015.12.07  4810 4745 4940 4745 168719
2015.12.08  5220 4810 5410 4810 376202
2015.12.09  5200 5290 5380 5110 141057
2015.12.10  5500 5280 6000 4815 570074
2015.12.11  5530 5510 5550 5300 85614
2015.12.14  5610 5690 5940 5460 272396
2015.12.15  4875 5510 5700 4820 383330
2015.12.16  5030 4900 5230 4875 139434
2015.12.17  5100 5090 5300 4955 81153
2015.12.18  5700 5150 6110 5110 511701
2015.12.21  6060 5790 6090 5740 225544
2015.12.22  6020 6050 6250 5860 99324
2015.12.23  5810 6090 6100 5600 137961
2015.12.24  6000 5930 6030 5760 100869
2015.12.28  5820 6000 6100 5500 100508
2015.12.29  5830 5990 5990 5710 40760
2015.12.30  5880 5820 5890 5620 61826
2016.01.04  5770 5800 5840 5650 94434
2016.01.05  5960 5650 5980 5600 92422
2016.01.06  6200 5990 6450 5900 216330
2016.01.07  6190 6200 6240 6020 112980
2016.01.08  6180 6160 6200 5960 61327
2016.01.11  6140 6240 6240 5980 81051
2016.01.12  6000 6020 6150 5860 66495
2016.01.13  6050 6000 6130 5950 42231
2016.01.14  6470 6040 6480 5880 360210
2016.01.15  6400 6500 6740 6250 152688
2016.01.18  6420 6370 6500 6160 70914
2016.01.19  6400 6550 6550 6300 22158
2016.01.20  6260 6500 6600 6100 37231
2016.01.21  6380 6400 6450 6140 59288
2016.01.22  6340 6480 6480 6200 20187
2016.01.25  6150 6400 6400 6050 65241
2016.01.26  6110 6150 6270 6000 59581
2016.01.27  5590 6190 6190 5350 301685
2016.01.28  5900 5570 5900 5250 171482
2016.01.29  5920 5670 5990 5670 93315
2016.02.01  6040 6050 6050 5860 95630
2016.02.02  5800 6010 6020 5500 107466
2016.02.03  5670 5900 5900 5500 80468
2016.02.04  5600 5670 5800 5420 68570
2016.02.05  5570 5730 5730 5360 76958
2016.02.11  5100 5570 5570 5010 101754
2016.02.12  4700 4700 4930 4570 281341
2016.02.15  4885 4845 5090 4750 60424
2016.02.16  5120 4860 5120 4840 89318
2016.02.17  5200 5120 5370 5010 98490
2016.02.18  5310 5350 5350 5140 65834
2016.02.19  6060 5360 6650 5200 383218
2016.02.22  6450 6360 7630 6000 2363248
2016.02.23  6510 6520 6980 6250 636020
2016.02.24  7250 6990 7990 6700 3501072
2016.02.25  6700 7180 7180 6590 1107316
2016.02.26  6530 6710 6900 6230 682994
2016.02.29  6510 6410 6720 6330 253232
2016.03.02  6610 6750 6770 6480 199775
2016.03.03  6620 6550 6770 6400 174668
2016.03.04  6660 6660 6700 6450 165265
2016.03.07  6390 6700 6710 6380 209902
2016.03.08  6400 6450 6490 6210 167702
2016.03.09  6330 6420 6460 6240 120129
2016.03.10  6230 6380 6380 6170 120299
2016.03.11  6100 6200 6350 5850 302670
2016.03.14  5800 6100 6100 5750 198262
2016.03.15  5800 5750 6030 5750 96387
2016.03.16  6180 5800 6290 5590 334389
2016.03.17  5980 6250 6300 5910 181603
2016.03.18  6040 6070 6070 5850 103397
2016.03.21  5900 6100 6100 5800 145615
2016.03.22  5690 5860 5910 5630 168943
2016.03.23  6030 5690 6130 5590 502916
2016.03.24  5950 6000 6030 5840 111213
2016.03.25  6160 5910 6900 5800 753493
2016.03.28  6190 6230 6230 6010 149043
2016.03.29  6270 6190 6420 6150 261379
2016.03.30  6280 6310 6370 6180 100347
2016.03.31  6480 6250 6700 6250 490838
2016.04.01  6510 6440 6590 6280 157996
2016.04.04  6550 6510 6550 6370 102720
2016.04.05  6300 6500 7110 6200 589604
2016.04.06  5920 6310 6310 5850 239586
2016.04.07  5990 5950 6020 5820 119560
2016.04.08  6090 5920 6130 5900 62317
2016.04.11  5950 6140 6140 5730 55721
2016.04.12  5940 6030 6060 5830 59891
2016.04.14  5700 5830 5940 5600 166764
2016.04.15  5630 5720 5780 5580 75194
2016.04.18  5420 5400 5580 5310 154700
2016.04.19  5600 5390 5600 5310 154357
2016.04.20  5850 5600 5890 5540 97846
2016.04.21  5610 5880 5880 5610 79184
2016.04.22  5690 5710 5710 5350 172413
2016.04.25  5620 5730 5730 5540 65735
2016.04.26  5600 5640 5670 5460 93619
2016.04.27  5390 5560 5650 5350 112903
2016.04.28  5270 5510 5510 5200 159977
2016.04.29  5210 5270 5280 5110 70218
2016.05.02  5040 5250 5250 5000 80574
2016.05.03  5100 5040 5170 4975 50062
2016.05.04  5320 5110 5360 5060 96361
2016.05.09  5500 5300 5560 5300 105607
2016.05.10  5460 5460 5540 5380 45147
2016.05.11  5330 5490 5500 5310 64449
2016.05.12  5420 5390 5920 5330 326920
2016.05.13  5190 5450 5460 5110 133736
2016.05.16  5210 5290 5430 5110 98345
2016.05.17  5120 5250 5250 5060 81079
2016.05.18  4915 5190 5200 4800 115674
2016.05.19  4980 4915 5100 4900 104581
2016.05.20  4950 5030 5050 4805 52182
2016.05.23  4970 4910 5010 4835 43276
2016.05.24  5040 4895 5450 4885 388791
2016.05.25  5230 5140 5350 5080 125329
2016.05.26  5350 5300 5480 5260 109482
2016.05.27  5250 5410 5470 5020 111724
2016.05.30  5230 5220 5310 5060 104935
2016.05.31  5350 5250 5400 5110 95447
2016.06.01  5270 5420 5440 5210 61287
2016.06.02  5270 5270 5360 5150 48622
2016.06.03  5260 5270 5290 5180 33808
2016.06.07  5140 5250 5300 5050 104226
2016.06.08  4970 5100 5160 4920 127294
2016.06.09  5500 5080 5580 4955 340345
2016.06.10  5300 5590 5590 5250 131806
2016.06.13  5250 5300 5300 5090 43656
2016.06.14  5240 5270 5350 5100 78853
2016.06.15  5470 5240 5510 5150 195410
2016.06.16  5610 5560 6110 5420 516497
2016.06.17  5800 5640 5920 5610 147390
2016.06.20  5700 5890 5950 5690 179322
2016.06.21  5700 5690 5820 5630 87864
2016.06.22  5660 5660 5700 5510 75354
2016.06.23  5500 5630 5700 5440 49488
2016.06.24  5120 5450 5530 4890 193820
2016.06.27  5100 4900 5130 4860 93364
2016.06.28  5170 4990 5230 4990 38158
2016.06.29  5150 5170 5250 5050 73071
2016.06.30  5470 5150 5500 5150 127385
2016.07.01  5530 5600 5700 5330 130605
2016.07.04  5480 5530 5580 5430 36334
2016.07.05  5490 5480 5510 5340 46623
2016.07.06  5300 5520 5520 5260 67127
2016.07.07  5240 5310 5390 5140 121805
2016.07.08  5290 5220 5450 5210 35790
2016.07.11  5350 5250 5400 5250 60532
2016.07.12  5600 5350 5880 5350 399112
2016.07.13  5760 5740 5900 5640 462504
2016.07.14  6270 5990 6560 5920 2203094
2016.07.15  6040 6300 6340 5950 910715
2016.07.18  5930 6100 6190 5860 477493
2016.07.19  5710 5940 5960 5670 295581
2016.07.20  6120 5730 6180 5610 471244
2016.07.21  5970 6220 6550 5920 1165508
2016.07.22  6160 5960 6230 5840 259892
2016.07.25  6070 6160 6170 6000 114918
2016.07.26  6150 6070 6220 5970 137336
2016.07.27  6040 6200 6200 5990 122072
2016.07.28  6150 6030 6150 6000 146497
2016.07.29  6260 6190 6380 6110 264165
2016.08.01  6580 6400 6710 6340 651800
2016.08.02  6430 6650 6710 6360 331987
2016.08.03  8350 6430 8350 6120 4684801
2016.08.04  9080 9050 9410 8420 9302441
2016.08.05  9290 9260 9850 8900 7910632
2016.08.08  9490 9430 9490 9200 876698
2016.08.09  9240 9560 9560 9240 773609
2016.08.10  9270 8860 9340 8860 736445
2016.08.11  9300 9700 9850 8790 2809624
2016.08.12  8910 9250 9390 8800 1360445
2016.08.16  8300 8950 8970 8190 1208148
2016.08.17  8840 8210 9400 8050 3970510
2016.08.18  9230 8930 9300 8700 2953634
2016.08.19  9430 9940 10150 9230 3427984
2016.08.22  9290 9500 9510 9000 1064393
2016.08.23  9200 9690 9690 8900 982738
2016.08.24  9160 9200 9240 8970 534710
2016.08.25  8850 9060 9210 8760 996437
2016.08.26  8440 8920 9000 8430 669777
2016.08.29  7580 8250 8300 7560 925447
2016.08.30  7460 7660 7810 7310 617979
2016.08.31  7300 7540 7560 7070 710308
2016.09.01  7370 7230 7450 7040 513016
2016.09.02  7100 7260 7340 7070 365829
2016.09.05  7310 7200 7480 7110 471612
2016.09.06  7050 7340 7370 7040 356513
2016.09.07  6780 7100 7160 6720 439825
2016.09.08  6550 6770 6820 6420 506409
2016.09.09  6680 6600 6690 6490 345564
2016.09.12  5510 5700 5800 5500 1403226
2016.09.13  5650 5630 5850 5550 421198
2016.09.19  5620 5650 5800 5620 249259
2016.09.20  6110 5680 6340 5680 910025
2016.09.21  6140 6160 6450 6110 534093
2016.09.22  6420 6200 6440 6170 331462
2016.09.23  6500 6420 6720 6140 632481
2016.09.26  6460 6620 6840 6450 583024
2016.09.27  6250 6450 6490 6130 248273
2016.09.28  6300 6310 6340 6210 139812
2016.09.29  6170 6300 6340 6070 319997
2016.09.30  5750 5880 5960 5700 114800
2016.10.04  5830 5780 5900 5690 86548
2016.10.05  5730 5870 5870 5710 56266
2016.10.06  5650 5700 5770 5550 105013
2016.10.07  5570 5680 5680 5500 84618
2016.10.10  5300 5470 5480 5280 173324
2016.10.11  5300 5270 5400 5180 111513
2016.10.12  5440 5200 5550 5200 101260
2016.10.13  5320 5370 5560 5280 69554
2016.10.14  5320 5250 5380 5250 41303
2016.10.17  5030 5320 5320 4870 185542
2016.10.18  4925 5020 5020 4920 80729
2016.10.19  5060 4905 5390 4850 192301
2016.10.20  4985 4950 5060 4930 49563
2016.10.21  4955 5020 5060 4950 56837
2016.10.24  4940 4955 4965 4880 75473
2016.10.25  4750 4860 4980 4750 68086
2016.10.26  4750 4740 4850 4575 42499
2016.10.27  4880 4750 4890 4650 79701
2016.10.28  4340 4815 4950 4340 193843
2016.10.31  4335 4340 4420 4295 125009
2016.11.01  4270 4400 4400 4200 104779
2016.11.02  4070 4280 4330 3890 177338
2016.11.03  3870 3900 4095 3860 167789
2016.11.04  4255 3900 4280 3750 242773
2016.11.07  4050 4155 4175 4030 91940
2016.11.08  3975 4050 4105 3895 99688
2016.11.09  3875 4040 4360 3645 414778
2016.11.10  4040 4030 4150 3925 124882
2016.11.11  3970 4150 4150 3950 57207
2016.11.14  3920 3920 3990 3860 53080
2016.11.15  3800 3920 3935 3760 119075
2016.11.16  3955 3800 4000 3800 216434
2016.11.17  4005 3900 4005 3850 95500
2016.11.18  3960 4300 4440 3920 442173
2016.11.21  4145 4055 4200 3970 307881
2016.11.22  4295 4200 4395 4100 453695
2016.11.23  4100 4225 4300 4100 212395
2016.11.24  3580 3925 3925 3580 748077
2016.11.25  3595 3505 3645 3500 141739
2016.11.28  3495 3530 3550 3395 282482
2016.11.29  3410 3440 3560 3350 191444
2016.11.30  3410 3380 3475 3345 147378
2016.12.01  3390 3410 3520 3390 134134
2016.12.02  3245 3465 3465 3220 137163
2016.12.05  3040 3250 3250 3000 321699
2016.12.06  3270 3090 3350 3040 276006
2016.12.07  3280 3340 3345 3175 100299
2016.12.08  3430 3305 3470 3260 146320
2016.12.09  3515 3400 3565 3320 162866
2016.12.12  3520 3515 3665 3500 127645
2016.12.13  3825 3500 3845 3500 339339
2016.12.14  3925 3830 4070 3800 337766
2016.12.15  4000 3925 4085 3805 193244
2016.12.16  4030 4010 4120 3915 155648
2016.12.19  4025 4075 4075 3890 155010
2016.12.20  4180 4065 4260 4020 306465
2016.12.21  4110 4180 4270 4055 195344
2016.12.22  4090 4150 4150 4030 80841
2016.12.23  4055 4090 4145 4010 70410
2016.12.26  4100 4055 4150 3990 101088
2016.12.27  3995 4050 4130 3980 61148
2016.12.28  4035 4095 4095 3980 54305
2016.12.29  4035 4055 4090 3990 49779
2017.01.02  4225 4080 4320 3995 196229
2017.01.03  4570 4260 4640 4245 661618
2017.01.04  4870 4600 4940 4565 624143
2017.01.05  4830 4900 4945 4750 156575
2017.01.06  4790 4800 4900 4760 105872
2017.01.09  4800 4800 4860 4750 112917
2017.01.10  4730 4785 4825 4635 132425
2017.01.11  4790 4700 4845 4700 92418
2017.01.12  4695 4790 4840 4655 109472
2017.01.13  4710 4690 4750 4540 97637
2017.01.16  4500 4700 4710 4445 175502
2017.01.17  4475 4440 4565 4435 53401
2017.01.18  4380 4525 4525 4330 81257
2017.01.19  4200 4380 4505 4200 152554
2017.01.20  4065 4200 4250 4000 314198
2017.01.23  4500 4090 4880 4075 709603
2017.01.24  4705 4635 4870 4505 412389
2017.01.25  4825 4845 4885 4615 334095
2017.01.26  4800 4885 4960 4740 298037
2017.01.31  4690 4800 4830 4640 131450
2017.02.01  4930 4630 4930 4630 265512
2017.02.02  4810 4950 4965 4760 174335
2017.02.03  4730 4750 4815 4665 110226
2017.02.06  4770 4750 4865 4625 104572
2017.02.07  4700 4780 4790 4635 143576
2017.02.08  4700 4700 4750 4600 80582
2017.02.09  4620 4700 4705 4620 61044
2017.02.10  4550 4705 4705 4550 74888
2017.02.13  4830 4485 4830 4300 292220
2017.02.14  4765 4840 4850 4680 166441
2017.02.15  4630 4655 4750 4580 121762
2017.02.16  4740 4600 4745 4520 118508
2017.02.17  4790 4690 4930 4690 441989
2017.02.20  4900 4845 4975 4725 296901
2017.02.21  4930 5090 5160 4915 569235
2017.02.22  5070 5000 5070 4915 247262
2017.02.23  4960 5090 5100 4895 211027
2017.02.24  4920 4925 5040 4850 159446
2017.02.27  4850 4990 4990 4820 97144
2017.02.28  4840 4810 4935 4800 92547
2017.03.02  4665 4845 4850 4640 174124
2017.03.03  4360 4665 4665 4315 302714
2017.03.06  4515 4360 4580 4225 93490
2017.03.07  4525 4500 4625 4500 61834
2017.03.08  4640 4575 4700 4575 62570
2017.03.09  4630 4680 4700 4630 66198
2017.03.10  4740 4630 4745 4450 114037
2017.03.13  4800 4740 4895 4665 116965
2017.03.14  4815 4870 4880 4750 129933
2017.03.15  4660 4820 4855 4640 124714
2017.03.16  4730 4650 4810 4590 107331
2017.03.17  5030 4755 5030 4680 542908
2017.03.20  5280 5080 5380 4990 978329
2017.03.21  5220 5340 5350 5150 234944
2017.03.22  5320 5230 5420 5080 253347
2017.03.23  5170 5270 5270 4980 275765
2017.03.24  5400 5260 5450 5070 330236
2017.03.27  5500 5550 5690 5400 371133
2017.03.28  5550 5530 5580 5410 255893
2017.03.29  5570 5630 5630 5450 213851
2017.03.30  4800 5630 5650 4720 1350534
2017.03.31  4480 4740 4800 4350 743583
2017.04.03  4150 4500 4500 3950 1335427
2017.04.04  4315 4285 4560 4100 770643
2017.04.05  4360 4255 4565 4255 591641
2017.04.06  4350 4365 4475 4285 163213
2017.04.07  4305 4400 4400 4240 155446
2017.04.10  4130 4240 4320 4065 150784
2017.04.11  4030 4150 4165 3975 193851
2017.04.12  4050 4045 4090 3830 206816
2017.04.13  4275 4120 4490 4065 637427
2017.04.14  4135 4285 4290 4100 97582
2017.04.17  4160 4230 4245 4125 113339
2017.04.18  4190 4175 4240 4135 150154
2017.04.19  4375 4200 4590 4190 1406061
2017.04.20  4270 4390 4390 4255 176247
2017.04.21  4210 4325 4325 4200 104082
2017.04.24  4050 4230 4250 4050 184020
2017.04.25  4015 4115 4115 3970 156925
2017.04.26  3955 4050 4100 3930 200164
2017.04.27  4000 3995 4090 3945 157948
2017.04.28  3990 3970 4045 3965 69082
2017.05.02  3840 4000 4000 3820 246838
2017.05.04  3830 3840 3920 3830 98048
2017.05.08  3880 3885 3885 3715 153844
2017.05.10  3775 3880 3890 3755 150004
2017.05.11  3800 3720 3800 3705 117284
2017.05.12  3750 3815 3815 3720 83558
2017.05.15  3665 3750 3750 3650 119629
2017.05.16  3530 3665 3665 3440 267412
2017.05.17  3410 3530 3570 3400 126343
2017.05.18  3400 3250 3470 3250 163259
2017.05.19  3520 3400 3570 3385 93922
2017.05.22  3525 3525 3575 3465 85946
2017.05.23  3500 3550 3550 3465 45053
2017.05.24  3515 3550 3585 3480 63579
2017.05.25  3420 3545 3545 3360 197809
2017.05.26  3460 3420 3490 3380 67125
2017.05.29  3385 3460 3460 3365 86550
2017.05.30  3405 3400 3415 3290 100002
2017.05.31  3410 3405 3445 3365 52297
2017.06.01  3370 3410 3410 3350 62681
2017.06.02  3275 3390 3390 3270 180547
2017.06.05  3145 3275 3305 3090 336410
2017.06.07  3045 3110 3145 3000 271455
2017.06.08  3090 3040 3130 3000 165049
2017.06.09  3205 3090 3370 3080 313682
2017.06.12  3160 3165 3240 3140 57631
2017.06.13  3145 3125 3190 3120 54428
2017.06.14  3235 3150 3235 3125 97681
2017.06.15  3185 3235 3235 3140 66798
2017.06.16  3200 3190 3240 3150 57394
2017.06.19  3150 3245 3270 3150 90663
2017.06.20  3050 3130 3190 3045 107401
2017.06.21  3110 3015 3150 3015 123468
2017.06.22  3050 3180 3180 3040 139799
2017.06.23  3090 3050 3110 3010 87968
2017.06.26  3000 3140 3140 3000 81944
2017.06.27  3040 3005 3080 2990 57500
2017.06.28  2940 3040 3040 2890 209899
2017.06.29  2840 2965 2965 2790 246025
2017.06.30  2865 2840 2900 2825 59642
2017.07.03  2800 2805 2865 2750 130608
2017.07.04  2625 2800 2800 2525 473922
2017.07.05  2590 2625 2650 2570 152907
2017.07.06  2695 2605 2755 2595 213025
2017.07.07  2640 2720 2725 2610 87767
2017.07.10  2525 2650 2660 2515 140856
2017.07.11  2375 2500 2560 2350 466366
2017.07.12  2380 2400 2430 2300 271002
2017.07.13  1890 1960 1990 1830 2838439
2017.07.14  1890 1910 1965 1870 1094065
2017.07.17  1840 1890 1915 1810 449807
2017.07.18  1855 1860 1915 1835 396298
2017.07.19  1975 1880 2195 1855 6218300
2017.07.20  1965 1975 1975 1915 462437
2017.07.21  1965 1980 2060 1940 836403
2017.07.24  1935 1950 1995 1905 454846
2017.07.25  1950 1915 2045 1905 1121099
2017.07.26  1910 1950 1970 1900 348531
2017.07.27  1825 1870 1895 1800 534315
2017.07.28  1775 1825 1830 1775 290115
2017.07.31  1855 1740 1995 1730 1528803
2017.08.01  1905 1875 1995 1850 778592
2017.08.02  1910 1910 2020 1885 489633
2017.08.03  1860 1935 1935 1845 299986
2017.08.04  1910 1850 1910 1830 153238
2017.08.07  1910 1950 1970 1890 158895
2017.08.08  1920 1890 1970 1880 247835
2017.08.09  1925 1930 2035 1900 715678
2017.08.10  1950 1925 1970 1900 254978
2017.08.11  1915 1930 1930 1825 221260
2017.08.14  1760 1935 1935 1750 282277
2017.08.16  1750 1825 1825 1520 1032022
2017.08.17  1485 1575 1600 1440 756032
2017.08.18  1515 1475 1540 1460 245348
2017.08.21  1515 1515 1540 1490 133119
2017.08.22  1760 1520 1955 1520 6580629
2017.08.23  1790 1730 1790 1635 1578040
2017.08.24  1820 1950 2110 1810 5280168
2017.08.25  1835 1780 1875 1760 618648
2017.08.28  1820 1835 1920 1765 894602
2017.08.29  1750 1800 1800 1710 573189
2017.08.30  1795 1750 1815 1710 700462
2017.08.31  1790 1810 1825 1745 420970
2017.09.01  2100 1800 2165 1790 7987195
