2009.10.27  13150 14050 15600 13000 2173130
2009.10.28  11950 13250 13500 11800 419371
2009.10.29  12500 11900 12950 11800 528665
2009.10.30  12450 12650 12850 12300 192086
2009.11.02  12200 12000 12400 11700 127988
2009.11.03  11750 12200 12600 11600 150610
2009.11.04  11750 11800 11900 11300 106574
2009.11.05  11550 11600 11850 11400 39037
2009.11.06  12300 11650 12350 11650 110455
2009.11.09  11950 12350 12500 11950 62230
2009.11.10  11900 12200 12200 11500 72077
2009.11.11  12150 11950 12150 11700 40005
2009.11.12  12250 12150 12500 11900 82860
2009.11.13  12000 12000 12250 11900 38119
2009.11.16  11350 12000 12100 11200 97395
2009.11.17  11350 11150 11500 11100 40230
2009.11.18  11700 11500 11950 11300 48840
2009.11.19  11700 11700 11850 11650 48731
2009.11.20  12700 11700 12850 11650 165229
2009.11.23  12200 12650 12900 12200 136196
2009.11.24  11750 12350 12550 11750 80747
2009.11.25  12950 11900 13250 11800 184132
2009.11.26  13100 13050 13350 12700 118302
2009.11.27  13100 12800 13400 12500 298160
2009.11.30  14700 13450 14800 13300 621051
2009.12.01  14650 14550 14900 14000 228431
2009.12.02  15000 15050 15150 14400 194330
2009.12.03  14700 15050 15250 14700 80921
2009.12.04  14250 14600 14700 14000 114796
2009.12.07  14550 14250 14650 14100 84388
2009.12.08  14300 14800 15000 14200 136284
2009.12.09  14250 14100 14300 13900 53932
2009.12.10  13800 14100 14300 13750 62139
2009.12.11  14350 13850 14700 13550 178505
2009.12.14  14500 14600 14600 14250 73453
2009.12.15  14350 14500 14500 14200 51060
2009.12.16  14350 14300 14450 13950 41654
2009.12.17  14000 14350 15000 14000 231184
2009.12.18  14250 13950 14250 13550 70335
2009.12.21  13500 14250 14300 13400 104558
2009.12.22  13300 13600 13650 13050 87282
2009.12.23  13700 13150 13800 13150 69746
2009.12.24  13350 13700 13700 13100 33438
2009.12.28  14450 13700 15150 13650 325889
2009.12.29  14250 14300 14350 13750 70073
2009.12.30  13800 14350 14350 13700 45049
2010.01.04  13700 13800 13950 13450 63514
2010.01.05  13950 13800 14250 13700 73956
2010.01.06  13850 14050 14200 13700 49821
2010.01.07  14000 13850 14550 13700 156410
2010.01.08  14250 14150 14350 13850 68256
2010.01.11  14700 14250 14700 14150 137806
2010.01.12  14850 14800 16000 14350 682377
2010.01.13  15000 14600 15800 14400 498897
2010.01.14  16300 15250 16300 14950 516581
2010.01.15  16450 16400 16650 15900 186777
2010.01.18  16200 16450 16450 15800 155979
2010.01.19  15750 16450 16450 15400 207864
2010.01.20  15600 15750 15800 15150 108047
2010.01.21  15700 15350 15800 15300 78733
2010.01.22  15300 15400 15600 14750 73794
2010.01.25  15100 15050 15550 14800 50223
2010.01.26  14300 15200 15350 14300 85681
2010.01.27  14000 14300 14550 13700 68403
2010.01.28  14100 14200 14300 13600 58908
2010.01.29  13000 13700 13900 12700 80962
2010.02.01  13200 12900 13250 12600 50575
2010.02.02  13100 13200 13550 13100 23716
2010.02.03  13850 13300 13850 13150 23537
2010.02.04  13500 13700 13850 13350 14155
2010.02.05  13300 12600 13300 12050 50755
2010.02.08  12600 12900 13350 12600 25035
2010.02.09  12900 12400 12900 12250 32243
2010.02.10  12700 13250 13250 12550 31036
2010.02.11  13000 12400 13100 12400 21019
2010.02.12  12850 12950 13000 12800 12252
2010.02.16  13400 12950 13400 12700 14666
2010.02.17  13400 13400 13800 13350 14142
2010.02.18  13350 13400 13550 13100 21676
2010.02.19  12900 13500 13500 12700 40744
2010.02.22  13350 13050 13550 13000 29611
2010.02.23  13200 13100 13500 13100 15556
2010.02.24  13200 13200 13350 13000 13428
2010.02.25  13000 13300 13650 13000 17874
2010.02.26  13500 13600 13600 13150 26240
2010.03.02  13450 13500 13850 13350 18664
2010.03.03  13200 13300 13550 13200 22691
2010.03.04  13400 13500 13500 13150 51744
2010.03.05  13700 13500 13800 13400 31653
2010.03.08  13800 13850 13850 13600 26693
2010.03.09  14000 13650 14200 13650 23701
2010.03.10  14000 13900 14150 13700 14688
2010.03.11  13850 14000 14150 13850 13137
2010.03.12  14400 14100 14450 14000 49238
2010.03.15  14150 14500 14500 14100 15044
2010.03.16  14150 14300 14300 13950 11360
2010.03.17  14100 14250 14300 14050 15925
2010.03.18  14150 13950 14250 13950 16510
2010.03.19  14250 14150 14450 13950 17811
2010.03.22  14200 14250 14400 14050 10330
2010.03.23  13750 14350 14350 13750 20754
2010.03.24  13550 13800 14150 13550 32182
2010.03.25  13650 13700 13700 13500 12331
2010.03.26  13700 13550 13850 13550 20186
2010.03.29  13500 13600 13700 13400 27410
2010.03.30  13250 13500 13700 13250 29907
2010.03.31  13550 13350 13650 13350 12683
2010.04.01  13800 13550 14000 13550 20875
2010.04.02  13850 13950 13950 13600 30389
2010.04.05  13500 13850 13850 13050 20192
2010.04.06  13850 13700 13850 13400 14566
2010.04.07  13750 13650 13900 13600 19460
2010.04.08  14200 13850 14250 13650 51063
2010.04.09  14600 14350 14750 14300 56010
2010.04.12  14350 14650 14650 14200 29965
2010.04.13  14000 14350 14500 14000 31394
2010.04.14  14550 14200 14700 14100 53285
2010.04.15  14500 14600 14600 14250 18416
2010.04.16  14450 14500 14500 14050 27076
2010.04.19  14000 14350 14350 13900 25599
2010.04.20  14250 14050 14450 14050 19438
2010.04.21  14300 14500 14500 14250 21332
2010.04.22  14300 14200 14500 14100 25006
2010.04.23  14250 14300 14400 14100 24679
2010.04.26  14100 14250 14350 13950 34845
2010.04.27  14650 14300 14650 13900 77891
2010.04.28  14250 14400 14900 14250 65192
2010.04.29  14150 14250 14450 14100 23820
2010.04.30  14250 14200 14500 14150 37377
2010.05.03  13850 14250 14250 13850 51874
2010.05.04  13350 13850 13950 13200 65039
2010.05.06  12700 13000 13050 12550 48209
2010.05.07  11700 12000 12250 11700 53989
2010.05.10  12300 11750 12400 11750 45854
2010.05.11  12450 12400 12650 12300 43438
2010.05.12  12000 12500 12750 12000 25649
2010.05.13  12100 12050 12350 11800 77897
2010.05.14  12100 12100 12300 11800 31193
2010.05.17  11150 12100 12100 11000 72431
2010.05.18  10000 11200 11200 9790 145719
2010.05.19  9670 9800 10050 9650 89471
2010.05.20  9630 9750 10250 9550 42251
2010.05.24  9550 9610 9930 9510 30614
2010.05.25  8980 9660 9660 8670 34658
2010.05.26  9400 9010 9400 8860 9590
2010.05.27  9800 9170 9990 9170 19579
2010.05.28  9630 9980 9980 9630 26756
2010.05.31  9750 9710 9750 9540 16881
2010.06.01  9610 9800 9800 9590 8143
2010.06.03  9830 9740 9870 9730 21589
2010.06.04  9740 9820 9920 9670 15926
2010.06.07  9200 9690 9690 9100 15365
2010.06.08  9430 9450 9480 9340 10211
2010.06.09  9630 9550 9680 9480 11714
2010.06.10  10500 9790 10950 9780 134146
2010.06.11  10450 10450 10800 10100 58426
2010.06.14  10250 10800 10800 10200 28812
2010.06.15  10400 10150 10500 10100 17309
2010.06.16  10100 10400 10600 10100 28473
2010.06.17  9960 10200 10200 9930 27950
2010.06.18  9990 9950 10100 9910 13387
2010.06.21  10450 10000 10600 9990 26392
2010.06.22  10150 10300 10600 10150 8532
2010.06.23  9850 10150 10350 9700 21259
2010.06.24  9950 10000 10050 9770 15837
2010.06.25  9680 9900 9900 9100 25442
2010.06.28  9630 9940 9940 9590 18951
2010.06.29  9400 9640 9640 9400 23944
2010.06.30  9230 9390 9480 9060 14059
2010.07.01  9270 9230 9480 9010 16107
2010.07.02  9150 9270 9350 9120 13786
2010.07.05  9240 9200 9300 9100 5117
2010.07.06  9250 9240 9370 9110 11308
2010.07.07  9400 9370 9470 9210 17942
2010.07.08  9400 9740 9740 9380 7873
2010.07.09  9240 9400 9540 9210 5419
2010.07.12  9170 9300 9360 9130 17171
2010.07.13  9070 9260 9260 9050 21034
2010.07.14  9080 9130 9290 9070 12391
2010.07.15  9220 9250 9250 9050 21018
2010.07.16  9000 9210 9210 9000 16379
2010.07.19  8820 9000 9260 8820 19237
2010.07.20  8700 8850 8910 8700 17058
2010.07.21  8580 8750 8840 8420 18057
2010.07.22  8380 8580 8600 8380 40164
2010.07.23  8580 8400 8890 8380 38047
2010.07.26  8500 8530 8790 8500 26510
2010.07.27  8550 8510 8730 8430 18982
2010.07.28  8420 8550 8600 8420 14975
2010.07.29  8380 8430 8560 8360 8073
2010.07.30  8230 8390 8400 8220 12952
2010.08.02  8130 8250 8410 8130 11708
2010.08.03  8030 8050 8140 8000 26907
2010.08.04  7820 7920 8090 7820 24507
2010.08.05  7820 7700 8020 7700 16462
2010.08.06  7890 7850 8000 7800 10591
2010.08.09  8020 8070 8070 7930 11863
2010.08.10  7990 8020 8190 7950 10508
2010.08.11  7760 8090 8090 7710 10621
2010.08.12  7660 7770 7880 7510 25563
2010.08.13  7500 7560 7750 7480 33742
2010.08.16  7230 7590 7590 7090 48114
2010.08.17  7110 7120 7220 7100 14035
2010.08.18  6960 7050 7060 6860 52990
2010.08.19  7090 7020 7230 7020 25901
2010.08.20  7250 7090 7480 7000 23454
2010.08.23  7060 7110 7300 7060 10610
2010.08.24  7010 7060 7150 7000 9921
2010.08.25  7010 7010 7130 7000 8645
2010.08.26  7000 7110 7110 6910 8634
2010.08.27  6720 7000 7120 6700 18295
2010.08.30  6620 6700 7000 6610 12203
2010.08.31  6280 6500 6740 6260 39434
2010.09.01  6280 6460 6640 6270 23596
2010.09.02  6270 6330 6420 6050 27397
2010.09.03  6480 6230 6490 6230 19075
2010.09.06  6530 6450 6630 6410 10268
2010.09.07  6460 6430 6600 6430 10274
2010.09.08  6440 6530 6530 6350 5203
2010.09.09  7160 6610 7350 6610 79898
2010.09.10  7070 7200 7300 7050 31191
2010.09.13  7040 7100 7210 6920 21691
2010.09.14  6830 7140 7140 6830 34218
2010.09.15  6800 6840 6900 6730 24371
2010.09.16  7100 6810 7140 6810 48054
2010.09.17  7570 7180 7720 7180 84913
2010.09.20  7780 7670 7780 7550 28903
2010.09.24  7530 7780 7800 7510 19130
2010.09.27  7670 7730 7730 7290 29117
2010.09.28  7640 7670 7690 7530 19508
2010.09.29  7440 7720 7720 7370 25400
2010.09.30  7390 7440 7490 7320 21351
2010.10.01  7370 7390 7530 7330 11420
2010.10.04  7340 7370 7370 7200 12149
2010.10.05  7460 7480 7520 7310 16664
2010.10.06  7540 7460 7590 7460 17265
2010.10.07  7650 7700 7700 7540 14103
2010.10.08  8070 7710 8480 7700 51715
2010.10.11  7850 8080 8250 7850 25624
2010.10.12  7820 7960 8040 7800 18398
2010.10.13  7970 7850 7970 7780 31043
2010.10.14  8150 8100 8280 8090 36915
2010.10.15  8290 8250 8400 8200 12542
2010.10.18  8290 8390 8440 8140 23763
2010.10.19  8250 8290 8400 8240 16471
2010.10.20  8290 8250 8400 8250 2474
2010.10.21  8650 8350 8800 8340 35668
2010.10.22  8720 8660 8750 8400 23592
2010.10.25  8710 8770 8800 8620 25261
2010.10.26  8300 8710 8800 8200 30831
2010.10.27  8350 8560 8560 8200 17914
2010.10.28  8410 8550 8550 8280 14936
2010.10.29  8520 8410 8560 8410 22675
2010.11.01  8590 8790 8790 8540 12701
2010.11.02  8580 8630 8780 8400 26281
2010.11.03  8510 8600 8700 8410 27789
2010.11.04  8420 8560 8600 8350 17983
2010.11.05  8170 8430 8430 8170 20971
2010.11.08  8020 8170 8200 7970 31100
2010.11.09  8200 8050 8250 8000 18036
2010.11.10  8300 8260 8330 8120 20837
2010.11.11  8200 8300 8440 8090 11706
2010.11.12  8380 8250 8420 8050 24510
2010.11.15  8230 8390 8450 8150 15644
2010.11.16  8150 8230 8390 8050 9886
2010.11.17  8050 8150 8200 7970 11531
2010.11.18  8130 8070 8200 8050 12062
2010.11.19  8600 8200 9140 8200 228781
2010.11.22  8610 8770 8780 8420 38540
2010.11.23  8000 8690 8690 8000 41606
2010.11.24  8180 7540 8280 6820 33999
2010.11.25  8250 8210 8400 8120 21386
2010.11.26  8130 8250 8360 7800 21792
2010.11.29  8130 8170 8240 7920 18498
2010.11.30  8040 8130 8170 8020 13406
2010.12.01  8040 8040 8200 7990 9157
2010.12.02  8040 8110 8230 8010 12435
2010.12.03  8100 8220 8220 7910 17154
2010.12.06  8180 8050 8290 8050 11156
2010.12.07  8060 8500 8650 8060 57819
2010.12.08  7870 8060 8170 7870 30673
2010.12.09  7700 7870 7870 7700 24444
2010.12.10  7890 7710 7990 7710 8313
2010.12.13  7750 7780 7940 7750 10028
2010.12.14  7840 7920 7920 7750 8974
2010.12.15  7700 7850 7920 7670 19184
2010.12.16  7640 7600 7650 7560 22036
2010.12.17  7400 7730 7730 7400 13736
2010.12.20  7350 7400 7400 6840 18977
2010.12.21  7360 7320 7400 7180 12581
2010.12.22  7430 7350 7600 7350 7177
2010.12.23  7400 7450 7520 7300 5511
2010.12.24  7220 7400 7590 7220 14832
2010.12.27  7290 7400 7540 7100 6959
2010.12.28  7110 7470 7480 7070 13422
2010.12.29  7040 7100 7300 7010 6054
2010.12.30  7130 7040 7190 7040 5498
2011.01.03  7130 7150 7160 6970 14493
2011.01.04  7280 7200 7280 7020 26171
2011.01.05  8370 7280 8370 7160 300162
2011.01.06  8200 8830 9100 7750 319776
2011.01.07  7950 8200 8390 7950 72367
2011.01.10  8530 8100 8530 7890 142270
2011.01.11  8440 8530 8530 8240 55497
2011.01.12  8450 8500 8650 8290 73412
2011.01.13  8510 8450 8620 8420 63700
2011.01.14  8400 8510 8590 8380 32684
2011.01.17  8610 8400 8670 8400 55780
2011.01.18  8460 8700 8700 8460 41561
2011.01.19  8280 8480 8480 8150 26255
2011.01.20  8110 8130 8400 8110 23354
2011.01.21  8150 8320 8320 7980 15982
2011.01.24  8610 8580 8750 8310 90080
2011.01.25  8550 8770 8780 8380 49211
2011.01.26  8590 8480 8650 8440 23782
2011.01.27  9280 8650 9390 8650 172777
2011.01.28  9370 9300 9700 9210 88550
2011.01.31  9450 9280 9540 9150 58459
2011.02.01  9700 9460 9880 9460 83425
2011.02.07  9580 9840 9840 9450 61635
2011.02.08  9250 9580 9650 9250 34237
2011.02.09  9400 9190 9450 9020 29701
2011.02.10  9040 9400 9500 9040 30337
2011.02.11  9460 9420 9540 9100 54264
2011.02.14  9370 9640 9640 9230 29401
2011.02.15  9170 9300 9400 9110 16111
2011.02.16  9100 9150 9250 9100 16961
2011.02.17  8750 9000 9140 8560 37991
2011.02.18  8700 8580 8770 8580 20079
2011.02.21  8920 8880 8960 8710 13845
2011.02.22  8640 8920 9040 8610 23992
2011.02.23  8600 8660 8750 8480 12114
2011.02.24  8430 8510 8700 8430 10180
2011.02.25  8400 8490 8540 8400 6218
2011.02.28  8550 8350 8600 8350 9134
2011.03.02  8320 8690 8690 8300 11242
2011.03.03  8290 8320 8380 8210 14735
2011.03.04  8390 8310 8390 8170 20590
2011.03.07  8200 8390 8500 8140 15441
2011.03.08  8430 8200 8600 8200 17236
2011.03.09  8450 8440 8500 8170 16230
2011.03.10  8190 8590 8590 8090 26899
2011.03.11  7970 8000 8130 7970 15609
2011.03.14  8300 8200 9130 8150 223916
2011.03.15  7890 8400 8400 7480 41872
2011.03.16  7990 7880 7990 7750 27163
2011.03.17  7720 7880 7890 7630 9602
2011.03.18  7720 7980 7980 7700 9791
2011.03.21  7890 7670 8020 7670 8794
2011.03.22  7890 7860 8070 7800 12862
2011.03.23  7870 7920 7920 7800 24822
2011.03.24  7970 8150 8150 7820 13448
2011.03.25  8080 8060 8090 7900 18024
2011.03.28  7670 8140 8150 7600 35203
2011.03.29  7480 7670 7740 7480 15504
2011.03.30  7370 7650 7650 7320 28622
2011.03.31  7430 7380 7640 7370 16767
2011.04.01  7420 7500 7500 7310 19781
2011.04.04  7370 7450 7450 7300 15330
2011.04.05  7460 7400 7550 7400 16591
2011.04.06  7580 7630 7630 7430 21049
2011.04.07  8000 7610 8300 7580 74672
2011.04.08  8040 8150 8170 7990 25053
2011.04.11  8340 8190 8450 7910 75165
2011.04.12  8280 8450 8450 8050 31326
2011.04.13  8360 8110 8480 8110 53640
2011.04.14  8470 8370 8590 8350 33044
2011.04.15  8470 8590 8590 8360 11768
2011.04.18  8010 8150 8390 8000 27797
2011.04.19  7630 8000 8000 7560 30784
2011.04.20  7680 7640 7730 7460 21944
2011.04.21  7700 7650 7750 7570 22086
2011.04.22  7470 7510 7660 7400 16914
2011.04.25  7420 7580 7590 7360 19749
2011.04.26  7140 7270 7390 7100 36015
2011.04.27  7200 7140 7360 7140 23408
2011.04.28  7270 7300 7750 7230 20430
2011.04.29  7440 7400 7480 7230 10364
2011.05.02  7250 7280 7590 6910 25876
2011.05.03  7480 7260 7550 7260 19022
2011.05.04  7570 7650 7650 7370 9801
2011.05.06  7390 7550 7590 7310 9834
2011.05.09  7280 7390 7390 7260 7587
2011.05.11  7360 7270 7490 7260 5427
2011.05.12  6970 7390 7390 6970 8992
2011.05.13  7000 7000 7160 6820 15461
2011.05.16  6960 7000 7290 6910 38290
2011.05.17  7060 7180 7180 6930 12505
2011.05.18  7210 7060 7270 6990 8795
2011.05.19  7110 7240 7290 7050 6606
2011.05.20  7150 7300 7300 7010 1911
2011.05.23  7120 7050 7250 6950 5957
2011.05.24  7090 6930 7170 6930 6196
2011.05.25  7350 7030 7500 7030 18429
2011.05.26  7380 7300 7510 7270 9940
2011.05.27  7380 7250 7400 7190 20849
2011.05.30  7130 7410 7410 7020 15044
2011.05.31  7260 7150 7390 7150 7218
2011.06.01  7250 7290 7290 7150 5608
2011.06.02  7200 7240 7240 7100 5890
2011.06.03  7140 7210 7380 7070 8241
2011.06.07  7180 6910 7250 6860 24389
2011.06.08  7100 7150 7170 6950 8430
2011.06.09  7130 7000 7160 6940 5008
2011.06.10  6910 7030 7180 6850 3114
2011.06.13  6850 6910 7130 6750 3953
2011.06.14  6760 6730 7100 6730 3628
2011.06.15  6680 7030 7030 6680 5383
2011.06.16  7490 6670 7680 6600 82294
2011.06.17  7080 7740 7740 6510 47348
2011.06.20  6970 6940 7200 6700 13581
2011.06.21  7250 6990 7290 6900 20168
2011.06.22  7380 7380 7400 7150 24666
2011.06.23  7470 7380 7480 7340 7264
2011.06.24  7730 7210 7740 7210 16744
2011.06.27  8050 7730 8050 7700 41754
2011.06.28  8000 8180 8360 8000 30648
2011.06.29  8050 8320 8320 7920 22833
2011.06.30  8030 7900 8240 7900 15905
2011.07.01  8330 8030 8360 8000 38360
2011.07.04  9050 8350 9080 8350 74169
2011.07.05  9310 9080 9570 8900 97809
2011.07.06  9150 9310 9400 9000 24056
2011.07.07  9150 9150 9390 9100 13021
2011.07.08  9170 9100 9250 9100 25148
2011.07.11  9560 9100 9770 9100 56930
2011.07.12  9500 9600 9600 9270 35079
2011.07.13  9750 9600 9870 9490 97312
2011.07.14  9700 9560 9850 9500 28902
2011.07.15  9490 9630 9800 9220 19431
2011.07.18  10050 9670 10400 9200 78258
2011.07.19  9950 10150 10150 9810 94665
2011.07.20  9450 10100 10700 9110 271887
2011.07.21  9450 9200 9600 9200 41618
2011.07.22  9500 9430 9850 9300 23891
2011.07.25  8900 9500 9500 8860 39527
2011.07.26  8700 9100 9100 8610 34103
2011.07.27  8610 8560 8860 8500 26329
2011.07.28  9100 8350 9360 8350 58161
2011.07.29  9100 9350 9350 8900 28441
2011.08.01  9000 9000 9260 8890 26371
2011.08.02  8840 8700 8980 8700 8782
2011.08.03  8960 8500 8990 8500 9673
2011.08.04  8540 8900 9000 7900 25322
2011.08.05  8040 8010 8490 7810 22338
2011.08.08  6900 7550 7940 6840 46626
2011.08.09  6860 6330 6890 5940 52066
2011.08.10  7550 7010 7740 7010 46674
2011.08.11  7400 7350 8150 7170 120487
2011.08.12  7470 7580 7900 7400 55991
2011.08.16  7710 7730 7780 7600 35347
2011.08.17  7610 7640 7750 7490 27198
2011.08.18  7450 7890 7890 7000 25475
2011.08.19  7110 7110 7390 6890 27697
2011.08.22  7110 7330 7790 6950 64111
2011.08.23  7110 7170 7470 7040 41933
2011.08.24  6950 7120 7240 6900 25756
2011.08.25  6900 6950 7070 6900 11416
2011.08.26  6940 6990 7050 6730 17373
2011.08.29  7240 7060 7280 6940 17326
2011.08.30  7150 7250 7400 7120 20707
2011.08.31  7150 7330 7330 7100 5343
2011.09.01  7150 7200 7200 7050 24198
2011.09.02  7650 7180 8080 7010 464985
2011.09.05  8790 7950 8790 7710 722065
2011.09.06  8260 9200 9700 7910 1244348
2011.09.07  7900 8500 8540 7880 276074
2011.09.08  7530 8000 8110 7240 254573
2011.09.09  8650 8130 8650 8120 268354
2011.09.14  8860 9280 9600 8200 871435
2011.09.15  10150 9500 10150 9500 1547275
2011.09.16  10400 10800 11150 9940 1859162
2011.09.19  9740 9980 10800 9400 1041242
2011.09.20  9340 9610 10300 9080 843741
2011.09.21  9400 9320 9740 9110 430265
2011.09.22  8700 9110 9200 8520 251696
2011.09.23  7600 8050 8840 7600 488115
2011.09.26  7210 7790 8080 6510 671282
2011.09.27  7200 7430 7900 7110 722565
2011.09.28  8280 7550 8280 7520 772201
2011.09.29  7700 8100 8100 7390 514889
2011.09.30  7510 7800 7800 7400 165630
2011.10.04  6900 7000 7070 6670 152033
2011.10.05  6050 6950 7160 6050 146264
2011.10.06  6430 6200 6780 6200 210813
2011.10.07  6690 6570 6800 6540 76118
2011.10.10  7690 7560 7690 7400 83069
2011.10.11  7730 8230 8680 7560 510134
2011.10.12  7910 7900 8200 7580 242858
2011.10.13  8100 8050 8260 7830 198536
2011.10.14  7880 8210 8210 7680 119144
2011.10.17  7880 7880 8450 7690 410314
2011.10.18  7860 7610 7940 7590 106854
2011.10.19  7990 8010 8300 7810 293498
2011.10.20  9180 9090 9180 8690 1300110
2011.10.21  8650 9000 9330 8040 732981
2011.10.24  9000 8720 9730 8340 1027689
2011.10.25  10350 9200 10350 9200 1272250
2011.10.26  10650 10450 11500 9650 2118019
2011.10.27  9510 10450 10650 9250 752745
2011.10.28  10900 9650 10900 9500 1047912
2011.10.31  12000 11350 12450 10750 2960180
2011.11.01  11550 11700 13250 11500 2881195
2011.11.02  9850 11100 12150 9850 2624860
2011.11.03  8700 10050 10450 8450 1579527
2011.11.04  9110 8880 9420 8590 1013640
2011.11.07  9250 9010 9430 8720 842756
2011.11.08  8980 9200 9710 8980 589000
2011.11.09  9250 9150 9860 9020 814250
2011.11.10  8500 8900 8960 8500 301645
2011.11.11  8560 8630 9060 8560 274331
2011.11.14  8930 8800 9020 8790 255745
2011.11.15  8860 8740 9250 8720 181465
2011.11.16  8660 9020 9130 8550 121485
2011.11.17  8680 8610 8710 8320 78159
2011.11.18  8360 8500 8580 8350 92978
2011.11.21  8000 8370 8430 7960 86402
2011.11.22  8000 7770 8130 7710 95687
2011.11.23  8410 8350 9100 7880 476263
2011.11.24  8060 8420 8600 8060 125533
2011.11.25  8320 8000 8430 8000 105982
2011.11.28  8590 8430 8770 8400 102742
2011.11.29  8800 8610 8930 8580 97383
2011.11.30  9050 8990 9150 8700 102213
2011.12.01  10400 9730 10400 9330 1162755
2011.12.02  9660 10300 11050 9660 1193677
2011.12.05  9960 9790 10050 9660 328089
2011.12.06  9250 10100 10150 9210 279123
2011.12.07  9600 9500 9720 9350 221331
2011.12.08  9650 9510 9990 9390 217198
2011.12.09  10000 9630 10000 9430 220761
2011.12.12  9830 10000 10150 9760 162497
2011.12.13  10800 9750 10850 9750 729157
2011.12.14  10850 10650 10850 10350 274300
2011.12.15  10550 10750 11600 10500 391134
2011.12.16  10200 10400 10700 10100 149982
2011.12.19  10200 10500 11550 9200 1925756
2011.12.20  10800 10200 11050 10200 427474
2011.12.21  10750 11100 11650 10750 528024
2011.12.22  11600 10900 11850 10900 540498
2011.12.23  12700 11850 13200 11700 1298842
2011.12.26  13350 12650 13350 12150 525102
2011.12.27  11450 13500 14550 11350 2225657
2011.12.28  11700 12800 13150 11650 1838851
2011.12.29  11100 11350 11550 10950 570369
2012.01.02  11200 11050 11350 10850 273839
2012.01.03  11550 11200 11750 11000 346761
2012.01.04  11100 11550 11750 11000 304449
2012.01.05  11000 11100 11450 10650 455789
2012.01.06  10550 11050 11250 10550 164711
2012.01.09  10800 10500 10950 10150 155493
2012.01.10  11000 10800 11300 10650 280005
2012.01.11  10800 11000 11050 10700 139026
2012.01.12  10800 11000 11000 10650 101565
2012.01.13  11600 10800 11650 10800 331237
2012.01.16  11400 11600 11800 11300 251546
2012.01.17  11250 11400 11800 11150 164326
2012.01.18  11200 11250 11550 11200 145487
2012.01.19  10850 11300 11600 10850 199033
2012.01.20  11100 11050 11600 10850 565596
2012.01.25  11200 11100 11350 10950 82462
2012.01.26  11200 11250 11350 11050 71286
2012.01.27  11550 12250 12450 11500 813578
2012.01.30  11900 11650 12600 11350 1076916
2012.01.31  11500 12000 12500 11400 728684
2012.02.01  11650 11500 11750 11400 155123
2012.02.02  11700 11650 11750 11450 165493
2012.02.03  11850 12050 12650 11850 666648
2012.02.06  12000 11900 12050 11800 132498
2012.02.07  12250 12050 12450 11850 265425
2012.02.08  12000 12250 12450 11950 169495
2012.02.09  11800 12100 12150 11700 161826
2012.02.10  11400 11750 11850 11400 160749
2012.02.13  11550 11600 11850 11400 89180
2012.02.14  12050 11650 12150 11550 228636
2012.02.15  12400 12050 12400 11850 243982
2012.02.16  12150 12450 12700 12100 305365
2012.02.17  13000 12400 13000 12300 345586
2012.02.20  13300 14000 14250 13200 727653
2012.02.21  13850 13100 14050 12850 518298
2012.02.22  13700 14100 14300 13600 430375
2012.02.23  13100 13550 13850 13100 250347
2012.02.24  13550 13200 13800 12800 262645
2012.02.27  13500 13550 14150 13350 352638
2012.02.28  13150 13600 13750 13150 151427
2012.02.29  13050 13200 13550 13050 176601
2012.03.02  12900 13450 13500 12900 187350
2012.03.05  13400 13150 13950 13100 569473
2012.03.06  13050 13300 13300 12700 263758
2012.03.07  12650 12800 13050 12300 218161
2012.03.08  12250 12450 12650 12200 159617
2012.03.09  12200 12300 12500 12200 67761
2012.03.12  12350 12300 12550 12250 57778
2012.03.13  12100 12300 12450 12000 100431
2012.03.14  12400 12300 12700 12250 223524
2012.03.15  12250 12400 12400 12000 69070
2012.03.16  12400 12300 12900 12250 145729
2012.03.19  12000 12450 12450 11900 104131
2012.03.20  11350 12100 12100 11250 244585
2012.03.21  10900 11350 11600 10850 219615
2012.03.22  10600 11000 11150 10600 120802
2012.03.23  11050 10750 11250 10750 138524
2012.03.26  10700 11050 11150 10700 66836
2012.03.27  10450 10750 10850 10400 66303
2012.03.28  10500 10250 10700 10250 35357
2012.03.29  10400 10350 10600 10300 54769
2012.03.30  10500 10750 10750 10400 32366
2012.04.02  10500 10350 10650 10150 50025
2012.04.03  10200 10500 10650 10150 36942
2012.04.04  9770 10200 10250 9760 92405
2012.04.05  9760 9550 9890 9400 62277
2012.04.06  9650 9580 10000 9580 30402
2012.04.09  9480 9440 10100 9440 36588
2012.04.10  9270 9280 9640 9200 34923
2012.04.12  9110 9210 9500 9010 34275
2012.04.13  9410 9200 9430 9200 33582
2012.04.16  10050 9380 10250 9240 121044
2012.04.17  9930 10400 10400 9680 50315
2012.04.18  9920 9940 10100 9850 17982
2012.04.19  9790 10000 10000 9650 15531
2012.04.20  9900 9960 10350 9830 101115
2012.04.23  9740 9710 10000 9470 31514
2012.04.24  9300 9660 9660 9240 32380
2012.04.25  9110 9250 9470 9110 31496
2012.04.26  8780 8980 9240 8760 34397
2012.04.27  8900 8800 9080 8800 13794
2012.04.30  8910 9190 9190 8840 19759
2012.05.02  9010 8910 9060 8870 17030
2012.05.03  9390 9150 9440 9020 27668
2012.05.04  9450 9360 9450 9250 14803
2012.05.07  10650 9420 10750 9200 263307
2012.05.08  10300 10500 10700 10150 101674
2012.05.09  10100 10200 10400 9860 57341
2012.05.10  10250 10050 10400 9920 52510
2012.05.11  9900 10250 10250 9900 25318
2012.05.14  9540 9900 10000 9450 34208
2012.05.15  9180 9360 9530 8990 21812
2012.05.16  8850 9040 9240 8740 44908
2012.05.17  8630 8940 8940 8630 36661
2012.05.18  7880 8620 8620 7700 95352
2012.05.21  7730 7880 8100 7700 35529
2012.05.22  8190 7850 8290 7850 61586
2012.05.23  8250 8340 8700 8150 62566
2012.05.24  8190 8210 8560 8190 34475
2012.05.25  8300 8260 8400 8260 25421
2012.05.29  8430 8440 8480 8240 21762
2012.05.30  8460 8400 8530 8290 8812
2012.05.31  8400 8460 8460 8210 13172
2012.06.01  8310 8490 8490 8290 12684
2012.06.04  7810 7880 8190 7780 28816
2012.06.05  7890 7710 7940 7710 19295
2012.06.07  8020 8180 8180 7950 24805
2012.06.08  7880 8070 8120 7830 24392
2012.06.11  8040 8000 8150 7930 23227
2012.06.12  8150 7900 8230 7900 17905
2012.06.13  8200 8380 8380 8060 12530
2012.06.14  8140 8050 8190 8050 18036
2012.06.15  8300 8380 8710 8000 108321
2012.06.18  8500 8330 8640 8310 51549
2012.06.19  8590 8400 8640 8400 27229
2012.06.20  8650 8700 9020 8650 57077
2012.06.21  8650 8820 8820 8560 20708
2012.06.22  8490 8630 8650 8380 29697
2012.06.25  8510 8500 8630 8400 25670
2012.06.26  8550 8750 8970 8500 65266
2012.06.27  8500 8660 8660 8370 14635
2012.06.28  8250 8530 8600 8250 31641
2012.06.29  8240 8210 8420 8190 17951
2012.07.02  8430 8270 8780 8270 39520
2012.07.03  8540 8580 8580 8380 25440
2012.07.04  8490 8510 8590 8430 18608
2012.07.05  8440 8330 8560 8330 13863
2012.07.06  8400 8500 8520 8360 20172
2012.07.09  8480 8420 8500 8370 19275
2012.07.10  8360 8440 8530 8360 18400
2012.07.11  8370 8360 8700 8320 34782
2012.07.12  8520 8370 8610 8360 39459
2012.07.13  8670 8640 9230 8450 191102
2012.07.16  8460 8630 8770 8430 55623
2012.07.17  8880 8600 9160 8600 265626
2012.07.18  8890 8870 9600 8670 235259
2012.07.19  8710 9000 9010 8710 56592
2012.07.20  8710 8610 8840 8610 36692
2012.07.23  8180 8560 8690 8180 53304
2012.07.24  8100 8040 8380 8030 23404
2012.07.25  7960 8000 8300 7800 54313
2012.07.26  8030 7970 8200 7970 12394
2012.07.27  8050 8030 8220 8030 25149
2012.07.30  8180 8110 8220 8050 12004
2012.07.31  8210 8110 8270 8110 13122
2012.08.01  8130 8250 8250 8070 13697
2012.08.02  7960 8050 8150 7960 28545
2012.08.03  8000 8090 8100 7980 9385
2012.08.06  8130 7980 8140 7950 19798
2012.08.07  8210 8080 8350 8070 28595
2012.08.08  8210 8200 8300 8200 16573
2012.08.09  8590 8170 8590 8170 55583
2012.08.10  9150 8680 9340 8630 175868
2012.08.13  10450 9600 10500 9460 972735
2012.08.14  10000 10250 10400 9990 396501
2012.08.16  10150 10350 10900 10000 747778
2012.08.17  10100 10050 10300 10000 158238
2012.08.20  9600 10100 10150 9580 231076
2012.08.21  9760 9600 9890 9570 94940
2012.08.22  10700 9890 11150 9720 856640
2012.08.23  11000 10700 11400 10400 381254
2012.08.24  10900 10850 11050 10650 118134
2012.08.27  11200 10800 11200 10800 204932
2012.08.28  10950 11200 11350 10800 210975
2012.08.29  11000 11150 11150 10850 143327
2012.08.30  10000 11000 11000 10000 1431637
2012.08.31  10400 10400 10550 10050 481928
2012.09.03  10350 10550 10550 10200 143609
2012.09.04  10500 10250 10650 10250 208050
2012.09.05  10600 11000 11600 10600 1300172
2012.09.06  11700 10750 12150 10550 1872467
2012.09.07  11750 12050 12350 11650 747822
2012.09.10  11350 12200 12400 11200 861551
2012.09.11  11500 11350 11600 11050 337051
2012.09.12  11350 11600 11750 11350 250297
2012.09.13  11650 11250 11650 11150 225444
2012.09.14  11750 11800 11800 11300 302288
2012.09.17  12000 11800 12100 11600 246222
2012.09.18  11700 12000 12050 11650 239028
2012.09.19  11900 12000 12250 11750 369562
2012.09.20  11600 12000 12050 11550 166042
2012.09.21  11800 11750 11900 11600 166002
2012.09.24  11900 12100 12150 11800 174892
2012.09.25  11250 11900 11900 11250 193187
2012.09.26  10600 11050 11150 10600 236577
2012.09.27  10600 10700 10850 10250 108738
2012.09.28  11050 10800 11100 10550 114643
2012.10.02  11050 11150 11250 10950 75643
2012.10.04  11050 11100 11150 10850 108417
2012.10.05  10950 11050 11150 10850 95092
2012.10.08  11850 11150 11900 11150 306681
2012.10.09  12000 12000 12200 11800 321088
2012.10.10  11900 11900 12150 11650 192062
2012.10.11  11800 11850 12000 11600 77009
2012.10.12  11700 11850 11950 11600 81392
2012.10.15  11100 11900 11900 10900 188203
2012.10.16  11100 10850 11200 10650 130761
2012.10.17  10800 11000 11200 10800 103018
2012.10.18  10400 10800 10950 10300 113471
2012.10.19  10700 10450 11000 10450 122030
2012.10.22  10950 10650 11050 10650 81735
2012.10.23  11100 11100 11600 10950 344400
2012.10.24  11150 11000 11400 10950 83097
2012.10.25  10950 11200 11300 10850 52309
2012.10.26  10800 11000 11100 10550 76911
2012.10.29  10650 10850 10900 10450 42019
2012.10.30  10600 10550 10700 10450 52587
2012.10.31  11200 10600 11200 10600 77232
2012.11.01  11200 11050 11200 10900 66668
2012.11.02  11200 11400 11650 11000 217108
2012.11.05  11350 11300 11450 10950 131729
2012.11.06  11350 11250 11400 11100 88490
2012.11.07  10800 11350 11400 10800 153772
2012.11.08  11050 10500 11300 10500 212792
2012.11.09  10900 11000 11000 10750 63000
2012.11.12  10600 11050 11250 10600 90320
2012.11.13  10950 10550 11300 10500 211399
2012.11.14  10600 11150 11300 10600 122089
2012.11.15  10150 10500 10600 10050 110591
2012.11.16  9830 10050 10250 9820 104694
2012.11.19  9900 9830 10100 9800 115915
2012.11.20  9890 10000 10050 9830 60753
2012.11.21  9380 9900 9980 9380 118662
2012.11.22  9280 9480 9500 9190 105735
2012.11.23  8960 9350 9350 8900 106920
2012.11.26  9200 8930 9300 8930 74668
2012.11.27  9450 9210 9500 9150 108970
2012.11.28  9500 9440 9610 9370 52151
2012.11.29  9420 9500 9570 9290 59113
2012.11.30  9390 9350 9580 9300 21939
2012.12.03  9170 9400 9490 9170 30089
2012.12.04  9110 9110 9330 9080 43489
2012.12.05  9300 9480 9530 9220 96190
2012.12.06  9230 9270 9500 9200 55136
2012.12.07  9200 9200 9380 9050 39622
2012.12.10  9000 9200 9240 9000 39435
2012.12.11  8630 9010 9010 8630 68633
2012.12.12  8440 8770 8770 8350 129288
2012.12.13  8640 8440 8650 8440 53717
2012.12.14  8570 8660 8660 8520 26173
2012.12.17  8580 8650 8670 8500 59038
2012.12.18  8640 8560 8680 8550 42691
2012.12.20  8450 8560 8650 8450 40462
2012.12.21  8920 8430 9700 8430 924621
2012.12.24  8870 8920 9100 8540 104308
2012.12.26  8870 8870 9050 8790 60220
2012.12.27  8880 8870 8960 8790 36147
2012.12.28  8950 8860 9000 8770 106854
2013.01.02  9130 8980 9150 8940 74031
2013.01.03  9010 9180 9180 8950 54477
2013.01.04  9070 9010 9090 8960 55862
2013.01.07  9090 9160 9160 9020 28665
2013.01.08  9060 9000 9150 8980 43880
2013.01.09  8960 9020 9080 8930 42813
2013.01.10  8920 8870 8980 8870 47961
2013.01.11  8910 8950 9010 8910 33169
2013.01.14  8870 8920 8980 8820 45871
2013.01.15  8800 8870 8920 8770 36944
2013.01.16  8790 8790 8890 8790 34980
2013.01.17  8600 8800 8870 8560 35029
2013.01.18  8950 8750 9210 8730 301916
2013.01.21  8900 9000 9000 8850 44049
2013.01.22  9060 8900 9140 8870 99927
2013.01.23  8860 9070 9130 8860 54680
2013.01.24  8670 8870 8950 8670 76596
2013.01.25  8580 8680 8740 8480 64328
2013.01.28  8530 8600 8600 8460 24392
2013.01.29  8480 8530 8580 8460 21416
2013.01.30  8510 8540 8600 8460 21046
2013.01.31  8620 8560 9080 8560 188040
2013.02.01  8560 8690 8690 8510 44368
2013.02.04  8600 8550 8830 8550 54227
2013.02.05  8420 8550 8620 8400 34512
2013.02.06  8440 8420 8560 8400 34553
2013.02.07  8510 8520 8570 8450 26108
2013.02.08  8460 8450 8540 8420 22670
2013.02.12  8530 8800 9000 8490 198236
2013.02.13  8630 8490 8630 8450 33650
2013.02.14  8720 8630 8750 8600 34134
2013.02.15  8740 8630 8750 8630 31279
2013.02.18  8710 8790 8820 8690 51318
2013.02.19  8700 8630 8730 8630 32293
2013.02.20  8780 8730 8830 8670 56510
2013.02.21  8840 8750 8940 8720 51201
2013.02.22  9050 8790 9050 8790 79477
2013.02.25  8970 9170 9230 8970 136632
2013.02.26  8800 8960 9020 8760 57587
2013.02.27  8830 8810 8990 8810 40674
2013.02.28  8900 8900 9080 8860 88017
2013.03.04  8780 8990 8990 8720 51405
2013.03.05  8770 8840 8900 8680 53807
2013.03.06  8770 8820 8860 8700 44929
2013.03.07  8610 8810 8830 8610 62558
2013.03.08  8550 8640 8670 8550 34529
2013.03.11  8410 8550 8640 8410 82944
2013.03.12  8550 8410 8610 8410 51608
2013.03.13  8750 8640 8790 8560 68688
2013.03.14  8700 8750 8770 8550 45337
2013.03.15  8590 8700 8730 8590 46079
2013.03.18  8470 8590 8670 8470 41933
2013.03.19  8550 8470 8600 8470 34854
2013.03.20  8450 8550 8580 8440 43223
2013.03.21  8200 8440 8510 8160 79204
2013.03.22  8160 8100 8280 8100 45544
2013.03.25  8250 8270 8420 8240 36305
2013.03.26  8150 8170 8280 8150 39024
2013.03.27  8170 8200 8220 8080 37561
2013.03.28  8150 8210 8210 8120 30768
2013.03.29  7710 8160 8160 7710 329119
2013.04.01  7540 7770 7800 7500 141570
2013.04.02  7600 7560 7720 7500 66764
2013.04.03  7230 7610 7690 7010 199856
2013.04.04  7090 7160 7240 6770 154850
2013.04.05  6910 7090 7150 6900 62546
2013.04.08  7200 6900 7330 6840 172008
2013.04.09  7020 7200 7210 7020 46833
2013.04.10  7170 7030 7190 7030 34271
2013.04.11  7130 7250 7250 7080 27269
2013.04.12  7140 7190 7340 7140 43210
2013.04.15  7080 7140 7160 7070 41889
2013.04.16  6990 7010 7100 6950 43594
2013.04.17  6850 7010 7080 6820 66132
2013.04.18  7000 6800 7100 6800 48606
2013.04.19  7020 7000 7110 6940 27737
2013.04.22  7010 7010 7040 6940 35994
2013.04.23  7030 6970 7100 6970 23382
2013.04.24  7360 7120 7380 7100 86520
2013.04.25  7300 7340 7400 7250 38057
2013.04.26  7300 7300 7490 7300 55028
2013.04.29  7220 7350 7350 7180 48963
2013.04.30  7250 7200 7290 7180 37354
2013.05.02  7180 7250 7280 7150 27717
2013.05.03  7300 7200 7300 7150 31889
2013.05.06  7290 7270 7430 7270 41017
2013.05.07  7330 7240 7400 7240 36448
2013.05.08  7600 7340 7710 7340 105848
2013.05.09  7630 7610 7710 7520 78533
2013.05.10  7580 7630 7700 7550 50591
2013.05.13  7410 7700 7700 7390 73679
2013.05.14  7260 7410 7520 7180 74151
2013.05.15  7380 7270 7390 7270 23114
2013.05.16  7390 7310 7410 7310 30832
2013.05.20  7280 7390 7490 7280 37993
2013.05.21  7330 7290 7410 7280 29722
2013.05.22  7530 7440 7600 7410 87862
2013.05.23  7480 7460 7580 7460 52764
2013.05.24  7370 7550 7570 7360 41354
2013.05.27  7410 7350 7450 7330 31054
2013.05.28  7390 7390 7430 7340 43832
2013.05.29  7390 7430 7480 7370 30858
2013.05.30  7320 7450 7460 7320 35663
2013.05.31  7310 7360 7550 7220 48246
2013.06.03  7070 7250 7320 7070 64325
2013.06.04  7050 7090 7180 7030 24410
2013.06.05  6810 6950 7100 6810 51833
2013.06.07  7310 7300 7450 7200 183847
2013.06.10  7080 7320 7320 7060 59940
2013.06.11  7080 7070 7170 6940 21878
2013.06.12  6900 7080 7080 6850 30494
2013.06.13  6860 6860 6940 6800 30481
2013.06.14  6810 6850 6930 6810 26425
2013.06.17  6640 6800 6870 6640 33886
2013.06.18  6680 6580 6840 6450 21080
2013.06.19  6600 6620 6760 6590 18917
2013.06.20  6390 6500 6630 6390 35289
2013.06.21  6270 6140 6280 6140 28746
2013.06.24  6230 6310 6320 6200 16164
2013.06.25  5790 5960 6180 5710 77816
2013.06.26  5900 5810 5990 5810 25188
2013.06.27  6080 6000 6240 6000 27583
2013.06.28  6110 6180 6180 6080 20275
2013.07.01  6080 6150 6170 6050 24746
2013.07.02  6110 6090 6180 6070 13213
2013.07.03  6200 6090 6360 6090 39262
2013.07.04  6280 6330 6330 6200 14747
2013.07.05  6440 6410 6500 6340 24319
2013.07.08  6470 6490 6600 6420 36009
2013.07.09  6580 6470 6600 6400 22221
2013.07.10  6570 6610 6700 6500 12603
2013.07.11  6590 6640 6640 6500 14843
2013.07.12  6590 6520 6620 6500 14387
2013.07.15  6520 6600 6600 6450 14409
2013.07.16  6490 6620 6620 6460 14190
2013.07.17  6490 6590 6590 6430 13155
2013.07.18  6450 6420 6490 6380 17085
2013.07.19  6450 6400 6500 6400 26063
2013.07.22  6580 6450 6590 6450 17756
2013.07.23  6640 6630 6650 6540 16666
2013.07.24  6780 6600 6790 6600 34178
2013.07.25  6800 6800 6850 6700 28083
2013.07.26  6680 6740 6790 6630 24337
2013.07.29  6590 6630 6750 6590 14986
2013.07.30  6580 6600 6660 6550 7577
2013.07.31  6520 6620 6620 6500 16716
2013.08.01  6540 6500 6580 6500 7879
2013.08.02  6690 6540 6690 6530 22708
2013.08.05  6820 6730 6940 6700 42724
2013.08.06  6800 6860 6900 6760 29165
2013.08.07  6750 6780 6910 6730 21734
2013.08.08  6860 7050 7100 6860 71399
2013.08.09  6700 6930 6930 6680 33724
2013.08.12  6660 6700 6770 6650 18855
2013.08.13  6660 6630 6860 6600 35309
2013.08.14  6750 6660 6890 6640 30910
2013.08.16  7430 6800 7500 6800 464802
2013.08.19  7600 7480 7850 7310 344100
2013.08.20  7330 7600 7690 7130 149236
2013.08.21  7970 7250 8270 7250 794238
2013.08.22  7700 7810 8070 7560 332216
2013.08.23  7670 7790 7890 7640 153745
2013.08.26  7630 7790 7790 7570 110911
2013.08.27  7450 7570 7790 7350 125600
2013.08.28  7190 7300 7480 7130 130722
2013.08.29  7370 7210 7450 7200 77528
2013.08.30  7550 7370 7690 7370 209756
2013.09.02  7480 7550 7700 7450 99031
2013.09.03  7590 7640 7790 7570 106984
2013.09.04  7500 7690 7690 7350 72879
2013.09.05  7050 7500 7610 6450 150525
2013.09.06  6820 7050 7140 6820 98313
2013.09.09  6550 6820 6970 6220 166140
2013.09.10  6550 6550 6650 6470 41559
2013.09.11  6620 6540 6640 6480 38304
2013.09.12  6610 6690 6700 6560 51102
2013.09.13  6580 6570 6650 6540 21970
2013.09.16  6550 6550 6630 6550 22778
2013.09.17  6600 6550 6660 6540 19467
2013.09.23  6500 6520 6670 6500 28276
2013.09.24  6560 6570 6580 6440 38390
2013.09.25  6500 6490 6600 6470 23152
2013.09.26  6590 6440 6650 6440 32907
2013.09.27  6560 6600 6640 6010 29319
2013.09.30  6530 6560 6580 6460 14012
2013.10.01  6400 6400 6550 6350 30545
2013.10.02  6340 6320 6470 6050 23650
2013.10.04  6250 6300 6390 6200 12445
2013.10.07  6480 6210 6640 6210 104712
2013.10.08  6540 6680 6750 6530 83782
2013.10.10  6540 6540 6630 6420 39936
2013.10.11  6560 6520 6580 6520 24042
2013.10.14  6570 6600 6630 6500 23201
2013.10.15  6570 6570 6590 6480 15875
2013.10.16  6520 6500 6560 6500 31183
2013.10.17  6510 6640 6690 6460 40053
2013.10.18  6500 6530 6650 6470 11816
2013.10.21  6560 6600 6600 6500 30227
2013.10.22  6600 6520 6600 6490 25442
2013.10.23  6490 6600 6630 6490 32214
2013.10.24  6500 6490 6540 6440 20614
2013.10.25  6490 6550 6580 6450 20800
2013.10.28  6500 6490 6540 6420 16806
2013.10.29  6480 6500 6520 6430 14026
2013.10.30  6360 6520 6520 6360 31838
2013.10.31  6180 6340 6430 6100 40301
2013.11.01  6030 6150 6200 5920 66635
2013.11.04  6350 6180 6350 6110 48258
2013.11.05  6270 6290 6330 6150 23668
2013.11.06  6180 6190 6330 6180 15077
2013.11.07  6260 6180 6320 6100 24737
2013.11.08  6230 6180 6270 6030 22007
2013.11.11  6010 6130 6250 6000 31744
2013.11.12  6070 6000 6100 5950 24839
2013.11.13  5750 6050 6100 5750 49356
2013.11.14  5690 5700 5820 5650 50212
2013.11.15  5590 5700 5760 5580 28818
2013.11.18  5320 5640 5640 5320 33616
2013.11.19  5150 5320 5370 5150 46142
2013.11.20  5010 5050 5150 4995 60250
2013.11.21  4815 4965 5040 4740 93062
2013.11.22  4985 4800 4995 4790 41470
2013.11.25  5020 5040 5090 4965 16262
2013.11.26  5150 5120 5180 4990 32508
2013.11.27  5030 5190 5190 4985 24926
2013.11.28  5100 5060 5140 5000 11793
2013.11.29  5070 5130 5140 5020 11324
2013.12.02  4960 5070 5100 4955 12298
2013.12.03  4790 4940 4970 4780 17689
2013.12.04  4740 4760 4980 4695 18923
2013.12.05  4660 4740 4805 4650 23487
2013.12.06  4650 4545 4700 4545 27466
2013.12.09  4675 4650 4720 4530 26025
2013.12.10  4705 4615 4755 4575 19241
2013.12.11  4650 4615 4845 4615 34548
2013.12.12  5340 4700 5340 4675 305281
2013.12.13  5070 5390 5390 5030 178823
2013.12.16  5180 5150 5450 5060 180849
2013.12.17  5290 5270 5360 5170 102842
2013.12.18  5320 5360 5540 5270 113445
2013.12.19  5400 5340 5450 5290 42347
2013.12.20  5470 5470 5480 5290 74275
2013.12.23  5520 5550 5770 5510 102709
2013.12.24  5600 5540 5630 5500 40921
2013.12.26  5610 5620 5690 5600 31308
2013.12.27  5660 5660 5660 5400 38115
2013.12.30  5810 5700 5810 5670 67452
2014.01.02  5660 5810 5840 5660 24081
2014.01.03  5510 5660 5680 5470 13263
2014.01.06  5430 5520 5590 5350 17973
2014.01.07  5500 5460 5540 5280 17302
2014.01.08  5500 5550 5560 5430 12788
2014.01.09  5510 5550 5580 5450 17361
2014.01.10  5540 5580 5680 5500 17086
2014.01.13  5670 5540 5710 5540 20284
2014.01.14  5580 5700 5700 5580 18300
2014.01.15  5600 5590 5600 5560 8703
2014.01.16  5760 5700 5790 5600 31227
2014.01.17  5700 5760 5800 5610 16514
2014.01.20  5660 5760 5760 5640 16874
2014.01.21  5700 5660 5740 5640 14504
2014.01.22  5660 5710 5730 5620 15207
2014.01.23  5620 5700 5740 5620 19667
2014.01.24  5590 5650 5670 5570 13896
2014.01.27  5470 5590 5590 5400 22577
2014.01.28  5260 5450 5460 5230 20074
2014.01.29  5180 5240 5320 5070 19227
2014.02.03  5020 5260 5260 5020 18042
2014.02.04  4875 4900 5000 4875 16345
2014.02.05  5050 4940 5050 4895 14306
2014.02.06  5010 5050 5230 5000 8960
2014.02.07  5050 5210 5210 5000 9627
2014.02.10  5000 5190 5190 5000 8399
2014.02.11  5070 5000 5090 5000 12663
2014.02.12  5160 5030 5210 5030 21022
2014.02.13  5070 5140 5220 5070 15124
2014.02.14  5050 5070 5180 5040 5769
2014.02.17  5090 5070 5140 5050 8189
2014.02.18  5090 5050 5140 5050 7187
2014.02.19  5190 5050 5290 5050 26011
2014.02.20  5190 5190 5310 5180 12466
2014.02.21  5160 5160 5240 5160 6926
2014.02.24  5110 5110 5250 5110 11437
2014.02.25  5080 5170 5170 5050 11312
2014.02.26  5150 5100 5220 5100 9741
2014.02.27  5270 5150 5270 5110 19989
2014.02.28  5270 5270 5280 5150 14891
2014.03.03  5180 5240 5300 5170 8155
2014.03.04  5100 5150 5200 5060 5089
2014.03.05  5160 5060 5180 5060 6461
2014.03.06  5120 5250 5250 5050 9166
2014.03.07  5200 5050 5200 5050 17539
2014.03.10  4960 5200 5200 4955 39031
2014.03.11  5170 5020 5180 5020 14392
2014.03.12  5230 5100 5430 5100 47014
2014.03.13  5170 5030 5330 5030 12141
2014.03.14  5070 5060 5150 5050 6787
2014.03.17  5130 5020 5140 4995 8099
2014.03.18  5220 5240 5240 5130 8922
2014.03.19  5150 5250 5250 5140 6521
2014.03.20  5130 5110 5180 5080 7800
2014.03.21  5080 5130 5200 5070 5729
2014.03.24  5010 5100 5130 5000 11901
2014.03.25  5040 5000 5130 5000 17169
2014.03.26  5050 5090 5090 5000 8486
2014.03.27  5090 5060 5100 4975 15625
2014.03.28  5100 5060 5180 5010 7009
2014.03.31  5020 5130 5130 5000 5191
2014.04.01  5030 5020 5120 5010 6420
2014.04.02  5060 5100 5100 5020 5767
2014.04.03  5070 5060 5110 5000 10537
2014.04.04  5160 5100 5180 5040 12767
2014.04.07  5150 5160 5200 5100 8173
2014.04.08  5090 5150 5200 5040 14326
2014.04.09  5180 5140 5200 5090 13902
2014.04.10  5180 5250 5300 5140 3696
2014.04.11  5090 5200 5200 5070 9819
2014.04.14  5040 5060 5180 5010 13304
2014.04.15  4990 5020 5080 4985 15710
2014.04.16  4970 5030 5040 4895 32465
2014.04.17  4980 4970 4990 4955 6473
2014.04.18  4950 4960 5020 4945 18759
2014.04.21  5030 5010 5100 4970 38295
2014.04.22  5050 5030 5070 4995 10291
2014.04.23  4975 5100 5100 4960 13771
2014.04.24  4930 4965 4990 4925 11142
2014.04.25  4935 5050 5050 4895 10009
2014.04.28  4910 5000 5000 4910 1985
2014.04.29  4870 4980 4980 4855 10088
2014.04.30  4860 4950 4950 4850 10284
2014.05.02  4790 4900 4995 4780 10324
2014.05.07  4690 4755 4790 4630 13489
2014.05.08  4735 4690 5100 4690 17878
2014.05.09  4730 4900 4900 4730 6163
2014.05.12  4765 4960 4960 4660 4767
2014.05.13  4810 4850 4850 4600 9349
2014.05.14  4805 4905 4905 4755 13269
2014.05.15  4775 4815 4830 4750 4100
2014.05.16  4775 4700 4790 4700 8881
2014.05.19  4700 4720 4780 4700 6770
2014.05.20  4665 4700 4790 4605 5524
2014.05.21  4740 4645 4765 4645 2586
2014.05.22  4775 4810 4825 4730 5980
2014.05.23  4705 4780 4780 4515 4043
2014.05.26  4560 4695 4700 4560 7029
2014.05.27  4360 4640 4640 4360 27588
2014.05.28  4435 4415 4475 4330 22497
2014.05.29  4300 4300 4400 4280 33563
2014.05.30  4185 4220 4295 4170 23377
2014.06.02  3970 4140 4150 3965 24909
2014.06.03  3880 3960 4050 3870 14472
2014.06.05  3980 3850 4000 3850 13125
2014.06.09  3960 4055 4055 3950 5587
2014.06.10  3965 3825 4000 3825 3085
2014.06.11  3930 3965 3985 3845 25270
2014.06.12  3820 3945 3970 3700 15415
2014.06.13  3700 3785 3835 3600 30471
2014.06.16  3695 3700 3790 3600 22525
2014.06.17  3610 3660 3745 3600 21613
2014.06.18  3640 3560 3700 3560 18435
2014.06.19  3865 3640 3900 3640 29224
2014.06.20  3880 3880 3965 3875 18721
2014.06.23  4005 3885 4025 3880 16329
2014.06.24  4035 3980 4095 3850 10390
2014.06.25  4000 4240 4240 4000 7903
2014.06.26  3950 4140 4140 3920 6583
2014.06.27  4015 4035 4035 3865 13018
2014.06.30  4025 4100 4100 4000 11802
2014.07.01  3945 3985 4030 3615 4396
2014.07.02  3980 3885 4010 3870 9338
2014.07.03  4005 4090 4090 3975 5155
2014.07.04  4030 4075 4075 3955 9860
2014.07.07  4010 4015 4100 3960 9669
2014.07.08  4040 3990 4050 3985 12202
2014.07.09  4170 4100 4175 4010 18110
2014.07.10  4060 4175 4300 4050 6822
2014.07.11  4070 4080 4080 4010 6213
2014.07.14  4040 4185 4185 4015 9500
2014.07.15  4130 4150 4150 4045 5530
2014.07.16  4075 4090 4150 4055 9402
2014.07.17  4135 4160 4195 4035 2987
2014.07.18  4100 4170 4170 4050 8255
2014.07.21  4080 4230 4230 4050 4811
2014.07.22  4065 4130 4130 4000 10640
2014.07.23  4020 4165 4165 4000 4681
2014.07.24  4005 4045 4045 3980 10839
2014.07.25  4020 3990 4085 3945 7662
2014.07.28  4130 4135 4135 4020 9913
2014.07.29  4050 4130 4130 4005 5337
2014.07.30  4100 4010 4100 3940 11521
2014.07.31  4045 4100 4100 3950 4055
2014.08.01  4050 4090 4090 3935 3534
2014.08.04  4050 4085 4085 3995 3042
2014.08.05  4055 4135 4135 4020 797
2014.08.06  3980 4070 4070 3980 3834
2014.08.07  4015 3940 4015 3940 6492
2014.08.08  3980 4050 4050 3920 6259
2014.08.11  3840 4055 4055 3835 8266
2014.08.12  3915 3870 4025 3830 7552
2014.08.13  3910 3920 4020 3840 4033
2014.08.14  3945 3860 3950 3850 6503
2014.08.18  3970 3955 4075 3950 1415
2014.08.19  3980 3900 4150 3900 11057
2014.08.20  3910 3975 4070 3910 8969
2014.08.21  3940 3980 3980 3880 2896
2014.08.22  3875 3900 3940 3865 9187
2014.08.25  3870 3875 3875 3835 5576
2014.08.26  3860 3865 3910 3810 3057
2014.08.27  3850 3860 3870 3750 6328
2014.08.28  3715 3890 3890 3695 23984
2014.08.29  3645 3715 3840 3645 17651
2014.09.01  3595 3700 3700 3535 10101
2014.09.02  3515 3500 3540 3480 20938
2014.09.03  3640 3495 3800 3495 9749
2014.09.04  3675 3620 3675 3600 11323
2014.09.05  3660 3660 3685 3620 930
2014.09.11  3675 3720 3745 3675 2110
2014.09.12  3675 3595 3700 3585 3512
2014.09.15  3590 3710 3710 3540 4173
2014.09.16  3550 3600 3615 3460 6978
2014.09.17  3575 3550 3600 3485 8319
2014.09.18  3590 3580 3600 3545 2592
2014.09.19  3510 3600 3600 3480 12037
2014.09.22  3295 3500 3520 3290 39221
2014.09.23  3350 3300 3355 3300 7666
2014.09.24  3365 3360 3490 3305 4076
2014.09.25  3255 3320 3390 3255 12904
2014.09.26  3070 3255 3280 3070 40313
2014.09.29  2900 3150 3150 2880 37916
2014.09.30  2860 2890 2890 2750 39386
2014.10.01  2900 2865 2925 2835 10146
2014.10.02  2910 2925 2925 2825 8425
2014.10.06  3065 3050 3100 2915 20422
2014.10.07  2955 3100 3100 2905 19103
2014.10.08  3025 2960 3095 2960 6620
2014.10.10  2860 3025 3040 2830 9360
2014.10.13  2945 2840 2995 2800 25005
2014.10.14  2935 2975 2975 2850 17207
2014.10.15  2895 2965 2965 2855 2333
2014.10.16  2875 2810 2915 2770 10083
2014.10.17  2930 2830 2960 2830 11083
2014.10.20  2945 2910 2970 2900 2919
2014.10.21  2885 2905 2960 2835 14599
2014.10.22  2780 2885 2885 2780 8642
2014.10.23  2630 2825 2825 2630 15949
2014.10.24  2565 2630 2645 2565 9578
2014.10.27  2580 2540 2600 2525 10024
2014.10.28  2550 2585 2590 2530 8437
2014.10.29  2930 2670 2930 2620 30498
2014.10.30  3365 3365 3365 3365 9430
2014.10.31  3865 3865 3865 3865 33547
2014.11.03  4440 4440 4440 4440 23410
2014.11.04  5100 5100 5100 5100 30835
2014.11.05  5200 5600 5680 4950 1194581
2014.11.06  4990 5320 5320 4840 380218
2014.11.07  5060 4995 5290 4860 325022
2014.11.10  4835 5080 5560 4790 467588
2014.11.11  5560 4840 5560 4810 347155
2014.11.12  5700 5560 5890 5220 392635
2014.11.13  5760 5710 5890 5640 121657
2014.11.14  5550 5670 5750 5470 73766
2014.11.17  6380 6270 6380 5650 310025
2014.11.18  7010 7150 7270 6600 495991
2014.11.19  7010 0 0 0 0
2014.11.20  7300 7120 8060 7120 212061
2014.11.21  7300 7200 7590 7100 125059
2014.11.24  7550 7300 7550 7060 141867
2014.11.25  6420 7700 7700 6420 289430
2014.11.26  6170 6420 6520 5840 479044
2014.11.27  5800 6130 6190 5700 145019
2014.11.28  5490 5890 5890 5380 164810
2014.12.01  5510 5570 5780 5390 131036
2014.12.02  5210 5510 5510 5140 94617
2014.12.03  5260 5200 5380 5150 48750
2014.12.04  5100 5200 5260 4980 80200
2014.12.05  5120 5150 5290 5030 81495
2014.12.08  4980 5260 5260 4895 80404
2014.12.09  4820 4980 4980 4750 77056
2014.12.10  4875 4800 5120 4705 155916
2014.12.11  4820 4875 4975 4795 36673
2014.12.12  4800 4900 4900 4755 31922
2014.12.15  4650 4660 4770 4570 31053
2014.12.16  4480 4650 4650 4420 47854
2014.12.17  4500 4490 4600 4350 30672
2014.12.18  4500 4545 4545 4375 20805
2014.12.19  4495 4400 4525 4400 24508
2014.12.22  4735 4415 4735 4415 48510
2014.12.23  4640 4700 4735 4560 24873
2014.12.24  4600 4525 4665 4525 13985
2014.12.26  4600 4570 4680 4555 18852
2014.12.29  4625 4500 4625 4500 13517
2014.12.30  4585 4625 4645 4500 20519
2015.01.02  4810 4590 5000 4575 69451
2015.01.05  4950 4810 5100 4745 91653
2015.01.06  4860 4800 4905 4800 29206
2015.01.07  4775 5020 5020 4700 22779
2015.01.08  4785 4750 4915 4730 11976
2015.01.09  4745 4760 4900 4725 20207
2015.01.12  4580 4770 4790 4550 36464
2015.01.13  4500 4650 4650 4480 17002
2015.01.14  4550 4480 4585 4415 17523
2015.01.15  4495 4620 4620 4445 6989
2015.01.16  4385 4495 4550 4385 13517
2015.01.19  4390 4385 4465 4340 19424
2015.01.20  4545 4465 4545 4350 14336
2015.01.21  4415 4545 4545 4400 10839
2015.01.22  5070 4535 5070 4435 199963
2015.01.23  4870 5120 5150 4765 263173
2015.01.26  5000 4895 5150 4870 147222
2015.01.27  4740 5000 5020 4650 76287
2015.01.28  4030 4625 4625 4030 425121
2015.01.29  3885 4030 4085 3880 103508
2015.01.30  4020 3885 4030 3870 83587
2015.02.02  3940 3955 4100 3930 43036
2015.02.03  3850 4020 4020 3845 29003
2015.02.04  3750 3855 3950 3625 69800
2015.02.05  3770 3745 3830 3730 54862
2015.02.06  4075 3780 4300 3780 203832
2015.02.09  4260 4155 4350 4080 123592
2015.02.10  4150 4150 4210 3995 32789
2015.02.11  4065 4150 4215 4050 27675
2015.02.12  4110 4135 4245 4000 49951
2015.02.13  4145 4115 4195 4060 23277
2015.02.16  4220 4140 4285 4010 42629
2015.02.17  4200 4285 4285 4155 17099
2015.02.23  4690 4300 4725 4295 128567
2015.02.24  4690 4800 4800 4550 36497
2015.02.25  4930 4695 5220 4695 95428
2015.02.26  4940 4930 5160 4795 38967
2015.02.27  4955 4950 5090 4840 30688
2015.03.02  4935 4955 5050 4820 31095
2015.03.03  4995 4935 5180 4935 58420
2015.03.04  4980 4940 5130 4915 63864
2015.03.05  4880 5140 5140 4820 76407
2015.03.06  4935 5030 5080 4900 99179
2015.03.09  4830 4825 5050 4825 129703
2015.03.10  4235 4250 4255 4015 102063
2015.03.11  4115 4145 4200 4070 33983
2015.03.12  4135 4175 4210 4085 20396
2015.03.13  4120 4180 4180 4020 24122
2015.03.16  4045 4020 4150 3900 50938
2015.03.17  4020 4045 4100 3930 14909
2015.03.18  4020 4000 4035 3960 4384
2015.03.19  4000 4020 4065 3920 14989
2015.03.20  3975 3960 4000 3920 10432
2015.03.23  4000 3940 4045 3920 17105
2015.03.24  4045 4015 4115 3920 29514
2015.03.25  4050 4045 4090 4020 9662
2015.03.26  3950 4030 4050 3700 41749
2015.03.27  3960 3950 4075 3900 25195
2015.03.30  4030 3955 4095 3955 15986
2015.03.31  4000 4000 4060 3970 25525
2015.04.01  4010 4000 4040 3910 18411
2015.04.02  4025 4100 4100 3930 29116
2015.04.03  3995 4135 4135 3995 34245
2015.04.06  4280 3980 4500 3960 130135
2015.04.07  4205 4280 4295 4170 24309
2015.04.08  4135 4250 4250 4115 22799
2015.04.09  4190 4160 4195 4080 25641
2015.04.10  4085 4200 4260 4085 44097
2015.04.13  4165 4050 4235 4050 45661
2015.04.14  4120 4240 4240 4040 40320
2015.04.15  4080 4120 4120 4045 34135
2015.04.16  4125 4100 4140 4060 28582
2015.04.17  4080 4125 4130 4035 32023
2015.04.20  3900 4065 4105 3900 88184
2015.04.21  3965 3905 4000 3900 31040
2015.04.22  3790 4000 4040 3610 60803
2015.04.23  3695 3800 3910 3650 30782
2015.04.24  3730 3700 3990 3695 42420
2015.04.27  3845 3750 3950 3750 44335
2015.04.28  4125 3990 4165 3875 203643
2015.04.29  4060 4140 4140 4000 66834
2015.04.30  3060 2820 3130 2820 767559
2015.05.04  2775 3190 3190 2770 244551
2015.05.06  2655 2705 2770 2650 72987
2015.05.07  2515 2720 2750 2480 152206
2015.05.08  2490 2520 2580 2470 50234
2015.05.11  2550 2470 2555 2460 37750
2015.05.12  2170 2245 2270 2170 1901613
2015.05.13  2060 2155 2170 2005 402643
2015.05.14  2085 2055 2140 2050 228860
2015.05.15  2150 2105 2185 2080 282770
2015.05.18  2150 2115 2185 2105 200765
2015.05.19  2065 2150 2150 2045 211778
2015.05.20  1980 2010 2060 1950 291054
2015.05.21  1880 1830 1935 1830 409696
2015.05.22  1930 1860 1975 1860 208963
2015.05.26  1925 1920 1995 1915 340607
2015.05.27  1835 1900 1925 1800 275166
2015.05.28  1825 1855 1875 1775 280499
2015.05.29  1800 1825 1845 1780 284926
2015.06.01  1710 1800 1800 1675 372783
2015.06.02  1695 1720 1780 1645 455003
2015.06.03  1610 1665 1735 1610 443767
2015.06.04  1710 1620 1845 1620 1188161
2015.06.05  1710 1685 1780 1650 374164
2015.06.08  1685 1700 1710 1650 259124
2015.06.09  1715 1685 1750 1660 306580
2015.06.10  1665 1740 1740 1660 249389
2015.06.11  1670 1670 1700 1660 107649
2015.06.12  1720 1680 1740 1665 250104
2015.06.15  1655 1710 1735 1655 187220
2015.06.16  1640 1655 1695 1615 194247
2015.06.17  1660 1645 1700 1620 153614
2015.06.18  1600 1680 1680 1580 371657
2015.06.19  1450 1630 1630 1450 776260
2015.06.22  1510 1475 1575 1460 379340
2015.06.23  1560 1540 1800 1510 1425606
2015.06.24  1600 1600 1660 1540 889217
2015.06.25  1675 1595 1780 1565 1094826
2015.06.26  1715 1675 1730 1655 497319
2015.06.29  1630 1715 1715 1600 444299
2015.06.30  1645 1600 1660 1565 242179
2015.07.01  1685 1650 1720 1650 504199
2015.07.02  1695 1690 1715 1670 309908
2015.07.03  1665 1695 1705 1645 239336
2015.07.06  1570 1645 1670 1550 370837
2015.07.07  1630 1590 1645 1545 277229
2015.07.08  1610 1620 1650 1580 142531
2015.07.09  1600 1575 1685 1555 173206
2015.07.10  1600 1600 1640 1560 279360
2015.07.13  1610 1600 1620 1565 169049
2015.07.14  1665 1635 1700 1600 311080
2015.07.15  1640 1665 1695 1625 276329
2015.07.16  1685 1630 1720 1630 326098
2015.07.17  1695 1700 1700 1630 283031
2015.07.20  1680 1685 1705 1645 201170
2015.07.21  1760 1695 1780 1690 375843
2015.07.22  1720 1760 1820 1710 377454
2015.07.23  1650 1720 1750 1650 317022
2015.07.24  1575 1655 1655 1570 298821
2015.07.27  1560 1560 1575 1515 172705
2015.07.28  1525 1505 1555 1505 155835
2015.07.29  1540 1530 1575 1530 165173
2015.07.30  1505 1575 1580 1485 124733
2015.07.31  1515 1480 1550 1475 140966
2015.08.03  1505 1515 1540 1500 70017
2015.08.04  1565 1500 1595 1495 86459
2015.08.05  1580 1570 1610 1550 105048
2015.08.06  1570 1580 1595 1555 60651
2015.08.07  1585 1580 1590 1555 61800
2015.08.10  1550 1600 1600 1540 124956
2015.08.11  1500 1545 1575 1500 192146
2015.08.12  1465 1500 1520 1430 256003
2015.08.13  1485 1460 1500 1440 143328
2015.08.17  1520 1475 1600 1475 213249
2015.08.18  1975 1845 1975 1690 11808126
2015.08.19  1960 1900 2260 1770 12373158
2015.08.20  1950 1990 2130 1860 5029542
2015.08.21  1655 1800 1890 1655 2634919
2015.08.24  1840 1725 1915 1720 4001125
2015.08.25  1755 1980 1980 1755 1826519
2015.08.26  2280 1780 2280 1735 10364756
2015.08.27  2300 2390 2435 2135 6373927
2015.08.28  2700 2350 2990 2235 13454242
2015.08.31  2770 2635 3085 2615 8371467
2015.09.01  2800 2785 2895 2600 4391599
2015.09.02  2400 2705 2850 2400 4074602
2015.09.03  2500 2450 2775 2350 5382231
2015.09.04  2255 2465 2500 2225 1813388
2015.09.07  2145 2255 2435 2105 1601785
2015.09.08  2070 2175 2265 2015 1859851
2015.09.09  2100 2100 2190 2055 1766643
2015.09.10  2125 2080 2175 2060 1287117
2015.09.11  2075 2135 2200 2065 970701
2015.09.14  2000 2080 2080 1925 1035528
2015.09.15  1995 2000 2075 1945 619061
2015.09.16  2040 2030 2145 1985 1137003
2015.09.17  1995 2060 2120 1980 755616
2015.09.18  1990 2020 2055 1955 1320907
2015.09.21  1925 1970 1975 1885 725552
2015.09.22  1920 1935 1980 1895 816037
2015.09.23  1860 1915 1945 1855 789493
2015.09.24  1870 1870 1910 1840 519581
2015.09.25  1860 1870 1885 1810 218901
2015.09.30  1830 1860 1860 1815 210160
2015.10.01  1925 1830 1930 1820 485633
2015.10.02  1925 1930 1950 1875 515636
2015.10.05  1940 1935 1990 1920 529303
2015.10.06  1920 1970 1970 1895 311411
2015.10.07  2040 1920 2180 1910 3066183
2015.10.08  2110 2055 2125 2015 679803
2015.10.12  2115 2115 2240 2070 1088318
2015.10.13  2045 2115 2140 2010 564114
2015.10.14  2010 2010 2115 2000 723142
2015.10.15  2130 2010 2180 2000 1133816
2015.10.16  2145 2165 2165 2085 473228
2015.10.19  2085 2165 2165 2040 586597
2015.10.20  2120 2100 2320 2070 2744050
2015.10.21  2110 2130 2155 2055 596461
2015.10.22  2025 2075 2140 2020 693798
2015.10.23  2055 2035 2085 2025 346905
2015.10.26  2090 2055 2110 2040 328498
2015.10.27  1990 2105 2135 1975 863255
2015.10.28  1935 2005 2005 1915 438970
2015.10.29  1915 1940 1960 1910 243981
2015.10.30  1925 1945 1945 1875 250708
2015.11.02  1760 1875 1890 1715 804478
2015.11.03  1705 1750 1790 1690 421080
2015.11.04  1640 1720 1750 1635 352650
2015.11.05  1920 1635 2075 1630 4758540
2015.11.06  1790 1880 1880 1770 897990
2015.11.09  1725 1835 1840 1710 345508
2015.11.10  1675 1680 1710 1620 300129
2015.11.11  1750 1660 1750 1660 142949
2015.11.12  1810 1760 1825 1720 221769
2015.11.13  1770 1750 1775 1690 213610
2015.11.16  1745 1760 1815 1715 209665
2015.11.17  1750 1745 1765 1705 125414
2015.11.18  2275 2275 2275 2240 5293344
2015.11.19  2075 2470 2580 2075 17061727
2015.11.20  2120 2040 2205 2000 4051843
2015.11.23  1995 2120 2125 1980 1516533
2015.11.24  2005 2000 2085 1935 1224951
2015.11.25  1915 2010 2015 1915 866957
2015.11.26  1920 1930 2000 1905 806488
2015.11.27  1900 1960 1960 1885 573344
2015.11.30  1990 1905 1990 1850 627810
2015.12.01  1945 1965 1965 1900 475027
2015.12.02  1915 1960 1960 1875 510449
2015.12.03  1895 1915 1915 1865 305432
2015.12.04  1825 1870 1875 1820 374047
2015.12.07  1780 1820 1825 1750 408687
2015.12.08  1725 1795 1800 1715 344383
2015.12.09  1715 1725 1780 1715 304977
2015.12.10  1715 1710 1740 1700 262538
2015.12.11  1775 1720 1800 1705 503161
2015.12.14  1615 1730 1730 1615 457214
2015.12.15  1615 1635 1650 1585 217372
2015.12.16  1675 1640 1685 1620 163167
2015.12.17  1675 1705 1725 1670 175798
2015.12.18  1680 1665 1695 1635 151580
2015.12.21  1710 1685 1710 1645 192750
2015.12.22  1675 1705 1755 1655 237447
2015.12.23  1640 1680 1695 1635 270894
2015.12.24  1650 1645 1715 1635 209634
2015.12.28  1705 1650 1705 1640 184242
2015.12.29  1710 1705 1775 1655 307825
2015.12.30  1745 1730 1860 1690 1382175
2016.01.04  1690 1775 1775 1690 283602
2016.01.05  1715 1670 1725 1670 158208
2016.01.06  1655 1715 1715 1640 337838
2016.01.07  1605 1650 1670 1605 282085
2016.01.08  1595 1570 1675 1530 325625
2016.01.11  1585 1580 1625 1575 94704
2016.01.12  1585 1590 1605 1575 120957
2016.01.13  1575 1595 1620 1510 237308
2016.01.14  1570 1565 1615 1540 163550
2016.01.15  1565 1595 1605 1555 150449
2016.01.18  1620 1535 1700 1530 486946
2016.01.19  1610 1625 1645 1560 151072
2016.01.20  1560 1615 1615 1540 248983
2016.01.21  1550 1540 1605 1535 148110
2016.01.22  1560 1580 1590 1535 128585
2016.01.25  1590 1560 1590 1555 143888
2016.01.26  1560 1570 1585 1555 93294
2016.01.27  2025 1565 2025 1565 9178902
2016.01.28  1985 1920 2080 1890 8585632
2016.01.29  2020 2015 2370 1895 18773541
2016.02.01  1915 2090 2120 1905 3436755
2016.02.02  1810 1880 1890 1765 2137686
2016.02.03  1820 1800 1860 1765 2063353
2016.02.04  1915 1840 1980 1830 3270538
2016.02.05  1850 1905 1930 1810 1059175
2016.02.11  1610 1725 1755 1570 1448125
2016.02.12  1660 1580 1670 1565 755270
2016.02.15  1680 1660 1710 1620 419491
2016.02.16  1680 1710 1715 1650 438243
2016.02.17  1650 1665 1710 1645 282981
2016.02.18  1650 1665 1695 1640 239631
2016.02.19  1705 1680 1870 1660 1659951
2016.02.22  1775 1740 1800 1695 684956
2016.02.23  1725 1785 1790 1710 410431
2016.02.24  1765 1725 1765 1700 270999
2016.02.25  1820 1785 2000 1770 2211439
2016.02.26  1800 1805 1885 1750 620934
2016.02.29  1815 1795 1835 1750 429507
2016.03.02  1790 1810 1845 1775 358593
2016.03.03  1760 1795 1820 1755 350939
2016.03.04  1870 1785 2060 1785 5411224
2016.03.07  1835 1875 1880 1825 811389
2016.03.08  1855 1855 1890 1785 811963
2016.03.09  1850 1850 1890 1840 674778
2016.03.10  1820 1865 1870 1810 417530
2016.03.11  1855 1835 1885 1815 475873
2016.03.14  1850 1870 1890 1845 352558
2016.03.15  1845 1855 1860 1795 414561
2016.03.16  1795 1900 2040 1795 3736707
2016.03.17  1750 1795 1815 1740 683070
2016.03.18  1785 1760 1820 1730 596445
2016.03.21  1770 1795 1815 1760 341318
2016.03.22  1810 1790 1810 1740 323938
2016.03.23  1790 1810 1875 1785 665425
2016.03.24  1805 1800 1820 1785 316379
2016.03.25  1775 1805 1890 1765 1099282
2016.03.28  1785 1775 1805 1770 235409
2016.03.29  1825 1790 1830 1790 363239
2016.03.30  1820 1840 1860 1795 367460
2016.03.31  1465 1525 1560 1450 4635591
2016.04.01  1460 1470 1505 1450 1011822
2016.04.04  1470 1475 1490 1455 427243
2016.04.05  1485 1470 1500 1450 505640
2016.04.06  1465 1490 1500 1465 343937
2016.04.07  1480 1465 1480 1440 535601
2016.04.08  1445 1480 1505 1440 507334
2016.04.11  1450 1460 1480 1425 377831
2016.04.12  1465 1450 1475 1450 225668
2016.04.14  1500 1470 1620 1460 3747328
2016.04.15  1475 1505 1505 1455 834376
2016.04.18  1420 1455 1580 1355 3082303
2016.04.19  1445 1510 1510 1415 1194432
2016.04.20  1430 1465 1465 1420 403551
2016.04.21  1440 1465 1525 1420 1037437
2016.04.22  1460 1460 1475 1430 559465
2016.04.25  1490 1460 1505 1460 1056909
2016.04.26  1470 1520 1530 1460 980688
2016.04.27  1475 1480 1500 1450 772560
2016.04.28  1450 1480 1480 1445 365325
2016.04.29  1430 1450 1450 1360 531503
2016.05.02  1530 1445 1650 1380 5146650
2016.05.03  1430 1530 1560 1430 1571440
2016.05.04  1190 1230 1240 1170 8917837
2016.05.09  1145 1180 1190 1125 2439897
2016.05.10  1185 1135 1210 1135 3272137
2016.05.11  1190 1200 1205 1165 1708372
2016.05.12  1185 1180 1195 1170 877507
2016.05.13  1170 1190 1190 1160 825764
2016.05.16  1175 1170 1180 1150 834284
2016.05.17  1165 1185 1185 1155 663191
2016.05.18  1145 1155 1165 1135 513913
2016.05.19  1170 1135 1175 1130 864338
2016.05.20  1160 1165 1175 1150 435735
2016.05.23  1150 1160 1170 1145 556257
2016.05.24  1180 1155 1205 1135 2596926
2016.05.25  1160 1210 1210 1155 1089682
2016.05.26  1150 1150 1175 1145 706146
2016.05.27  1180 1145 1200 1145 1912808
2016.05.30  1200 1195 1220 1175 1731125
2016.05.31  1190 1200 1200 1180 662792
2016.06.01  1215 1185 1220 1185 1341341
2016.06.02  1210 1225 1225 1195 874766
2016.06.03  1190 1205 1210 1180 775013
2016.06.07  1215 1195 1215 1175 864870
2016.06.08  1195 1210 1215 1185 630191
2016.06.09  1170 1200 1200 1155 1129843
2016.06.10  1190 1175 1200 1160 712212
2016.06.13  1175 1200 1200 1170 630394
2016.06.14  1165 1170 1175 1145 574324
2016.06.15  1165 1160 1175 1140 367833
2016.06.16  1120 1165 1190 1095 1435753
2016.06.17  1130 1125 1150 1115 571301
2016.06.20  1175 1135 1185 1130 839859
2016.06.21  1185 1180 1185 1150 929037
2016.06.22  1205 1230 1350 1195 7623405
2016.06.23  1145 1200 1200 1135 1549974
2016.06.24  1050 1150 1165 1005 2011951
2016.06.27  1065 1005 1075 998 714958
2016.06.28  1085 1035 1100 1035 560717
2016.06.29  1150 1110 1180 1105 1658923
2016.06.30  1165 1140 1170 1130 563774
2016.07.01  1180 1165 1200 1160 789299
2016.07.04  1145 1180 1185 1120 1050311
2016.07.05  1160 1135 1210 1130 1755230
2016.07.06  1135 1180 1190 1115 1253524
2016.07.07  1160 1145 1175 1130 793337
2016.07.08  1165 1210 1315 1165 8069509
2016.07.11  1165 1165 1185 1150 997546
2016.07.12  1210 1170 1210 1150 1273836
2016.07.13  1235 1220 1240 1195 1389283
2016.07.14  1200 1235 1245 1195 874149
2016.07.15  1180 1210 1210 1175 628127
2016.07.18  1220 1190 1225 1185 1086642
2016.07.19  1195 1230 1245 1195 779785
2016.07.20  1240 1215 1325 1200 7647380
2016.07.21  1610 1310 1610 1300 8894027
2016.07.22  1590 1905 1965 1555 37709152
2016.07.25  1475 1590 1650 1435 10200259
2016.07.26  1530 1505 1595 1485 12751306
2016.07.27  1500 1560 1685 1465 13022013
2016.07.28  1475 1490 1515 1425 5468596
2016.07.29  1500 1515 1620 1480 10355312
2016.08.01  1475 1495 1570 1475 3119777
2016.08.02  1400 1490 1490 1385 3011394
2016.08.03  1390 1380 1445 1365 2528835
2016.08.04  1420 1475 1500 1415 3283296
2016.08.05  1445 1415 1475 1415 1299237
2016.08.08  1410 1455 1455 1395 1236431
2016.08.09  1460 1415 1540 1400 5026959
2016.08.10  1500 1465 1505 1435 2640165
2016.08.11  1500 1485 1535 1470 2679731
2016.08.12  1485 1490 1530 1470 1493137
2016.08.16  1460 1485 1510 1460 1076495
2016.08.17  1450 1415 1490 1360 2563914
2016.08.18  1500 1445 1555 1445 3476034
2016.08.19  1525 1505 1545 1490 1429999
2016.08.22  1475 1520 1535 1465 1040372
2016.08.23  1560 1480 1725 1480 20631788
2016.08.24  1535 1565 1600 1520 3415829
2016.08.25  1605 1560 1735 1555 25134869
2016.08.26  1630 1590 1715 1580 14767100
2016.08.29  1690 1635 1735 1630 11885603
2016.08.30  1650 1710 1735 1630 5992155
2016.08.31  1225 1360 1425 1210 19517290
2016.09.01  1225 1245 1250 1185 4313910
2016.09.02  1245 1230 1260 1210 4368539
2016.09.05  1185 1215 1230 1165 5304268
2016.09.06  1235 1185 1300 1170 9075483
2016.09.07  1205 1230 1265 1200 3647869
2016.09.08  1125 1205 1210 1100 5098024
2016.09.09  1115 1130 1145 1065 3488932
2016.09.12  1080 1065 1105 1065 1523345
2016.09.13  1085 1130 1150 1070 2171232
2016.09.19  1070 1095 1115 1065 1853838
2016.09.20  1125 1070 1190 1070 7048666
2016.09.21  1140 1130 1185 1115 3197533
2016.09.22  1130 1150 1165 1115 1809562
2016.09.23  1125 1135 1150 1120 1256105
2016.09.26  1130 1125 1145 1105 1609845
2016.09.27  1135 1135 1150 1120 1677065
2016.09.28  1140 1140 1155 1135 954281
2016.09.29  1145 1140 1205 1125 3547339
2016.09.30  1170 1150 1185 1135 2996339
2016.10.04  980 1020 1090 979 3138541
2016.10.05  968 979 986 961 1070309
2016.10.06  983 972 1030 969 1733407
2016.10.07  959 999 999 958 812226
2016.10.10  970 967 978 943 672743
2016.10.11  976 974 1005 962 1639640
2016.10.12  963 975 978 960 591853
2016.10.13  992 957 1000 945 1307976
2016.10.14  1090 1000 1235 998 19999094
2016.10.17  1085 1090 1150 1050 2910119
2016.10.18  1160 1115 1205 1105 4877753
2016.10.19  1180 1140 1200 1140 1700414
2016.10.20  1120 1170 1250 1105 4860665
2016.10.21  1110 1120 1140 1070 1201206
2016.10.24  1060 1115 1160 1055 1422692
2016.10.25  1025 1080 1105 1015 1140594
2016.10.26  1005 1030 1045 984 1461951
2016.10.27  1070 990 1175 990 5129484
2016.10.28  1020 1060 1085 1020 1335820
2016.10.31  980 1020 1065 968 1382004
2016.11.01  986 990 1055 971 1754178
2016.11.02  1060 981 1185 980 25530861
2016.11.03  900 1050 1055 900 5945257
2016.11.04  902 866 938 845 4284957
2016.11.07  878 901 901 861 2921028
2016.11.08  952 878 1070 863 17788541
2016.11.09  855 935 946 798 5391142
2016.11.10  915 880 1050 864 8977775
2016.11.11  916 929 946 904 1582885
2016.11.14  943 931 960 917 2326277
2016.11.15  907 938 941 892 1723172
2016.11.16  906 907 932 905 1140093
2016.11.17  903 906 915 898 663484
2016.11.18  881 913 913 870 920147
2016.11.21  796 806 817 778 6317663
2016.11.22  775 796 803 762 2605460
2016.11.23  742 769 771 741 3329835
2016.11.24  690 740 740 688 3726748
2016.11.25  716 690 727 684 3226861
2016.11.28  703 716 725 697 1144597
2016.11.29  698 701 714 690 1228725
2016.11.30  708 698 727 695 1849201
2016.12.01  696 706 716 695 1359948
2016.12.02  700 679 745 675 3585567
2016.12.05  679 710 710 677 1158266
2016.12.06  686 678 694 677 899450
2016.12.07  687 693 713 684 1697361
2016.12.08  690 681 701 681 923252
2016.12.09  688 691 697 680 1038756
2016.12.12  704 691 714 689 1602848
2016.12.13  711 701 730 698 2913260
2016.12.14  705 714 720 704 1084375
2016.12.15  719 708 735 708 2414997
2016.12.16  719 719 751 715 4912688
2016.12.19  698 719 720 696 2070819
2016.12.20  697 698 712 695 1298809
2016.12.21  695 697 708 694 1274416
2016.12.22  697 700 709 695 1054729
2016.12.23  706 697 717 694 1557042
2016.12.26  690 710 714 690 1255589
2016.12.27  686 690 699 685 774429
2016.12.28  681 687 691 680 774696
2016.12.29  680 684 691 679 839217
2017.01.02  688 681 691 677 607161
2017.01.03  700 685 704 683 1298404
2017.01.04  711 704 711 697 975938
2017.01.05  730 713 731 712 2160169
2017.01.06  724 734 735 720 1116461
2017.01.09  730 724 741 719 1980287
2017.01.10  716 700 719 700 2678545
2017.01.11  722 720 742 715 2059540
2017.01.12  766 732 845 723 25495951
2017.01.13  825 788 875 783 41656910
2017.01.16  819 825 834 783 7757389
2017.01.17  798 821 831 795 4287284
2017.01.18  769 785 799 750 5053648
2017.01.19  778 773 828 762 9655549
2017.01.20  781 780 804 765 3508263
2017.01.23  739 785 788 738 2235866
2017.01.24  708 715 732 705 2795432
2017.01.25  702 722 728 699 1158457
2017.01.26  710 713 719 702 620867
2017.01.31  716 711 732 705 1012044
2017.02.01  738 714 748 714 987747
2017.02.02  709 738 740 706 1388162
2017.02.03  691 703 712 689 1479667
2017.02.06  672 691 698 668 1636504
2017.02.07  695 678 723 669 4952320
2017.02.08  685 683 693 681 1104541
2017.02.09  675 683 687 672 1078744
2017.02.10  676 681 684 672 687197
2017.02.13  477 527 536 474 26398673
2017.02.14  477 482 515 451 20856577
2017.02.15  489 481 524 477 15553562
2017.02.16  484 504 507 483 3725917
2017.02.17  471 477 485 464 4799629
2017.02.20  459 471 483 454 3537210
2017.02.21  469 460 480 459 3241003
2017.02.22  465 475 504 462 7644313
2017.02.23  473 465 493 461 8114456
2017.02.24  468 470 485 460 3069439
2017.02.27  464 468 481 463 2401047
2017.02.28  465 464 475 461 1866637
2017.03.02  431 465 469 431 3102822
2017.03.03  438 435 454 429 3496183
2017.03.06  436 439 439 416 2056031
2017.03.07  442 436 450 430 1894473
2017.03.08  450 442 463 436 3017752
2017.03.09  450 450 459 444 1270010
2017.03.10  434 444 448 411 2729399
2017.03.13  443 432 448 426 1518482
2017.03.14  437 441 447 432 1447705
2017.03.15  427 439 439 420 1533705
2017.03.16  426 427 436 424 1463918
2017.03.17  426 425 435 421 1445913
2017.03.20  401 425 426 397 2959126
2017.03.21  418 406 435 402 3532325
2017.03.22  411 418 418 409 715996
2017.03.23  397 414 415 396 1594617
2017.03.24  400 397 422 397 4742836
2017.03.27  381 399 402 377 2737137
2017.03.28  385 381 389 377 1053767
2017.03.29  379 386 389 375 1354492
2017.03.30  366 378 378 362 1269707
2017.03.31  380 366 415 365 3989334
2017.04.03  397 381 403 375 2180710
2017.04.04  483 405 516 391 49547269
2017.04.05  450 451 480 430 18091030
2017.04.06  436 453 475 430 7413955
2017.04.07  426 436 456 425 8287671
2017.04.10  412 426 432 406 3370883
2017.04.11  402 412 424 399 2747556
2017.04.12  400 406 413 396 1915025
2017.04.13  403 402 416 399 1859701
2017.04.14  402 406 412 399 1524951
2017.04.17  406 404 414 397 1681386
2017.04.18  424 411 435 410 3378684
2017.04.19  413 425 428 411 1305071
2017.04.20  414 413 420 410 1039403
2017.04.21  408 418 423 408 1224137
2017.04.24  404 405 419 403 1681721
2017.04.25  405 406 412 401 1002145
2017.04.26  414 404 432 403 4342605
2017.04.27  417 421 427 413 1609639
2017.04.28  424 420 435 416 2580537
2017.05.02  427 423 434 416 1729038
2017.05.04  427 435 448 426 2775235
2017.05.08  419 428 433 409 2108616
2017.05.10  417 422 426 415 867526
2017.05.11  420 420 421 411 927470
2017.05.12  418 420 435 415 3348169
2017.05.15  408 418 425 405 1168868
2017.05.16  402 397 403 380 2317812
2017.05.17  398 399 410 385 1191202
2017.05.18  404 392 406 390 897341
2017.05.19  429 406 462 403 13049459
2017.05.22  557 495 557 460 68105865
2017.05.23  585 563 640 534 66829115
2017.05.24  579 582 613 556 21903292
2017.05.25  501 565 566 501 13602448
2017.05.26  515 499 558 498 20214228
2017.05.29  467 500 521 466 7682585
2017.05.30  493 477 513 473 15432262
2017.05.31  482 490 502 471 4336133
2017.06.01  484 482 495 466 3342102
2017.06.02  481 485 490 473 2742581
2017.06.05  473 479 485 468 2284118
2017.06.07  451 467 470 450 3181222
2017.06.08  443 453 461 435 3274869
2017.06.09  436 445 452 425 1747207
2017.06.12  444 436 452 435 1264856
2017.06.13  445 444 453 436 974229
2017.06.14  445 445 450 436 961796
2017.06.15  430 443 447 427 1336259
2017.06.16  429 425 435 417 1305212
2017.06.19  445 426 461 423 3589867
2017.06.20  438 449 449 433 825965
2017.06.21  422 415 438 415 1128909
2017.06.22  425 422 437 420 785594
2017.06.23  427 430 436 424 559941
2017.06.26  445 427 463 427 3604519
2017.06.27  470 452 494 438 7498155
2017.06.28  482 465 541 449 25343416
2017.06.29  475 482 507 468 3781031
2017.06.30  492 466 502 466 4272610
2017.07.03  482 492 504 481 1962286
2017.07.04  458 483 497 440 3825852
2017.07.05  471 456 479 445 2492314
2017.07.06  471 471 482 458 1937509
2017.07.07  470 490 538 463 13326866
2017.07.10  441 458 460 441 2147028
2017.07.11  437 445 447 431 939740
2017.07.12  433 442 443 433 632832
2017.07.13  420 433 441 420 816124
2017.07.14  430 421 430 415 901968
2017.07.17  440 430 444 430 857981
2017.07.18  431 440 442 427 824075
2017.07.19  420 429 437 419 1011475
2017.07.20  427 420 430 418 477751
2017.07.21  426 428 433 423 566526
2017.07.24  422 426 431 421 569983
2017.07.25  415 422 425 406 1135848
2017.07.26  379 414 419 379 1605576
2017.07.27  394 381 406 363 3915070
2017.07.28  386 395 400 378 563742
2017.07.31  382 379 389 377 415246
2017.08.01  389 372 397 372 446433
2017.08.02  410 398 417 391 2023812
2017.08.03  395 398 406 375 972454
2017.08.04  380 392 398 376 798338
2017.08.07  383 377 385 374 602152
2017.08.08  380 386 386 377 422022
2017.08.09  375 381 382 373 648612
2017.08.10  284 378 384 263 36673507
2017.08.11  274 291 310 270 18476559
2017.08.14  231 269 270 223 17567647
2017.08.16  249 240 270 228 12896739
2017.08.17  266 247 281 246 8961853
2017.08.18  266 0 0 0 0
2017.08.21  266 0 0 0 0
2017.08.22  266 0 0 0 0
2017.08.23  266 0 0 0 0
2017.08.24  266 0 0 0 0
2017.08.25  266 0 0 0 0
