2010.03.17  8850 8700 9130 8600 65612507
2010.03.18  8470 8900 8910 8470 22078883
2010.03.19  8590 8510 8640 8470 10578979
2010.03.22  8550 8590 8720 8550 6835308
2010.03.23  8410 8600 8620 8390 9618947
2010.03.24  8350 8480 8490 8320 7249424
2010.03.25  8410 8290 8460 8210 8292080
2010.03.26  8700 8420 8730 8420 11233047
2010.03.29  8690 8630 8830 8560 7370602
2010.03.30  8970 8800 9000 8750 19563409
2010.03.31  8760 9000 9000 8750 5685712
2010.04.01  8750 8860 8930 8730 5227082
2010.04.02  8520 8780 8790 8510 6248447
2010.04.05  8580 8570 8670 8430 3641850
2010.04.06  8440 8600 8620 8430 3318613
2010.04.07  8550 8450 8600 8450 2534373
2010.04.08  8510 8580 8590 8480 3058990
2010.04.09  8350 8510 8540 8330 4598962
2010.04.12  8260 8360 8370 8250 4017776
2010.04.13  8400 8320 8400 8260 3174446
2010.04.14  8830 8450 8830 8410 10408474
2010.04.15  8880 8900 9030 8750 12553878
2010.04.16  8750 8910 8920 8650 4032419
2010.04.19  8570 8610 8640 8540 2693214
2010.04.20  8600 8610 8710 8550 2214358
2010.04.21  8930 8660 8940 8620 5889371
2010.04.22  9100 8890 9100 8780 7039165
2010.04.23  9420 9150 9630 9140 10514024
2010.04.26  9550 9590 9840 9440 10123044
2010.04.27  9240 9580 9620 9220 6080970
2010.04.28  9330 9010 9440 8960 4860778
2010.04.29  9110 9320 9440 9100 2858546
2010.04.30  9190 9300 9440 9170 3879104
2010.05.03  8980 9200 9270 8940 3440562
2010.05.04  9190 9070 9300 9070 2976958
2010.05.06  9040 9000 9160 8970 3129943
2010.05.07  8620 8770 8790 8550 4826879
2010.05.10  8610 8750 8800 8580 3443283
2010.05.11  8950 8800 9020 8720 4686457
2010.05.12  8400 8900 8920 8380 10365647
2010.05.13  8780 8540 8810 8460 7257154
2010.05.14  8720 8730 8820 8590 3922176
2010.05.17  8360 8580 8640 8310 3912184
2010.05.18  8190 8410 8410 8030 5235867
2010.05.19  8000 8100 8140 7980 4737710
2010.05.20  7550 7950 8070 7350 6728389
2010.05.24  7360 7440 7490 7260 3825247
2010.05.25  6770 7240 7340 6760 6699356
2010.05.26  7020 6850 7120 6840 7201773
2010.05.27  7310 7000 7320 6910 3804896
2010.05.28  7380 7480 7580 7280 3319999
2010.05.31  7600 7390 7600 7380 2318501
2010.06.01  7560 7650 7690 7530 2309141
2010.06.03  7840 7740 7960 7650 2904170
2010.06.04  7740 7900 8060 7670 3672084
2010.06.07  7440 7410 7480 7380 2956663
2010.06.08  7470 7450 7530 7380 4085608
2010.06.09  7530 7530 7620 7480 2631097
2010.06.10  7690 7570 7750 7520 2547769
2010.06.11  8000 7910 8050 7840 6113251
2010.06.14  8000 8120 8120 7900 3174346
2010.06.15  8040 8000 8080 7900 2403472
2010.06.16  7970 8110 8120 7970 1622453
2010.06.17  7930 7960 8030 7910 2596197
2010.06.18  7930 8080 8080 7860 2382719
2010.06.21  8060 7980 8070 7950 3044219
2010.06.22  8230 8040 8280 7990 3423287
2010.06.23  8420 8170 8420 8140 3419221
2010.06.24  8470 8430 8470 8340 1792529
2010.06.25  8800 8380 8890 8350 8513064
2010.06.28  8850 8850 8920 8680 3175951
2010.06.29  8550 8810 8910 8510 3627181
2010.06.30  8580 8360 8600 8340 2709800
2010.07.01  8880 8550 8880 8500 2779523
2010.07.02  8700 8900 8900 8640 2228472
2010.07.05  8820 8710 8870 8620 1775952
2010.07.06  8770 8750 8790 8660 1523570
2010.07.07  8850 8810 8970 8770 3149873
2010.07.08  8840 8940 8970 8720 2421627
2010.07.09  8970 8890 9270 8770 10877639
2010.07.12  8950 9000 9070 8900 2471291
2010.07.13  8800 8990 9030 8760 3083303
2010.07.14  8580 8810 8850 8530 10097681
2010.07.15  8480 8580 8610 8430 3594382
2010.07.16  8530 8480 8640 8480 3625171
2010.07.19  8500 8380 8540 8380 1508055
2010.07.20  8460 8500 8560 8450 1727440
2010.07.21  8360 8470 8500 8320 3690446
2010.07.22  8200 8320 8350 8180 3665099
2010.07.23  8250 8300 8320 8180 1811502
2010.07.26  8520 8320 8540 8280 2994436
2010.07.27  8560 8590 8600 8500 1761699
2010.07.28  8580 8530 8600 8480 1097170
2010.07.29  8690 8590 8750 8570 3645335
2010.07.30  8710 8700 8740 8580 1837881
2010.08.02  8690 8700 8830 8690 2412026
2010.08.03  8570 8710 8760 8530 2077659
2010.08.04  8450 8590 8600 8420 1410082
2010.08.05  8650 8430 8680 8430 2156129
2010.08.06  8710 8580 8710 8520 1639944
2010.08.09  8750 8740 8770 8630 1810575
2010.08.10  8660 8710 8770 8660 1370860
2010.08.11  8580 8690 8690 8580 1222117
2010.08.12  8400 8480 8600 8400 2449903
2010.08.13  8430 8440 8480 8400 1061629
2010.08.16  8460 8430 8480 8340 727256
2010.08.17  8460 8420 8500 8420 836492
2010.08.18  8480 8500 8530 8430 876213
2010.08.19  8440 8490 8500 8420 1772366
2010.08.20  8390 8400 8480 8380 1092347
2010.08.23  8260 8390 8420 8230 1469141
2010.08.24  8300 8280 8330 8220 924351
2010.08.25  8150 8200 8270 8150 1301636
2010.08.26  8170 8140 8230 8140 580626
2010.08.27  8150 8120 8190 8110 553985
2010.08.30  8200 8150 8230 8140 768317
2010.08.31  8010 8160 8160 8000 1533650
2010.09.01  7970 8020 8080 7930 1352843
2010.09.02  7830 8070 8080 7830 3409077
2010.09.03  7800 7820 7870 7700 3525614
2010.09.06  8130 7900 8150 7850 4256109
2010.09.07  8090 8180 8220 8050 1196586
2010.09.08  8120 8040 8200 8030 1409146
2010.09.09  7820 8170 8190 7820 4402219
2010.09.10  7870 7850 7920 7790 1605419
2010.09.13  7810 7900 7910 7800 1565691
2010.09.14  7830 7830 7900 7810 981677
2010.09.15  7940 7870 7940 7850 949741
2010.09.16  7860 7940 7970 7840 901977
2010.09.17  7990 7850 8010 7810 2090768
2010.09.20  7900 7910 7930 7860 1068836
2010.09.24  7900 7900 7940 7840 1253569
2010.09.27  7820 7930 7930 7810 1821033
2010.09.28  7770 7840 7840 7730 2678162
2010.09.29  7700 7740 7800 7680 4114442
2010.09.30  7630 7690 7750 7590 2954253
2010.10.01  7780 7610 7780 7610 3762458
2010.10.04  7920 7850 7990 7800 5164037
2010.10.05  7850 7890 7940 7800 3082059
2010.10.06  7910 7930 7950 7840 3692758
2010.10.07  7870 7890 7910 7790 2162134
2010.10.08  7900 7860 7930 7800 1616358
2010.10.11  7920 7930 7970 7880 2080122
2010.10.12  7840 7900 7950 7820 2279558
2010.10.13  7910 7850 7940 7850 2523760
2010.10.14  7780 7920 7940 7680 4699288
2010.10.15  7700 7750 7790 7660 3313063
2010.10.18  7630 7700 7700 7610 2356755
2010.10.19  7620 7650 7700 7610 1871917
2010.10.20  7840 7670 7880 7650 3462862
2010.10.21  7700 7880 7880 7690 2369071
2010.10.22  7660 7710 7730 7640 1867036
2010.10.25  7730 7710 7750 7680 1117019
2010.10.26  7750 7750 7770 7720 1148241
2010.10.27  7790 7750 7800 7680 1424161
2010.10.28  7840 7820 7850 7790 1555077
2010.10.29  7790 7880 7880 7700 1244112
2010.11.01  7690 7790 7810 7690 1478085
2010.11.02  7730 7720 7760 7680 881306
2010.11.03  8150 7780 8150 7770 6665055
2010.11.04  8260 8230 8260 8090 3836449
2010.11.05  8200 8370 8380 8150 3426317
2010.11.08  8250 8290 8290 8160 1868164
2010.11.09  8420 8280 8440 8270 3603496
2010.11.10  8450 8400 8480 8350 2210942
2010.11.11  8310 8450 8500 8310 2361341
2010.11.12  8000 8360 8380 7890 3332630
2010.11.15  8270 8120 8310 8060 2558187
2010.11.16  7850 8300 8350 7810 5237811
2010.11.17  7870 7780 7910 7750 1426810
2010.11.18  7880 7900 7950 7860 1407747
2010.11.19  7850 7910 7960 7850 1187260
2010.11.22  7780 7890 7900 7760 1977595
2010.11.23  7690 7750 7780 7660 2267940
2010.11.24  7600 7400 7600 7400 2862853
2010.11.25  7610 7650 7650 7560 870719
2010.11.26  7520 7620 7640 7470 1312276
2010.11.29  7440 7500 7520 7420 976337
2010.11.30  7360 7430 7520 7360 1818526
2010.12.01  7640 7390 7640 7390 1285836
2010.12.02  7640 7680 7750 7630 1072243
2010.12.03  7530 7650 7680 7520 863864
2010.12.06  7600 7590 7630 7560 549363
2010.12.07  7570 7610 7640 7560 689274
2010.12.08  7590 7600 7640 7520 1041986
2010.12.09  7530 7620 7630 7510 1363467
2010.12.10  7480 7550 7550 7470 1255269
2010.12.13  7500 7510 7540 7450 1102038
2010.12.14  7570 7550 7630 7530 1245910
2010.12.15  7560 7610 7620 7510 955618
2010.12.16  7570 7580 7600 7520 801634
2010.12.17  7560 7560 7590 7500 1383331
2010.12.20  7450 7490 7500 7400 1273907
2010.12.21  7520 7500 7560 7490 1067788
2010.12.22  7560 7530 7570 7470 1310307
2010.12.23  7550 7550 7600 7510 745909
2010.12.24  7500 7550 7550 7460 978256
2010.12.27  7870 7550 7890 7520 5136662
2010.12.28  7750 7850 7890 7740 2451276
2010.12.29  7870 7820 7920 7760 2233920
2010.12.30  7950 7840 7980 7810 2307634
2011.01.03  8130 8010 8160 7960 2662648
2011.01.04  8200 8100 8210 8070 2212540
2011.01.05  8150 8200 8220 8080 1939029
2011.01.06  8230 8200 8350 8160 3004988
2011.01.07  8220 8250 8330 8150 2667834
2011.01.10  8390 8160 8400 8140 3347792
2011.01.11  8310 8310 8370 8160 2018878
2011.01.12  8000 8230 8270 8000 2608610
2011.01.13  8030 8040 8300 8010 3832870
2011.01.14  8080 8150 8150 8060 1522878
2011.01.17  8220 8180 8300 8160 1954730
2011.01.18  8220 8240 8240 8110 1267499
2011.01.19  8300 8260 8350 8160 2323307
2011.01.20  8280 8300 8370 8260 1257339
2011.01.21  8240 8280 8320 8170 1415803
2011.01.24  8040 8230 8240 7990 2275399
2011.01.25  8010 8060 8080 7980 1395048
2011.01.26  8000 7980 8050 7970 661171
2011.01.27  7820 7970 8030 7810 2042338
2011.01.28  7740 7830 7860 7680 1499308
2011.01.31  7800 7640 7810 7640 736846
2011.02.01  7980 7780 7980 7780 1199761
2011.02.07  8050 8130 8130 8010 968160
2011.02.08  8100 8110 8150 8060 1101339
2011.02.09  8120 8170 8170 8000 1294099
2011.02.10  7910 8130 8130 7910 1259559
2011.02.11  7640 7910 7950 7640 1777014
2011.02.14  7890 7710 7890 7710 797418
2011.02.15  7830 7920 7970 7810 602176
2011.02.16  7790 7790 7890 7790 548800
2011.02.17  8000 7830 8050 7830 1464401
2011.02.18  8060 8030 8130 7990 1093416
2011.02.21  8050 8100 8140 7970 642863
2011.02.22  7920 8020 8020 7820 701625
2011.02.23  7860 7890 7980 7860 643435
2011.02.24  7800 7840 7860 7760 624475
2011.02.25  7810 7830 7830 7710 591566
2011.02.28  7590 7780 7810 7560 1548700
2011.03.02  7600 7600 7800 7560 2016919
2011.03.03  7820 7690 7820 7650 592419
2011.03.04  7890 7950 7950 7810 1029756
2011.03.07  7800 7900 8010 7760 1536556
2011.03.08  7790 7830 7890 7730 1126437
2011.03.09  7890 7840 7890 7790 878089
2011.03.10  7660 7940 7950 7650 2351821
2011.03.11  7590 7610 7690 7560 1550805
2011.03.14  7230 7440 7450 7100 3312782
2011.03.15  7050 7200 7340 6850 2410173
2011.03.16  7200 7070 7200 7020 1282119
2011.03.17  7370 7050 7370 7020 1131499
2011.03.18  7650 7350 7670 7330 3351964
2011.03.21  7530 7650 7670 7470 851374
2011.03.22  7450 7590 7620 7430 647302
2011.03.23  7590 7490 7590 7430 556352
2011.03.24  7500 7600 7600 7480 744511
2011.03.25  7580 7550 7620 7500 526698
2011.03.28  7550 7570 7610 7490 480660
2011.03.29  7470 7590 7590 7470 616745
2011.03.30  7440 7450 7550 7400 881517
2011.03.31  7580 7480 7580 7480 795985
2011.04.01  7740 7580 7740 7580 1152069
2011.04.04  7780 7760 7780 7670 731165
2011.04.05  7780 7750 7790 7710 611948
2011.04.06  7740 7760 7780 7650 786019
2011.04.07  7640 7740 7740 7560 1084511
2011.04.08  7510 7640 7640 7510 1289899
2011.04.11  7450 7520 7530 7430 761607
2011.04.12  7350 7360 7520 7320 1068566
2011.04.13  7400 7350 7400 7320 559697
2011.04.14  7320 7400 7400 7260 1342638
2011.04.15  7310 7280 7370 7250 619316
2011.04.18  7200 7310 7330 7190 761674
2011.04.19  7220 7150 7380 7150 867433
2011.04.20  7380 7290 7380 7250 553135
2011.04.21  7240 7420 7460 7240 1002022
2011.04.22  7290 7250 7330 7240 505154
2011.04.25  7200 7270 7300 7190 713567
2011.04.26  7250 7250 7290 7190 1077051
2011.04.27  7340 7270 7370 7250 878426
2011.04.28  7280 7380 7380 7220 585829
2011.04.29  7390 7260 7390 7220 718587
2011.05.02  7410 7430 7440 7370 688461
2011.05.03  7430 7400 7460 7350 681429
2011.05.04  7380 7450 7450 7340 968744
2011.05.06  7360 7340 7430 7280 696334
2011.05.09  7300 7390 7400 7290 491960
2011.05.11  7430 7300 7430 7300 795368
2011.05.12  7460 7380 7480 7370 1063492
2011.05.13  7380 7470 7490 7250 1071362
2011.05.16  7310 7300 7390 7300 446246
2011.05.17  7220 7310 7380 7220 958764
2011.05.18  7240 7270 7280 7200 972986
2011.05.19  7100 7250 7250 7100 733827
2011.05.20  7120 7150 7150 7070 512868
2011.05.23  7010 7130 7160 7000 661039
2011.05.24  6990 7000 7040 6910 915499
2011.05.25  6920 6970 7010 6910 508813
2011.05.26  7030 6930 7070 6920 707941
2011.05.27  7050 7070 7120 7040 486143
2011.05.30  7060 7110 7110 7040 422975
2011.05.31  7290 7050 7290 7050 995189
2011.06.01  7450 7270 7560 7250 2711332
2011.06.02  7460 7320 7460 7240 1154227
2011.06.03  7470 7490 7540 7400 1525004
2011.06.07  7480 7540 7540 7280 2304136
2011.06.08  7360 7370 7470 7320 1703867
2011.06.09  7170 7330 7500 7170 7469308
2011.06.10  7240 7170 7320 7140 3454471
2011.06.13  7400 7280 7470 7200 1734290
2011.06.14  7370 7350 7500 7330 973323
2011.06.15  7370 7370 7370 7240 809207
2011.06.16  7540 7300 7540 7250 2380905
2011.06.17  7430 7440 7550 7420 1046391
2011.06.20  7540 7400 7540 7380 768950
2011.06.21  7640 7540 7640 7540 1014637
2011.06.22  7650 7640 7650 7530 692629
2011.06.23  7700 7640 7890 7510 2631898
2011.06.24  7810 7750 7880 7680 877245
2011.06.27  7570 7760 7770 7550 961153
2011.06.28  7620 7620 7760 7580 740731
2011.06.29  7740 7670 7770 7660 1050710
2011.06.30  7740 7740 7800 7680 695127
2011.07.01  7760 7770 7830 7740 630535
2011.07.04  7750 7760 7800 7710 627113
2011.07.05  7800 7710 7800 7710 733243
2011.07.06  7850 7810 7860 7810 653490
2011.07.07  7830 7810 7900 7800 830090
2011.07.08  7850 7840 7900 7800 612966
2011.07.11  7900 7850 7900 7770 915279
2011.07.12  7730 7810 7890 7700 554273
2011.07.13  7780 7800 7800 7650 537086
2011.07.14  7690 7720 7780 7540 1146928
2011.07.15  7820 7610 7820 7610 529791
2011.07.18  7700 7850 7890 7660 844337
2011.07.19  7800 7650 7810 7630 708611
2011.07.20  7780 7750 7850 7740 662887
2011.07.21  7720 7760 7800 7660 616529
2011.07.22  7780 7690 7800 7690 537381
2011.07.25  7690 7740 7780 7650 489411
2011.07.26  7790 7690 7790 7690 793647
2011.07.27  7720 7820 7820 7660 751009
2011.07.28  7570 7640 7660 7570 589182
2011.07.29  7480 7540 7590 7480 497881
2011.08.01  7680 7560 7720 7560 625653
2011.08.02  7500 7620 7640 7500 542476
2011.08.03  7240 7450 7480 7230 977643
2011.08.04  7220 7240 7340 7160 875740
2011.08.05  7090 7050 7210 7010 1553867
2011.08.08  6640 7020 7130 6610 1880975
2011.08.09  6070 6300 6320 5690 3150083
2011.08.10  6020 6210 6340 5950 4298851
2011.08.11  5940 5610 6080 5610 2073530
2011.08.12  6040 6100 6110 5940 1798785
2011.08.16  6200 6120 6230 6110 1675878
2011.08.17  6210 6150 6270 6130 1037987
2011.08.18  6130 6180 6210 6040 1345929
2011.08.19  6120 5980 6200 5880 2285668
2011.08.22  6220 6120 6490 6050 1602912
2011.08.23  6570 6350 6670 6290 1905134
2011.08.24  6350 6550 6670 6300 1242980
2011.08.25  6200 6350 6440 6200 1140121
2011.08.26  6120 6200 6300 6050 1095575
2011.08.29  6190 6160 6260 6120 956424
2011.08.30  6250 6230 6290 6200 1292227
2011.08.31  6280 6310 6310 6180 999663
2011.09.01  6270 6290 6470 6250 2310357
2011.09.02  6200 6250 6290 6190 698170
2011.09.05  6060 6090 6140 6050 785225
2011.09.06  5860 5910 6040 5860 1024402
2011.09.07  6010 5970 6090 5960 848619
2011.09.08  6020 6090 6120 6000 1260797
2011.09.09  5860 5950 6010 5860 1084211
2011.09.14  5850 5860 5990 5770 1065920
2011.09.15  6000 5900 6000 5810 1282622
2011.09.16  6060 6020 6090 5950 1548035
2011.09.19  5860 6000 6000 5800 2114085
2011.09.20  5950 5840 5960 5810 724894
2011.09.21  5970 5910 6050 5900 756042
2011.09.22  5790 5870 5910 5780 896702
2011.09.23  5430 5680 5700 5410 1638654
2011.09.26  5530 5450 5560 5400 1170725
2011.09.27  5670 5580 5720 5540 844341
2011.09.28  5550 5750 5750 5550 820728
2011.09.29  5610 5540 5630 5470 682048
2011.09.30  5590 5600 5650 5500 1024913
2011.10.04  5580 5430 5750 5400 1054904
2011.10.05  5590 5600 5650 5430 1045842
2011.10.06  5620 5640 5690 5610 851060
2011.10.07  5670 5670 5730 5640 969302
2011.10.10  5640 5630 5710 5620 963937
2011.10.11  5710 5700 5740 5670 1736885
2011.10.12  5640 5690 5720 5630 1252276
2011.10.13  5760 5670 5850 5660 1518249
2011.10.14  5850 5760 5920 5760 1086448
2011.10.17  5780 5850 5900 5730 1245615
2011.10.18  5660 5720 5770 5660 883442
2011.10.19  5760 5700 5760 5640 625341
2011.10.20  5750 5750 5840 5720 1011199
2011.10.21  5680 5730 5820 5660 1024773
2011.10.24  5780 5720 5780 5680 1086014
2011.10.25  5860 5780 5880 5740 1199173
2011.10.26  5830 5860 5930 5830 934000
2011.10.27  5980 5900 5990 5850 859003
2011.10.28  6120 6090 6200 6070 1959372
2011.10.31  6270 6130 6340 6110 1992406
2011.11.01  7000 6650 7190 6600 6406017
2011.11.02  6830 6990 7100 6760 3988679
2011.11.03  6890 6920 6970 6700 1640282
2011.11.04  7030 6940 7040 6870 2073386
2011.11.07  6890 7030 7070 6890 1327001
2011.11.08  6970 6940 7030 6890 1137711
2011.11.09  7040 7000 7120 7000 1557671
2011.11.10  6920 6890 6990 6860 2150353
2011.11.11  7100 6930 7100 6860 1366009
2011.11.14  7250 7090 7250 7090 1208295
2011.11.15  7270 7210 7300 7200 753471
2011.11.16  7220 7270 7330 7210 1099794
2011.11.17  7330 7220 7330 7070 909659
2011.11.18  7220 7240 7300 7160 1217354
2011.11.21  7250 7280 7290 7150 833906
2011.11.22  7260 7150 7330 7120 955494
2011.11.23  7100 7230 7230 7090 1285759
2011.11.24  7020 7100 7160 7020 569315
2011.11.25  6870 7000 7000 6870 718294
2011.11.28  7040 6920 7100 6920 788498
2011.11.29  7220 7030 7220 6930 1458133
2011.11.30  7270 7200 7300 7120 920392
2011.12.01  7510 7310 7510 7300 1966457
2011.12.02  7540 7510 7610 7430 1291747
2011.12.05  7520 7590 7590 7430 693201
2011.12.06  7600 7520 7600 7470 905651
2011.12.07  7730 7600 7770 7550 1034067
2011.12.08  7690 7670 7790 7620 1187598
2011.12.09  7550 7650 7650 7460 863777
2011.12.12  7740 7600 7760 7570 694928
2011.12.13  7710 7730 7760 7600 655153
2011.12.14  7650 7710 7760 7620 770623
2011.12.15  7580 7660 7660 7500 803091
2011.12.16  7440 7540 7580 7410 1174841
2011.12.19  7260 7380 7430 7090 1435784
2011.12.20  7250 7390 7390 7220 788167
2011.12.21  7450 7330 7450 7290 952466
2011.12.22  7520 7470 7560 7310 979867
2011.12.23  7520 7510 7600 7480 1067117
2011.12.26  7570 7470 7600 7440 917020
2011.12.27  7570 7580 7660 7490 1305586
2011.12.28  7400 7530 7640 7340 1147072
2011.12.29  7400 7340 7610 7270 810587
2012.01.02  7170 7390 7440 7060 1040649
2012.01.03  7320 7130 7400 7130 1146204
2012.01.04  7360 7300 7450 7250 692671
2012.01.05  7470 7340 7510 7340 627624
2012.01.06  7310 7500 7500 7250 570262
2012.01.09  7200 7260 7410 7150 806771
2012.01.10  7410 7300 7500 7210 848756
2012.01.11  7400 7370 7400 7260 480465
2012.01.12  7480 7490 7490 7360 359533
2012.01.13  7550 7410 7560 7410 697136
2012.01.16  7310 7510 7510 7230 727164
2012.01.17  7550 7360 7550 7350 863029
2012.01.18  7590 7430 7610 7410 723305
2012.01.19  7620 7630 7710 7600 1150063
2012.01.20  7720 7550 7750 7550 1299319
2012.01.25  7780 7700 7850 7680 1229351
2012.01.26  7820 7730 7840 7730 921264
2012.01.27  7830 7770 7850 7740 780212
2012.01.30  7550 7790 7790 7510 875262
2012.01.31  7690 7620 7780 7560 1099955
2012.02.01  7550 7620 7790 7550 608638
2012.02.02  7670 7550 7740 7550 630956
2012.02.03  7800 7750 7800 7670 661653
2012.02.06  7790 7620 7790 7560 588790
2012.02.07  7740 7700 7850 7670 550128
2012.02.08  7670 7730 7790 7630 313326
2012.02.09  7630 7670 7770 7520 547401
2012.02.10  7520 7530 7620 7510 512140
2012.02.13  7520 7500 7620 7500 437976
2012.02.14  7430 7510 7530 7380 686226
2012.02.15  7400 7410 7480 7400 406364
2012.02.16  7350 7340 7420 7280 412538
2012.02.17  7340 7300 7420 7300 376495
2012.02.20  7380 7330 7450 7330 237744
2012.02.21  7340 7360 7460 7340 340795
2012.02.22  7260 7350 7380 7250 454027
2012.02.23  7200 7340 7340 7160 350015
2012.02.24  7400 7240 7400 7210 405267
2012.02.27  7460 7430 7460 7230 399321
2012.02.28  7340 7370 7500 7340 345190
2012.02.29  7300 7350 7450 7300 301627
2012.03.02  7430 7420 7500 7330 414564
2012.03.05  7400 7400 7500 7370 392695
2012.03.06  7310 7460 7490 7310 406643
2012.03.07  7230 7300 7300 7210 344361
2012.03.08  7120 7190 7220 7120 1164892
2012.03.09  7100 7170 7210 7090 542937
2012.03.12  7120 7120 7170 7070 400073
2012.03.13  7290 7120 7360 7110 638200
2012.03.14  7570 7420 7590 7350 1003354
2012.03.15  7580 7620 7620 7490 415582
2012.03.16  7700 7530 7700 7520 560159
2012.03.19  7740 7630 7770 7600 549872
2012.03.20  7740 7680 7740 7550 460010
2012.03.21  7700 7670 7740 7620 384887
2012.03.22  7890 7730 7900 7690 1408586
2012.03.23  7720 7860 7880 7710 470737
2012.03.26  7850 7710 7850 7710 480432
2012.03.27  7800 7860 7900 7790 505381
2012.03.28  7660 7760 7830 7640 343904
2012.03.29  7300 7560 7560 7290 1126588
2012.03.30  7490 7390 7490 7340 734710
2012.04.02  7430 7440 7620 7430 464961
2012.04.03  7650 7350 7710 7320 978468
2012.04.04  7650 7710 7730 7540 822671
2012.04.05  7380 7680 7680 7280 728687
2012.04.06  7180 7320 7390 7130 650389
2012.04.09  6900 7270 7270 6790 1128999
2012.04.10  7100 6940 7190 6920 519875
2012.04.12  6990 7100 7240 6860 559162
2012.04.13  7170 7000 7170 6960 373755
2012.04.16  6930 7010 7010 6890 475880
2012.04.17  6980 7000 7010 6910 356545
2012.04.18  7040 7000 7070 7000 271927
2012.04.19  6920 6950 7020 6920 340516
2012.04.20  7050 6950 7050 6870 331356
2012.04.23  7070 7080 7130 7000 237354
2012.04.24  6850 6940 7070 6800 647483
2012.04.25  6880 6880 6920 6780 470803
2012.04.26  6870 6830 6890 6800 290053
2012.04.27  6760 6830 6830 6610 524349
2012.04.30  6830 6840 6870 6760 435713
2012.05.02  6840 6710 6940 6690 451466
2012.05.03  6840 6930 6930 6810 217149
2012.05.04  6980 6910 6980 6800 314051
2012.05.07  6750 6960 6960 6690 612634
2012.05.08  6840 6730 6850 6690 208417
2012.05.09  6970 6850 6970 6770 283897
2012.05.10  6810 6950 6960 6760 517463
2012.05.11  6690 6820 6820 6690 287354
2012.05.14  6590 6650 6750 6590 353602
2012.05.15  6500 6590 6790 6410 707084
2012.05.16  6510 6500 6550 6360 611751
2012.05.17  6480 6390 6720 6380 652659
2012.05.18  6320 6420 6420 6210 782030
2012.05.21  6200 6250 6400 6200 306365
2012.05.22  6200 6160 6290 6130 628733
2012.05.23  6140 6170 6170 6030 717750
2012.05.24  6270 6140 6270 6090 244550
2012.05.25  6190 6190 6290 6140 284426
2012.05.29  6190 6190 6240 6130 320683
2012.05.30  6030 6140 6150 6030 646986
2012.05.31  6090 6000 6090 5880 503394
2012.06.01  6100 6000 6100 5970 311338
2012.06.04  6330 5990 6350 5950 825386
2012.06.05  6500 6390 6580 6270 479356
2012.06.07  6580 6420 6700 6410 456795
2012.06.08  6480 6460 6520 6350 232538
2012.06.11  6530 6430 6650 6430 193233
2012.06.12  6380 6460 6490 6350 205710
2012.06.13  6400 6380 6420 6310 204958
2012.06.14  6620 6330 6620 6330 1109256
2012.06.15  6550 6530 6680 6440 545648
2012.06.18  6790 6620 6790 6620 613404
2012.06.19  6790 6680 6850 6680 265321
2012.06.20  6790 6790 6840 6700 381234
2012.06.21  6900 6830 6980 6740 389260
2012.06.22  6570 6980 6980 6500 704409
2012.06.25  6400 6510 6530 6310 601378
2012.06.26  6360 6390 6470 6270 433174
2012.06.27  6280 6330 6380 6250 360640
2012.06.28  6320 6250 6360 6240 289709
2012.06.29  6430 6250 6730 6220 469921
2012.07.02  6520 6320 6520 6320 316887
2012.07.03  6480 6440 6590 6440 221301
2012.07.04  6400 6440 6500 6400 228360
2012.07.05  6460 6360 6470 6360 170801
2012.07.06  6400 6410 6510 6400 200237
2012.07.09  6500 6500 6530 6370 202011
2012.07.10  6390 6440 6500 6390 279147
2012.07.11  6380 6470 6470 6360 134777
2012.07.12  6050 6380 6460 6050 763751
2012.07.13  6120 6130 6280 6090 540168
2012.07.16  6200 6110 6200 6060 325087
2012.07.17  6180 6220 6300 6100 314777
2012.07.18  6140 6130 6270 6100 280302
2012.07.19  6350 6250 6380 6170 474396
2012.07.20  6230 6290 6340 6200 342760
2012.07.23  6160 6230 6240 6070 352123
2012.07.24  6170 6120 6220 6080 269304
2012.07.25  6090 6080 6170 6060 218424
2012.07.26  6070 6050 6200 6050 249269
2012.07.27  6280 6300 6320 6120 301541
2012.07.30  6220 6280 6300 6180 164705
2012.07.31  6520 6260 6590 6130 879503
2012.08.01  6680 6530 6720 6360 616911
2012.08.02  6740 6740 6760 6580 360340
2012.08.03  6560 6740 6770 6560 261544
2012.08.06  6780 6610 6780 6610 288786
2012.08.07  6800 6670 6810 6620 266480
2012.08.08  6930 6670 6990 6670 956307
2012.08.09  7360 6930 7450 6920 1885416
2012.08.10  7440 7360 7440 7290 683071
2012.08.13  7450 7310 7490 7290 439190
2012.08.14  7510 7490 7550 7430 609161
2012.08.16  7550 7410 7550 7390 436234
2012.08.17  7530 7420 7590 7420 477167
2012.08.20  7600 7460 7620 7460 408280
2012.08.21  7640 7670 7680 7510 462396
2012.08.22  7680 7690 7690 7510 385335
2012.08.23  7670 7700 7710 7560 460200
2012.08.24  7490 7600 7650 7460 217011
2012.08.27  7760 7520 7760 7500 779524
2012.08.28  7600 7610 7750 7580 272159
2012.08.29  7500 7600 7600 7400 277254
2012.08.30  7330 7400 7490 7170 523182
2012.08.31  7100 7220 7330 7100 510597
2012.09.03  7290 7090 7380 6860 850709
2012.09.04  7150 7170 7350 7150 291632
2012.09.05  6950 7050 7220 6950 498141
2012.09.06  7110 6960 7240 6950 414085
2012.09.07  7270 7130 7290 7130 326495
2012.09.10  7210 7230 7300 7160 195716
2012.09.11  7100 7150 7250 7020 415107
2012.09.12  7260 7140 7380 7080 665555
2012.09.13  7110 7180 7380 7050 843070
2012.09.14  7650 7210 7700 7200 1066970
2012.09.17  7600 7430 7650 7430 360560
2012.09.18  7600 7600 7650 7470 265849
2012.09.19  7500 7640 7700 7500 521450
2012.09.20  7600 7470 7620 7410 309758
2012.09.21  7700 7630 7750 7510 715727
2012.09.24  7560 7610 7700 7520 251062
2012.09.25  7690 7610 7750 7520 422787
2012.09.26  7560 7610 7720 7560 346663
2012.09.27  7700 7500 7750 7500 439560
2012.09.28  7720 7650 7750 7620 395973
2012.10.02  7600 7680 7730 7600 184834
2012.10.04  7730 7650 7730 7560 298049
2012.10.05  7630 7730 7810 7630 623951
2012.10.08  7670 7620 7700 7600 246627
2012.10.09  7700 7700 7780 7670 249374
2012.10.10  7470 7580 7580 7410 293873
2012.10.11  7310 7410 7570 7280 566372
2012.10.12  7420 7290 7560 7290 218980
2012.10.15  7650 7350 7690 7350 351300
2012.10.16  7530 7700 7700 7420 301334
2012.10.17  7580 7460 7640 7450 280844
2012.10.18  7580 7670 7690 7570 345224
2012.10.19  7640 7610 7700 7590 520317
2012.10.22  7540 7500 7660 7480 405373
2012.10.23  7480 7680 7680 7480 356029
2012.10.24  7550 7550 7700 7500 733249
2012.10.25  7580 7510 7630 7470 379408
2012.10.26  7530 7580 7660 7520 305194
2012.10.29  7580 7600 7690 7550 413439
2012.10.30  7540 7670 7680 7540 267072
2012.10.31  7690 7590 7690 7550 255701
2012.11.01  7530 7600 7680 7530 359775
2012.11.02  7670 7560 7680 7550 350963
2012.11.05  7610 7700 7710 7610 231272
2012.11.06  7690 7600 7700 7600 283055
2012.11.07  7660 7650 7680 7510 420232
2012.11.08  7510 7650 7680 7400 748212
2012.11.09  7330 7410 7490 7310 546237
2012.11.12  7350 7440 7440 7300 335603
2012.11.13  7440 7470 7490 7320 267807
2012.11.14  7630 7480 7630 7400 397496
2012.11.15  7540 7600 7620 7490 328538
2012.11.16  7420 7600 7630 7410 297930
2012.11.19  7540 7490 7620 7430 270806
2012.11.20  7470 7460 7530 7420 226170
2012.11.21  7450 7470 7530 7320 244470
2012.11.22  7490 7540 7590 7450 217180
2012.11.23  7410 7460 7590 7410 207783
2012.11.26  7500 7410 7530 7400 204650
2012.11.27  7550 7530 7580 7430 260629
2012.11.28  7450 7610 7610 7450 329049
2012.11.29  7440 7480 7590 7440 298457
2012.11.30  7520 7430 7540 7410 455729
2012.12.03  7460 7570 7580 7460 369862
2012.12.04  7460 7450 7550 7450 246096
2012.12.05  7550 7470 7640 7470 511887
2012.12.06  7490 7490 7540 7440 342995
2012.12.07  7550 7530 7570 7470 204904
2012.12.10  7440 7450 7510 7300 356074
2012.12.11  7450 7370 7520 7370 585861
2012.12.12  7540 7420 7550 7420 459565
2012.12.13  7850 7440 7850 7440 1392578
2012.12.14  7800 7800 7800 7600 531237
2012.12.17  7850 7800 7850 7720 587822
2012.12.18  7840 7870 7900 7650 607283
2012.12.20  7950 7750 7950 7740 990140
2012.12.21  8150 8000 8190 7970 1301866
2012.12.24  7800 8150 8200 7760 1146984
2012.12.26  7990 7870 8100 7830 771023
2012.12.27  8070 7990 8070 7880 304173
2012.12.28  7760 8030 8060 7760 458177
2013.01.02  7800 7850 7990 7800 353816
2013.01.03  8020 7910 8040 7820 683451
2013.01.04  8050 8000 8050 7950 444868
2013.01.07  8050 8030 8080 7870 273839
2013.01.08  8040 8050 8090 8000 449062
2013.01.09  8000 7960 8060 7930 304426
2013.01.10  8030 7940 8030 7910 440511
2013.01.11  7790 7970 8020 7710 553432
2013.01.14  7780 7690 7870 7610 398652
2013.01.15  7700 7670 7780 7640 435618
2013.01.16  7710 7710 7920 7700 448710
2013.01.17  7830 7710 7880 7700 249961
2013.01.18  7900 7850 7900 7800 331979
2013.01.21  8040 7910 8040 7820 384142
2013.01.22  7920 8040 8040 7880 282042
2013.01.23  7700 7870 7940 7700 317403
2013.01.24  7680 7680 7750 7600 551821
2013.01.25  7570 7730 7730 7570 584265
2013.01.28  7590 7580 7710 7560 349992
2013.01.29  7570 7580 7640 7550 389677
2013.01.30  7550 7620 7700 7550 405289
2013.01.31  7420 7530 7600 7420 520028
2013.02.01  7360 7420 7500 7320 451434
2013.02.04  7370 7360 7490 7340 448396
2013.02.05  7450 7310 7550 7310 524705
2013.02.06  7360 7430 7470 7340 294318
2013.02.07  7300 7320 7440 7300 383166
2013.02.08  7200 7270 7280 7080 719682
2013.02.12  7110 7130 7220 7110 355756
2013.02.13  7340 7130 7390 7120 478685
2013.02.14  7410 7350 7460 7270 251902
2013.02.15  7480 7400 7500 7360 333069
2013.02.18  7490 7540 7540 7400 157252
2013.02.19  7610 7540 7640 7470 265657
2013.02.20  7850 7600 7880 7550 701310
2013.02.21  7910 7840 7910 7720 528799
2013.02.22  7750 7900 8000 7620 745995
2013.02.25  7970 7670 7970 7670 414157
2013.02.26  7190 7200 7290 7120 22574941
2013.02.27  7210 7270 7300 7200 1985227
2013.02.28  7240 7240 7260 7200 1394631
2013.03.04  7160 7230 7250 7160 810835
2013.03.05  7100 7170 7200 7100 921089
2013.03.06  7120 7190 7210 7120 643944
2013.03.07  7100 7140 7170 7100 604915
2013.03.08  7110 7140 7160 7080 842931
2013.03.11  7140 7150 7150 7020 868823
2013.03.12  7110 7160 7170 7090 585205
2013.03.13  7070 7090 7110 7060 494313
2013.03.14  7020 7070 7100 6960 1150547
2013.03.15  6940 7000 7060 6940 697175
2013.03.18  6850 6940 6950 6850 775371
2013.03.19  6850 6880 6960 6850 612305
2013.03.20  6830 6850 6900 6830 752567
2013.03.21  6720 6850 6890 6720 745901
2013.03.22  6600 6710 6740 6580 1205679
2013.03.25  6740 6680 6760 6660 766574
2013.03.26  6770 6740 6830 6700 792309
2013.03.27  6890 6780 6900 6770 1010832
2013.03.28  6750 6740 6810 6720 712641
2013.03.29  6830 6770 6850 6760 371525
2013.04.01  6720 6800 6800 6650 526419
2013.04.02  6790 6700 6850 6630 1038204
2013.04.03  6750 6800 6830 6710 376101
2013.04.04  6670 6770 6770 6600 620078
2013.04.05  6360 6600 6640 6360 865005
2013.04.08  6360 6370 6440 6330 337770
2013.04.09  6320 6360 6450 6300 490546
2013.04.10  6400 6310 6430 6300 395830
2013.04.11  6400 6470 6490 6370 395829
2013.04.12  6590 6420 6760 6420 853567
2013.04.15  6680 6570 6800 6450 562400
2013.04.16  6670 6660 6790 6550 862794
2013.04.17  6640 6620 6710 6510 608741
2013.04.18  6560 6510 6790 6510 641951
2013.04.19  6740 6660 6830 6570 507806
2013.04.22  6730 6660 6830 6660 314880
2013.04.23  6860 6700 6860 6670 489256
2013.04.24  6890 6860 6900 6810 351846
2013.04.25  6910 6890 6950 6830 291085
2013.04.26  6750 6840 6940 6740 364031
2013.04.29  6800 6780 6800 6680 311482
2013.04.30  6700 6770 6870 6700 716768
2013.05.02  6700 6650 6730 6650 225465
2013.05.03  6810 6720 6810 6680 277517
2013.05.06  6850 6840 6900 6800 403154
2013.05.07  6830 6770 6890 6770 294366
2013.05.08  6780 6800 6880 6770 365444
2013.05.09  6800 6830 6920 6790 798743
2013.05.10  6670 6870 6870 6660 399438
2013.05.13  6820 6640 6820 6640 313294
2013.05.14  6870 6850 6900 6790 292371
2013.05.15  6880 6870 6900 6750 414107
2013.05.16  7050 6880 7070 6880 1074280
2013.05.20  7060 6980 7070 6960 442265
2013.05.21  7000 7070 7070 6960 442705
2013.05.22  7070 7000 7070 6990 442920
2013.05.23  6900 6940 7030 6880 499387
2013.05.24  7030 6900 7090 6900 685694
2013.05.27  7090 7030 7090 6960 311618
2013.05.28  7120 7110 7120 7060 850995
2013.05.29  7200 7160 7200 7060 698012
2013.05.30  6900 7190 7240 6860 873116
2013.05.31  6990 6920 7170 6910 2814799
2013.06.03  6880 6930 6980 6810 522395
2013.06.04  6750 6920 6920 6700 429880
2013.06.05  6860 6710 6860 6650 1082533
2013.06.07  6880 6990 7020 6830 437961
2013.06.10  6780 6800 6880 6780 195429
2013.06.11  6660 6860 6870 6550 630661
2013.06.12  6600 6700 6740 6560 401953
2013.06.13  6470 6570 6630 6470 746795
2013.06.14  6420 6500 6570 6360 652416
2013.06.17  6580 6400 6640 6400 567070
2013.06.18  6590 6630 6730 6560 340437
2013.06.19  6610 6650 6650 6520 281306
2013.06.20  6550 6660 6660 6420 524105
2013.06.21  6390 6420 6550 6370 628390
2013.06.24  6360 6350 6470 6320 428070
2013.06.25  6410 6480 6560 6330 547180
2013.06.26  6510 6400 6600 6350 575754
2013.06.27  6460 6510 6610 6430 511924
2013.06.28  6580 6430 6680 6430 890354
2013.07.01  6400 6460 6530 6400 537895
2013.07.02  6480 6420 6490 6400 327297
2013.07.03  6460 6450 6560 6420 406093
2013.07.04  6620 6500 6630 6450 300309
2013.07.05  6690 6690 6700 6590 436289
2013.07.08  6720 6710 6780 6610 319886
2013.07.09  6760 6770 6780 6680 194846
2013.07.10  6700 6790 6790 6650 172267
2013.07.11  6950 6780 6950 6680 606629
2013.07.12  6780 6880 6940 6750 364623
2013.07.15  6820 6730 6830 6650 216573
2013.07.16  6700 6770 6840 6700 290476
2013.07.17  6870 6690 6930 6690 355522
2013.07.18  6660 6800 6860 6650 606400
2013.07.19  6670 6660 6690 6550 337503
2013.07.22  6660 6710 6760 6660 174543
2013.07.23  6850 6710 6860 6660 354495
2013.07.24  6870 6850 6890 6760 115705
2013.07.25  6800 6770 6890 6770 254509
2013.07.26  6770 6800 6850 6720 104992
2013.07.29  6830 6740 6840 6730 136742
2013.07.30  6940 6840 6990 6830 242400
2013.07.31  6740 6940 6950 6740 287987
2013.08.01  6980 6770 7000 6760 340525
2013.08.02  7050 7070 7070 6910 283997
2013.08.05  6830 6970 7010 6830 236921
2013.08.06  6680 6840 6880 6670 357423
2013.08.07  6710 6740 6860 6710 294803
2013.08.08  6760 6770 6890 6730 278356
2013.08.09  6630 6710 6730 6600 622029
2013.08.12  6570 6590 6660 6560 331355
2013.08.13  6660 6570 6660 6570 231364
2013.08.14  6620 6690 6700 6590 431997
2013.08.16  6610 6580 6680 6560 353714
2013.08.19  6550 6590 6630 6550 492150
2013.08.20  6500 6530 6640 6500 524603
2013.08.21  6440 6550 6550 6430 565826
2013.08.22  6330 6430 6440 6330 592127
2013.08.23  6300 6300 6380 6290 570035
2013.08.26  6360 6310 6400 6300 199776
2013.08.27  6290 6330 6370 6260 342278
2013.08.28  6340 6250 6350 6210 353145
2013.08.29  6430 6380 6460 6340 451951
2013.08.30  6500 6480 6500 6410 339564
2013.09.02  6480 6500 6540 6450 239309
2013.09.03  6690 6540 6710 6500 739863
2013.09.04  6560 6700 6700 6560 391444
2013.09.05  6780 6550 6780 6550 613748
2013.09.06  6820 6720 6830 6720 462524
2013.09.09  6960 6710 6960 6710 778310
2013.09.10  7020 6920 7020 6870 715931
2013.09.11  7050 6980 7080 6980 586621
2013.09.12  7210 7040 7210 6960 1075975
2013.09.13  7130 7060 7200 7060 482943
2013.09.16  7180 7230 7240 7100 331105
2013.09.17  7220 7120 7220 7100 350017
2013.09.23  7190 7300 7300 7110 538930
2013.09.24  7250 7080 7250 7080 575045
2013.09.25  7160 7280 7280 7110 401262
2013.09.26  7160 7140 7200 7060 157589
2013.09.27  7040 7200 7200 7010 357039
2013.09.30  6950 6970 7090 6880 416379
2013.10.01  6970 6950 7110 6920 241219
2013.10.02  6860 6910 6970 6850 322616
2013.10.04  6980 6780 6980 6780 316238
2013.10.07  6960 6880 6960 6860 192479
2013.10.08  6820 6880 6950 6770 273520
2013.10.10  6740 6730 6800 6660 541422
2013.10.11  6760 6710 6830 6700 320297
2013.10.14  6900 6720 6900 6720 258418
2013.10.15  7070 6940 7090 6860 369919
2013.10.16  6820 7050 7080 6820 434772
2013.10.17  7100 6950 7140 6850 500567
2013.10.18  7100 7100 7140 7010 338007
2013.10.21  7120 7060 7120 7030 216288
2013.10.22  7120 7190 7190 7110 475831
2013.10.23  6970 7090 7140 6940 556096
2013.10.24  7000 7030 7060 6950 202278
2013.10.25  6900 7000 7030 6900 191084
2013.10.28  6990 6900 6990 6860 163222
2013.10.29  7090 6930 7150 6900 355149
2013.10.30  7130 7140 7140 7040 286691
2013.10.31  7100 7040 7120 7010 484200
2013.11.01  7030 7080 7090 6970 184039
2013.11.04  6950 6970 6990 6820 455811
2013.11.05  6800 6850 6920 6790 497512
2013.11.06  6750 6740 6790 6710 363224
2013.11.07  6680 6710 6750 6680 282500
2013.11.08  6620 6710 6710 6570 364120
2013.11.11  6640 6630 6680 6580 280027
2013.11.12  6800 6690 6850 6670 461689
2013.11.13  6680 6740 6790 6620 439833
2013.11.14  6680 6610 6820 6610 820312
2013.11.15  6940 6750 6960 6730 646446
2013.11.18  6920 6940 7000 6860 450838
2013.11.19  7070 6860 7070 6860 909669
2013.11.20  7070 6960 7140 6960 506904
2013.11.21  7030 7070 7090 6970 335048
2013.11.22  7130 7010 7130 6930 454262
2013.11.25  7130 7130 7180 7080 260073
2013.11.26  7150 7020 7170 6950 555184
2013.11.27  7170 7100 7180 7050 440300
2013.11.28  7230 7180 7230 7100 576931
2013.11.29  7250 7150 7250 7150 275053
2013.12.02  7230 7200 7300 7130 313887
2013.12.03  7180 7170 7190 7070 316693
2013.12.04  7100 7100 7150 7050 264481
2013.12.05  7110 7160 7160 7030 421770
2013.12.06  7020 7090 7090 7010 274158
2013.12.09  7180 7160 7210 7130 288006
2013.12.10  7140 7220 7220 7120 288648
2013.12.11  6960 7050 7140 6920 325639
2013.12.12  6930 6920 6990 6860 15709410
2013.12.13  6930 6990 7000 6820 584460
2013.12.16  6940 6880 6980 6880 157339
2013.12.17  7080 7070 7080 6980 324459
2013.12.18  7100 7020 7120 6950 415275
2013.12.19  7190 7160 7210 7100 268805
2013.12.20  7240 7090 7240 7090 296878
2013.12.23  7380 7250 7380 7170 565955
2013.12.24  7500 7400 7520 7330 538149
2013.12.26  7600 7570 7600 7500 706695
2013.12.27  7450 7550 7600 7420 487158
2013.12.30  7590 7390 7630 7380 420891
2014.01.02  7420 7560 7670 7330 545661
2014.01.03  7120 7490 7490 7120 769045
2014.01.06  7150 7110 7250 7070 417340
2014.01.07  7140 7110 7300 7110 435566
2014.01.08  7250 7130 7270 7120 262226
2014.01.09  7080 7300 7300 7080 646877
2014.01.10  7180 7120 7230 7040 473380
2014.01.13  7200 7240 7300 7150 402412
2014.01.14  7090 7160 7230 7060 335937
2014.01.15  7180 7090 7190 7060 290144
2014.01.16  7160 7140 7230 7140 246775
2014.01.17  7120 7150 7210 7050 333023
2014.01.20  7150 7070 7180 7070 224246
2014.01.21  7210 7150 7210 7100 221110
2014.01.22  7390 7210 7390 7170 501350
2014.01.23  7110 7380 7400 7110 451494
2014.01.24  7170 7120 7210 7090 292509
2014.01.27  6970 7190 7190 6960 508710
2014.01.28  6950 7040 7110 6900 398862
2014.01.29  7320 6980 7370 6980 623546
2014.02.03  7030 7370 7380 7000 629252
2014.02.04  6830 7000 7000 6830 639172
2014.02.05  6930 6970 6980 6850 348523
2014.02.06  6930 7000 7010 6890 281976
2014.02.07  7040 6950 7040 6920 220563
2014.02.10  6950 7080 7080 6930 249317
2014.02.11  6880 6910 6950 6850 382832
2014.02.12  6870 6900 6950 6860 340591
2014.02.13  6870 6880 6940 6850 195917
2014.02.14  7010 6870 7010 6860 206176
2014.02.17  7010 7100 7100 6980 134649
2014.02.18  6990 7010 7060 6880 133968
2014.02.19  6960 6920 6980 6880 223440
2014.02.20  6880 6890 6920 6860 309484
2014.02.21  6890 6880 6940 6880 176722
2014.02.24  6960 6880 6990 6860 250717
2014.02.25  6950 6960 7020 6900 367274
2014.02.26  6880 6870 6940 6850 301994
2014.02.27  6940 6860 6950 6730 376336
2014.02.28  6840 6870 6980 6840 510719
2014.03.03  6830 6800 6870 6770 378099
2014.03.04  6850 6810 6900 6770 377371
2014.03.05  6960 6900 6960 6850 269747
2014.03.06  6940 6910 6990 6870 287065
2014.03.07  6950 6920 6980 6890 198124
2014.03.10  6940 6910 6940 6850 300174
2014.03.11  6920 6880 6930 6840 367986
2014.03.12  6870 6860 6870 6780 544469
2014.03.13  6760 6890 6890 6760 556012
2014.03.14  6720 6790 6810 6700 386864
2014.03.17  6780 6720 6780 6680 380358
2014.03.18  6840 6800 6880 6780 297504
2014.03.19  6800 6850 6860 6770 241322
2014.03.20  6750 6810 6810 6750 264768
2014.03.21  6760 6760 6850 6750 448036
2014.03.24  6800 6770 6850 6760 191520
2014.03.25  6760 6780 6870 6760 502180
2014.03.26  6900 6790 6920 6790 585934
2014.03.27  6850 6910 6930 6820 395862
2014.03.28  6910 6830 6950 6830 330637
2014.03.31  6980 6870 7010 6870 428518
2014.04.01  6890 6890 7020 6830 479303
2014.04.02  6870 6870 6920 6850 284844
2014.04.03  6890 6840 6950 6840 341684
2014.04.04  6930 6960 6990 6890 531440
2014.04.07  6930 6880 6980 6860 279685
2014.04.08  6910 6890 6930 6870 165956
2014.04.09  7020 6890 7070 6890 616198
2014.04.10  7050 7080 7100 7020 339162
2014.04.11  7030 6960 7080 6960 294257
2014.04.14  7000 6970 7040 6920 218119
2014.04.15  6940 6980 7030 6940 295536
2014.04.16  6890 6930 6960 6880 185285
2014.04.17  6950 6890 6970 6890 269767
2014.04.18  6960 6990 7040 6950 293360
2014.04.21  6970 6930 7030 6930 74638
2014.04.22  7010 7010 7020 6930 114969
2014.04.23  6960 6970 6980 6880 208828
2014.04.24  6960 6920 6970 6880 262721
2014.04.25  6850 6910 6970 6810 484369
2014.04.28  6810 6820 6870 6810 163394
2014.04.29  6820 6820 6850 6770 151735
2014.04.30  6720 6800 6820 6720 472390
2014.05.02  6730 6710 6740 6690 285563
2014.05.07  6630 6710 6770 6620 721961
2014.05.08  6590 6630 6650 6540 478287
2014.05.09  6620 6560 6630 6500 296555
2014.05.12  6590 6630 6640 6530 369748
2014.05.13  6620 6580 6690 6500 387697
2014.05.14  6710 6580 6730 6580 742367
2014.05.15  6680 6700 6740 6670 307722
2014.05.16  6690 6670 6700 6650 239391
2014.05.19  6680 6660 6730 6630 535310
2014.05.20  6670 6640 6710 6630 280827
2014.05.21  6690 6660 6710 6630 336849
2014.05.22  6710 6690 6750 6660 299400
2014.05.23  6700 6730 6760 6660 809449
2014.05.26  6710 6670 6780 6670 373656
2014.05.27  6660 6760 6770 6620 286599
2014.05.28  6680 6640 6730 6630 514231
2014.05.29  6620 6680 6690 6560 585082
2014.05.30  6480 6580 6620 6440 1118206
2014.06.02  6510 6500 6540 6490 371779
2014.06.03  6370 6450 6480 6310 1124747
2014.06.05  6430 6320 6450 6320 606249
2014.06.09  6450 6420 6500 6410 383889
2014.06.10  6470 6530 6530 6430 348016
2014.06.11  6460 6540 6540 6370 746000
2014.06.12  6380 6410 6470 6380 924893
2014.06.13  6390 6380 6420 6330 838123
2014.06.16  6380 6350 6410 6310 384842
2014.06.17  6330 6340 6390 6290 772555
2014.06.18  6310 6300 6380 6270 362102
2014.06.19  6360 6370 6400 6290 353748
2014.06.20  6330 6360 6370 6270 451113
2014.06.23  6310 6310 6400 6280 288524
2014.06.24  6340 6300 6450 6290 393299
2014.06.25  6330 6340 6370 6310 215323
2014.06.26  6430 6360 6490 6340 371968
2014.06.27  6440 6480 6490 6410 245790
2014.06.30  6460 6480 6490 6420 283736
2014.07.01  6460 6420 6470 6420 109488
2014.07.02  6460 6460 6530 6420 421199
2014.07.03  6470 6440 6490 6410 185616
2014.07.04  6490 6470 6550 6460 145219
2014.07.07  6490 6530 6530 6420 131862
2014.07.08  6470 6450 6480 6360 225867
2014.07.09  6410 6410 6450 6370 280765
2014.07.10  6380 6450 6450 6370 200764
2014.07.11  6390 6370 6400 6330 287096
2014.07.14  6410 6380 6410 6330 188820
2014.07.15  6390 6410 6450 6370 310949
2014.07.16  6410 6380 6440 6340 343311
2014.07.17  6430 6380 6430 6370 194983
2014.07.18  6440 6360 6440 6360 241743
2014.07.21  6430 6410 6490 6380 255949
2014.07.22  6470 6370 6470 6370 277554
2014.07.23  6480 6470 6510 6440 295113
2014.07.24  6490 6510 6550 6450 365179
2014.07.25  6530 6490 6560 6480 301848
2014.07.28  6610 6550 6660 6500 437847
2014.07.29  6750 6670 6790 6620 1273577
2014.07.30  6810 6790 6850 6760 886557
2014.07.31  6860 6830 6930 6820 1110615
2014.08.01  6940 6920 6950 6840 651169
2014.08.04  6860 6900 6930 6800 574556
2014.08.05  6850 6860 6860 6760 326467
2014.08.06  6790 6870 6870 6770 228420
2014.08.07  6800 6760 6820 6730 223679
2014.08.08  6760 6770 6840 6730 348286
2014.08.11  6800 6770 6860 6770 350992
2014.08.12  6860 6830 6890 6820 362238
2014.08.13  6880 6900 6950 6840 617639
2014.08.14  6930 6790 6950 6790 445681
2014.08.18  6890 6960 6970 6890 432912
2014.08.19  6930 6850 6980 6850 447453
2014.08.20  6940 6970 6970 6890 210142
2014.08.21  6920 6980 6980 6850 436342
2014.08.22  6970 6860 6970 6850 372633
2014.08.25  6960 6990 7050 6920 354444
2014.08.26  7030 7020 7050 6970 344258
2014.08.27  7070 7070 7260 7010 710759
2014.08.28  7040 7070 7180 7010 229446
2014.08.29  6960 6980 7070 6900 663892
2014.09.01  6920 6910 6960 6860 182215
2014.09.02  6820 6880 6930 6810 327051
2014.09.03  6830 6770 6870 6770 315162
2014.09.04  6810 6840 6860 6800 174846
2014.09.05  6840 6780 6860 6720 270605
2014.09.11  6740 6770 6840 6740 555156
2014.09.12  6690 6730 6800 6670 309881
2014.09.15  6650 6700 6710 6600 222446
2014.09.16  6680 6650 6770 6650 231646
2014.09.17  6690 6720 6750 6680 907096
2014.09.18  6840 6680 6840 6680 318039
2014.09.19  6830 6840 6890 6770 601062
2014.09.22  6880 6810 7050 6810 524864
2014.09.23  6990 6910 7020 6900 599434
2014.09.24  7050 6990 7120 6910 591925
2014.09.25  7030 7020 7070 6950 374538
2014.09.26  7010 7040 7080 6990 271951
2014.09.29  7100 6970 7100 6870 475615
2014.09.30  7100 6980 7100 6950 509681
2014.10.01  6990 7010 7050 6930 315579
2014.10.02  7000 6950 7040 6900 651588
2014.10.06  6890 6940 7000 6880 265781
2014.10.07  6890 6940 6940 6810 267222
2014.10.08  6870 6880 6990 6870 323554
2014.10.10  7070 6980 7070 6900 463948
2014.10.13  7130 7090 7150 7020 513214
2014.10.14  6960 7190 7190 6960 552048
2014.10.15  7150 7050 7150 6930 483493
2014.10.16  7020 7150 7150 6920 636566
2014.10.17  7150 7100 7150 6980 600045
2014.10.20  7060 7150 7330 7030 445746
2014.10.21  7150 7020 7150 6900 393914
2014.10.22  7380 7210 7380 7160 706608
2014.10.23  7300 7380 7390 7170 440583
2014.10.24  7950 7600 8030 7510 3209885
2014.10.27  7840 8000 8130 7790 1595221
2014.10.28  8050 7880 8050 7850 1110012
2014.10.29  8140 8050 8180 8030 1690567
2014.10.30  8170 8180 8180 7920 976538
2014.10.31  8210 8060 8230 8060 1552100
2014.11.03  8240 8180 8250 8180 651352
2014.11.04  8400 8240 8400 8240 1645508
2014.11.05  8400 8400 8400 8250 1046796
2014.11.06  8450 8350 8450 8330 948435
2014.11.07  8430 8400 8440 8330 695775
2014.11.10  8450 8420 8470 8370 774542
2014.11.11  8450 8440 8450 8260 694147
2014.11.12  8470 8350 8480 8350 1200999
2014.11.13  8490 8430 8500 8430 889898
2014.11.14  8540 8470 8550 8450 1698126
2014.11.17  8550 8570 8610 8480 767610
2014.11.18  8620 8570 8620 8560 912325
2014.11.19  8620 8600 8630 8550 646978
2014.11.20  8600 8580 8620 8550 382448
2014.11.21  8600 8580 8600 8500 618332
2014.11.24  8490 8560 8570 8380 1282528
2014.11.25  8530 8400 8590 8400 1607305
2014.11.26  8690 8670 9180 8580 2811568
2014.11.27  8610 8690 8690 8350 951682
2014.11.28  8420 8510 8600 8420 307133
2014.12.01  8270 8340 8460 8270 731607
2014.12.02  8370 8220 8380 8150 775968
2014.12.03  8200 8300 8360 8060 1108667
2014.12.04  8280 8160 8280 8160 719417
2014.12.05  8180 8210 8240 8140 1022242
2014.12.08  7980 8130 8170 7970 725795
2014.12.09  7980 7980 8050 7980 547873
2014.12.10  7850 7900 8020 7810 614004
2014.12.11  7660 7800 7930 7610 984273
2014.12.12  7930 7660 8160 7610 1660908
2014.12.15  7890 7870 7950 7700 615821
2014.12.16  7830 7900 8040 7710 1169792
2014.12.17  8200 8100 8230 7880 1159457
2014.12.18  8210 8070 8300 8020 933340
2014.12.19  8320 8210 8370 8110 1217346
2014.12.22  8300 8300 8310 8170 510492
2014.12.23  8400 8300 8460 8250 1065143
2014.12.24  8390 8400 8420 8280 918896
2014.12.26  8370 8310 8440 8310 579567
2014.12.29  8200 8220 8290 8180 752898
2014.12.30  8290 8130 8410 8110 1783453
2015.01.02  7950 8060 8100 7900 614885
2015.01.05  7750 7800 8100 7740 646640
2015.01.06  7670 7750 7790 7630 915003
2015.01.07  7660 7650 7730 7550 735293
2015.01.08  7740 7610 7770 7610 601504
2015.01.09  8000 7770 8030 7740 1073743
2015.01.12  8000 7980 8040 7840 1493100
2015.01.13  7760 8000 8060 7760 1508358
2015.01.14  7760 7760 7880 7630 1302141
2015.01.15  7900 7720 8020 7720 1643525
2015.01.16  7750 7860 7940 7600 1028389
2015.01.19  7950 7750 8090 7750 822543
2015.01.20  7960 7950 8060 7950 1206646
2015.01.21  7960 7890 8000 7890 1037044
2015.01.22  7940 7960 8000 7790 1388110
2015.01.23  7820 7880 8000 7780 2044519
2015.01.26  7950 7820 7980 7810 536825
2015.01.27  7820 7970 7970 7810 572830
2015.01.28  7910 7850 7940 7750 438513
2015.01.29  7740 7840 7860 7710 435875
2015.01.30  7780 7830 7930 7730 660548
2015.02.02  7740 7710 7820 7660 480504
2015.02.03  7690 7740 7780 7630 501600
2015.02.04  7650 7690 7720 7640 444906
2015.02.05  7620 7660 7680 7530 475501
2015.02.06  7670 7560 7690 7560 435447
2015.02.09  7650 7660 7740 7640 184706
2015.02.10  7700 7630 7700 7590 417844
2015.02.11  7760 7650 7760 7640 306661
2015.02.12  7710 7700 7760 7600 345502
2015.02.13  7700 7680 7780 7640 308303
2015.02.16  7780 7640 7800 7640 238130
2015.02.17  7780 7720 7800 7690 274907
2015.02.23  8180 7800 8190 7760 1278021
2015.02.24  7970 8120 8170 7920 866384
2015.02.25  8050 8040 8100 7930 515532
2015.02.26  8100 8050 8150 8020 664021
2015.02.27  7810 8050 8190 7810 860634
2015.03.02  7820 7750 7920 7680 599512
2015.03.03  7980 7760 8080 7760 662592
2015.03.04  7840 7860 8060 7830 444619
2015.03.05  7890 7740 7890 7740 335615
2015.03.06  7850 7860 7900 7810 349846
2015.03.09  7830 7760 7900 7760 284533
2015.03.10  7930 7800 7970 7800 446720
2015.03.11  7630 7880 7900 7630 1072043
2015.03.12  7580 7600 7770 7460 1176941
2015.03.13  7750 7650 7810 7600 675534
2015.03.16  7600 7750 7810 7600 381407
2015.03.17  7850 7650 7860 7640 476284
2015.03.18  7970 7850 8040 7790 617201
2015.03.19  7660 7730 7770 7640 19307964
2015.03.20  7510 7670 7730 7440 1274098
2015.03.23  7640 7540 7690 7520 1477619
2015.03.24  7530 7640 7680 7530 641108
2015.03.25  7550 7460 7610 7460 387535
2015.03.26  7490 7590 7600 7480 594431
2015.03.27  7430 7560 7570 7380 666078
2015.03.30  7380 7480 7480 7360 401670
2015.03.31  7370 7460 7480 7340 559608
2015.04.01  7350 7370 7450 7350 559430
2015.04.02  7390 7350 7430 7190 400189
2015.04.03  7430 7380 7460 7340 417762
2015.04.06  7290 7490 7490 7270 521951
2015.04.07  7350 7370 7390 7280 395766
2015.04.08  7370 7340 7400 7310 314569
2015.04.09  7230 7380 7400 7230 614921
2015.04.10  7360 7210 7390 7190 555247
2015.04.13  7270 7300 7370 7260 780464
2015.04.14  7260 7290 7450 7260 1293127
2015.04.15  7300 7300 7400 7290 1321293
2015.04.16  7350 7340 7420 7330 856741
2015.04.17  7280 7360 7450 7270 953061
2015.04.20  7280 7300 7370 7270 878092
2015.04.21  7350 7300 7450 7260 1067441
2015.04.22  7460 7330 7550 7330 1084283
2015.04.23  7660 7490 7770 7480 1632412
2015.04.24  7700 7670 7800 7630 1973364
2015.04.27  7760 7690 7780 7600 759522
2015.04.28  7850 7800 7980 7790 1310341
2015.04.29  7980 7930 7980 7880 948472
2015.04.30  7930 7860 8000 7780 1056761
2015.05.04  7900 7930 8100 7850 616823
2015.05.06  7890 7800 7980 7780 601834
2015.05.07  7830 7810 7940 7760 571063
2015.05.08  7800 7850 7880 7770 189761
2015.05.11  7800 7760 7950 7760 401927
2015.05.12  7950 7770 8010 7720 476653
2015.05.13  8220 7900 8260 7900 1414490
2015.05.14  8010 8320 8380 7820 1709907
2015.05.15  7910 8020 8300 7910 1530519
2015.05.18  8180 7980 8200 7920 953155
2015.05.19  8210 8170 8240 8090 1076310
2015.05.20  8120 8100 8280 8100 696523
2015.05.21  7950 8060 8170 7950 606238
2015.05.22  8210 7970 8210 7960 928999
2015.05.26  8210 8210 8310 8200 955458
2015.05.27  8140 8200 8270 8100 1032504
2015.05.28  8210 8070 8300 8070 956442
2015.05.29  8250 8110 8300 8110 1128482
2015.06.01  8220 8190 8290 8120 540994
2015.06.02  8300 8280 8390 8250 1105149
2015.06.03  8080 8350 8370 8050 533402
2015.06.04  8080 8000 8250 7900 853208
2015.06.05  8040 7980 8080 7950 416218
2015.06.08  7890 7930 8030 7880 466541
2015.06.09  8080 7930 8090 7900 628299
2015.06.10  7960 8100 8170 7900 754067
2015.06.11  8150 7910 8150 7770 1035677
2015.06.12  7860 8150 8160 7780 864988
2015.06.15  7870 7760 7890 7660 683623
2015.06.16  8020 7810 8090 7760 1132071
2015.06.17  7610 7940 7960 7580 1129522
2015.06.18  7710 7690 7850 7640 571390
2015.06.19  7670 7750 7840 7670 711373
2015.06.22  7690 7670 7780 7660 294909
2015.06.23  7800 7710 7840 7610 389770
2015.06.24  7970 7850 8030 7800 405949
2015.06.25  8030 7970 8080 7860 843974
2015.06.26  7890 8150 8150 7810 529527
2015.06.29  7750 7790 7920 7710 429065
2015.06.30  7930 7710 7940 7680 795030
2015.07.01  7810 7830 8000 7750 472386
2015.07.02  7810 7820 7970 7780 544376
2015.07.03  8050 7910 8100 7830 468601
2015.07.06  7730 8010 8010 7710 566233
2015.07.07  8230 7900 8280 7810 1394233
2015.07.08  7870 8230 8240 7860 908549
2015.07.09  8030 7950 8150 7880 647423
2015.07.10  8170 8060 8190 7960 591437
2015.07.13  8340 8300 8410 8200 1539014
2015.07.14  8260 8220 8370 8190 838753
2015.07.15  8300 8290 8300 8160 288103
2015.07.16  8130 8250 8300 8130 243416
2015.07.17  8160 8150 8300 8040 328554
2015.07.20  7930 8160 8200 7910 484263
2015.07.21  8280 7960 8290 7960 531140
2015.07.22  8100 8280 8280 8050 592827
2015.07.23  8270 8200 8300 8150 469436
2015.07.24  8140 8200 8250 8060 469531
2015.07.27  8070 8020 8170 7900 684365
2015.07.28  7950 8200 8210 7950 403312
2015.07.29  8080 7880 8080 7860 752999
2015.07.30  8120 8000 8150 7980 552920
2015.07.31  8300 8000 8300 7910 1242593
2015.08.03  8400 8310 8410 8230 1074693
2015.08.04  8450 8450 8500 8360 967646
2015.08.05  8460 8320 8490 8320 460856
2015.08.06  8440 8450 8500 8330 399987
2015.08.07  8370 8460 8460 8350 234189
2015.08.10  8390 8410 8410 8330 182649
2015.08.11  8250 8390 8390 8150 299792
2015.08.12  8500 8350 8500 8290 1098332
2015.08.13  8240 8460 8470 8160 907737
2015.08.17  8240 8390 8420 8170 755580
2015.08.18  8440 8230 8500 8220 933396
2015.08.19  8520 8400 8550 8400 1060007
2015.08.20  8400 8550 8550 8200 863468
2015.08.21  8390 8490 8490 8200 839147
2015.08.24  8230 8490 8490 8100 1231793
2015.08.25  7900 8300 8300 7820 1199382
2015.08.26  7820 7820 7860 7540 1720361
2015.08.27  7970 7750 8080 7710 1373315
2015.08.28  7930 7960 8090 7850 1100616
2015.08.31  7950 7870 8060 7860 1204367
2015.09.01  8030 7860 8070 7860 617064
2015.09.02  7830 7900 7980 7790 884926
2015.09.03  7920 7850 7930 7820 620803
2015.09.04  7880 7810 7900 7710 820576
2015.09.07  7740 7920 7920 7710 674322
2015.09.08  7760 7780 7850 7710 389674
2015.09.09  8060 7790 8130 7770 1219363
2015.09.10  8390 8160 8390 8050 1300350
2015.09.11  8130 8200 8270 8130 535569
2015.09.14  8260 8220 8400 8130 817950
2015.09.15  8260 8350 8390 8170 396277
2015.09.16  8380 8330 8470 8280 747646
2015.09.17  8360 8450 8450 8310 587716
2015.09.18  8190 8290 8360 8160 710376
2015.09.21  8290 8200 8320 8160 380568
2015.09.22  8110 8320 8320 8060 661654
2015.09.23  8200 8020 8240 8010 446530
2015.09.24  8180 8200 8250 8120 245107
2015.09.25  8020 8120 8240 7980 519073
2015.09.30  8160 7820 8190 7800 937436
2015.10.01  8030 8040 8140 7980 549165
2015.10.02  8040 8030 8200 7980 520103
2015.10.05  8100 8030 8120 7910 413793
2015.10.06  8070 8100 8160 8010 378185
2015.10.07  8040 7980 8100 7970 455149
2015.10.08  8250 8050 8250 8010 702757
2015.10.12  8240 8130 8300 8130 689161
2015.10.13  8280 8170 8300 8150 586813
2015.10.14  8240 8230 8290 8150 314603
2015.10.15  8330 8290 8360 8220 480274
2015.10.16  8330 8250 8380 8220 316597
2015.10.19  8230 8400 8430 8200 657134
2015.10.20  8370 8330 8430 8230 713167
2015.10.21  8420 8370 8450 8360 508595
2015.10.22  8260 8240 8530 8240 717134
2015.10.23  8490 8390 8540 8380 836103
2015.10.26  8420 8580 8670 8370 814943
2015.10.27  8160 8420 8470 8150 852549
2015.10.28  8320 8160 8400 8160 498393
2015.10.29  8430 8500 8500 8330 65947689
2015.10.30  8490 8360 8550 8340 999712
2015.11.02  8340 8490 8510 8310 401154
2015.11.03  8550 8350 8550 8350 677644
2015.11.04  8390 8590 8590 8360 397937
2015.11.05  8380 8390 8480 8310 352777
2015.11.06  8240 8350 8370 8230 235344
2015.11.09  8280 8200 8400 8200 417281
2015.11.10  8140 8240 8370 8130 418616
2015.11.11  8050 8150 8240 8040 357753
2015.11.12  7990 8060 8210 7990 643203
2015.11.13  8130 8000 8160 8000 681146
2015.11.16  7960 8040 8200 7860 706858
2015.11.17  7900 8000 8000 7850 657128
2015.11.18  7630 7910 7950 7620 971107
2015.11.19  7670 7700 7720 7630 537689
2015.11.20  7620 7720 7750 7620 431658
2015.11.23  7690 7650 7730 7640 275795
2015.11.24  7690 7670 7780 7650 339613
2015.11.25  7700 7760 7760 7650 238626
2015.11.26  7770 7680 7770 7680 271955
2015.11.27  7770 7780 7790 7710 255679
2015.11.30  7640 7900 7950 7610 1139699
2015.12.01  7650 7670 7720 7610 551004
2015.12.02  7560 7630 7690 7500 572374
2015.12.03  7530 7520 7560 7370 415575
2015.12.04  7520 7510 7560 7430 528669
2015.12.07  7500 7550 7560 7470 293522
2015.12.08  7380 7500 7570 7350 588270
2015.12.09  7570 7440 7570 7400 441411
2015.12.10  7600 7500 7600 7230 1530497
2015.12.11  7350 7580 7580 7300 593506
2015.12.14  7510 7350 7510 7280 488280
2015.12.15  7450 7580 7580 7400 571249
2015.12.16  7600 7450 7660 7450 728280
2015.12.17  7590 7620 7690 7520 371706
2015.12.18  7650 7520 7660 7500 325620
2015.12.21  7640 7660 7740 7560 309181
2015.12.22  7640 7600 7660 7510 252487
2015.12.23  7760 7640 7760 7600 352919
2015.12.24  7760 7800 7900 7720 549862
2015.12.28  7800 7760 7870 7740 413328
2015.12.29  7550 7650 7780 7400 425765
2015.12.30  7390 7550 7590 7390 615268
2016.01.04  7220 7320 7440 7200 666966
2016.01.05  7260 7330 7420 7200 501262
2016.01.06  7270 7230 7310 7200 436949
2016.01.07  7110 7220 7330 7090 318141
2016.01.08  7110 7260 7260 7000 392480
2016.01.11  6910 7020 7110 6870 585850
2016.01.12  6940 7000 7000 6840 385018
2016.01.13  6960 6870 7000 6820 368638
2016.01.14  6770 6880 6930 6740 878351
2016.01.15  6750 6870 6960 6730 875621
2016.01.18  6760 6900 6950 6710 822838
2016.01.19  6930 6780 6980 6770 491946
2016.01.20  6770 6860 6950 6700 654045
2016.01.21  6740 6840 6940 6700 438306
2016.01.22  6870 6750 6900 6720 453420
2016.01.25  6800 6860 6930 6770 504494
2016.01.26  6700 6870 6880 6630 495589
2016.01.27  6950 6850 6950 6770 565326
2016.01.28  6840 6780 6940 6770 743174
2016.01.29  6930 6800 7040 6790 781738
2016.02.01  7000 6930 7010 6870 337720
2016.02.02  7020 6970 7070 6920 383813
2016.02.03  6910 7010 7010 6810 272770
2016.02.04  6910 7030 7030 6840 432935
2016.02.05  6960 6920 7090 6920 257104
2016.02.11  6770 6990 7040 6710 576279
2016.02.12  6810 6770 6980 6740 963757
2016.02.15  6880 6830 6980 6810 388579
2016.02.16  6710 6870 6900 6680 1183095
2016.02.17  6800 6700 6870 6700 577064
2016.02.18  6830 6930 6930 6730 737594
2016.02.19  6770 6820 6840 6750 281517
2016.02.22  6720 6750 6810 6710 336864
2016.02.23  6720 6750 6790 6710 459132
2016.02.24  6440 6710 6730 6400 1299950
2016.02.25  6390 6480 6480 6350 731906
2016.02.26  6220 6450 6470 6200 1540637
2016.02.29  6120 6230 6260 6120 1753801
2016.03.02  6160 6170 6260 6140 1026192
2016.03.03  6300 6170 6380 6170 1613200
2016.03.04  6330 6270 6380 6260 1001180
2016.03.07  6400 6370 6470 6330 953884
2016.03.08  6420 6370 6450 6370 875891
2016.03.09  6360 6420 6440 6330 588857
2016.03.10  6410 6390 6470 6330 992630
2016.03.11  6500 6420 6530 6390 978104
2016.03.14  6580 6530 6640 6470 1076361
2016.03.15  6520 6570 6660 6520 744252
2016.03.16  6630 6560 6670 6530 646134
2016.03.17  6630 6640 6760 6600 1099695
2016.03.18  6650 6640 6710 6600 1605166
2016.03.21  6570 6610 6650 6570 535589
2016.03.22  6670 6570 6680 6520 898655
2016.03.23  6660 6660 6690 6620 425933
2016.03.24  6570 6600 6640 6550 769252
2016.03.25  6650 6580 6680 6540 370720
2016.03.28  6640 6680 6680 6580 230891
2016.03.29  6700 6670 6720 6630 567218
2016.03.30  6800 6700 6830 6650 1192238
2016.03.31  6700 6820 6830 6700 1137339
2016.04.01  6700 6760 6780 6660 454042
2016.04.04  6640 6700 6720 6600 494970
2016.04.05  6550 6590 6640 6530 594756
2016.04.06  6540 6510 6560 6460 31353529
2016.04.07  6410 6500 6520 6400 747901
2016.04.08  6220 6360 6370 6220 1088641
2016.04.11  6250 6240 6300 6230 497179
2016.04.12  6260 6220 6280 6200 554495
2016.04.14  6420 6220 6440 6220 1334349
2016.04.15  6530 6370 6580 6360 892970
2016.04.18  6480 6440 6560 6440 585889
2016.04.19  6850 6450 6860 6450 1298823
2016.04.20  6730 6800 6890 6710 1050787
2016.04.21  6900 6730 6950 6730 857879
2016.04.22  6890 6800 6920 6800 392997
2016.04.25  6840 6800 6890 6780 440560
2016.04.26  6810 6820 6850 6710 601133
2016.04.27  6680 6730 6760 6650 910240
2016.04.28  6670 6680 6830 6660 890839
2016.04.29  6680 6670 6730 6620 587660
2016.05.02  6570 6690 6690 6530 448176
2016.05.03  6560 6560 6630 6530 528069
2016.05.04  6540 6460 6650 6460 919133
2016.05.09  6470 6540 6570 6350 990394
2016.05.10  6530 6410 6560 6410 502994
2016.05.11  6590 6530 6640 6480 559433
2016.05.12  6500 6590 6590 6450 513193
2016.05.13  6380 6470 6500 6370 667656
2016.05.16  6490 6360 6530 6350 773038
2016.05.17  6470 6450 6480 6390 389727
2016.05.18  6420 6410 6480 6380 646273
2016.05.19  6380 6370 6480 6360 865288
2016.05.20  6320 6430 6430 6290 561579
2016.05.23  6360 6370 6400 6330 450233
2016.05.24  6360 6340 6400 6340 415635
2016.05.25  6480 6370 6530 6370 575058
2016.05.26  6400 6430 6520 6350 592409
2016.05.27  6400 6460 6470 6380 397787
2016.05.30  6390 6390 6450 6350 561975
2016.05.31  6390 6370 6460 6370 1040731
2016.06.01  6440 6390 6460 6360 859783
2016.06.02  6480 6410 6540 6370 899845
2016.06.03  6420 6480 6540 6400 934738
2016.06.07  6410 6370 6440 6330 1432202
2016.06.08  6410 6380 6430 6360 1022964
2016.06.09  6400 6450 6460 6310 3475093
2016.06.10  6380 6370 6450 6350 744205
2016.06.13  6290 6380 6380 6270 875165
2016.06.14  6150 6230 6300 6150 1075403
2016.06.15  6060 6150 6180 6060 1021035
2016.06.16  6060 6100 6120 6030 672566
2016.06.17  6070 6110 6110 6000 923978
2016.06.20  6080 6140 6140 6060 475831
2016.06.21  6160 6080 6170 6070 706623
2016.06.22  6170 6160 6200 6120 636022
2016.06.23  6170 6130 6190 6130 518859
2016.06.24  5960 6160 6190 5920 982640
2016.06.27  5850 5960 6000 5670 959473
2016.06.28  5830 5710 5840 5700 725044
2016.06.29  5810 5850 5850 5780 867771
2016.06.30  5790 5830 5850 5790 724671
2016.07.01  5900 5800 5950 5800 700690
2016.07.04  5810 5910 5940 5800 684832
2016.07.05  5740 5790 5830 5720 499832
2016.07.06  5630 5790 5790 5620 666089
2016.07.07  5670 5670 5710 5640 550038
2016.07.08  5540 5640 5670 5520 911819
2016.07.11  5620 5590 5640 5570 539368
2016.07.12  5650 5620 5680 5590 473728
2016.07.13  5740 5650 5740 5650 623809
2016.07.14  5690 5740 5740 5650 469501
2016.07.15  5800 5720 5820 5710 751557
2016.07.18  5710 5790 5800 5700 471373
2016.07.19  5690 5710 5720 5510 745341
2016.07.20  5600 5650 5670 5580 599518
2016.07.21  5620 5600 5650 5590 478033
2016.07.22  5630 5620 5680 5610 407920
2016.07.25  5850 5660 5850 5660 898738
2016.07.26  5810 5850 5850 5770 685908
2016.07.27  5740 5820 5860 5740 528958
2016.07.28  5770 5780 5820 5750 587415
2016.07.29  5770 5770 5840 5720 878277
2016.08.01  5750 5760 5800 5730 637834
2016.08.02  5740 5730 5770 5700 433661
2016.08.03  5660 5710 5750 5660 478680
2016.08.04  5670 5690 5690 5640 388105
2016.08.05  5710 5670 5730 5660 343158
2016.08.08  5780 5740 5810 5730 447063
2016.08.09  5810 5800 5830 5770 509503
2016.08.10  5780 5810 5830 5760 624720
2016.08.11  5750 5780 5800 5740 610430
2016.08.12  5850 5770 5850 5750 709245
2016.08.16  5840 5850 5870 5800 498355
2016.08.17  5810 5820 5860 5800 342238
2016.08.18  5740 5810 5850 5740 481173
2016.08.19  5640 5730 5750 5630 816525
2016.08.22  5520 5630 5640 5510 802118
2016.08.23  5540 5550 5580 5520 354250
2016.08.24  5580 5530 5590 5530 351928
2016.08.25  5620 5630 5640 5590 349189
2016.08.26  5660 5620 5660 5600 280920
2016.08.29  5690 5690 5700 5630 330586
2016.08.30  5760 5710 5820 5700 774615
2016.08.31  5670 5790 5790 5670 766955
2016.09.01  5730 5670 5740 5660 401080
2016.09.02  5690 5720 5730 5660 361495
2016.09.05  5770 5700 5780 5690 460557
2016.09.06  5850 5780 5890 5760 694211
2016.09.07  5840 5840 5860 5800 597782
2016.09.08  5790 5850 5860 5760 621678
2016.09.09  5800 5740 5800 5730 469582
2016.09.12  5780 5800 5850 5750 673522
2016.09.13  5670 5810 5810 5630 926462
2016.09.19  5640 5580 5660 5580 414103
2016.09.20  5660 5600 5700 5570 567815
2016.09.21  5680 5610 5680 5570 631539
2016.09.22  5710 5680 5720 5670 292182
2016.09.23  5770 5730 5770 5700 536619
2016.09.26  5720 5780 5800 5710 281809
2016.09.27  5770 5750 5770 5680 447177
2016.09.28  5760 5780 5820 5750 477687
2016.09.29  5790 5790 5810 5770 239286
2016.09.30  5760 5750 5790 5710 577395
2016.10.04  5750 5790 5790 5740 421138
2016.10.05  5780 5750 5790 5700 329438
2016.10.06  5750 5740 5820 5730 380886
2016.10.07  5810 5740 5830 5730 622588
2016.10.10  5960 5840 5990 5830 1313008
2016.10.11  6100 6040 6140 6000 1454501
2016.10.12  6100 6130 6130 6020 923495
2016.10.13  5980 6040 6080 5980 709750
2016.10.14  6050 5980 6070 5980 443166
2016.10.17  6070 6090 6170 6050 731592
2016.10.18  6230 6090 6270 6070 936482
2016.10.19  6210 6230 6280 6130 817875
2016.10.20  6230 6210 6260 6200 482891
2016.10.21  6230 6280 6280 6180 396848
2016.10.24  6390 6230 6400 6210 845763
2016.10.25  6450 6340 6480 6290 980456
2016.10.26  6150 6380 6440 6150 1281970
2016.10.27  6200 6150 6250 6130 698334
2016.10.28  6250 6170 6300 6170 488522
2016.10.31  6250 6240 6310 6210 647453
2016.11.01  6320 6280 6320 6190 573970
2016.11.02  6170 6320 6320 6150 419900
2016.11.03  5920 6130 6190 5900 1389552
2016.11.04  6080 6000 6110 5970 406931
2016.11.07  6090 6100 6170 6050 453930
2016.11.08  5910 6100 6100 5900 1032401
2016.11.09  5800 5970 5990 5710 1085036
2016.11.10  5970 5880 6010 5860 679772
2016.11.11  6340 6160 6390 6150 1998487
2016.11.14  6390 6340 6400 6240 1006332
2016.11.15  6410 6440 6460 6300 686907
2016.11.16  6390 6400 6420 6290 600477
2016.11.17  6750 6530 6860 6500 3761159
2016.11.18  6760 6760 6850 6670 1388277
2016.11.21  6680 6790 6810 6670 584727
2016.11.22  6660 6740 6750 6630 467791
2016.11.23  6780 6580 6850 6580 1125718
2016.11.24  6780 6840 6840 6700 547158
2016.11.25  6740 6800 6800 6680 403662
2016.11.28  6800 6710 6920 6710 1096320
2016.11.29  6740 6750 6830 6740 642787
2016.11.30  6660 6740 6790 6650 1023296
2016.12.01  6770 6630 6830 6610 824909
2016.12.02  6840 6720 6930 6720 1018964
2016.12.05  6790 6830 6930 6760 784283
2016.12.06  6900 6890 7000 6850 840098
2016.12.07  6840 6910 6950 6800 711450
2016.12.08  7020 6900 7020 6800 1022363
2016.12.09  6880 6980 6990 6880 661453
2016.12.12  6850 6940 6970 6850 462705
2016.12.13  6980 6930 7030 6860 1153639
2016.12.14  6820 6990 7000 6820 791077
2016.12.15  6870 6820 6890 6720 815689
2016.12.16  6860 6790 6920 6780 774679
2016.12.19  6920 6850 6920 6790 544142
2016.12.20  6800 6920 6920 6750 616417
2016.12.21  6670 6800 6830 6670 530824
2016.12.22  6780 6580 6800 6560 932609
2016.12.23  6740 6730 6780 6660 411373
2016.12.26  6810 6740 6810 6680 487517
2016.12.27  6740 6810 6810 6720 408173
2016.12.28  6610 6540 6680 6530 557958
2016.12.29  6530 6610 6660 6510 398987
2017.01.02  6440 6550 6580 6400 488419
2017.01.03  6390 6420 6420 6330 557587
2017.01.04  6570 6370 6610 6320 902789
2017.01.05  6460 6470 6550 6450 501140
2017.01.06  6460 6470 6490 6440 291425
2017.01.09  6300 6390 6430 6240 678201
2017.01.10  6270 6220 6310 6210 529547
2017.01.11  6450 6230 6470 6230 726227
2017.01.12  6500 6400 6510 6380 459032
2017.01.13  6450 6570 6600 6440 691702
2017.01.16  6500 6530 6550 6430 400386
2017.01.17  6570 6560 6690 6470 631718
2017.01.18  6710 6560 6740 6470 792255
2017.01.19  6650 6680 6740 6570 511639
2017.01.20  6760 6700 6780 6640 589582
2017.01.23  6530 6790 6790 6530 474897
2017.01.24  6500 6530 6580 6490 332525
2017.01.25  6410 6600 6600 6380 435425
2017.01.26  6360 6470 6490 6350 591333
2017.01.31  6440 6340 6500 6330 656162
2017.02.01  6410 6390 6440 6350 492741
2017.02.02  6360 6370 6420 6350 474584
2017.02.03  6350 6420 6420 6300 533163
2017.02.06  6390 6460 6490 6380 376588
2017.02.07  6490 6480 6500 6360 427106
2017.02.08  6440 6460 6480 6400 550738
2017.02.09  6390 6500 6510 6360 627914
2017.02.10  6610 6440 6660 6390 802072
2017.02.13  6560 6680 6690 6540 587890
2017.02.14  6660 6640 6670 6530 609675
2017.02.15  6660 6760 6760 6650 531874
2017.02.16  6500 6670 6700 6460 572535
2017.02.17  6430 6500 6520 6420 343741
2017.02.20  6350 6420 6430 6330 410167
2017.02.21  6380 6380 6520 6370 470290
2017.02.22  6430 6370 6470 6350 473469
2017.02.23  6490 6440 6510 6370 792683
2017.02.24  6520 6490 6600 6440 662011
2017.02.27  6440 6580 6620 6430 759746
2017.02.28  6510 6500 6520 6400 909908
2017.03.02  6390 6580 6710 6380 1045921
2017.03.03  6420 6400 6440 6370 718642
2017.03.06  6340 6410 6440 6310 931907
2017.03.07  6380 6370 6410 6330 651351
2017.03.08  6180 6340 6380 6170 1189337
2017.03.09  6210 6200 6270 6170 893187
2017.03.10  6240 6210 6240 6110 774298
2017.03.13  6280 6240 6290 6190 379383
2017.03.14  6350 6330 6450 6310 1011593
2017.03.15  6280 6370 6370 6200 489954
2017.03.16  6160 6280 6330 6150 923134
2017.03.17  6290 6200 6290 6180 737121
2017.03.20  6300 6250 6300 6230 189687
2017.03.21  6200 6340 6340 6200 484500
2017.03.22  6050 6250 6250 6040 837235
2017.03.23  6120 6090 6130 6050 567572
2017.03.24  6110 6160 6230 6070 760326
2017.03.27  6050 6060 6080 6010 556304
2017.03.28  6050 6050 6100 6020 569032
2017.03.29  6000 6070 6080 5980 415327
2017.03.30  5980 6000 6030 5930 543625
2017.03.31  6040 5950 6040 5950 552892
2017.04.03  6020 6060 6070 5980 412318
2017.04.04  6010 6000 6010 5950 513507
2017.04.05  5970 5980 6030 5930 902931
2017.04.06  5950 5950 6010 5930 680612
2017.04.07  5980 5960 6000 5930 597389
2017.04.10  5940 5980 6010 5920 457729
2017.04.11  5950 5910 5960 5900 396517
2017.04.12  6000 5930 6040 5910 894578
2017.04.13  6000 6050 6050 5960 489185
2017.04.14  6000 5970 6020 5960 297817
2017.04.17  6170 5990 6190 5980 1117089
2017.04.18  6030 6190 6190 6010 897972
2017.04.19  6070 6010 6080 6010 674334
2017.04.20  6160 6110 6240 6050 1374423
2017.04.21  6160 6180 6210 6150 1154485
2017.04.24  6180 6170 6260 6160 1085996
2017.04.25  6060 6180 6190 6060 1793542
2017.04.26  6150 6100 6220 6090 1345339
2017.04.27  6190 6150 6260 6100 927466
2017.04.28  6150 6120 6220 6120 1006239
2017.05.02  6170 6130 6210 6120 738900
2017.05.04  6240 6130 6290 6130 1193036
2017.05.08  6320 6240 6330 6190 1431076
2017.05.10  6240 6340 6440 6230 2013335
2017.05.11  6430 6300 6430 6290 1999052
2017.05.12  6570 6460 6580 6400 1979960
2017.05.15  6600 6570 6640 6490 1276420
2017.05.16  6660 6630 6740 6630 1640914
2017.05.17  6510 6550 6610 6430 2016193
2017.05.18  6530 6480 6580 6480 1646777
2017.05.19  6550 6600 6720 6540 1585324
2017.05.22  6670 6690 6690 6540 1022269
2017.05.23  6890 6580 6920 6580 1837232
2017.05.24  6920 6940 6960 6830 939810
2017.05.25  6980 6940 6980 6900 693639
2017.05.26  7000 6900 7050 6880 1029544
2017.05.29  7010 6990 7060 6940 592027
2017.05.30  6970 7000 7100 6850 725449
2017.05.31  7040 6950 7050 6910 1227217
2017.06.01  6910 6960 7010 6900 804409
2017.06.02  7080 6900 7080 6900 1145952
2017.06.05  7000 7080 7080 6960 636638
2017.06.07  6980 6900 7080 6890 916679
2017.06.08  7000 7010 7020 6790 2199240
2017.06.09  6910 7010 7010 6850 1128545
2017.06.12  6930 6920 6930 6850 635134
2017.06.13  6940 7000 7100 6900 1415358
2017.06.14  6930 6950 7070 6920 866669
2017.06.15  6810 6930 7040 6770 1034745
2017.06.16  6860 6830 6920 6770 777524
2017.06.19  6800 6810 6910 6770 689382
2017.06.20  6740 6770 6800 6720 835265
2017.06.21  6620 6730 6760 6620 877410
2017.06.22  6740 6620 6740 6590 637790
2017.06.23  6810 6770 6920 6750 709970
2017.06.26  6750 6810 6810 6720 299881
2017.06.27  6800 6720 6840 6720 412714
2017.06.28  6880 6810 6890 6740 564209
2017.06.29  6860 6840 6890 6800 424152
2017.06.30  6960 6790 6980 6790 720443
2017.07.03  6960 6970 7000 6880 576203
2017.07.04  7010 6980 7050 6950 452761
2017.07.05  6880 6960 7010 6860 487823
2017.07.06  6920 6860 6960 6850 410147
2017.07.07  7250 6840 7280 6840 1322558
2017.07.10  7560 7250 7770 7240 3234308
2017.07.11  7530 7570 7620 7520 1235365
2017.07.12  7710 7520 7740 7520 1569608
2017.07.13  7670 7710 7750 7640 1590495
2017.07.14  7370 7600 7610 7360 31094364
2017.07.17  7420 7420 7490 7380 1827992
2017.07.18  7500 7430 7540 7390 1403124
2017.07.19  7550 7560 7670 7500 972037
2017.07.20  7510 7600 7600 7490 705812
2017.07.21  7650 7520 7660 7480 1459208
2017.07.24  7560 7670 7680 7550 906275
2017.07.25  7420 7600 7610 7370 2245692
2017.07.26  7470 7470 7520 7430 1635611
2017.07.27  7670 7510 7680 7460 2170961
2017.07.28  7720 7580 7750 7580 2313887
2017.07.31  7550 7720 7750 7550 2968406
2017.08.01  7570 7470 7640 7450 3315822
2017.08.02  7680 7600 7770 7570 1792735
2017.08.03  7610 7660 7710 7550 1196903
2017.08.04  7580 7640 7690 7530 1390826
2017.08.07  7660 7640 7710 7570 1440424
2017.08.08  7710 7650 7750 7630 1996063
2017.08.09  7600 7810 7810 7600 3236948
2017.08.10  7830 7750 7900 7440 4925288
2017.08.11  7870 7760 7870 7700 3812923
2017.08.14  7700 7870 7920 7650 2760689
2017.08.16  7580 7660 7800 7570 2267761
2017.08.17  7350 7250 7430 7100 36438889
2017.08.18  7430 7350 7430 7340 3058923
2017.08.21  7440 7450 7490 7370 1577445
2017.08.22  7410 7470 7510 7360 979955
2017.08.23  7430 7390 7460 7380 1240167
2017.08.24  7450 7400 7460 7400 1195803
2017.08.25  7470 7450 7510 7380 1339672
2017.08.28  7450 7460 7500 7420 1312137
2017.08.29  7290 7390 7410 7190 2037686
2017.08.30  7290 7300 7330 7180 1863338
2017.08.31  7320 7280 7340 7230 3991772
