2008.10.24  13800 16200 16200 13800 167538
2008.10.27  11750 11750 11750 11750 8876
2008.10.28  10800 10000 11200 10000 395867
2008.10.29  9400 11450 12400 9200 384326
2008.10.30  10800 10400 10800 10300 83167
2008.10.31  12350 11400 12400 10800 114323
2008.11.03  12750 12350 13400 12300 56413
2008.11.04  12600 12850 12850 11100 22369
2008.11.05  13150 12750 13700 12400 32502
2008.11.06  13400 12500 13500 12450 12684
2008.11.07  15200 13400 15400 13100 34979
2008.11.10  15300 15950 16500 15050 31695
2008.11.11  15300 14800 15500 14800 9740
2008.11.12  15800 14850 15800 14600 15201
2008.11.13  15250 15250 15600 15000 5489
2008.11.14  16550 15400 16900 14900 29396
2008.11.17  16650 16850 17300 16550 29364
2008.11.18  15950 16650 16700 15950 7666
2008.11.19  14600 15800 16100 14500 27460
2008.11.20  13700 14400 14400 13300 10439
2008.11.21  14500 12850 14700 12750 10709
2008.11.24  13600 13800 14500 13550 10895
2008.11.25  13500 13600 14550 13500 12746
2008.11.26  14100 13300 14100 13300 6604
2008.11.27  14500 14200 14650 13900 12522
2008.11.28  14050 14500 14900 14000 5351
2008.12.01  14600 13950 14750 13400 20390
2008.12.02  15150 14500 15450 13800 49261
2008.12.03  14500 16000 16000 14500 25051
2008.12.04  13950 14550 15000 13900 11319
2008.12.05  14000 14000 14200 13500 11995
2008.12.08  14400 14450 14750 13600 66433
2008.12.09  15050 14500 16200 14300 34735
2008.12.10  16300 15200 17000 15200 39177
2008.12.11  16350 16400 16850 16100 17744
2008.12.12  15550 16400 16700 15500 13471
2008.12.15  16100 15800 16150 15750 7411
2008.12.16  16250 16350 16350 15650 6932
2008.12.17  16200 16900 16900 16000 4745
2008.12.18  16200 15500 16600 15500 16927
2008.12.19  16000 15800 16550 15800 3576
2008.12.22  15650 16050 16750 15450 33550
2008.12.23  15650 15800 15900 15400 7139
2008.12.24  15000 15300 15850 15000 6053
2008.12.26  13800 15450 15450 13250 34361
2008.12.29  13800 14150 14150 13600 3856
2008.12.30  14500 13500 15000 13500 7707
2009.01.02  14700 14300 15400 14150 4667
2009.01.05  14300 14500 15000 14300 5207
2009.01.06  15000 14100 15100 14100 8262
2009.01.07  15000 15400 15400 14900 4242
2009.01.08  14700 15000 15000 14350 9908
2009.01.09  15100 14400 15750 14400 13588
2009.01.12  15400 15250 15400 14750 9843
2009.01.13  15450 15400 15800 15100 3743
2009.01.14  15850 15700 15950 15150 6287
2009.01.15  15800 15250 15850 15250 3515
2009.01.16  16000 15550 16000 15550 4592
2009.01.19  16050 16200 16200 15650 2975
2009.01.20  15600 15700 16050 15550 4912
2009.01.21  15600 15500 17250 15350 1883
2009.01.22  16000 15650 16100 15650 5570
2009.01.23  16200 15700 16500 15400 6876
2009.01.28  17400 16500 17800 16450 10802
2009.01.29  17800 17800 17850 17150 5202
2009.01.30  17750 18500 18500 17200 83910
2009.02.02  17400 17800 18000 17350 7998
2009.02.03  17250 17250 17750 17250 53737
2009.02.04  17850 17300 18750 17300 26910
2009.02.05  18500 18100 18600 17950 8535
2009.02.06  17750 18500 18750 17600 7313
2009.02.09  17650 17950 18400 17350 5394
2009.02.10  17150 17550 18050 16800 11099
2009.02.11  16900 17050 17150 16400 5482
2009.02.12  17000 17300 17300 16700 3242
2009.02.13  17100 16850 17300 16200 3078
2009.02.16  16800 17100 17100 16500 3737
2009.02.17  16000 16950 16950 15950 4516
2009.02.18  17550 16000 17550 15850 11929
2009.02.19  17500 17750 18000 17200 5759
2009.02.20  17150 17150 17950 16800 6597
2009.02.23  17050 17150 17150 16550 2090
2009.02.24  16400 16600 16900 16300 3280
2009.02.25  17000 16400 17400 16400 9734
2009.02.26  17300 17000 17350 16800 6821
2009.02.27  18150 17050 18450 17050 11774
2009.03.02  18000 17700 18500 17700 15468
2009.03.03  18000 17200 18200 17200 5202
2009.03.04  19150 17800 19200 17800 21662
2009.03.05  19350 19300 20000 19050 5928
2009.03.06  19350 19000 19450 18600 7205
2009.03.09  19750 19400 20200 19050 16756
2009.03.10  20600 20350 21000 19750 20122
2009.03.11  20000 21000 21200 19950 8791
2009.03.12  20000 19950 20100 19250 11002
2009.03.13  20000 20200 20200 19700 4754
2009.03.16  20000 20200 20300 19400 13746
2009.03.17  19800 19550 20300 19550 4546
2009.03.18  20000 19800 20250 19650 12372
2009.03.19  20700 20250 20750 19900 5013
2009.03.20  21400 20100 21950 20100 8226
2009.03.23  21650 21400 21900 21100 4116
2009.03.24  21700 21500 22400 21150 4592
2009.03.25  21550 22000 22000 21150 2917
2009.03.26  21300 21550 21550 20700 7053
2009.03.27  21650 20900 22150 20650 5805
2009.03.30  21100 21050 22200 20300 7377
2009.03.31  20700 20600 21400 20550 4700
2009.04.01  21150 21200 21300 20000 5341
2009.04.02  21000 21200 21250 20300 6938
2009.04.03  21000 21000 21250 19900 26245
2009.04.06  23750 21000 23950 21000 20922
2009.04.07  24300 24200 24500 22950 6737
2009.04.08  24200 23800 24300 23300 5027
2009.04.09  25350 24500 25650 23800 12642
2009.04.10  27100 25350 27350 24850 14178
2009.04.13  29100 27300 31000 27300 10435
2009.04.14  28800 30000 30000 27200 7174
2009.04.15  28950 28800 29100 27600 3351
2009.04.16  30900 31500 31500 29500 7821
2009.04.17  30800 30150 30850 29800 7709
2009.04.20  30000 30800 31000 28900 11627
2009.04.21  29500 29850 29850 28850 8988
2009.04.22  29000 29500 30000 28800 4446
2009.04.23  29250 29600 29600 28500 3988
2009.04.24  29000 29000 29200 28500 2900
2009.04.27  28200 28650 29000 27300 11418
2009.04.28  28100 28950 28950 27300 4158
2009.04.29  27600 28100 28200 27000 7398
2009.04.30  27600 27100 27950 27000 6900
2009.05.04  27850 29000 29000 27500 5226
2009.05.06  28750 27600 29000 27500 3333
2009.05.07  28700 29000 29000 27900 4181
2009.05.08  28850 28050 28950 28050 4550
2009.05.11  28150 28850 28950 27800 5010
2009.05.12  27500 27850 28050 27000 8535
2009.05.13  28350 27350 28550 27350 8253
2009.05.14  32000 28350 32350 27900 13746
2009.05.15  36800 35300 36800 34050 30288
2009.05.18  37950 39650 39850 35150 22444
2009.05.19  43000 37950 43600 36700 38251
2009.05.20  43150 44550 44550 42000 14028
2009.05.21  44000 43600 46000 42950 10828
2009.05.22  43500 43900 45400 41500 9425
2009.05.25  42000 44000 44000 38900 8508
2009.05.26  40000 41800 41800 39000 22739
2009.05.27  41800 40000 42400 39250 8552
2009.05.28  39800 41000 41600 39550 5303
2009.05.29  39800 39850 40550 38500 1503
2009.06.01  42000 40700 42350 39000 10517
2009.06.02  42500 43750 43750 41700 6151
2009.06.03  43000 43000 43950 42350 3885
2009.06.04  42450 43000 43000 41950 2900
2009.06.05  42450 42050 43000 42050 4191
2009.06.08  42450 43000 43000 42000 5870
2009.06.09  42500 43000 43000 41000 5580
2009.06.10  41350 42100 42800 40700 8803
2009.06.11  41100 40350 41400 39900 5045
2009.06.12  41450 40300 41800 40300 2390
2009.06.15  41700 42000 42100 40800 2962
2009.06.16  42100 42450 42450 40800 1257
2009.06.17  43000 41900 44150 41750 13855
2009.06.18  43000 43050 43900 42000 2822
2009.06.19  41800 42350 43450 41000 3705
2009.06.22  41800 41350 42600 40500 4712
2009.06.23  41800 40500 41900 40500 1299
2009.06.24  42800 41950 43200 41900 5141
2009.06.25  41400 43800 43800 41350 5086
2009.06.26  40400 40900 42800 39700 13671
2009.06.29  40000 40100 41300 39200 2414
2009.06.30  39500 40900 40900 38000 2150
2009.07.01  39400 40100 40250 37850 5895
2009.07.02  40000 40300 41000 37600 7878
2009.07.03  41800 39900 42000 39000 9969
2009.07.06  41900 41200 42500 41200 6598
2009.07.07  41400 43000 43500 40500 6281
2009.07.08  41300 41300 41300 40300 3945
2009.07.09  41100 41300 41400 40600 4137
2009.07.10  41250 41100 42350 40550 3587
2009.07.13  41000 40800 42800 39800 6274
2009.07.14  41000 40600 42050 39900 4911
2009.07.15  41100 41000 41500 40350 2626
2009.07.16  46400 41100 47250 41100 65376
2009.07.17  42000 46550 46600 40200 56077
2009.07.20  42850 41650 43600 41600 19512
2009.07.21  43250 43000 44000 42550 13793
2009.07.22  44200 45000 45000 43250 10702
2009.07.23  44300 44400 45000 42700 9267
2009.07.24  45100 44200 45700 44000 7876
2009.07.27  50700 45200 51700 44700 62529
2009.07.28  48800 53000 53000 48800 40776
2009.07.29  50100 48950 50700 48800 14373
2009.07.30  50500 50500 52000 49800 14326
2009.07.31  50500 51400 51400 49600 14410
2009.08.03  49800 50600 51900 49800 13742
2009.08.04  49500 50000 50400 48700 7482
2009.08.05  49450 49600 50200 48850 8386
2009.08.06  49500 49450 50500 48500 4120
2009.08.07  52000 49500 53000 49000 16624
2009.08.10  52500 54900 54900 51500 21680
2009.08.11  53300 52500 53700 51600 10049
2009.08.12  52500 53800 53800 51600 20202
2009.08.13  54600 52500 55000 51600 18547
2009.08.14  57000 55500 57700 55000 29730
2009.08.17  62600 59900 64200 58300 87741
2009.08.18  53300 59300 59300 53300 154009
2009.08.19  52100 51200 55700 50200 70245
2009.08.20  52200 53300 54700 51200 38340
2009.08.21  47650 51300 51900 45300 63026
2009.08.24  46650 47650 48450 45000 31952
2009.08.25  49550 46000 49750 46000 28474
2009.08.26  48400 50100 50500 48150 25476
2009.08.27  50300 49700 51100 48400 35962
2009.08.28  49050 50800 50900 48600 46736
2009.08.31  46900 49000 49700 46900 57663
2009.09.01  9730 10750 10750 9600 292339
2009.09.02  9400 9630 9730 9400 50225
2009.09.03  9400 9450 9680 9310 19317
2009.09.04  9040 9400 9540 9000 21750
2009.09.07  8500 9160 9160 8300 47283
2009.09.08  8750 8480 8830 8460 28701
2009.09.09  8810 8650 8910 8650 23657
2009.09.10  9000 8850 9000 8820 15133
2009.09.11  9120 9000 9240 8990 13467
2009.09.14  8780 8810 9190 8780 13457
2009.09.15  8700 8940 8940 8620 11990
2009.09.16  8500 8750 8850 8500 44847
2009.09.17  8540 8510 8600 8470 12032
2009.09.18  8650 8500 8650 8400 11489
2009.09.21  7360 8020 8100 7360 367365
2009.09.22  7000 7370 7440 6950 222011
2009.09.23  7400 7050 7620 7000 215473
2009.09.24  7070 7210 7350 7060 69503
2009.09.25  6800 6900 7070 6730 73611
2009.09.28  6830 6710 6840 6020 78898
2009.09.29  6650 6920 6920 6550 50543
2009.09.30  6110 6560 6600 6030 123221
2009.10.01  5660 6040 6090 5600 163751
2009.10.05  5800 5710 6100 5380 145030
2009.10.06  5600 6000 6000 5600 36238
2009.10.07  5730 5620 5900 5610 49627
2009.10.08  6550 5710 6580 5710 231146
2009.10.09  6740 6490 6990 6340 98591
2009.10.12  6600 6850 6850 6510 22315
2009.10.13  6500 6410 6650 6330 46349
2009.10.14  6280 6690 6690 6250 41537
2009.10.15  6260 6450 6450 6260 18940
2009.10.16  6100 6260 6360 6040 61507
2009.10.19  6100 6030 6390 5970 24233
2009.10.20  6310 6240 6480 6100 33741
2009.10.21  6180 6110 6260 6050 36456
2009.10.22  5790 5970 6130 5790 141203
2009.10.23  5700 5810 5880 5700 35930
2009.10.26  5540 5700 5750 5530 38483
2009.10.27  5700 5540 5780 5410 60983
2009.10.28  5490 5830 5830 5320 36499
2009.10.29  5150 5410 5410 5080 71938
2009.10.30  5250 5330 5370 5230 32366
2009.11.02  5000 4975 5230 4975 46137
2009.11.03  4910 5190 5190 4890 23106
2009.11.04  5340 4980 5430 4860 56035
2009.11.05  5150 5300 5490 5100 41045
2009.11.06  5310 5160 5450 5150 42413
2009.11.09  5490 5200 5490 5200 20404
2009.11.10  5460 5530 5540 5400 24327
2009.11.11  5370 5460 5460 5220 20625
2009.11.12  5170 5400 5400 5140 32846
2009.11.13  5130 5160 5180 5060 9667
2009.11.16  5030 5040 5150 4975 32528
2009.11.17  4990 5060 5120 4960 20414
2009.11.18  5070 5060 5160 5000 16736
2009.11.19  5100 5150 5280 5000 21952
2009.11.20  5040 5060 5100 4860 34219
2009.11.23  5080 5100 5100 5020 34257
2009.11.24  5300 5090 5440 5070 93613
2009.11.25  5300 5400 5400 5240 31436
2009.11.26  5360 5300 5450 5110 51028
2009.11.27  5090 5370 5370 4660 50671
2009.11.30  5240 5100 5340 5100 28443
2009.12.01  5520 5250 5580 5150 59680
2009.12.02  5840 5690 5970 5550 56435
2009.12.03  6040 6270 6270 5850 65675
2009.12.04  6100 6170 6170 5870 35123
2009.12.07  6190 6100 6360 6010 46979
2009.12.08  6180 6190 6190 6050 27018
2009.12.09  6010 6170 6170 6000 31721
2009.12.10  6030 5980 6060 5960 22423
2009.12.11  6060 6050 6150 5930 34672
2009.12.14  6450 6110 6470 6020 145182
2009.12.15  6450 6580 6580 6370 62377
2009.12.16  6620 6320 6620 6320 73883
2009.12.17  6580 6630 6630 6450 39730
2009.12.18  6500 6650 6650 6400 44024
2009.12.21  6500 6550 6590 6110 29662
2009.12.22  6300 6370 6500 6250 43101
2009.12.23  6430 6300 6430 6150 72222
2009.12.24  6610 6500 6610 6300 53881
2009.12.28  6980 6650 6980 6560 123172
2009.12.29  7120 6900 7260 6900 171447
2009.12.30  7200 7170 7200 7030 68257
2010.01.04  7290 7280 7320 7100 67732
2010.01.05  7530 7200 7620 7200 175928
2010.01.06  7740 7700 7740 7500 153031
2010.01.07  7730 7800 7800 7650 113050
2010.01.08  8170 7790 8210 7700 171458
2010.01.11  8460 8260 8460 8180 116373
2010.01.12  8490 8600 8600 8350 77828
2010.01.13  8150 8490 8490 8040 125083
2010.01.14  8000 8130 8200 6930 267061
2010.01.15  7800 8000 8050 7620 90662
2010.01.18  7980 7910 7980 7460 130546
2010.01.19  7990 8000 8020 7800 187358
2010.01.20  7990 8000 8110 7740 110184
2010.01.21  7970 7950 7980 7740 72758
2010.01.22  8000 7960 8020 7810 171707
2010.01.25  7830 7850 7850 7460 272670
2010.01.26  7860 8000 8010 7500 102638
2010.01.27  7960 7850 7980 7500 77399
2010.01.28  7740 7870 7870 7650 75855
2010.01.29  7180 7790 7790 6920 250465
2010.02.01  6900 7300 7300 6860 165907
2010.02.02  7460 7100 7480 6920 112000
2010.02.03  7590 7460 7610 7440 104106
2010.02.04  7500 7080 7550 7070 117221
2010.02.05  7460 7130 7530 7100 83321
2010.02.08  7160 7240 7340 6900 79306
2010.02.09  7320 7250 7430 7010 70137
2010.02.10  7320 7340 7470 7200 33002
2010.02.11  7100 7150 7240 7100 32213
2010.02.12  7370 7200 7430 7150 55208
2010.02.16  7250 7200 7280 7100 91584
2010.02.17  7160 7240 7250 7110 24743
2010.02.18  7130 7190 7200 6990 87261
2010.02.19  7490 7070 7600 6900 249463
2010.02.22  7490 7380 7550 7370 130493
2010.02.23  7300 7190 7350 7130 137219
2010.02.24  7300 7300 7390 7150 139928
2010.02.25  7300 7250 7400 7160 157490
2010.02.26  7330 7320 7380 7210 131998
2010.03.02  7700 7230 7930 7200 672364
2010.03.03  7890 7800 8000 7640 235426
2010.03.04  8040 7840 8150 7770 387437
2010.03.05  8170 7990 8330 7920 292236
2010.03.08  8170 8050 8230 7880 413573
2010.03.09  8170 8130 8280 7930 349647
2010.03.10  8150 8110 8220 8020 352389
2010.03.11  8380 8180 8580 8150 296078
2010.03.12  8200 8550 8570 8140 402597
2010.03.15  7960 8140 8200 7860 247752
2010.03.16  8040 7980 8090 7830 269202
2010.03.17  7910 7940 8050 7810 156027
2010.03.18  8130 7860 8160 7850 335608
2010.03.19  8030 7980 8100 7950 153898
2010.03.22  8030 7930 8040 7900 181318
2010.03.23  8240 8120 8340 8050 274819
2010.03.24  8140 8240 8280 8110 202209
2010.03.25  8050 8040 8260 7930 403811
2010.03.26  8030 8050 8110 7990 285472
2010.03.29  7950 7910 8020 7810 274896
2010.03.30  7880 7900 7990 7840 137330
2010.03.31  7800 7880 8070 7800 134223
2010.04.01  7400 7800 7930 6750 338499
2010.04.02  7100 7400 7430 7100 131990
2010.04.05  6530 6970 7100 6100 315968
2010.04.06  6820 6460 6910 6280 133802
2010.04.07  6900 6660 7060 6660 76945
2010.04.08  6830 6800 7000 6800 31407
2010.04.09  6850 6830 6850 6380 93584
2010.04.12  6600 6770 6850 6550 87756
2010.04.13  6750 6670 6800 6500 65390
2010.04.14  7000 6750 7080 6710 78455
2010.04.15  6980 7140 7140 6930 46660
2010.04.16  6920 7000 7070 6830 55241
2010.04.19  6690 6850 6850 6650 87182
2010.04.20  6630 6700 6750 6500 90461
2010.04.21  6610 6550 6730 6500 84483
2010.04.22  6800 6670 6920 6590 158560
2010.04.23  7100 6870 7100 6820 217592
2010.04.26  7200 7250 7310 7070 181952
2010.04.27  7100 7040 7170 6960 145314
2010.04.28  7040 6960 7190 6910 74212
2010.04.29  7040 7100 7150 6990 59732
2010.04.30  7030 7090 7130 7000 60725
2010.05.03  7000 7070 7070 6880 67011
2010.05.04  6910 7130 7140 6900 108796
2010.05.06  6900 6800 7000 6650 171951
2010.05.07  6810 6860 6920 6640 159977
2010.05.10  6810 6810 6920 6720 86249
2010.05.11  6800 6750 6860 6740 52409
2010.05.12  6690 6740 6840 6670 99094
2010.05.13  6680 6740 6860 6520 99819
2010.05.14  6740 6680 6800 6480 228401
2010.05.17  6600 6560 6810 6500 177052
2010.05.18  6560 6550 6640 5810 165722
2010.05.19  6410 6500 6500 6310 70617
2010.05.20  7240 6440 7340 6440 440376
2010.05.24  7130 7220 7290 7050 184899
2010.05.25  7100 7180 7180 6300 204438
2010.05.26  7520 6990 7740 6990 384221
2010.05.27  7240 7600 7830 7240 255183
2010.05.28  6730 7230 7260 6730 238150
2010.05.31  6840 6900 6940 6800 78690
2010.06.01  6840 6870 6960 6780 60359
2010.06.03  6990 6950 7060 6830 112928
2010.06.04  7210 7020 7360 6980 161113
2010.06.07  7130 7100 7210 7030 162556
2010.06.08  7360 7130 7410 7060 128530
2010.06.09  7720 7400 7730 7400 245771
2010.06.10  7610 7780 7930 7570 124062
2010.06.11  7680 7670 7730 7520 67353
2010.06.14  7620 7700 7770 7480 147307
2010.06.15  7520 7490 7550 7300 144160
2010.06.16  7700 7660 7790 7520 79619
2010.06.17  7680 7750 7880 7630 54440
2010.06.18  7590 7700 7740 7470 52790
2010.06.21  7340 7520 7650 7200 83665
2010.06.22  7490 7350 7490 7340 77752
2010.06.23  7450 7490 7500 7350 77251
2010.06.24  7720 7430 7900 7330 126386
2010.06.25  7590 7590 7730 7510 83728
2010.06.28  7370 7660 7660 7370 122824
2010.06.29  7550 7410 7820 7410 120753
2010.06.30  7650 7450 7680 7380 37147
2010.07.01  7800 7650 7800 7540 93174
2010.07.02  8050 7970 8240 7850 341138
2010.07.05  8040 8050 8200 7980 103731
2010.07.06  7930 8000 8030 7820 74578
2010.07.07  7800 7930 7980 7750 78775
2010.07.08  8060 7980 8120 7800 97538
2010.07.09  8050 8160 8160 7990 51208
2010.07.12  7910 8140 8140 7700 55459
2010.07.13  7850 7850 7960 7750 242133
2010.07.14  7850 7860 8190 7750 126475
2010.07.15  7820 7860 7910 7660 54635
2010.07.16  7660 7850 7880 7530 75126
2010.07.19  7600 7660 7950 7450 93583
2010.07.20  7540 7600 7780 7540 42263
2010.07.21  7670 7600 7810 7600 39895
2010.07.22  7560 7670 7800 7550 51868
2010.07.23  7560 7750 7750 7420 42641
2010.07.26  7400 7450 7590 7400 38496
2010.07.27  7720 7350 7740 7350 68065
2010.07.28  7850 7670 7940 7670 76156
2010.07.29  7860 7970 7970 7700 19097
2010.07.30  7890 7780 7920 7750 27944
2010.08.02  7610 7890 7890 7610 26012
2010.08.03  7520 7730 7730 7450 59738
2010.08.04  7390 7520 7580 7380 31789
2010.08.05  7690 7490 7750 7410 42057
2010.08.06  7680 7770 7770 7600 55131
2010.08.09  7800 7590 7830 7590 35476
2010.08.10  7920 7860 7920 7700 37242
2010.08.11  8000 7950 8150 7840 104701
2010.08.12  7940 8000 8010 7890 39381
2010.08.13  7940 7890 8000 7850 20525
2010.08.16  7840 7900 8000 7670 45222
2010.08.17  7890 7840 8000 7780 22392
2010.08.18  7890 7990 7990 7850 20121
2010.08.19  8190 7940 8300 7820 173034
2010.08.20  8180 8190 8290 8100 59698
2010.08.23  7990 8200 8200 7990 66033
2010.08.24  7860 7990 8040 7800 56677
2010.08.25  7840 7820 7900 7730 44412
2010.08.26  7840 7950 8050 7790 35103
2010.08.27  7760 7840 7950 7730 41683
2010.08.30  7830 7760 7940 7680 49227
2010.08.31  7730 7730 7810 7680 181104
2010.09.01  7960 7800 8030 7690 68639
2010.09.02  7810 7960 8170 7740 93063
2010.09.03  7680 7810 7900 7680 71802
2010.09.06  7510 7700 7790 7450 46444
2010.09.07  7450 7510 7600 7400 72359
2010.09.08  7450 7450 7540 7350 26553
2010.09.09  7440 7530 7530 7360 18665
2010.09.10  7490 7440 7520 7430 21088
2010.09.13  7350 7490 7530 7350 53647
2010.09.14  7300 7350 7350 7110 62863
2010.09.15  7380 7400 7430 7250 17755
2010.09.16  7360 7380 7400 7280 20551
2010.09.17  7400 7410 7430 7250 16482
2010.09.20  7400 7380 7550 7380 27226
2010.09.24  7440 7500 7540 7420 17526
2010.09.27  7410 7510 7550 7410 31098
2010.09.28  7390 7470 7490 7260 37415
2010.09.29  7290 7300 7340 7240 34375
2010.09.30  7320 7250 7340 7220 28583
2010.10.01  7160 7300 7300 7090 73013
2010.10.04  7160 7200 7250 7000 59730
2010.10.05  7120 7090 7190 7070 20129
2010.10.06  6930 7150 7160 6920 60542
2010.10.07  6690 7020 7020 6630 115088
2010.10.08  6820 6750 6850 6700 19432
2010.10.11  6810 6850 6880 6780 35951
2010.10.12  6800 6860 6870 6750 36170
2010.10.13  7250 6800 7380 6760 159715
2010.10.14  7190 7270 7320 7130 29733
2010.10.15  7090 7230 7230 7040 20091
2010.10.18  7080 7090 7130 7030 15738
2010.10.19  7040 7130 7130 7020 11796
2010.10.20  6950 6900 7040 6900 29074
2010.10.21  6900 6950 7000 6850 49917
2010.10.22  7030 6870 7100 6860 43522
2010.10.25  7000 7020 7070 6880 39939
2010.10.26  7000 7000 7090 6980 70926
2010.10.27  7000 7040 7160 7000 40384
2010.10.28  7200 7100 7380 6980 59602
2010.10.29  7190 7250 7280 7070 42221
2010.11.01  7290 7190 7360 7080 50528
2010.11.02  7200 7300 7300 7120 14980
2010.11.03  7150 7230 7230 7080 66827
2010.11.04  7100 7030 7230 7030 34071
2010.11.05  7080 7100 7140 7060 36692
2010.11.08  7120 7300 7300 7030 37702
2010.11.09  7150 7200 7210 7070 18722
2010.11.10  7110 7110 7170 7110 28514
2010.11.11  7060 7110 7140 7000 38633
2010.11.12  6840 7060 7070 6680 43925
2010.11.15  6780 6780 6860 6650 25556
2010.11.16  6700 6780 6820 6650 30628
2010.11.17  6830 6780 6860 6690 31029
2010.11.18  6950 6830 7000 6820 20023
2010.11.19  7030 7010 7100 6820 19478
2010.11.22  7070 7000 7170 7000 38567
2010.11.23  7110 7100 7120 7090 44424
2010.11.24  7100 6970 7110 6870 40842
2010.11.25  7130 7100 7280 7100 44359
2010.11.26  7010 7130 7190 6990 37935
2010.11.29  6980 7140 7140 6910 23411
2010.11.30  7040 7080 7080 6950 15123
2010.12.01  7030 7040 7080 6900 20901
2010.12.02  7240 7090 7320 7090 34475
2010.12.03  7200 7300 7300 7170 37002
2010.12.06  6950 7280 7280 6950 38831
2010.12.07  7000 7000 7100 6950 25512
2010.12.08  7000 7000 7040 6960 9032
2010.12.09  7060 7070 7070 6970 30871
2010.12.10  7000 7090 7140 6930 41257
2010.12.13  6950 7000 7090 6930 22293
2010.12.14  6960 6950 6990 6910 23577
2010.12.15  7060 6960 7060 6920 41768
2010.12.16  6930 7030 7150 6930 23216
2010.12.17  6940 7010 7010 6850 19327
2010.12.20  6840 6840 6940 6700 45790
2010.12.21  6820 6800 6990 6790 21944
2010.12.22  6800 6820 6880 6650 42253
2010.12.23  6800 6760 6840 6660 53127
2010.12.24  6670 6820 6820 6660 15169
2010.12.27  6700 6770 6770 6620 40833
2010.12.28  6810 6650 6810 6650 23121
2010.12.29  6980 6820 7030 6800 32405
2010.12.30  7160 6980 7170 6980 53829
2011.01.03  7200 7190 7300 7130 45098
2011.01.04  7060 7110 7270 7020 55308
2011.01.05  7000 7060 7090 6910 46387
2011.01.06  7040 7020 7080 6940 29808
2011.01.07  6980 7010 7040 6890 50061
2011.01.10  7100 7080 7160 7010 39193
2011.01.11  7170 7130 7240 7100 59013
2011.01.12  7190 7180 7250 7150 30049
2011.01.13  7080 7200 7240 7010 20269
2011.01.14  7080 7150 7150 6930 23285
2011.01.17  6980 7100 7100 6980 33194
2011.01.18  6990 6990 6990 6930 9291
2011.01.19  7000 6970 7050 6960 19722
2011.01.20  7000 7070 7070 6990 7349
2011.01.21  7000 7000 7040 6910 18195
2011.01.24  6880 6990 6990 6800 19623
2011.01.25  6900 6830 6950 6800 14508
2011.01.26  6970 6970 6970 6900 12030
2011.01.27  6970 7000 7000 6880 18573
2011.01.28  7000 7020 7070 6970 32032
2011.01.31  7450 7070 7480 6970 170253
2011.02.01  7500 7480 7500 7250 86434
2011.02.07  7680 7600 7680 7500 82707
2011.02.08  7770 7680 7850 7650 83985
2011.02.09  7800 7800 7840 7610 52142
2011.02.10  7680 7800 7870 7680 43950
2011.02.11  7790 7690 7950 7670 40750
2011.02.14  7910 7730 7940 7730 48222
2011.02.15  8100 7930 8100 7880 52127
2011.02.16  8200 8170 8230 8110 71879
2011.02.17  8020 8150 8200 7890 35858
2011.02.18  8100 8020 8160 7890 60550
2011.02.21  7990 8000 8140 7790 61238
2011.02.22  7800 7990 8060 7750 29818
2011.02.23  7640 7700 7830 7550 43998
2011.02.24  7480 7750 7790 7400 29298
2011.02.25  7550 7310 7550 7310 36704
2011.02.28  7380 7420 7550 7290 30570
2011.03.02  7380 7440 7440 7090 66676
2011.03.03  7490 7350 7490 7300 17833
2011.03.04  7300 7540 7540 7300 24136
2011.03.07  7290 7160 7370 7160 17334
2011.03.08  7120 7210 7400 7060 46266
2011.03.09  6990 7100 7200 6990 51087
2011.03.10  7090 7130 7130 6990 29278
2011.03.11  7020 7140 7140 7000 19841
2011.03.14  6790 7100 7100 6630 47184
2011.03.15  6720 6710 7040 6440 39648
2011.03.16  6720 6620 6750 6620 38041
2011.03.17  6490 6630 6710 6470 75558
2011.03.18  6800 6490 6830 6490 43024
2011.03.21  7010 7200 7300 6890 75730
2011.03.22  7050 7050 7150 6940 29181
2011.03.23  7180 7050 7320 7000 26874
2011.03.24  7090 7250 7300 7070 64676
2011.03.25  7100 7190 7270 7080 22958
2011.03.28  7450 7070 7450 6990 75616
2011.03.29  7590 7500 7630 7440 96351
2011.03.30  7530 7600 7660 7350 103585
2011.03.31  7470 7540 7560 7400 91739
2011.04.01  7660 7480 7670 7450 83991
2011.04.04  7660 7620 7690 7590 83795
2011.04.05  7970 7760 7990 7660 115153
2011.04.06  7950 8070 8100 7830 149171
2011.04.07  7910 7950 7980 7810 142708
2011.04.08  7850 7940 8000 7800 110540
2011.04.11  7670 7930 7930 7540 128405
2011.04.12  7680 7700 7750 7540 87675
2011.04.13  7680 7400 7760 7400 86124
2011.04.14  7600 7520 7640 7520 96752
2011.04.15  7410 7690 7690 7400 57683
2011.04.18  7290 7410 7420 7040 142613
2011.04.19  7330 7260 7330 7120 25603
2011.04.20  7340 7400 7550 7160 33736
2011.04.21  7290 7390 7390 7120 28071
2011.04.22  7210 7330 7330 7170 17584
2011.04.25  7100 7200 7240 7060 42900
2011.04.26  7100 7010 7240 6890 117333
2011.04.27  7170 7130 7300 7020 46479
2011.04.28  7090 7200 7200 7080 30116
2011.04.29  7130 7050 7130 6980 46893
2011.05.02  7400 7130 7500 7130 83643
2011.05.03  7430 7400 7460 7260 74984
2011.05.04  7580 7430 7640 7340 45892
2011.05.06  7630 7650 7690 7480 59809
2011.05.09  7520 7770 7770 7460 18036
2011.05.11  7500 7580 7600 7390 38706
2011.05.12  7880 7530 7920 7400 90175
2011.05.13  7800 8000 8000 7660 28224
2011.05.16  7680 7710 7810 7580 14994
2011.05.17  7620 7680 7760 7560 39824
2011.05.18  7400 7690 7690 7300 49862
2011.05.19  7450 7470 7470 7320 23602
2011.05.20  7270 7450 7450 7220 17056
2011.05.23  7300 7250 7330 7120 49331
2011.05.24  7670 7330 7670 7180 49879
2011.05.25  7500 7780 7780 7500 32945
2011.05.26  7570 7410 7600 7410 22108
2011.05.27  7640 7610 7990 7450 111013
2011.05.30  7690 7640 7810 7550 44539
2011.05.31  7550 7670 7670 7450 32907
2011.06.01  7480 7470 7550 7410 15829
2011.06.02  7530 7480 7530 7290 30666
2011.06.03  7660 7540 7660 7470 16546
2011.06.07  7640 7690 7750 7580 21446
2011.06.08  7570 7550 7690 7400 34211
2011.06.09  7500 7500 7590 7390 37932
2011.06.10  7350 7470 7560 7350 27069
2011.06.13  7390 7340 7450 7250 20032
2011.06.14  7440 7390 7470 7310 23356
2011.06.15  7490 7470 7680 7400 48004
2011.06.16  7560 7490 7590 7450 41511
2011.06.17  7670 7610 7720 7560 48966
2011.06.20  7620 7680 7710 7590 42288
2011.06.21  7760 7630 7760 7600 75903
2011.06.22  7690 7760 7840 7690 95474
2011.06.23  7690 7730 7760 7600 41146
2011.06.24  7620 7770 7770 7620 58249
2011.06.27  7610 7690 7690 7500 62939
2011.06.28  7540 7660 7660 7470 43513
2011.06.29  7450 7610 7610 7440 64187
2011.06.30  7590 7550 7590 7390 73247
2011.07.01  7840 7590 7860 7590 109239
2011.07.04  7840 7820 7840 7760 38210
2011.07.05  8410 7850 8600 7840 215976
2011.07.06  8320 8410 8990 8320 205313
2011.07.07  8630 8320 8650 8250 75647
2011.07.08  8660 8630 8960 8610 90816
2011.07.11  8500 8660 8750 8400 63603
2011.07.12  8480 8490 8490 8250 61847
2011.07.13  8600 8480 8650 8430 46498
2011.07.14  8800 8630 8950 8520 95366
2011.07.15  8680 8800 8870 8550 30925
2011.07.18  8800 8720 8900 8680 79211
2011.07.19  8880 8800 8940 8710 56795
2011.07.20  8760 8970 9010 8680 65842
2011.07.21  8410 8710 8770 8280 103940
2011.07.22  8280 8420 8500 8170 87821
2011.07.25  8200 8380 8380 8100 68459
2011.07.26  8650 8250 8690 8160 122375
2011.07.27  8770 8520 8820 8520 83882
2011.07.28  8620 8770 8840 8550 47801
2011.07.29  8550 8630 8730 8490 33094
2011.08.01  8400 8550 8650 8350 49729
2011.08.02  8600 8470 9080 8270 478666
2011.08.03  8210 8690 9240 8140 496771
2011.08.04  7910 8400 8460 7900 130666
2011.08.05  7440 7120 7670 7120 151370
2011.08.08  6700 7120 7420 6700 135487
2011.08.09  6480 6440 6660 5750 117123
2011.08.10  6780 6700 6850 6570 64440
2011.08.11  6910 6250 7080 6250 49390
2011.08.12  7290 7150 7470 7050 74596
2011.08.16  7650 7670 7670 7420 36348
2011.08.17  7500 7550 7650 7370 33299
2011.08.18  7350 7500 7540 7210 64834
2011.08.19  7050 7350 7350 6870 41679
2011.08.22  6750 7000 7110 6750 47645
2011.08.23  6800 6760 6870 6700 34980
2011.08.24  6790 6830 6940 6700 19018
2011.08.25  6580 6750 6880 6540 54872
2011.08.26  6580 6600 6740 6460 15337
2011.08.29  6770 6580 6800 6400 30428
2011.08.30  6920 6870 7040 6800 38830
2011.08.31  6920 6910 7000 6870 13818
2011.09.01  6720 6920 7030 6660 71773
2011.09.02  6720 6750 6900 6660 24221
2011.09.05  6460 6700 6750 6460 18022
2011.09.06  6280 6570 6570 6110 47722
2011.09.07  6380 6300 6430 6120 35617
2011.09.08  6380 6250 6380 6180 40961
2011.09.09  6300 6220 6400 6220 17316
2011.09.14  6260 6360 6360 6150 21176
2011.09.15  6270 6210 6310 6160 19564
2011.09.16  6610 6300 6680 6260 35247
2011.09.19  6600 6500 6660 6490 17469
2011.09.20  6560 6600 6620 6500 8593
2011.09.21  6520 6620 6640 6510 4244
2011.09.22  6390 6570 6570 6300 20364
2011.09.23  6200 6280 6370 6200 36830
2011.09.26  6090 6300 6360 5700 31723
2011.09.27  6400 6050 6410 6000 38312
2011.09.28  6400 6420 6430 6320 19912
2011.09.29  6290 6270 6360 6230 39335
2011.09.30  6170 6300 6300 6080 29957
2011.10.04  6040 6030 6140 5780 23965
2011.10.05  5890 5850 5990 5700 109417
2011.10.06  6090 6070 6150 5800 28515
2011.10.07  5870 6090 6120 5870 35184
2011.10.10  5880 6050 6200 5850 1171939
2011.10.11  5920 5990 6030 5800 44482
2011.10.12  5910 5950 6080 5870 26724
2011.10.13  5910 6000 6080 5900 31859
2011.10.14  5920 5950 5990 5810 31062
2011.10.17  6050 5950 6100 5900 33425
2011.10.18  6070 5950 6190 5950 12780
2011.10.19  6090 6080 6120 6050 15543
2011.10.20  5900 6100 6140 5900 21177
2011.10.21  5920 5900 6030 5850 20629
2011.10.24  6130 5920 6200 5900 65653
2011.10.25  6020 6100 6120 6000 30488
2011.10.26  6060 6080 6110 6000 15933
2011.10.27  6060 6010 6110 6010 29688
2011.10.28  5930 6100 6130 5930 34883
2011.10.31  5900 5930 6000 5900 28947
2011.11.01  5940 5900 6000 5870 20257
2011.11.02  5980 5890 6080 5820 18517
2011.11.03  5860 5980 6030 5860 18146
2011.11.04  5950 5880 5990 5880 15675
2011.11.07  5960 6050 6050 5930 8239
2011.11.08  5970 5980 5990 5880 23641
2011.11.09  5970 5970 6000 5860 36094
2011.11.10  5880 5920 5920 5770 54959
2011.11.11  5890 5890 5960 5830 32161
2011.11.14  5960 5910 5980 5900 18892
2011.11.15  6000 5930 6010 5910 28680
2011.11.16  6250 6030 6280 6000 51034
2011.11.17  6830 6280 6830 6270 152310
2011.11.18  6740 6810 6810 6590 41663
2011.11.21  6300 6630 6730 6290 73366
2011.11.22  6370 6120 6430 6120 38962
2011.11.23  6370 6350 6600 6300 41457
2011.11.24  6440 6370 6600 6320 13931
2011.11.25  6300 6440 6440 6250 16785
2011.11.28  6280 6360 6390 6180 22419
2011.11.29  6330 6320 6450 6200 39273
2011.11.30  6540 6500 6650 6490 16452
2011.12.01  6550 6600 6600 6370 26677
2011.12.02  6600 6600 6820 6220 32722
2011.12.05  6700 6600 6730 6480 25860
2011.12.06  6760 6710 6760 6640 18118
2011.12.07  6630 6790 6790 6600 22532
2011.12.08  6680 6670 6770 6570 15661
2011.12.09  6670 6680 6770 6600 15827
2011.12.12  6600 6700 6730 6500 50666
2011.12.13  6340 6500 6580 6300 42644
2011.12.14  6290 6440 6440 6220 16343
2011.12.15  6840 6430 7180 6430 182663
2011.12.16  6720 6840 6900 6550 45287
2011.12.19  6530 6820 6830 6150 48463
2011.12.20  6620 6410 6620 6350 49165
2011.12.21  6750 6690 6770 6500 47088
2011.12.22  6770 6770 6840 6680 25997
2011.12.23  6750 6840 7190 6750 46017
2011.12.26  6860 6890 6950 6770 28049
2011.12.27  6760 6990 7000 6760 42165
2011.12.28  7160 6870 7200 6750 117394
2011.12.29  7120 7200 7260 6940 63645
2012.01.02  7160 7180 7180 7020 31081
2012.01.03  7380 7280 7500 7200 92767
2012.01.04  7470 7420 7640 7380 129589
2012.01.05  7420 7520 7540 7350 45222
2012.01.06  7310 7380 7450 7210 36344
2012.01.09  7200 7350 7350 7090 49140
2012.01.10  7060 7160 7260 7010 58840
2012.01.11  7050 7090 7100 6950 77140
2012.01.12  7130 7110 7310 7090 76287
2012.01.13  7000 7130 7200 6900 61393
2012.01.16  7040 7000 7190 6950 73054
2012.01.17  7210 7140 7350 7090 81638
2012.01.18  7210 7320 7400 7150 68727
2012.01.19  7200 7300 7300 7140 60468
2012.01.20  7300 7200 7330 7200 35869
2012.01.25  7400 7300 7600 7190 87560
2012.01.26  7400 7400 7460 7320 30453
2012.01.27  7310 7380 7470 7230 49594
2012.01.30  7090 7340 7340 7080 41639
2012.01.31  7100 7100 7170 7090 10049
2012.02.01  7040 7200 7200 6980 33776
2012.02.02  7130 7160 7200 7000 57942
2012.02.03  7160 7180 7190 7050 20126
2012.02.06  7140 7190 7260 7050 29178
2012.02.07  7150 7100 7190 7090 19864
2012.02.08  7150 7160 7220 6980 68334
2012.02.09  7180 7100 7190 7100 9887
2012.02.10  7200 7180 7250 7100 21188
2012.02.13  7110 7290 7290 7100 18275
2012.02.14  7100 7100 7130 7000 34509
2012.02.15  7140 7070 7170 7060 20357
2012.02.16  7530 7140 7690 7140 122130
2012.02.17  7520 7530 7580 7350 47601
2012.02.20  7510 7520 7590 7430 29071
2012.02.21  7400 7510 7580 7390 19523
2012.02.22  7240 7440 7440 7200 28224
2012.02.23  7240 7350 7350 7150 15244
2012.02.24  7270 7240 7270 7100 19221
2012.02.27  7180 7140 7300 7040 33583
2012.02.28  7200 7160 7290 7150 10470
2012.02.29  7240 7290 7290 7160 40625
2012.03.02  7100 7300 7300 7060 38984
2012.03.05  7060 7200 7200 7030 17696
2012.03.06  7110 7040 7140 7040 31267
2012.03.07  7120 7110 7120 7040 31007
2012.03.08  7240 7140 7300 7080 22454
2012.03.09  7170 7220 7300 7160 20778
2012.03.12  7190 7130 7330 7130 64173
2012.03.13  7350 7200 7410 7200 45305
2012.03.14  7300 7290 7390 7090 57684
2012.03.15  7430 7290 7500 7260 42267
2012.03.16  7490 7430 7980 7380 406427
2012.03.19  7240 7500 7600 7170 97974
2012.03.20  7240 7230 7340 7200 19331
2012.03.21  7190 7340 7340 7120 45743
2012.03.22  7190 7280 7280 7130 26240
2012.03.23  7200 7190 7320 7100 30480
2012.03.26  7180 7200 7240 7100 27574
2012.03.27  7150 7250 7250 7100 10854
2012.03.28  7080 7100 7220 7070 13396
2012.03.29  7100 7090 7180 7010 24834
2012.03.30  7110 7060 7160 7050 19355
2012.04.02  7120 7200 7220 7100 13940
2012.04.03  7210 7200 7210 7130 14189
2012.04.04  7260 7220 7260 7050 23499
2012.04.05  7150 7120 7240 7100 9516
2012.04.06  7200 7250 7250 7150 20823
2012.04.09  7080 7110 7170 6950 33123
2012.04.10  7120 6910 7170 6910 70897
2012.04.12  7200 7190 7300 7100 14848
2012.04.13  7280 7210 7370 7200 23564
2012.04.16  7210 7310 7310 7190 24435
2012.04.17  7280 7210 7320 7210 18709
2012.04.18  7310 7280 7390 7260 39242
2012.04.19  7330 7350 7350 7240 9776
2012.04.20  7180 7300 7330 7170 31878
2012.04.23  7220 7210 7270 7170 21743
2012.04.24  7200 7250 7270 7070 37868
2012.04.25  7250 7150 7250 7050 46284
2012.04.26  7280 7250 7310 7230 37305
2012.04.27  7270 7330 7390 7250 18994
2012.04.30  7270 7390 7390 7150 21088
2012.05.02  7180 7270 7320 7170 18899
2012.05.03  7190 7160 7230 7100 8877
2012.05.04  7140 7130 7240 7130 12955
2012.05.07  7150 7100 7270 7070 10310
2012.05.08  7090 7240 7240 7090 17433
2012.05.09  7130 7130 7190 7070 19720
2012.05.10  7110 7170 7200 7050 18301
2012.05.11  7070 7060 7130 7010 21516
2012.05.14  7000 7080 7080 6890 32591
2012.05.15  6950 7000 7000 6740 31671
2012.05.16  6840 6960 6960 6730 45044
2012.05.17  6720 6810 6810 6720 18082
2012.05.18  6700 6720 6740 6500 33642
2012.05.21  6580 6550 6700 6460 29629
2012.05.22  6580 6630 6650 6530 33236
2012.05.23  6520 6700 6700 6440 26220
2012.05.24  6470 6590 6590 6400 40726
2012.05.25  6450 6400 6490 6400 8278
2012.05.29  6450 6520 6520 6400 14179
2012.05.30  6300 6420 6450 6260 19501
2012.05.31  6340 6300 6340 6160 18445
2012.06.01  6300 6410 6410 6300 9577
2012.06.04  6300 6280 6320 6100 24636
2012.06.05  6350 6370 6370 6290 5580
2012.06.07  6500 6370 6580 6300 38579
2012.06.08  6500 6560 6560 6450 4131
2012.06.11  6490 6530 6530 6440 13214
2012.06.12  6500 6480 6510 6440 17727
2012.06.13  6540 6520 6550 6470 8016
2012.06.14  6550 6550 6550 6490 10409
2012.06.15  6560 6650 6650 6470 3474
2012.06.18  6610 6590 6640 6580 5271
2012.06.19  6540 6510 6650 6500 5070
2012.06.20  6540 6690 6690 6470 10408
2012.06.21  6480 6610 6610 6450 7489
2012.06.22  6480 6440 6600 6420 12349
2012.06.25  6460 6590 6590 6410 1446
2012.06.26  6440 6410 6460 6400 2153
2012.06.27  6470 6460 6500 6360 3813
2012.06.28  6500 6560 6560 6400 16651
2012.06.29  6500 6520 6520 6480 6240
2012.07.02  6510 6430 6550 6430 10818
2012.07.03  6460 6550 6550 6430 7575
2012.07.04  6460 6460 6510 6440 5763
2012.07.05  6410 6520 6520 6380 5225
2012.07.06  6390 6490 6490 6370 4267
2012.07.09  6440 6390 6500 6390 2329
2012.07.10  6430 6550 6550 6400 1421
2012.07.11  6260 6500 6530 6250 36528
2012.07.12  6320 6350 6350 6250 4282
2012.07.13  6350 6300 6390 6150 15752
2012.07.16  6300 6370 6420 6280 6310
2012.07.17  6260 6340 6390 6260 10803
2012.07.18  6120 6260 6300 6120 10854
2012.07.19  6210 6150 6250 6110 7176
2012.07.20  6100 6210 6230 6080 12374
2012.07.23  6080 6140 6170 5990 6663
2012.07.24  6080 6060 6140 6060 8061
2012.07.25  6100 6090 6140 5990 14308
2012.07.26  6140 6100 6150 6070 14191
2012.07.27  6110 6140 6190 6110 20396
2012.07.30  6200 6110 6240 6110 13338
2012.07.31  6220 6140 6270 6140 19090
2012.08.01  6230 6300 6300 6150 6830
2012.08.02  6240 6170 6290 6170 4728
2012.08.03  6250 6270 6270 6170 7686
2012.08.06  6300 6260 6330 6210 11603
2012.08.07  6320 6340 6340 6220 5279
2012.08.08  6350 6370 6370 6240 5704
2012.08.09  6330 6370 6370 6250 4504
2012.08.10  6300 6310 6340 6170 17616
2012.08.13  6330 6250 6350 6250 33285
2012.08.14  6420 6330 6420 6320 20156
2012.08.16  6230 6400 6400 6230 27880
2012.08.17  6260 6230 6320 6200 23780
2012.08.20  6250 6290 6290 6200 12700
2012.08.21  6230 6250 6290 6170 11401
2012.08.22  6200 6280 6280 6190 25154
2012.08.23  6120 6200 6230 6080 31190
2012.08.24  6110 6120 6150 6040 35957
2012.08.27  6090 6150 6210 6090 21759
2012.08.28  6130 6140 6230 6070 35679
2012.08.29  6410 6260 6430 6180 238044
2012.08.30  6400 6420 6600 6330 129487
2012.08.31  6670 6540 6780 6520 263847
2012.09.03  6600 6660 6710 6530 60930
2012.09.04  6410 6660 6660 6390 92316
2012.09.05  6420 6350 6450 6340 49297
2012.09.06  6430 6450 6460 6360 49650
2012.09.07  6420 6430 6460 6360 38619
2012.09.10  6410 6430 6550 6380 62390
2012.09.11  6590 6440 6700 6400 223956
2012.09.12  6560 6640 6660 6540 105986
2012.09.13  6620 6560 6650 6520 59649
2012.09.14  6830 6640 7290 6580 332770
2012.09.17  6850 6860 6960 6780 73562
2012.09.18  6790 6860 6940 6750 87354
2012.09.19  6820 6760 6860 6700 70448
2012.09.20  6800 6850 6880 6800 46475
2012.09.21  6840 6790 6920 6740 75546
2012.09.24  6870 6900 7040 6840 137100
2012.09.25  6840 6920 6960 6810 85269
2012.09.26  6850 6850 6930 6790 113279
2012.09.27  6500 6590 6650 6420 100167
2012.09.28  6480 6580 6580 6370 57264
2012.10.02  6340 6470 6470 6310 46852
2012.10.04  6420 6380 6440 6360 27101
2012.10.05  6490 6480 6530 6400 40470
2012.10.08  6480 6550 6620 6450 38866
2012.10.09  6510 6460 6520 6440 27830
2012.10.10  6320 6490 6550 6300 59441
2012.10.11  6340 6320 6440 6300 39611
2012.10.12  6440 6470 6570 6370 83426
2012.10.15  6960 6470 7100 6470 362543
2012.10.16  6790 6900 6970 6600 109622
2012.10.17  6740 6790 6810 6690 97637
2012.10.18  6560 6750 6960 6510 137801
2012.10.19  6580 6510 6650 6510 43817
2012.10.22  6650 6600 6700 6500 31075
2012.10.23  6720 6700 6780 6640 56190
2012.10.24  6590 6680 6680 6580 55297
2012.10.25  6500 6600 6650 6480 38397
2012.10.26  6630 6530 6690 6430 85285
2012.10.29  6470 6700 6900 6470 157706
2012.10.30  6680 6490 6740 6450 95287
2012.10.31  6750 6710 6830 6660 72361
2012.11.01  6700 6830 6830 6660 44264
2012.11.02  6690 6740 6780 6680 58410
2012.11.05  6650 6690 6780 6650 32163
2012.11.06  6780 6700 6840 6620 75626
2012.11.07  6940 6790 6980 6780 99068
2012.11.08  6850 6820 6960 6770 81059
2012.11.09  6960 6850 7100 6850 193250
2012.11.12  6940 7000 7050 6880 48863
2012.11.13  6870 7000 7230 6850 209179
2012.11.14  6600 6810 6890 6600 124485
2012.11.15  6690 6550 6700 6520 48084
2012.11.16  6430 6670 6670 6390 87705
2012.11.19  6470 6440 6580 6360 74742
2012.11.20  6520 6520 6540 6390 27324
2012.11.21  6450 6520 6550 6450 37338
2012.11.22  6490 6460 6660 6460 46561
2012.11.23  6550 6560 6570 6370 65742
2012.11.26  6580 6550 6650 6490 36759
2012.11.27  6580 6600 6640 6510 32187
2012.11.28  6730 6580 6750 6540 40599
2012.11.29  6780 6730 6780 6650 54014
2012.11.30  6740 6770 7000 6740 147981
2012.12.03  6740 6650 6800 6630 41855
2012.12.04  6740 6740 6760 6660 23204
2012.12.05  6820 6740 6830 6720 61022
2012.12.06  6900 6840 6930 6810 59595
2012.12.07  6900 6900 6970 6800 59346
2012.12.10  6870 6940 6940 6810 39055
2012.12.11  6820 6710 6900 6710 55837
2012.12.12  6820 6700 6850 6700 76694
2012.12.13  6690 6810 6810 6690 77217
2012.12.14  6690 6690 6730 6560 94408
2012.12.17  6580 6700 6700 6570 46848
2012.12.18  6580 6540 6640 6540 22239
2012.12.20  6510 6630 6630 6510 39105
2012.12.21  6570 6580 6580 6480 28223
2012.12.24  6710 6660 6870 6610 113260
2012.12.26  6820 6800 6910 6750 53744
2012.12.27  6720 6820 6830 6710 32640
2012.12.28  6810 6780 6840 6720 28369
2013.01.02  6810 6850 6890 6710 45130
2013.01.03  6790 6880 6890 6730 35397
2013.01.04  6860 6790 6880 6750 37743
2013.01.07  6900 6870 6930 6820 50503
2013.01.08  6930 6890 6940 6850 44301
2013.01.09  6950 6880 6980 6870 58417
2013.01.10  6980 6990 6990 6890 32745
2013.01.11  6970 6960 7040 6920 56067
2013.01.14  7500 7000 7500 6930 276588
2013.01.15  6820 6980 7060 6820 304053
2013.01.16  6770 6720 6870 6720 44006
2013.01.17  6770 6900 6900 6770 17816
2013.01.18  6780 6870 6870 6750 24604
2013.01.21  6830 6840 6900 6780 33294
2013.01.22  6940 6840 6940 6770 42855
2013.01.23  6880 6970 6990 6850 29021
2013.01.24  6900 6940 6970 6870 41293
2013.01.25  6860 6910 6950 6610 38790
2013.01.28  6820 6800 6870 6690 19463
2013.01.29  6820 6820 6860 6740 17593
2013.01.30  6800 6800 6870 6750 9365
2013.01.31  6800 6800 6830 6720 12667
2013.02.01  6810 6820 6820 6760 14070
2013.02.04  6800 6840 6840 6740 22574
2013.02.05  6790 6800 6800 6730 19637
2013.02.06  6760 6820 6820 6660 25211
2013.02.07  6760 6720 6780 6670 21683
2013.02.08  6720 6640 6790 6600 72927
2013.02.12  6590 6660 6760 6590 38181
2013.02.13  6550 6600 6640 6540 24150
2013.02.14  6610 6670 6670 6550 21792
2013.02.15  6650 6620 6650 6590 14701
2013.02.18  6700 6690 6760 6660 24420
2013.02.19  6660 6740 6740 6650 19772
2013.02.20  6660 6660 6730 6600 28696
2013.02.21  6650 6680 6680 6600 22833
2013.02.22  6550 6630 6660 6550 57686
2013.02.25  6420 6530 6550 6350 94485
2013.02.26  6500 6420 6530 6420 9627
2013.02.27  6590 6460 6590 6460 27938
2013.02.28  6570 6610 6630 6530 12853
2013.03.04  6550 6620 6620 6520 21823
2013.03.05  6570 6520 6600 6520 23193
2013.03.06  6530 6580 6610 6500 25864
2013.03.07  6510 6570 6570 6460 19148
2013.03.08  6500 6480 6550 6470 15819
2013.03.11  6530 6470 6530 6440 12396
2013.03.12  6560 6520 6560 6490 23934
2013.03.13  6700 6600 6760 6510 58482
2013.03.14  6700 6750 6780 6680 16097
2013.03.15  6750 6700 6750 6620 24343
2013.03.18  6670 6760 6780 6660 15009
2013.03.19  6670 6640 6700 6630 21315
2013.03.20  6700 6650 6700 6590 35492
2013.03.21  6670 6710 6710 6610 18467
2013.03.22  6660 6630 6700 6630 14274
2013.03.25  6630 6700 6700 6580 27757
2013.03.26  6690 6660 6690 6620 15268
2013.03.27  6700 6690 6710 6640 20627
2013.03.28  6800 6700 6800 6660 31873
2013.03.29  6820 6770 6830 6730 31068
2013.04.01  6750 6830 6830 6690 39606
2013.04.02  6700 6800 6800 6690 21149
2013.04.03  6690 6660 6730 6660 10813
2013.04.04  6680 6720 6720 6510 45305
2013.04.05  6630 6680 6680 6590 19216
2013.04.08  6520 6630 6670 6480 71791
2013.04.09  6370 6540 6540 6250 92331
2013.04.10  6370 6370 6400 6260 32743
2013.04.11  6410 6380 6530 6200 58679
2013.04.12  6400 6410 6500 6400 13492
2013.04.15  6350 6440 6450 6300 42149
2013.04.16  6250 6300 6340 6250 25125
2013.04.17  6240 6270 6360 6200 30960
2013.04.18  6100 6210 6260 6100 43805
2013.04.19  6200 6110 6220 6090 24604
2013.04.22  6250 6200 6280 6200 8397
2013.04.23  6600 6250 6600 6230 57202
2013.04.24  6600 6600 6610 6460 17332
2013.04.25  6540 6600 6600 6500 8621
2013.04.26  6660 6600 6670 6560 85944
2013.04.29  6660 6690 6690 6600 35404
2013.04.30  6690 6700 6770 6650 34235
2013.05.02  6570 6730 6750 6570 12760
2013.05.03  6670 6660 6730 6590 17917
2013.05.06  6530 6710 6730 6510 23478
2013.05.07  6630 6540 6680 6540 8449
2013.05.08  6750 6680 6780 6640 32272
2013.05.09  6750 6750 6770 6660 19079
2013.05.10  6840 6750 6950 6720 63391
2013.05.13  6660 6920 6920 6660 41928
2013.05.14  6690 6660 6740 6530 66915
2013.05.15  6680 6700 6790 6600 12304
2013.05.16  6600 6690 6690 6570 25081
2013.05.20  6530 6570 6630 6500 37606
2013.05.21  6530 6500 6560 6440 35031
2013.05.22  6530 6560 6670 6500 15342
2013.05.23  6460 6620 6620 6460 18713
2013.05.24  6470 6500 6570 6400 17391
2013.05.27  6610 6490 6690 6470 19383
2013.05.28  6670 6600 6670 6500 19566
2013.05.29  6610 6650 6720 6600 20331
2013.05.30  6600 6620 6690 6600 16708
2013.05.31  6650 6600 6660 6500 28917
2013.06.03  6610 6650 6690 6560 24585
2013.06.04  6600 6640 6670 6550 17686
2013.06.05  6520 6610 6650 6500 24808
2013.06.07  6520 6520 6610 6450 21826
2013.06.10  6620 6590 6680 6520 18848
2013.06.11  6590 6600 6640 6480 22742
2013.06.12  6580 6600 6620 6500 5754
2013.06.13  6520 6580 6600 6430 42615
2013.06.14  6510 6540 6590 6470 7633
2013.06.17  6500 6470 6530 6410 13141
2013.06.18  6500 6440 6540 6440 11249
2013.06.19  6490 6490 6550 6440 9762
2013.06.20  6420 6490 6490 6400 7338
2013.06.21  6400 6390 6470 6340 8486
2013.06.24  6380 6400 6500 6380 5635
2013.06.25  6310 6380 6400 6200 25292
2013.06.26  6270 6220 6330 6200 9674
2013.06.27  6380 6330 6420 6270 8306
2013.06.28  6440 6430 6470 6370 4928
2013.07.01  6430 6480 6480 6400 7750
2013.07.02  6410 6420 6460 6360 5634
2013.07.03  6510 6440 6530 6410 42260
2013.07.04  6580 6530 6650 6510 23319
2013.07.05  6580 6580 6630 6540 9954
2013.07.08  6580 6590 6650 6490 3367
2013.07.09  6520 6570 6580 6460 5297
2013.07.10  6490 6500 6560 6470 3481
2013.07.11  6530 6530 6540 6400 5122
2013.07.12  6480 6540 6560 6440 2917
2013.07.15  6500 6550 6550 6450 8626
2013.07.16  6540 6540 6600 6510 9330
2013.07.17  6570 6560 6620 6530 16508
2013.07.18  6570 6560 6610 6520 3651
2013.07.19  6580 6540 6620 6500 6471
2013.07.22  6540 6550 6610 6500 16838
2013.07.23  6600 6450 6610 6450 9346
2013.07.24  6610 6610 6620 6560 4644
2013.07.25  6600 6570 6640 6570 11177
2013.07.26  6600 6600 6650 6540 8074
2013.07.29  6550 6550 6620 6510 3866
2013.07.30  6520 6510 6600 6500 10083
2013.07.31  6550 6530 6580 6520 9888
2013.08.01  6540 6550 6590 6510 5085
2013.08.02  6550 6520 6570 6510 6658
2013.08.05  6540 6490 6580 6490 8428
2013.08.06  6570 6530 6590 6490 9426
2013.08.07  6510 6570 6600 6510 4665
2013.08.08  6550 6520 6590 6500 5336
2013.08.09  6500 6520 6590 6470 6434
2013.08.12  6490 6540 6540 6450 2838
2013.08.13  6380 6500 6510 6370 21580
2013.08.14  6460 6430 6490 6380 11515
2013.08.16  6450 6420 6460 6370 9575
2013.08.19  6450 6410 6470 6370 12331
2013.08.20  6520 6440 6540 6400 21552
2013.08.21  6470 6490 6560 6400 14723
2013.08.22  6350 6230 6450 6230 10927
2013.08.23  6350 6340 6420 6330 11376
2013.08.26  6380 6390 6400 6360 3097
2013.08.27  6370 6380 6400 6330 5553
2013.08.28  6440 6370 6470 6330 25844
2013.08.29  6440 6400 6460 6390 7396
2013.08.30  6760 6500 6790 6500 92245
2013.09.02  6760 6760 6800 6640 26329
2013.09.03  6730 6780 6780 6670 8417
2013.09.04  6710 6700 6770 6650 24080
2013.09.05  6700 6760 6860 6670 37505
2013.09.06  6720 6680 6810 6670 20945
2013.09.09  6700 6760 6770 6660 13657
2013.09.10  6860 6700 6860 6690 69665
2013.09.11  6820 6860 6890 6770 26382
2013.09.12  6820 6800 6870 6750 17987
2013.09.13  6790 6870 6870 6730 9057
2013.09.16  6790 6800 6820 6750 14683
2013.09.17  6760 6800 6830 6720 11062
2013.09.23  6780 6750 6840 6740 14489
2013.09.24  6800 6780 6810 6690 8016
2013.09.25  6720 6860 6860 6700 7728
2013.09.26  6730 6770 6800 6620 27552
2013.09.27  6700 6700 6770 6650 17885
2013.09.30  6740 6700 6770 6670 15709
2013.10.01  6690 6720 6730 6620 15280
2013.10.02  6710 6690 6750 6660 12498
2013.10.04  6730 6720 6740 6710 13110
2013.10.07  6810 6750 6850 6730 35477
2013.10.08  6780 6810 6850 6780 13366
2013.10.10  6770 6780 6790 6700 17362
2013.10.11  6800 6770 6800 6720 15201
2013.10.14  6830 6770 6840 6740 30936
2013.10.15  7050 6840 7100 6810 101199
2013.10.16  7130 7000 7200 7000 101109
2013.10.17  7080 7150 7190 7030 29907
2013.10.18  7120 7090 7150 7060 23744
2013.10.21  7120 7280 7280 7060 25281
2013.10.22  7090 7070 7150 6990 38008
2013.10.23  7110 7140 7190 6990 37299
2013.10.24  7130 7110 7140 7040 15064
2013.10.25  7110 7110 7160 7040 27163
2013.10.28  7240 7110 7310 7100 47661
2013.10.29  7230 7200 7290 7170 23867
2013.10.30  7260 7210 7300 7180 24017
2013.10.31  7180 7290 7300 7180 13883
2013.11.01  7210 7180 7280 7170 15786
2013.11.04  7220 7220 7270 7190 18111
2013.11.05  7220 7210 7350 7160 32076
2013.11.06  7210 7200 7280 7170 11727
2013.11.07  7210 7210 7230 7150 21498
2013.11.08  7290 7190 7300 7150 23396
2013.11.11  7280 7270 7310 7220 12463
2013.11.12  7280 7280 7330 7230 17063
2013.11.13  7250 7290 7320 7190 10009
2013.11.14  7250 7260 7270 7170 11011
2013.11.15  7270 7270 7280 7180 19624
2013.11.18  7250 7230 7280 7170 16942
2013.11.19  7240 7210 7260 7170 14075
2013.11.20  7200 7240 7270 7180 13047
2013.11.21  7230 7210 7260 7190 8613
2013.11.22  7230 7230 7240 7180 8831
2013.11.25  7240 7230 7250 7200 6970
2013.11.26  7260 7240 7260 7210 4509
2013.11.27  7310 7260 7320 7170 19238
2013.11.28  7570 7330 7770 7320 59928
2013.11.29  7570 7610 7670 7520 22983
2013.12.02  7710 7570 7850 7570 61025
2013.12.03  7620 7770 7780 7500 41891
2013.12.04  7560 7600 7650 7460 28656
2013.12.05  7570 7530 7580 7500 19921
2013.12.06  7590 7570 7610 7540 17702
2013.12.09  7630 7590 7640 7560 13711
2013.12.10  7610 7660 7700 7560 19185
2013.12.11  7480 7580 7600 7410 19678
2013.12.12  7480 7460 7490 7350 14193
2013.12.13  7490 7420 7490 7380 16293
2013.12.16  7350 7460 7540 7340 20576
2013.12.17  7350 7400 7420 7190 23329
2013.12.18  7390 7350 7430 7340 6862
2013.12.19  7380 7350 7440 7320 15131
2013.12.20  7310 7340 7390 7310 23244
2013.12.23  7390 7310 7420 7290 6718
2013.12.24  7370 7360 7400 7280 13376
2013.12.26  7350 7360 7390 7240 16381
2013.12.27  7100 7200 7260 7050 25629
2013.12.30  7100 7060 7120 7020 8698
2014.01.02  7100 7100 7150 7090 7972
2014.01.03  7160 7090 7190 7070 12250
2014.01.06  7090 7150 7190 7050 22131
2014.01.07  7080 7070 7110 7020 17200
2014.01.08  7030 7110 7110 6970 19627
2014.01.09  7020 7000 7050 6980 11020
2014.01.10  6990 7000 7010 6920 25666
2014.01.13  7010 6980 7040 6970 23537
2014.01.14  7130 7000 7160 6990 47377
2014.01.15  7180 7140 7190 7130 25775
2014.01.16  7370 7180 7440 7180 39742
2014.01.17  7360 7380 7390 7190 23670
2014.01.20  7340 7340 7360 7290 13591
2014.01.21  7270 7240 7300 7080 19025
2014.01.22  7140 7280 7280 7060 28723
2014.01.23  7140 7100 7190 7100 22107
2014.01.24  7180 7140 7200 7130 31337
2014.01.27  7310 7150 7310 7130 47331
2014.01.28  7300 7320 7380 7250 31053
2014.01.29  7350 7320 7390 7260 14549
2014.02.03  7300 7350 7380 7230 10517
2014.02.04  7320 7290 7320 7170 22101
2014.02.05  7380 7320 7410 7320 21750
2014.02.06  7470 7380 7490 7380 13871
2014.02.07  7480 7470 7540 7420 26969
2014.02.10  7560 7510 7660 7480 39364
2014.02.11  7340 7630 7630 7320 53225
2014.02.12  7290 7350 7370 7140 89547
2014.02.13  7380 7340 7580 7260 32812
2014.02.14  7390 7340 7430 7320 14187
2014.02.17  7370 7410 7440 7300 14092
2014.02.18  7340 7420 7420 7230 9958
2014.02.19  7370 7400 7410 7290 17306
2014.02.20  7380 7400 7430 7300 27330
2014.02.21  7410 7400 7420 7350 22426
2014.02.24  7390 7410 7510 7380 18757
2014.02.25  7570 7390 7580 7390 53711
2014.02.26  7660 7570 7740 7570 46480
2014.02.27  7680 7730 7790 7610 23188
2014.02.28  7710 7700 7730 7660 30413
2014.03.03  7960 7710 8000 7710 42951
2014.03.04  7900 7960 8040 7850 24122
2014.03.05  7860 7930 7940 7810 20098
2014.03.06  7850 7910 7910 7770 18013
2014.03.07  7800 7850 7950 7790 21665
2014.03.10  7830 7850 7870 7760 11605
2014.03.11  7940 7780 7950 7780 36878
2014.03.12  7920 7960 8040 7900 18570
2014.03.13  7960 7940 7980 7870 22172
2014.03.14  7890 7950 7950 7860 9467
2014.03.17  7720 7940 7950 7690 37313
2014.03.18  7740 7740 7900 7690 19533
2014.03.19  7770 7790 7810 7700 7133
2014.03.20  7790 7760 7820 7710 10966
2014.03.21  7800 7790 7850 7700 30951
2014.03.24  7770 7770 7840 7670 18829
2014.03.25  7730 7820 7820 7650 24197
2014.03.26  7700 7710 7750 7650 12017
2014.03.27  7590 7690 7690 7590 22226
2014.03.28  7600 7590 7640 7510 10888
2014.03.31  7440 7580 7620 7390 37244
2014.04.01  7400 7450 7470 7400 21717
2014.04.02  7520 7440 7530 7410 26481
2014.04.03  7650 7530 7650 7520 25785
2014.04.04  7690 7660 7690 7600 21343
2014.04.07  7510 7690 7690 7500 20912
2014.04.08  7270 7510 7570 7270 28849
2014.04.09  7380 7320 7430 7320 44241
2014.04.10  7420 7420 7440 7340 21945
2014.04.11  7420 7380 7420 7340 19356
2014.04.14  7430 7400 7450 7370 12281
2014.04.15  7450 7430 7470 7390 20968
2014.04.16  7540 7430 7540 7430 11210
2014.04.17  7560 7520 7580 7520 13706
2014.04.18  7560 7560 7570 7490 8196
2014.04.21  7530 7520 7560 7460 9914
2014.04.22  7570 7530 7620 7440 32427
2014.04.23  7570 7560 7600 7410 13680
2014.04.24  7500 7540 7570 7450 16688
2014.04.25  7440 7520 7540 7400 21185
2014.04.28  7340 7400 7450 7300 21393
2014.04.29  7400 7330 7430 7220 30831
2014.04.30  7390 7380 7430 7330 12227
2014.05.02  7340 7370 7440 7320 8727
2014.05.07  7240 7310 7360 7190 20829
2014.05.08  7240 7240 7330 7210 7287
2014.05.09  7320 7230 7340 7200 17913
2014.05.12  7330 7330 7360 7300 8849
2014.05.13  7350 7320 7370 7290 12980
2014.05.14  7420 7350 7420 7320 23416
2014.05.15  7530 7500 7530 7420 10293
2014.05.16  7480 7530 7540 7430 29448
2014.05.19  7510 7470 7510 7390 32312
2014.05.20  7530 7580 7600 7480 14761
2014.05.21  7530 7510 7580 7430 25580
2014.05.22  7690 7530 7700 7530 36373
2014.05.23  7640 7670 7720 7610 14102
2014.05.26  7640 7780 7800 7600 11992
2014.05.27  7600 7640 7690 6500 33061
2014.05.28  7630 7620 7630 7460 24911
2014.05.29  7640 7640 7700 7570 3465
2014.05.30  7610 7640 7680 7570 14476
2014.06.02  7540 7580 7640 7460 20620
2014.06.03  7490 7540 7650 7450 11918
2014.06.05  7530 7520 7580 7400 24814
2014.06.09  7550 7530 7570 7460 12433
2014.06.10  7550 7550 7620 7480 9011
2014.06.11  7540 7570 7570 7490 5127
2014.06.12  7500 7540 7570 7440 5001
2014.06.13  7510 7540 7540 7450 5501
2014.06.16  7500 7600 7600 7460 2823
2014.06.17  7460 7500 7540 7450 11604
2014.06.18  7440 7460 7500 7410 16224
2014.06.19  7490 7510 7580 7400 6659
2014.06.20  7450 7440 7500 7410 6623
2014.06.23  7440 7460 7480 7420 7599
2014.06.24  7410 7420 7470 7360 10325
2014.06.25  7390 7450 7450 7350 4834
2014.06.26  7400 7400 7450 7360 9687
2014.06.27  7410 7390 7430 7370 8171
2014.06.30  7400 7410 7430 7370 7506
2014.07.01  7400 7400 7540 7360 4361
2014.07.02  7320 7400 7400 7320 8971
2014.07.03  7320 7420 7420 7270 11954
2014.07.04  7340 7400 7400 7230 19726
2014.07.07  7400 7400 7410 7330 5327
2014.07.08  7420 7450 7450 7340 12642
2014.07.09  7330 7370 7430 7330 11347
2014.07.10  7370 7370 7400 7290 12904
2014.07.11  7310 7320 7350 7260 10989
2014.07.14  7270 7260 7300 7210 13920
2014.07.15  7280 7270 7350 7200 10932
2014.07.16  7370 7260 7370 7240 8008
2014.07.17  7370 7400 7400 7330 1696
2014.07.18  7360 7350 7390 7320 3630
2014.07.21  7380 7330 7400 7310 1869
2014.07.22  7340 7400 7400 7260 6293
2014.07.23  7420 7340 7430 7290 14355
2014.07.24  7410 7470 7470 7380 3016
2014.07.25  7440 7450 7470 7360 8236
2014.07.28  7440 7510 7520 7380 11513
2014.07.29  7410 7410 7460 7360 13406
2014.07.30  7380 7400 7410 7340 7259
2014.07.31  7390 7420 7420 7330 6212
2014.08.01  7370 7390 7390 7290 4025
2014.08.04  7360 7310 7430 7300 7014
2014.08.05  7400 7360 7420 7320 6352
2014.08.06  7360 7380 7400 7320 6455
2014.08.07  7400 7360 7440 7340 10029
2014.08.08  7380 7400 7400 7340 6320
2014.08.11  7400 7380 7400 7350 4976
2014.08.12  7410 7380 7420 7310 10928
2014.08.13  7410 7390 7420 7360 5525
2014.08.14  7550 7400 7670 7360 22734
2014.08.18  8150 7570 8180 7570 106390
2014.08.19  8100 8200 8270 8020 56917
2014.08.20  8100 8140 8160 8060 24770
2014.08.21  8320 8140 8390 8090 43486
2014.08.22  8250 8340 8340 8110 21866
2014.08.25  8040 8250 8260 7980 23573
2014.08.26  7940 8030 8080 7880 24319
2014.08.27  8100 7970 8210 7960 16185
2014.08.28  8220 8150 8240 8110 14420
2014.08.29  8190 8250 8260 8150 11843
2014.09.01  8230 8240 8300 8170 12494
2014.09.02  8130 8180 8240 8130 8476
2014.09.03  8170 8170 8220 8100 6349
2014.09.04  8200 8170 8210 8090 7458
2014.09.05  8180 8210 8210 8150 6321
2014.09.11  8240 8180 8240 8130 21785
2014.09.12  8310 8270 8310 8120 23632
2014.09.15  8780 8310 8900 8300 68364
2014.09.16  8840 8850 8900 8720 40125
2014.09.17  8830 8800 8910 8720 16111
2014.09.18  9030 8830 9030 8800 56785
2014.09.19  9080 9040 9100 8950 27185
2014.09.22  9070 9100 9300 8990 22323
2014.09.23  9110 9070 9120 8810 23330
2014.09.24  9130 9070 9190 9070 10856
2014.09.25  9080 9110 9180 8970 17029
2014.09.26  9150 9000 9150 8950 12914
2014.09.29  9170 9100 9220 9100 17829
2014.09.30  9180 9170 9200 9110 9226
2014.10.01  9050 9150 9300 8990 21352
2014.10.02  8890 8990 9080 8890 13728
2014.10.06  9080 8890 9080 8840 15616
2014.10.07  9140 9070 9350 9060 17670
2014.10.08  9140 9180 9200 8990 21322
2014.10.10  9130 9060 9140 9010 7619
2014.10.13  9100 9040 9150 8800 20263
2014.10.14  9190 9130 9190 8850 19907
2014.10.15  9340 9190 9350 9050 20165
2014.10.16  9290 9340 9340 9210 16107
2014.10.17  9470 9380 9650 9290 27863
2014.10.20  9480 9470 9480 9390 21145
2014.10.21  9440 9530 9530 9360 19901
2014.10.22  9550 9430 9560 9430 19922
2014.10.23  9580 9550 9580 9350 17383
2014.10.24  9430 9580 9600 9400 13926
2014.10.27  9150 9430 9430 9050 18816
2014.10.28  8960 9170 9170 8950 24463
2014.10.29  9020 8960 9050 8810 26395
2014.10.30  9360 9020 9360 9020 9922
2014.10.31  9220 9340 9350 9060 7871
2014.11.03  9310 9170 9320 9170 27108
2014.11.04  9300 9320 9470 9200 11668
2014.11.05  9320 9290 9320 9190 9602
2014.11.06  9340 9300 9340 9130 9999
2014.11.07  9240 9260 9330 9170 8007
2014.11.10  8990 9200 9290 8990 7084
2014.11.11  9060 8990 9060 8830 15018
2014.11.12  9050 9030 9120 8960 2490
2014.11.13  9040 9050 9100 8900 7705
2014.11.14  9050 8830 9080 8830 5451
2014.11.17  8960 9030 9090 8890 5908
2014.11.18  8990 8900 8990 8900 5942
2014.11.19  9020 9000 9030 8930 2877
2014.11.20  9110 9010 9140 8970 11518
2014.11.21  9120 9140 9190 9090 6393
2014.11.24  9110 9120 9180 8990 6239
2014.11.25  9130 9190 9190 8990 4494
2014.11.26  9100 9170 9170 9020 7355
2014.11.27  9100 9100 9150 9050 3014
2014.11.28  9040 9010 9130 8990 3899
2014.12.01  9050 9160 9190 9020 2024
2014.12.02  9070 9000 9100 8890 8430
2014.12.03  9000 9000 9070 8920 7098
2014.12.04  8980 9000 9190 8850 15476
2014.12.05  8940 8980 9160 8860 7070
2014.12.08  8890 8890 9000 8710 8851
2014.12.09  8940 8820 9040 8710 5414
2014.12.10  8930 8930 8990 8820 1936
2014.12.11  8870 8840 8990 8770 3401
2014.12.12  8730 8810 8900 8730 6479
2014.12.15  8840 8900 8900 8720 13991
2014.12.16  8820 8820 8860 8730 3949
2014.12.17  8850 8770 8860 8740 2541
2014.12.18  8770 8800 8870 8690 9259
2014.12.19  8750 8720 8840 8720 9617
2014.12.22  8700 8720 8770 8660 4612
2014.12.23  8870 8720 8870 8710 15630
2014.12.24  8760 8830 8890 8760 30515
2014.12.26  8740 8780 8820 8700 23396
2014.12.29  8480 8670 8670 8400 6243
2014.12.30  8500 8310 8560 8150 49239
2015.01.02  8490 8470 8520 8410 3024
2015.01.05  8400 8500 8550 8170 42390
2015.01.06  8450 8550 8550 8360 15457
2015.01.07  8400 8400 8550 8320 1263
2015.01.08  8350 8490 8490 8250 2481
2015.01.09  8270 8160 8470 8160 7490
2015.01.12  8100 8250 8260 8100 33477
2015.01.13  8100 8060 8170 8060 16486
2015.01.14  8030 8100 8150 8020 18315
2015.01.15  8150 8080 8230 8030 6877
2015.01.16  8150 8160 8230 8100 2265
2015.01.19  8180 8220 8230 8130 16138
2015.01.20  8250 8120 8250 8120 11617
2015.01.21  8250 8280 8380 8150 11740
2015.01.22  8270 8250 8370 8170 8541
2015.01.23  8270 8290 8350 8220 4250
2015.01.26  8300 8360 8360 8170 6230
2015.01.27  8300 8350 8350 8230 6148
2015.01.28  8300 8300 8350 8220 5168
2015.01.29  8290 8270 8330 8230 6592
2015.01.30  8300 8300 8350 8220 6570
2015.02.02  8290 8300 8350 8250 10217
2015.02.03  8290 8340 8360 8270 7290
2015.02.04  8350 8250 8360 8250 8777
2015.02.05  8420 8360 8450 8300 9617
2015.02.06  8610 8450 9390 8420 37932
2015.02.09  8720 8690 9000 8430 29304
2015.02.10  8990 8750 9060 8700 47812
2015.02.11  9010 8990 9290 8900 17067
2015.02.12  8900 9050 9050 8820 21413
2015.02.13  8890 9040 9040 8790 21778
2015.02.16  9080 8890 9100 8800 16063
2015.02.17  9020 9060 9080 8860 9107
2015.02.23  9020 9020 9200 8990 14896
2015.02.24  9000 8990 9030 8800 15104
2015.02.25  9160 9040 9690 9000 69905
2015.02.26  8990 9200 9300 8980 61258
2015.02.27  9050 8990 9090 8980 5626
2015.03.02  9040 9040 9080 8840 17037
2015.03.03  9050 9170 9170 8990 5060
2015.03.04  9070 9030 9080 8950 6974
2015.03.05  9150 9060 9150 8980 12686
2015.03.06  9150 9150 9270 9110 11136
2015.03.09  9170 9200 9250 8910 38660
2015.03.10  9150 9240 9250 9000 16001
2015.03.11  9140 9140 9150 9060 13700
2015.03.12  9200 9140 9220 9120 10264
2015.03.13  9210 9220 9240 9120 25823
2015.03.16  9210 9230 9240 9150 9743
2015.03.17  9110 9180 9230 9100 6506
2015.03.18  9190 9130 9200 9100 7131
2015.03.19  9210 9220 9250 9140 5098
2015.03.20  9200 9170 9310 9150 7263
2015.03.23  9470 9200 9650 9150 10444
2015.03.24  9630 9480 9650 9450 10379
2015.03.25  9700 9660 9720 9590 12476
2015.03.26  10000 9700 10300 9600 21119
2015.03.27  10000 10050 10200 9830 15001
2015.03.30  9950 9980 10150 9860 18746
2015.03.31  9980 9980 10100 9870 8370
2015.04.01  10050 9920 10150 9900 7875
2015.04.02  10050 10000 10100 9980 5998
2015.04.03  10300 10050 10600 10000 20244
2015.04.06  10700 10500 11300 10500 40650
2015.04.07  11100 10950 11100 10650 20506
2015.04.08  10800 11200 11400 10350 75330
2015.04.09  10200 10700 10750 10100 57066
2015.04.10  10450 10300 10600 10100 28345
2015.04.13  10550 10300 10600 10200 24030
2015.04.14  10350 10500 10700 10200 20762
2015.04.15  10400 10500 10600 10050 16811
2015.04.16  10450 10350 10550 10200 27974
2015.04.17  10650 10550 10750 10350 21076
2015.04.20  10650 10500 10750 10450 10133
2015.04.21  10400 10550 10700 10350 15557
2015.04.22  10400 10600 10600 9940 62949
2015.04.23  10450 10400 10600 10050 21967
2015.04.24  10450 10450 10500 10150 7173
2015.04.27  10500 10350 10550 10300 17396
2015.04.28  10650 10600 10750 10300 19902
2015.04.29  10650 10700 10950 10400 21405
2015.04.30  10400 10700 10800 10150 16864
2015.05.04  10300 10400 10500 10150 11083
2015.05.06  10250 10350 10450 10000 15836
2015.05.07  10200 10150 10300 10000 15103
2015.05.08  10550 10200 10600 10150 15892
2015.05.11  10650 10550 10650 10400 9218
2015.05.12  10700 11000 11000 10650 17300
2015.05.13  10700 10700 10850 10500 5733
2015.05.14  10750 10700 10750 10550 6261
2015.05.15  10700 10750 10750 10350 19410
2015.05.18  10350 10700 10700 10350 10521
2015.05.19  10300 10500 10500 10250 9460
2015.05.20  10400 10550 10550 10300 7503
2015.05.21  10450 10400 10650 10350 10042
2015.05.22  10550 10550 10600 10400 11638
2015.05.26  10600 10550 10650 10400 9386
2015.05.27  10400 10450 10600 10250 20153
2015.05.28  10400 10550 10550 10250 10174
2015.05.29  10500 10400 10500 10250 12935
2015.06.01  10450 10550 10550 10300 8974
2015.06.02  10350 10450 10450 10150 9917
2015.06.03  10500 10200 10500 10100 17744
2015.06.04  10850 10550 11300 10500 33277
2015.06.05  10800 10900 10900 10550 9100
2015.06.08  10450 10850 10850 10350 35098
2015.06.09  10500 10450 10550 10300 10618
2015.06.10  10400 10500 10550 10150 25793
2015.06.11  10450 10250 10450 10250 7284
2015.06.12  10450 10550 10600 10350 15281
2015.06.15  10850 10550 11250 10500 23969
2015.06.16  11550 10900 11650 10800 71354
2015.06.17  11550 11700 11700 11250 23987
2015.06.18  11650 11550 11650 11200 25207
2015.06.19  12100 11750 12400 11650 31777
2015.06.22  12300 12200 12300 11800 16748
2015.06.23  12200 12300 12300 11950 17561
2015.06.24  11900 12150 12150 11800 18201
2015.06.25  11650 12000 12000 11550 24345
2015.06.26  11700 11650 11850 11400 15733
2015.06.29  11650 11450 11750 11450 10714
2015.06.30  11700 11700 11750 11350 8832
2015.07.01  11600 11750 11800 11500 7816
2015.07.02  11950 11650 12150 11600 9048
2015.07.03  11900 12100 12100 11750 5860
2015.07.06  11650 11900 11900 11400 14677
2015.07.07  11400 11500 11700 11400 15377
2015.07.08  11400 11500 11500 11300 6039
2015.07.09  11150 11550 11550 10800 27795
2015.07.10  11150 11050 11300 11050 6495
2015.07.13  11300 11150 11300 10900 8625
2015.07.14  11400 11500 11550 11100 10644
2015.07.15  12000 11300 12000 11100 21556
2015.07.16  11900 11800 11900 11400 19088
2015.07.17  11700 11900 11900 11550 9226
2015.07.20  11200 11700 11800 11000 26642
2015.07.21  10950 11200 11300 10850 44297
2015.07.22  10500 10850 10900 10400 45292
2015.07.23  10850 10450 11000 10450 35766
2015.07.24  11050 10900 11150 10750 12293
2015.07.27  10900 10850 11000 10650 5421
2015.07.28  10850 10750 10900 10350 17722
2015.07.29  10850 10850 10850 10500 11489
2015.07.30  10400 10850 10850 10300 15046
2015.07.31  10350 10350 10550 10100 18482
2015.08.03  10100 10300 10500 10000 17195
2015.08.04  10100 10100 10200 9940 33319
2015.08.05  10200 10050 10200 10000 13256
2015.08.06  10100 10200 10200 10050 9984
2015.08.07  10150 10100 10200 10050 11413
2015.08.10  9960 10050 10050 9930 18569
2015.08.11  9990 9960 10000 9790 27221
2015.08.12  10000 9980 10050 9780 16630
2015.08.13  10450 10000 10700 9900 18335
2015.08.17  10650 10250 10650 9950 40342
2015.08.18  10800 10650 10800 10350 41913
2015.08.19  10250 10800 10850 10100 19653
2015.08.20  10300 10050 10400 9970 27027
2015.08.21  9830 10300 10300 9700 39530
2015.08.24  9410 9990 9990 9250 41839
2015.08.25  9590 9400 9590 8930 41624
2015.08.26  9950 9590 9950 9460 12822
2015.08.27  9960 9980 10000 9790 10887
2015.08.28  10150 9950 10250 9790 17714
2015.08.31  10200 10150 10250 10000 9906
2015.09.01  10250 10100 10400 10000 20334
2015.09.02  10350 10050 10350 10000 26680
2015.09.03  10600 10400 10900 10350 37737
2015.09.04  10600 10500 10700 10300 13572
2015.09.07  10600 10450 10650 10300 10821
2015.09.08  10500 10400 10600 10250 9386
2015.09.09  10500 10400 10550 10250 32281
2015.09.10  10450 10500 10550 10250 8902
2015.09.11  10550 10350 10600 10300 7971
2015.09.14  10650 10550 10650 10450 6398
2015.09.15  10750 10450 10850 10450 11182
2015.09.16  11100 10850 11100 10750 21673
2015.09.17  11150 11300 11300 10850 14542
2015.09.18  11450 11150 11450 10900 24302
2015.09.21  11750 11600 12050 11250 37082
2015.09.22  11800 11700 11950 11550 16406
2015.09.23  11450 11800 11800 11250 11077
2015.09.24  11550 11300 11550 11100 15168
2015.09.25  11500 11450 11650 11250 11865
2015.09.30  11550 11400 11600 11150 12151
2015.10.01  11150 11450 11650 10850 38647
2015.10.02  11250 11000 11300 10800 19713
2015.10.05  11500 11450 11600 11250 14947
2015.10.06  11500 11500 11600 11300 13777
2015.10.07  11300 11350 11500 10800 25696
2015.10.08  11350 11200 11500 11050 12496
2015.10.12  11150 11350 11350 11050 11476
2015.10.13  10950 11100 11250 10800 13872
2015.10.14  11000 10900 11200 10750 9135
2015.10.15  11100 10950 11100 10900 5780
2015.10.16  11450 11100 11450 11000 10666
2015.10.19  11450 11450 11600 11300 13264
2015.10.20  11200 11450 11500 11200 10207
2015.10.21  11200 11250 11600 11050 11853
2015.10.22  11050 11150 11350 11000 11897
2015.10.23  11100 11000 11200 10950 5491
2015.10.26  11100 11200 11200 10950 7068
2015.10.27  10850 11100 11100 10850 10154
2015.10.28  11000 10950 11000 10800 2127
2015.10.29  11100 11250 11250 10900 3650
2015.10.30  10950 11000 11150 10800 9024
2015.11.02  10850 10950 11050 10600 11732
2015.11.03  10650 10750 10850 10550 8964
2015.11.04  10550 10550 10650 10350 7726
2015.11.05  10650 10400 10700 10350 9795
2015.11.06  10750 10600 10750 10400 8893
2015.11.09  10250 10750 10750 10200 27269
2015.11.10  10300 10300 10300 10000 11632
2015.11.11  10400 10300 10450 10250 6004
2015.11.12  10550 10400 10600 10350 4794
2015.11.13  10550 10500 10550 10300 4941
2015.11.16  10500 10500 10550 10100 10971
2015.11.17  10500 10550 10550 10250 9376
2015.11.18  10500 10400 10600 10300 6939
2015.11.19  10350 10350 10500 10200 11909
2015.11.20  10000 10350 10350 9990 52499
2015.11.23  10200 10100 10200 9980 13596
2015.11.24  10250 10050 10300 10050 5841
2015.11.25  10200 10150 10250 10050 6680
2015.11.26  10150 10150 10200 10050 10260
2015.11.27  10200 10150 10250 10100 4743
2015.11.30  9980 10200 10200 9980 20447
2015.12.01  10050 9980 10100 9960 7081
2015.12.02  10000 10000 10050 9940 10250
2015.12.03  10150 10000 10150 9970 16329
2015.12.04  10000 10150 10150 9970 11936
2015.12.07  9950 10000 10050 9940 11107
2015.12.08  9930 9940 9990 9900 9060
2015.12.09  9550 9920 10000 9480 35908
2015.12.10  9500 9510 9560 9390 17581
2015.12.11  9410 9500 9500 9390 8987
2015.12.14  9220 9410 9410 9210 15618
2015.12.15  9270 9200 9380 9080 19185
2015.12.16  9400 9220 9460 9220 11444
2015.12.17  9520 9450 9540 9380 13576
2015.12.18  9680 9500 9710 9370 11473
2015.12.21  9730 9660 9780 9540 17152
2015.12.22  9730 9730 9810 9640 9847
2015.12.23  9930 9730 9930 9730 22470
2015.12.24  10050 9930 10100 9830 17094
2015.12.28  10050 10350 10350 9600 24720
2015.12.29  9710 9980 9980 9510 34064
2015.12.30  9710 9650 9730 9610 2389
2016.01.04  9610 9650 9760 9590 7925
2016.01.05  9550 9610 9620 9400 5582
2016.01.06  9430 9540 9550 9260 10648
2016.01.07  9090 9430 9430 9050 23728
2016.01.08  8960 9070 9070 8810 13718
2016.01.11  8670 8990 9130 8670 25333
2016.01.12  8670 8670 8800 8590 11867
2016.01.13  8800 8760 8840 8600 15254
2016.01.14  8790 8800 8840 8670 8132
2016.01.15  8910 8790 8930 8690 7508
2016.01.18  9040 8890 9070 8810 9125
2016.01.19  8950 9040 9110 8900 7639
2016.01.20  8710 9100 9100 8560 27499
2016.01.21  8870 8710 8980 8340 32777
2016.01.22  9050 8830 9090 8810 8179
2016.01.25  9200 9050 9210 8990 18607
2016.01.26  9130 9200 9200 8940 5113
2016.01.27  9180 9130 9240 9050 7331
2016.01.28  9210 9180 9280 9050 7235
2016.01.29  9260 9200 9290 9170 4750
2016.02.01  9290 9230 9310 9110 7420
2016.02.02  9310 9240 9490 9240 8161
2016.02.03  9270 9250 9380 9130 7792
2016.02.04  9210 9240 9420 9200 5887
2016.02.05  9650 9300 9790 9280 61168
2016.02.11  9640 9550 9660 9500 14129
2016.02.12  9490 9560 9630 9220 18647
2016.02.15  9490 9560 9560 9390 8312
2016.02.16  9640 9500 9650 9500 5686
2016.02.17  9640 9640 9670 9580 11962
2016.02.18  9660 9640 9730 9550 10678
2016.02.19  9570 9620 9700 9400 25106
2016.02.22  9600 9570 9620 9470 15102
2016.02.23  9610 9630 9670 9520 5921
2016.02.24  9660 9630 9670 9600 6238
2016.02.25  9600 9680 9750 9360 20246
2016.02.26  9530 9640 9690 9430 14697
2016.02.29  9360 9530 9600 9300 15889
2016.03.02  9390 9400 9490 9350 13877
2016.03.03  9410 9370 9540 9350 6615
2016.03.04  9610 9410 9610 9300 19197
2016.03.07  9610 9650 9650 9450 8273
2016.03.08  9620 9550 9630 9500 3747
2016.03.09  9600 9620 9640 9530 7323
2016.03.10  9610 9620 9650 9580 8759
2016.03.11  9600 9610 9640 9560 6482
2016.03.14  9610 9650 9650 9500 6508
2016.03.15  9690 9610 9690 9550 16306
2016.03.16  9750 9690 9770 9640 9599
2016.03.17  9720 9750 9750 9640 10278
2016.03.18  9690 9700 9750 9640 4988
2016.03.21  9650 9700 9770 9630 7686
2016.03.22  9620 9650 9720 9500 11164
2016.03.23  9520 9600 9620 9490 14350
2016.03.24  9750 9540 9860 9530 14269
2016.03.25  9750 9700 9890 9610 15962
2016.03.28  9660 9690 9760 9510 20199
2016.03.29  9680 9660 9700 9600 10057
2016.03.30  9700 9680 9710 9650 9625
2016.03.31  9970 9800 10300 9800 25061
2016.04.01  10250 10150 10300 9970 13939
2016.04.04  10350 10250 10500 10100 21588
2016.04.05  10300 10350 10450 10200 8895
2016.04.06  10250 10300 10400 10050 8186
2016.04.07  10200 10150 10400 10150 7114
2016.04.08  10600 10250 11800 10250 185793
2016.04.11  10800 10700 10850 10400 22232
2016.04.12  10750 10750 10850 10500 21372
2016.04.14  10550 10750 10850 10450 28700
2016.04.15  10850 10600 10950 10400 19575
2016.04.18  10800 10950 10950 10500 11197
2016.04.19  10700 10750 10800 10500 15397
2016.04.20  10600 10850 10850 10550 10430
2016.04.21  10700 10700 10750 10500 13909
2016.04.22  10850 10700 10900 10650 20018
2016.04.25  10700 10800 10800 10550 11223
2016.04.26  10750 10750 10800 10500 27897
2016.04.27  10450 10750 10800 10400 34802
2016.04.28  10300 10500 10650 10150 12944
2016.04.29  10450 10300 10450 10200 10135
2016.05.02  10050 10300 10400 10000 30010
2016.05.03  10500 10200 10500 10050 9520
2016.05.04  10250 10450 10500 10250 8562
2016.05.09  10300 10250 10400 10000 10154
2016.05.10  10250 10200 10350 10050 6894
2016.05.11  10250 10250 10400 10150 12624
2016.05.12  10400 10250 10400 10200 1752
2016.05.13  10350 10300 10450 10200 6570
2016.05.16  10450 10300 10500 10200 6903
2016.05.17  10750 10500 10850 10200 41905
2016.05.18  10850 10800 10950 10750 16870
2016.05.19  10800 10900 11200 10700 41534
2016.05.20  11000 10850 11000 10700 31939
2016.05.23  11050 11000 11050 10900 34065
2016.05.24  11000 11050 11100 10800 28795
2016.05.25  11050 11000 11100 10850 14846
2016.05.26  11000 11050 11050 10700 14789
2016.05.27  11000 10950 11250 10950 9624
2016.05.30  10800 11100 11100 10750 11057
2016.05.31  10950 10800 10950 10600 15521
2016.06.01  10950 10750 10950 10650 10273
2016.06.02  10950 10850 11000 10800 8012
2016.06.03  10850 10900 10950 10800 8951
2016.06.07  10700 10800 10900 10700 14362
2016.06.08  10750 10800 10850 10650 6321
2016.06.09  10950 10800 11200 10800 20667
2016.06.10  10950 11000 11000 10850 7640
2016.06.13  11100 10900 11150 10800 20717
2016.06.14  11000 11100 11150 10850 9956
2016.06.15  10750 11100 11100 10600 27147
2016.06.16  10800 10900 10900 10700 8055
2016.06.17  10800 10750 10850 10650 7174
2016.06.20  10900 10700 11000 10650 8136
2016.06.21  10900 11000 11000 10850 7798
2016.06.22  10900 10950 11000 10850 4124
2016.06.23  10900 10950 11000 10800 11278
2016.06.24  10850 10950 11000 10550 40005
2016.06.27  10950 10700 10950 10400 24222
2016.06.28  11000 10950 11000 10850 17602
2016.06.29  11600 10950 11600 10950 52225
2016.06.30  12000 11650 12350 11300 80028
2016.07.01  12150 11750 12200 11750 23140
2016.07.04  11850 12150 12200 11750 17914
2016.07.05  11850 11900 12050 11600 23136
2016.07.06  11950 11850 11950 11750 23588
2016.07.07  12100 11950 12200 11900 7444
2016.07.08  12050 12100 12250 11850 10794
2016.07.11  11950 11900 12100 11800 13452
2016.07.12  12050 12100 12150 11900 19688
2016.07.13  11800 12050 12300 11500 62820
2016.07.14  11900 11900 11900 11800 9145
2016.07.15  11950 11900 12000 11600 29632
2016.07.18  12400 11950 12950 11900 65315
2016.07.19  12200 12600 12650 12150 22258
2016.07.20  12200 12350 12550 12000 20873
2016.07.21  12000 12200 12250 11950 16205
2016.07.22  12250 12050 12250 12000 11406
2016.07.25  12200 12200 12200 11850 14250
2016.07.26  12200 12200 12300 11950 21011
2016.07.27  12400 12250 12400 12050 10260
2016.07.28  12350 12450 12450 12200 3984
2016.07.29  12200 12400 12400 12150 8182
2016.08.01  12050 12200 12250 11950 14855
2016.08.02  12100 12000 12100 11900 4751
2016.08.03  12000 12000 12050 11850 7822
2016.08.04  11850 12100 12100 11850 4705
2016.08.05  12150 11900 12150 11900 6952
2016.08.08  12350 12150 12400 12050 7896
2016.08.09  12150 12350 12400 12050 10287
2016.08.10  12250 12050 12300 11900 14098
2016.08.11  12450 12250 12450 12150 14917
2016.08.12  13250 12800 13550 12700 119654
2016.08.16  13600 13400 13600 13250 39660
2016.08.17  13750 13650 14150 13400 53960
2016.08.18  13900 13950 13950 13650 21616
2016.08.19  13900 14000 14000 13600 27290
2016.08.22  13950 14000 14200 13750 13337
2016.08.23  13600 13950 13950 13500 29512
2016.08.24  13800 13650 13800 13250 22951
2016.08.25  13950 13900 14000 13650 18639
2016.08.26  13900 13800 14050 13700 11436
2016.08.29  13700 13750 13900 13550 9585
2016.08.30  13500 13750 13900 13500 11395
2016.08.31  13900 13350 13950 13350 13712
2016.09.01  13650 13900 13950 13550 23856
2016.09.02  13800 13750 13850 13600 9843
2016.09.05  13700 13800 13850 13600 10992
2016.09.06  13750 13700 13800 13650 5672
2016.09.07  14100 13800 14200 13700 38164
2016.09.08  14150 14100 14350 13900 23790
2016.09.09  14550 14400 14700 14150 79615
2016.09.12  14500 14450 14700 14200 36470
2016.09.13  14600 14700 14700 14350 12011
2016.09.19  13800 14500 14500 13800 49118
2016.09.20  13700 13800 14000 13450 38786
2016.09.21  13650 13800 13800 13400 32496
2016.09.22  13300 13500 13650 13100 61244
2016.09.23  13200 13300 13300 12850 37463
2016.09.26  13300 13200 13350 13000 16879
2016.09.27  13200 13300 13300 13050 8688
2016.09.28  13300 13200 13450 13150 18360
2016.09.29  13500 13400 13800 13300 64138
2016.09.30  13600 13450 13600 13250 14664
2016.10.04  13800 13600 13950 13550 41139
2016.10.05  13650 13800 13900 13550 15876
2016.10.06  13350 13700 13750 13100 44839
2016.10.07  13250 13300 13350 13100 7311
2016.10.10  13400 13200 13400 13100 4584
2016.10.11  13400 13300 13400 13150 7050
2016.10.12  13250 13350 13350 13050 8853
2016.10.13  13400 13150 13450 13100 17287
2016.10.14  13500 13350 13600 13300 16291
2016.10.17  13350 13600 13600 13350 7159
2016.10.18  13450 13500 13550 13200 14071
2016.10.19  13450 13350 13550 13250 4740
2016.10.20  13250 13600 13600 13000 23723
2016.10.21  12400 13100 13200 12400 42996
2016.10.24  12250 12400 12550 11950 31175
2016.10.25  12400 12250 12450 11900 18671
2016.10.26  12300 12300 12400 11950 12835
2016.10.27  12250 12300 12550 11950 31039
2016.10.28  12400 12200 12400 12150 9007
2016.10.31  12350 12400 12450 12100 9715
2016.11.01  12350 12350 12450 12050 2568
2016.11.02  12450 12350 12450 12100 11365
2016.11.03  12500 12450 12500 12350 3270
2016.11.04  12050 12450 12500 11850 35066
2016.11.07  11950 12000 12050 11550 34779
2016.11.08  12150 12000 12150 12000 10062
2016.11.09  12250 12150 12350 11650 38855
2016.11.10  12600 12400 12700 12400 14305
2016.11.11  12600 12700 12700 12350 8634
2016.11.14  12600 12700 12750 12350 13436
2016.11.15  13050 12700 13050 12650 26022
2016.11.16  13000 13050 13200 12750 7999
2016.11.17  13100 13100 13100 12750 7531
2016.11.18  13100 13100 13200 12900 10960
2016.11.21  12850 13100 13100 12650 16469
2016.11.22  13000 12900 13000 12700 5064
2016.11.23  12850 13050 13050 12450 24216
2016.11.24  12600 12650 12800 12350 18336
2016.11.25  12650 12550 12650 12400 4646
2016.11.28  12600 12650 12700 12500 5930
2016.11.29  12400 12500 12550 12150 10069
2016.11.30  12200 12300 12300 11950 24146
2016.12.01  12250 12250 12350 12100 10191
2016.12.02  12300 12250 12350 12100 12080
2016.12.05  12600 12300 12650 12250 26060
2016.12.06  12800 12550 12850 12500 14268
2016.12.07  12700 12800 12800 12550 13111
2016.12.08  12800 12750 12850 12550 14701
2016.12.09  12850 12800 12850 12600 3910
2016.12.12  12800 12850 12850 12700 8086
2016.12.13  12650 12800 12850 12600 7258
2016.12.14  12850 12750 13000 12600 34183
2016.12.15  13000 13150 13150 12800 7444
2016.12.16  13250 13100 13250 12900 17490
2016.12.19  13500 13450 13500 13100 23974
2016.12.20  13600 13700 13700 13400 13945
2016.12.21  13700 13750 13800 13500 22666
2016.12.22  13750 13600 13750 13500 9153
2016.12.23  13650 13750 13850 13550 6349
2016.12.26  13350 13750 13750 13150 13479
2016.12.27  13300 13050 13300 13050 32789
2016.12.28  13000 13000 13050 12900 6678
2016.12.29  13200 12800 13200 12800 4867
2017.01.02  13100 13300 13300 12600 21782
2017.01.03  13100 13200 13200 12800 8779
2017.01.04  13100 13150 13150 12850 8766
2017.01.05  13150 13200 13200 13000 4635
2017.01.06  13050 13200 13250 12950 9542
2017.01.09  12850 13050 13100 12850 5285
2017.01.10  12950 13000 13000 12650 5409
2017.01.11  12600 13050 13100 12500 25995
2017.01.12  12350 12550 12650 12000 42781
2017.01.13  12200 12350 12350 12100 7596
2017.01.16  12250 12250 12300 11950 13443
2017.01.17  12000 12300 12350 11900 28056
2017.01.18  12000 12250 12250 11550 29778
2017.01.19  12050 11950 12100 11750 7003
2017.01.20  12200 12000 12200 11800 9718
2017.01.23  11850 12200 12200 11800 17231
2017.01.24  11900 11950 11950 11750 8606
2017.01.25  11850 11950 11950 11650 9143
2017.01.26  11650 11900 11950 11600 19533
2017.01.31  11700 11650 12000 11600 49861
2017.02.01  11750 11650 11800 11650 19217
2017.02.02  11950 11750 12000 11750 19377
2017.02.03  12000 11800 12100 11800 12753
2017.02.06  12000 12000 12100 11800 10373
2017.02.07  11950 12100 12100 11800 13841
2017.02.08  12000 11750 12050 11750 25990
2017.02.09  11950 12000 12050 11900 8829
2017.02.10  12150 11950 12150 11900 12877
2017.02.13  12500 12150 12650 11950 147336
2017.02.14  12700 12450 12700 12350 13939
2017.02.15  12850 12700 12900 12600 20987
2017.02.16  12750 12800 12800 12550 10146
2017.02.17  12750 12750 12750 12550 6842
2017.02.20  12650 12750 12800 12550 12377
2017.02.21  12700 12750 12750 12600 13359
2017.02.22  12750 12750 12750 12600 12762
2017.02.23  12800 12700 12850 12650 6371
2017.02.24  12700 12750 12750 12550 16591
2017.02.27  12650 12700 12750 12550 9720
2017.02.28  12650 12700 12700 12500 3786
2017.03.02  12650 12750 12750 12500 4636
2017.03.03  12550 12650 12700 12350 22975
2017.03.06  12550 12550 12550 12300 14230
2017.03.07  12550 12550 12600 12450 9991
2017.03.08  12600 12550 12600 12450 9314
2017.03.09  12600 12600 12600 12450 18643
2017.03.10  12500 12600 12600 12400 13664
2017.03.13  12700 12500 12750 12500 11908
2017.03.14  12900 12700 12950 12700 21886
2017.03.15  12800 12850 12900 12650 12048
2017.03.16  12400 12900 12900 12350 41447
2017.03.17  12400 12500 12500 12150 15418
2017.03.20  12400 12350 12550 12200 28108
2017.03.21  12500 12350 12500 12300 22933
2017.03.22  12450 12500 12500 12200 16767
2017.03.23  12450 12400 12450 12250 5256
2017.03.24  12450 12450 12450 12200 22102
2017.03.27  12400 12350 12550 12350 11953
2017.03.28  12500 12450 12550 12400 13163
2017.03.29  12350 12550 12550 12200 58008
2017.03.30  12300 12350 12400 12150 21391
2017.03.31  12500 12300 12500 12200 15143
2017.04.03  12350 12500 12500 12250 21768
2017.04.04  12750 12300 12800 12300 49318
2017.04.05  12900 12750 12900 12700 15849
2017.04.06  13300 12800 13350 12800 32763
2017.04.07  13250 13400 13400 13150 14038
2017.04.10  13200 13300 13300 13000 21309
2017.04.11  13100 13250 13250 13050 15149
2017.04.12  13300 13150 13350 13050 11581
2017.04.13  13250 13300 13300 13100 9219
2017.04.14  13200 13250 13250 13100 5568
2017.04.17  13250 13250 13250 13100 7820
2017.04.18  13150 13350 13350 13050 20234
2017.04.19  13400 13200 13400 13150 16758
2017.04.20  13600 13450 13600 13400 14910
2017.04.21  13500 13600 13600 13400 7276
2017.04.24  13450 13650 13650 13250 11877
2017.04.25  13400 13450 13500 13150 60390
2017.04.26  13400 13450 13550 13250 12295
2017.04.27  13400 13300 13400 13300 5010
2017.04.28  13400 13450 13450 13250 11676
2017.05.02  13400 13400 13400 13250 30513
2017.05.04  13500 13400 13500 13300 5805
2017.05.08  13550 13500 13550 13400 7156
2017.05.10  13700 13550 13950 13550 15311
2017.05.11  13700 13850 13850 13550 6876
2017.05.12  13650 13750 13750 13550 8773
2017.05.15  13750 13650 13750 13600 13357
2017.05.16  13650 13700 13700 13400 25726
2017.05.17  13600 13500 13600 13400 13502
2017.05.18  13500 13600 13600 13300 11249
2017.05.19  13450 13600 13600 13300 7352
2017.05.22  13400 13450 13550 13250 9001
2017.05.23  13350 13400 13400 13050 26159
2017.05.24  13400 13400 13400 13150 4525
2017.05.25  13350 13400 13400 13200 8407
2017.05.26  13150 13250 13350 13150 13705
2017.05.29  13150 13150 13300 13050 8864
2017.05.30  13250 13100 13250 13000 13705
2017.05.31  13300 13250 13300 13050 16832
2017.06.01  13300 13250 13300 13150 10297
2017.06.02  13500 13300 13500 13200 8223
2017.06.05  13550 13500 13650 13350 14137
2017.06.07  13600 13600 13650 13450 7948
2017.06.08  13550 13600 13600 13400 10845
2017.06.09  13600 13600 13650 13500 7131
2017.06.12  13700 13600 13700 13500 12994
2017.06.13  13600 13700 13800 13450 24425
2017.06.14  13350 13450 13650 13350 16737
2017.06.15  13350 13350 13500 13200 16931
2017.06.16  13000 13350 13400 12950 35540
2017.06.19  13150 12950 13150 12900 32823
2017.06.20  13350 13150 13350 13000 14769
2017.06.21  12900 13300 13300 12850 62876
2017.06.22  13000 12900 13000 12850 15546
2017.06.23  13050 13100 13100 12850 25232
2017.06.26  13050 12950 13050 12900 8925
2017.06.27  13100 13050 13100 12900 7267
2017.06.28  13000 13000 13050 12900 7190
2017.06.29  13100 12950 13150 12950 10004
2017.06.30  13300 13000 13350 13000 11523
2017.07.03  13400 13300 13450 13250 11017
2017.07.04  13300 13400 13450 13250 12357
2017.07.05  13300 13400 13400 13000 8809
2017.07.06  13200 13300 13300 13100 15124
2017.07.07  13250 13250 13300 13050 13089
2017.07.10  13200 13200 13250 13050 16237
2017.07.11  13200 13050 13250 13050 10427
2017.07.12  13100 13200 13250 13000 8060
2017.07.13  13000 13100 13150 12900 15238
2017.07.14  13050 13000 13100 12900 11345
2017.07.17  13100 13050 13150 13000 7361
2017.07.18  13100 13100 13150 13050 11620
2017.07.19  13200 13100 13300 13000 28110
2017.07.20  13200 13250 13300 13100 13302
2017.07.21  13250 13200 13300 13150 17793
2017.07.24  13350 13250 13450 13150 28151
2017.07.25  13400 13350 13600 13200 32888
2017.07.26  13300 13400 13450 13200 9867
2017.07.27  13450 13250 13450 13250 9376
2017.07.28  13400 13450 13500 13300 13597
2017.07.31  13350 13400 13450 13200 13478
2017.08.01  13500 13300 13500 13300 10435
2017.08.02  13450 13500 13550 13250 43797
2017.08.03  13250 13500 13500 13150 22706
2017.08.04  13250 13100 13300 13100 9741
2017.08.07  13400 13250 13450 13250 12519
2017.08.08  13450 13350 13450 13300 12301
2017.08.09  13700 13450 13750 13400 70144
2017.08.10  13800 13700 13800 13550 31309
2017.08.11  13900 13800 14350 13700 55484
2017.08.14  14100 14100 14500 13800 133057
2017.08.16  14200 14100 14250 14000 43010
2017.08.17  13900 14150 14200 13800 34261
2017.08.18  14000 13900 14000 13800 17056
