2009.12.18  50700 57000 59900 49100 1059332
2009.12.21  52600 51900 56000 51600 472839
2009.12.22  55000 53500 59500 53100 626757
2009.12.23  58900 56000 60300 54400 588181
2009.12.24  59700 60200 62000 57800 315085
2009.12.28  57100 58300 59000 54700 171606
2009.12.29  54500 56700 57300 54500 108004
2009.12.30  56800 55000 57300 54700 81280
2010.01.04  56400 57500 57900 55100 74563
2010.01.05  55200 56800 57000 54700 109813
2010.01.06  61200 55200 61300 54700 281650
2010.01.07  62000 61700 65600 60400 303208
2010.01.08  63000 63200 64700 59800 202047
2010.01.11  66500 64500 66900 64100 261482
2010.01.12  65200 66200 66300 64200 75736
2010.01.13  63900 65300 66300 62100 80117
2010.01.14  65800 63900 66500 63500 84659
2010.01.15  63000 64900 65800 62400 122768
2010.01.18  62700 62200 63600 61300 107443
2010.01.19  61900 62700 64300 60900 82790
2010.01.20  60800 62000 62000 58600 111664
2010.01.21  62000 60000 63400 58700 86190
2010.01.22  61000 61800 63000 58800 90608
2010.01.25  59000 59900 60800 56200 97448
2010.01.26  57300 59900 59900 55500 87708
2010.01.27  55700 57000 57100 55200 79221
2010.01.28  54700 55300 56900 53700 123418
2010.01.29  52500 53200 54500 52500 55117
2010.02.01  55000 53800 55000 51700 39122
2010.02.02  55000 54100 56500 54100 37922
2010.02.03  55200 55000 57400 54400 47812
2010.02.04  56100 55900 56500 55200 18212
2010.02.05  55000 54600 55000 50200 122534
2010.02.08  52100 54500 55000 52100 58900
2010.02.09  52000 52500 53600 51300 31873
2010.02.10  52300 53000 53500 51700 20360
2010.02.11  53300 52300 53600 52000 19380
2010.02.12  54800 53700 55700 53000 27096
2010.02.16  55500 54800 55500 54300 17677
2010.02.17  56100 55500 56300 54800 27309
2010.02.18  55500 56100 56300 55200 13330
2010.02.19  53000 54700 55300 52900 37680
2010.02.22  53900 53500 53900 52400 39568
2010.02.23  54100 53800 54200 52900 14561
2010.02.24  54400 54100 54400 52700 12227
2010.02.25  54000 54700 54800 53000 18381
2010.02.26  54800 54800 54800 53100 19924
2010.03.02  53700 54900 55600 53700 21785
2010.03.03  53500 54300 54300 52700 21664
2010.03.04  52600 53100 53100 52500 19634
2010.03.05  52400 52400 53100 51300 48526
2010.03.08  52200 52900 52900 50800 99928
2010.03.09  50900 51600 51700 50700 51836
2010.03.10  47700 50200 51300 47000 154004
2010.03.11  48500 48450 48850 47900 65050
2010.03.12  48600 48650 50600 48500 79632
2010.03.15  49250 49050 50700 48600 79452
2010.03.16  48300 49350 49600 48200 42708
2010.03.17  47450 48500 48850 47300 72337
2010.03.18  48400 47550 48800 47150 62618
2010.03.19  49500 48500 50100 48500 54804
2010.03.22  49850 49750 50000 48600 30109
2010.03.23  49950 49850 50000 48200 71851
2010.03.24  48500 50000 50000 48100 35084
2010.03.25  47750 48450 48500 47200 67688
2010.03.26  48700 48800 49900 48300 65451
2010.03.29  47350 48100 48650 47350 43584
2010.03.30  45900 47400 47900 44100 151878
2010.03.31  45500 46000 46300 44900 48551
2010.04.01  46100 46150 46500 45000 69172
2010.04.02  47000 45850 47550 45850 84769
2010.04.05  47400 47500 47500 45200 89322
2010.04.06  48700 47500 49500 47400 78100
2010.04.07  48450 48700 49000 48100 26964
2010.04.08  49400 48200 49500 47600 47985
2010.04.09  50000 49900 50400 49000 120382
2010.04.12  50500 50700 51600 50100 112416
2010.04.13  49600 50600 51100 48700 60796
2010.04.14  49800 49550 49800 48850 37953
2010.04.15  49000 49850 50000 49000 27503
2010.04.16  48500 48650 49250 47050 40649
2010.04.19  47000 47500 48350 47000 35113
2010.04.20  47600 47000 48200 47000 20585
2010.04.21  47150 47600 47800 47150 44481
2010.04.22  46350 47350 47350 46150 36636
2010.04.23  47100 46550 47450 46350 33566
2010.04.26  48000 47300 49100 47250 63754
2010.04.27  49300 48500 49300 48200 55827
2010.04.28  48900 48500 49300 48000 47723
2010.04.29  47850 49200 49500 47700 44301
2010.04.30  46900 47850 48300 46800 46054
2010.05.03  48300 47300 49100 47000 54285
2010.05.04  48500 48800 49500 47600 61040
2010.05.06  47350 47400 48000 46000 97066
2010.05.07  46350 46300 47000 45650 36746
2010.05.10  47150 46400 47400 46400 32424
2010.05.11  47350 47500 48150 47200 45718
2010.05.12  45200 47400 48050 44700 106511
2010.05.13  44500 45200 45800 43100 176379
2010.05.14  42500 44100 44500 40900 162031
2010.05.17  40600 41400 42250 39500 98643
2010.05.18  40300 40650 41350 40100 30835
2010.05.19  40000 40200 40300 38350 58217
2010.05.20  39000 39500 41800 39000 67233
2010.05.24  40850 39000 40900 38850 46230
2010.05.25  41800 40450 41800 39000 73371
2010.05.26  42950 41650 42950 40800 51034
2010.05.27  43000 43300 43300 42050 40667
2010.05.28  42500 42950 43450 42450 21086
2010.05.31  42150 42500 42950 42150 21045
2010.06.01  41400 42850 42850 41350 23215
2010.06.03  43600 41750 43800 41750 56345
2010.06.04  44000 43600 45000 43600 46947
2010.06.07  44300 43100 44750 43100 50544
2010.06.08  45850 44300 45850 43600 66769
2010.06.09  46700 45600 46900 45150 42867
2010.06.10  47400 46900 47850 46000 67765
2010.06.11  47500 48000 48200 47000 32943
2010.06.14  47700 48000 49000 47200 58851
2010.06.15  47250 47700 47700 46150 37163
2010.06.16  45600 47250 47500 45500 105533
2010.06.17  45200 45600 46200 45100 39208
2010.06.18  46250 45450 46400 44650 43398
2010.06.21  47300 46700 49200 46700 94645
2010.06.22  47900 47300 47950 46750 32514
2010.06.23  47050 47900 47900 46700 33212
2010.06.24  47150 47100 47550 46600 18204
2010.06.25  46100 46200 46700 45400 60552
2010.06.28  44600 46100 46300 44600 42227
2010.06.29  43400 44600 44850 42900 62024
2010.06.30  42000 42700 43400 42000 51703
2010.07.01  41200 42200 42950 40900 77800
2010.07.02  42600 41400 42750 41200 53033
2010.07.05  42100 43400 43400 41800 36965
2010.07.06  41050 42100 42100 40600 44150
2010.07.07  41700 41050 41700 41050 29630
2010.07.08  41700 42000 42200 41250 34773
2010.07.09  41000 41800 41800 40900 54359
2010.07.12  39350 41100 41100 39000 156621
2010.07.13  40650 39600 40700 39450 65696
2010.07.14  40050 40600 40600 39800 52397
2010.07.15  40900 40400 41500 40300 50752
2010.07.16  41600 41200 41800 41100 31707
2010.07.19  41350 41000 41600 40900 24350
2010.07.20  41100 41400 41550 41050 19049
2010.07.21  40150 41100 41300 40050 38938
2010.07.22  39250 39900 40400 39150 47252
2010.07.23  39500 39400 40100 39400 19438
2010.07.26  40500 39600 40850 39600 19095
2010.07.27  40200 40100 40600 39900 17459
2010.07.28  39900 40200 40400 39800 14785
2010.07.29  39850 39900 40200 39800 12358
2010.07.30  40150 40050 40800 39800 25016
2010.08.02  39850 40500 40500 39800 13814
2010.08.03  39350 39850 40000 39250 28146
2010.08.04  38650 39350 39350 38350 39126
2010.08.05  37850 38650 38750 37600 40864
2010.08.06  36850 37800 37800 36700 48105
2010.08.09  38100 36650 38350 36650 28151
2010.08.10  38550 38150 38800 38100 12210
2010.08.11  38250 38500 38800 37500 13646
2010.08.12  37500 38200 38200 37500 14468
2010.08.13  38550 37500 39000 37500 15523
2010.08.16  38900 39200 39200 38550 9330
2010.08.17  39000 39400 39400 38500 15805
2010.08.18  38450 39350 39350 38300 17174
2010.08.19  38100 38350 38800 38050 7648
2010.08.20  38300 38100 38600 38100 10067
2010.08.23  37850 38300 38600 37850 9561
2010.08.24  37500 38000 38500 37500 9338
2010.08.25  37900 37900 38000 37300 6284
2010.08.26  36850 37700 38000 36800 20401
2010.08.27  35850 36700 36850 35650 23768
2010.08.30  35100 35850 36100 35000 33394
2010.08.31  34300 35100 35300 34250 38579
2010.09.01  35300 34350 35350 34350 26042
2010.09.02  35050 35500 35700 34900 23956
2010.09.03  36150 35050 36200 34900 18977
2010.09.06  37700 36200 38300 36200 22418
2010.09.07  37700 38400 38400 37300 17290
2010.09.08  37100 37100 37700 37050 5783
2010.09.09  38100 37100 38100 37000 14338
2010.09.10  38850 38450 38850 37700 11505
2010.09.13  37700 38850 38850 37350 25220
2010.09.14  36650 37700 37900 36500 16269
2010.09.15  36150 36700 36950 35700 21933
2010.09.16  37050 36150 37100 36150 12772
2010.09.17  36800 37250 37750 36800 12913
2010.09.20  36850 36800 37600 36800 16488
2010.09.24  36700 36900 37300 36300 7059
2010.09.27  36400 37300 37800 36400 20340
2010.09.28  36450 36750 36850 36200 17315
2010.09.29  36650 36650 36950 36000 11224
2010.09.30  36800 36300 36850 36300 10874
2010.10.01  37800 36800 38350 36800 26360
2010.10.04  39300 37800 39550 37800 39795
2010.10.05  39500 39300 40250 39000 34759
2010.10.06  39550 40200 40250 39250 23111
2010.10.07  38850 39550 39600 38800 22121
2010.10.08  40650 39300 40800 38850 31527
2010.10.11  41150 41000 41850 40750 39282
2010.10.12  40200 41600 41700 39800 23580
2010.10.13  40300 40200 40800 39900 15075
2010.10.14  39500 40300 40350 39500 14892
2010.10.15  39200 40000 40000 39000 17248
2010.10.18  39600 39100 40250 39050 18001
2010.10.19  41050 39850 41200 39850 28714
2010.10.20  41750 40900 42100 40650 33527
2010.10.21  41500 42300 42300 40850 20898
2010.10.22  40300 41900 41900 39650 24449
2010.10.25  40500 40450 40700 39650 23806
2010.10.26  40500 40450 40600 39900 21711
2010.10.27  41250 40500 41250 40200 18389
2010.10.28  40150 41900 41900 40150 24143
2010.10.29  39950 40650 40650 39400 11891
2010.11.01  40250 40100 40450 39300 15627
2010.11.02  39400 40350 40350 39400 11637
2010.11.03  38350 39400 39750 38200 44005
2010.11.04  39000 38300 39150 38050 26265
2010.11.05  39000 39150 39750 39000 23670
2010.11.08  38200 39000 39250 37850 26655
2010.11.09  38300 38150 38650 37450 17681
2010.11.10  38450 38300 38500 37950 18946
2010.11.11  38900 38450 39000 38350 9965
2010.11.12  37450 38550 39000 37350 22719
2010.11.15  37250 37150 37650 37150 13468
2010.11.16  38900 37650 38900 37100 11983
2010.11.17  38800 39200 39200 38000 9050
2010.11.18  39200 39350 39600 38500 12635
2010.11.19  38550 39150 39500 38100 10285
2010.11.22  37750 38650 38650 37650 12935
2010.11.23  37400 37450 37950 37300 6738
2010.11.24  38300 34900 38300 34900 28626
2010.11.25  38700 37900 38800 37900 25383
2010.11.26  37750 38700 38800 37500 7122
2010.11.29  37500 37300 38350 36500 14101
2010.11.30  37650 37500 37700 36850 8882
2010.12.01  37650 37900 37900 37000 3720
2010.12.02  37200 37400 37900 37200 5033
2010.12.03  36750 37200 37550 36700 6141
2010.12.06  36050 36700 37150 35750 12233
2010.12.07  36100 36050 36300 35800 3431
2010.12.08  36050 36300 36400 35800 7492
2010.12.09  36050 36100 36250 35950 5866
2010.12.10  35750 35950 36300 35700 9383
2010.12.13  35600 35650 36100 35550 11328
2010.12.14  35950 35600 36550 35600 14880
2010.12.15  35900 36150 36150 35450 14551
2010.12.16  35600 35900 36000 35600 8461
2010.12.17  35300 35950 36200 35300 11057
2010.12.20  34100 34550 34850 33550 28815
2010.12.21  34650 34200 35100 34200 3798
2010.12.22  34100 34650 34650 34050 9304
2010.12.23  33350 34450 34600 33350 18626
2010.12.24  32000 33350 34000 31950 60535
2010.12.27  33600 32450 33850 32300 29659
2010.12.28  34000 33650 34100 33000 21537
2010.12.29  34050 33650 34300 33650 8489
2010.12.30  34100 34600 34750 34000 29660
2011.01.03  34200 34200 35550 34050 13687
2011.01.04  33800 34500 34650 33800 28819
2011.01.05  33850 34250 34250 33600 16513
2011.01.06  33400 34300 34300 33200 18064
2011.01.07  33200 34000 34000 32950 30885
2011.01.10  32800 33000 33450 32600 16338
2011.01.11  32350 33100 33100 32000 53969
2011.01.12  32400 32600 32900 32100 50680
2011.01.13  33300 32400 33350 32250 23934
2011.01.14  33450 33500 33550 32500 11807
2011.01.17  32450 33100 33500 32100 13698
2011.01.18  31500 32300 32850 30900 67948
2011.01.19  31700 31900 31900 31000 15761
2011.01.20  31300 31400 31800 31150 16537
2011.01.21  31000 31000 31400 30450 27488
2011.01.24  31000 30550 31800 30550 11833
2011.01.25  30750 30650 31350 30500 14515
2011.01.26  31550 30500 31550 30500 21839
2011.01.27  32250 31600 32700 31600 16919
2011.01.28  30900 32400 32800 30800 22483
2011.01.31  29950 30450 30800 29600 27171
2011.02.01  29950 29650 30450 29650 17534
2011.02.07  29350 30050 30300 29250 49704
2011.02.08  29650 29650 30000 29000 34756
2011.02.09  28950 29450 29800 28150 30164
2011.02.10  28500 28900 28900 28100 24451
2011.02.11  28500 28500 28950 27800 16554
2011.02.14  28100 28500 28600 28100 8558
2011.02.15  26050 27750 28000 25800 83131
2011.02.16  26900 26100 27100 26000 50645
2011.02.17  26950 27000 27350 26500 35742
2011.02.18  26950 26750 27300 26250 28419
2011.02.21  28800 27300 28900 27100 30734
2011.02.22  28300 29200 29200 27850 16755
2011.02.23  27950 28200 28200 26950 19303
2011.02.24  28700 28000 29450 27700 35780
2011.02.25  28600 28750 29000 28100 11132
2011.02.28  29400 28500 29850 28100 25381
2011.03.02  30100 29050 30300 28550 36993
2011.03.03  31300 30000 31550 30000 35794
2011.03.04  32400 31900 32550 30300 27937
2011.03.07  31800 32400 32400 31600 18243
2011.03.08  32750 32050 33250 32000 38124
2011.03.09  32900 33300 34000 32500 48653
2011.03.10  32200 33300 33300 31850 11884
2011.03.11  32200 31700 32300 31100 29286
2011.03.14  31550 31850 32300 30250 26477
2011.03.15  30750 31500 31750 29450 14375
2011.03.16  31150 30900 31300 30100 14870
2011.03.17  30700 30250 31150 30250 12751
2011.03.18  31950 30800 32250 30800 21621
2011.03.21  32300 32150 32500 28000 20841
2011.03.22  32150 32450 32550 31900 14191
2011.03.23  31850 32150 32550 31600 8069
2011.03.24  32150 31750 32500 31750 10362
2011.03.25  32100 32000 32250 31450 18085
2011.03.28  31850 32350 32350 31350 22770
2011.03.29  31650 32100 32100 31000 14124
2011.03.30  31250 31650 31650 31050 17638
2011.03.31  32200 31800 32250 30850 37403
2011.04.01  32200 31800 32500 31350 32547
2011.04.04  33450 32200 34150 32200 47420
2011.04.05  33600 33450 33850 32950 12977
2011.04.06  32700 33250 33700 32650 11347
2011.04.07  32800 32550 33450 32300 7513
2011.04.08  33800 33250 34100 32650 25872
2011.04.11  34950 33900 35050 33600 36218
2011.04.12  34450 34950 35200 33950 12956
2011.04.13  34900 34400 35300 34300 12262
2011.04.14  35300 34850 35350 34700 181947
2011.04.15  36100 34650 36650 34650 21796
2011.04.18  36600 37700 37700 36100 17687
2011.04.19  36550 37200 37250 35000 19361
2011.04.20  35800 36550 36950 35050 23862
2011.04.21  34950 35750 35800 34000 25739
2011.04.22  35050 34500 35050 33450 31175
2011.04.25  36300 35050 36600 34800 27093
2011.04.26  35900 36500 36900 34800 15910
2011.04.27  35200 35900 35900 34300 14714
2011.04.28  35200 35850 35850 34500 11545
2011.04.29  34700 35100 35100 34250 5558
2011.05.02  34550 34600 34700 34000 17537
2011.05.03  34400 34400 35000 34000 7509
2011.05.04  32850 34350 34500 32850 15582
2011.05.06  32750 32050 33250 32050 8001
2011.05.09  32900 33000 33000 32250 6661
2011.05.11  33150 32500 33450 32500 9547
2011.05.12  33000 33050 33700 32750 8250
2011.05.13  33000 33300 33300 32800 4575
2011.05.16  33100 33400 33600 32100 8971
2011.05.17  32300 33350 33600 32300 6247
2011.05.18  32300 32650 33000 31200 24123
2011.05.19  32250 32650 32700 32100 8823
2011.05.20  32400 31950 32450 31100 19679
2011.05.23  31100 32400 32500 30850 27960
2011.05.24  31300 30100 31300 30100 7051
2011.05.25  31200 31300 31450 30300 3377
2011.05.26  31300 31850 31850 30700 5549
2011.05.27  31350 31800 31800 30900 2980
2011.05.30  31500 31400 31500 30650 10415
2011.05.31  32000 31000 32200 31000 10531
2011.06.01  31250 32200 32250 31250 11805
2011.06.02  31150 31000 31500 30600 4349
2011.06.03  31200 31500 31500 30600 4118
2011.06.07  31300 30450 31400 30400 4995
2011.06.08  31150 30800 31400 30600 3720
2011.06.09  32400 31150 32450 30900 13199
2011.06.10  32200 32500 32500 31900 909
2011.06.13  31800 31550 32800 31150 7966
2011.06.14  31800 31800 31900 31300 4321
2011.06.15  31350 31900 31900 31000 11053
2011.06.16  31500 31350 31650 30500 5912
2011.06.17  31600 31500 31600 30600 6516
2011.06.20  31300 31000 31600 30800 5922
2011.06.21  31000 30750 31250 30450 10475
2011.06.22  31050 31400 31400 30600 1718
2011.06.23  30500 31100 31100 30500 7449
2011.06.24  30900 30850 30900 30350 2006
2011.06.27  31150 31250 31250 30500 3389
2011.06.28  31100 31300 31400 30600 3664
2011.06.29  31350 30800 31650 30800 10349
2011.06.30  31500 31700 31700 31300 7249
2011.07.01  31500 31700 31800 31200 3891
2011.07.04  31900 31050 31950 31050 4051
2011.07.05  31850 32300 32300 31600 1919
2011.07.06  31750 31600 32450 31600 2258
2011.07.07  32250 32200 32350 31700 4928
2011.07.08  32300 32250 32550 31800 6725
2011.07.11  33400 32000 33400 32000 15119
2011.07.12  33350 33000 33500 32750 3614
2011.07.13  33600 33600 34150 33300 9521
2011.07.14  34300 34000 34300 33400 6117
2011.07.15  34700 34300 34700 33650 5847
2011.07.18  35250 35500 36200 34700 18748
2011.07.19  35350 35450 35450 34950 6825
2011.07.20  36000 35000 36250 35000 13315
2011.07.21  35950 36300 36300 35650 7489
2011.07.22  38200 36200 39450 36100 77065
2011.07.25  38750 38700 39550 38050 51720
2011.07.26  38750 38600 38900 38200 23932
2011.07.27  40000 39500 40600 39250 53146
2011.07.28  39050 40300 40600 38850 36713
2011.07.29  40150 39350 40250 39300 42162
2011.08.01  41100 40050 41900 40050 57351
2011.08.02  41200 41150 41700 40550 41558
2011.08.03  43850 41000 44250 39900 113274
2011.08.04  44500 44600 47250 43050 186037
2011.08.05  44400 42000 46900 40500 169421
2011.08.08  43900 44500 45500 37950 110731
2011.08.09  41300 41500 43000 37500 79954
2011.08.10  43500 44350 45500 42750 50773
2011.08.11  46050 40750 46600 40750 66589
2011.08.12  45000 47050 47750 44950 81145
2011.08.16  45500 46000 48100 45100 104801
2011.08.17  45600 46500 47150 45500 36871
2011.08.18  47350 47000 48700 46200 119181
2011.08.19  46700 46150 48500 45300 102722
2011.08.22  46050 47700 48000 41300 65079
2011.08.23  47300 46100 47900 45000 34890
2011.08.24  49100 48000 49450 45000 52906
2011.08.25  48250 49100 50700 47400 30896
2011.08.26  48800 48250 49300 47200 33530
2011.08.29  49850 49400 51500 48100 47781
2011.08.30  51200 51400 52500 49850 67419
2011.08.31  51500 51400 52300 50500 54196
2011.09.01  48000 51100 51800 47150 119527
2011.09.02  49600 48450 50400 46950 80981
2011.09.05  49500 49600 51200 47500 75510
2011.09.06  48500 50000 50000 46600 38592
2011.09.07  49100 48600 51200 48400 71335
2011.09.08  50400 48000 50600 47500 91090
2011.09.09  51500 50400 54000 50000 117387
2011.09.14  51700 52300 53700 51200 51368
2011.09.15  52500 53000 53400 50300 46906
2011.09.16  52100 52500 53400 51500 30159
2011.09.19  51500 52100 52800 51500 22401
2011.09.20  53300 51500 53700 50600 42205
2011.09.21  55100 53300 56500 53000 76377
2011.09.22  54800 53600 56200 53600 38836
2011.09.23  54200 53800 54800 52200 36115
2011.09.26  53000 55200 56200 52400 61454
2011.09.27  60000 53500 60000 53500 71382
2011.09.28  58300 59800 60600 58000 54424
2011.09.29  58000 58300 61800 57600 78739
2011.09.30  58500 58200 60100 56200 49506
2011.10.04  60700 57000 61100 56600 70804
2011.10.05  60300 61100 62000 60100 69361
2011.10.06  59400 60800 62300 57000 59706
2011.10.07  55600 60800 60800 55500 93331
2011.10.10  58600 56100 58600 55600 47428
2011.10.11  59500 58600 59900 57000 79945
2011.10.12  58700 59600 61800 58000 56336
2011.10.13  58700 59600 60800 58400 41654
2011.10.14  60000 58100 60100 58100 28976
2011.10.17  60400 60200 61500 59700 47172
2011.10.18  59700 59900 61000 58500 45761
2011.10.19  60200 60300 60700 59100 34728
2011.10.20  56000 60200 61100 55700 49883
2011.10.21  56000 57600 57600 52900 87578
2011.10.24  55000 56500 56900 54000 72179
2011.10.25  56700 55200 58800 55200 96989
2011.10.26  54600 57000 57200 54200 83762
2011.10.27  54500 54800 56400 53400 76765
2011.10.28  52800 54500 54900 52100 69148
2011.10.31  54300 53100 54300 51500 52472
2011.11.01  57000 54700 57400 54600 91616
2011.11.02  63000 56900 65400 56600 408930
2011.11.03  61200 63300 66100 61200 164461
2011.11.04  66000 62000 66500 62000 191622
2011.11.07  67300 66900 70300 66500 115915
2011.11.08  66900 67300 68000 65500 91389
2011.11.09  69300 67600 69700 65500 89179
2011.11.10  71600 67000 74500 67000 172471
2011.11.11  70800 72400 75800 70800 191899
2011.11.14  72800 72500 74600 71500 134210
2011.11.15  76200 73000 78800 70500 248307
2011.11.16  74100 77700 78600 73400 207361
2011.11.17  74200 74900 76400 72500 158904
2011.11.18  73000 74800 76800 71700 110159
2011.11.21  77000 72200 77000 72000 95920
2011.11.22  77500 77500 79400 77400 85962
2011.11.23  78000 77900 79700 76100 61064
2011.11.24  76300 77200 78600 76200 78163
2011.11.25  78900 76000 78900 76000 77315
2011.11.28  79300 78800 80000 77000 49558
2011.11.29  78500 78000 79500 77100 67694
2011.11.30  79300 78100 79300 77100 41891
2011.12.01  77200 79200 81000 77000 54536
2011.12.02  75100 77200 77600 74100 84166
2011.12.05  73800 75200 76800 73800 38989
2011.12.06  71000 73800 73900 67600 158797
2011.12.07  68600 70300 71000 66500 172285
2011.12.08  74600 69300 74600 67600 102685
2011.12.09  76500 73800 78700 73100 130734
2011.12.12  76500 77200 78500 76400 66404
2011.12.13  76100 77400 77400 75100 43033
2011.12.14  76500 75200 78100 73700 42970
2011.12.15  75100 74700 76900 73300 39042
2011.12.16  77400 75500 77700 74100 49986
2011.12.19  76500 77400 77800 73700 80426
2011.12.20  76400 77800 77800 75500 32400
2011.12.21  75400 77500 77800 75300 36760
2011.12.22  75000 76100 76900 74300 30027
2011.12.23  74800 75600 76300 74800 23878
2011.12.26  74200 74800 75800 74000 34644
2011.12.27  74400 74200 75700 71500 39490
2011.12.28  72500 74400 75500 72400 46698
2011.12.29  75200 71800 75900 71600 40062
2012.01.02  75800 75800 75800 74400 13605
2012.01.03  81500 76500 81700 75000 92764
2012.01.04  83000 80800 84200 80400 105880
2012.01.05  82500 83900 84100 82300 41803
2012.01.06  82000 82500 83300 80400 32288
2012.01.09  83300 81100 83900 80200 35795
2012.01.10  83300 84200 84200 82200 24676
2012.01.11  81400 84000 84000 80000 32277
2012.01.12  80000 81400 81600 79200 31343
2012.01.13  79300 79600 79900 78200 25269
2012.01.16  79300 79300 81700 79000 18992
2012.01.17  78700 79600 80100 77800 36564
2012.01.18  78200 78700 79500 76400 30217
2012.01.19  76800 78200 78200 76500 44592
2012.01.20  73900 76500 76800 73100 142876
2012.01.25  72700 73000 74000 70400 69483
2012.01.26  74000 71900 76500 71900 44472
2012.01.27  76200 74000 76700 74000 29831
2012.01.30  74400 76200 78300 74300 36244
2012.01.31  75800 74400 77400 74100 37094
2012.02.01  75900 75300 76900 75300 21219
2012.02.02  76300 76800 77600 75200 39834
2012.02.03  77000 76300 77900 76000 27232
2012.02.06  73100 77900 77900 66800 284317
2012.02.07  69300 72100 73100 68000 139640
2012.02.08  71000 69600 72000 68400 40202
2012.02.09  69500 71000 71500 68400 35004
2012.02.10  68700 69500 70200 68000 44641
2012.02.13  70000 68000 70500 67000 29071
2012.02.14  71600 70200 72300 70000 32816
2012.02.15  73800 72000 74800 71500 38433
2012.02.16  74300 72700 74500 72100 36200
2012.02.17  72000 75200 76000 71800 38017
2012.02.20  73000 71300 73400 69100 45994
2012.02.21  74300 72000 74300 71900 27841
2012.02.22  74600 74600 75400 73500 27287
2012.02.23  74600 75200 75300 73200 26815
2012.02.24  75300 73300 75600 73300 25215
2012.02.27  75600 75500 75900 74400 11247
2012.02.28  77900 75200 78000 75200 30402
2012.02.29  78000 78500 79000 77000 17989
2012.03.02  78400 78900 79900 78000 20729
2012.03.05  76100 77700 78000 75600 22627
2012.03.06  78500 77500 79200 76300 47727
2012.03.07  77300 78000 78800 76300 23740
2012.03.08  76800 78400 79300 74500 41314
2012.03.09  77000 77600 77600 75000 28547
2012.03.12  76600 77800 77800 74600 30626
2012.03.13  78600 77900 80100 77500 59939
2012.03.14  79500 80300 80400 78600 29867
2012.03.15  83200 79000 83200 79000 65596
2012.03.16  85000 83200 87300 83200 97176
2012.03.19  84300 85000 87500 84100 40633
2012.03.20  83400 84500 85600 81300 33427
2012.03.21  81300 83100 83900 80600 44562
2012.03.22  83000 81300 85800 81300 52339
2012.03.23  85500 83800 86300 82300 58199
2012.03.26  82000 83300 85000 81100 455904
2012.03.27  81500 83100 84200 81500 58579
2012.03.28  86000 81700 86500 81700 107807
2012.03.29  89100 86000 89500 85700 102277
2012.03.30  90200 91300 93000 88400 148454
2012.04.02  89500 90000 91100 88000 104243
2012.04.03  91500 89100 92000 89100 118713
2012.04.04  90100 91500 91800 86600 130607
2012.04.05  91300 90100 91600 88100 47336
2012.04.06  93000 91700 98500 89700 224181
2012.04.09  91800 94700 95000 89800 93992
2012.04.10  91500 91200 91900 88100 82254
2012.04.12  93100 90000 93500 90000 30482
2012.04.13  94600 93100 95000 92300 49064
2012.04.16  94700 95000 95800 94100 36607
2012.04.17  94800 94700 95600 94300 26970
2012.04.18  93000 94800 94800 91000 75274
2012.04.19  92200 93800 96000 92100 108971
2012.04.20  97400 92300 97800 92100 74060
2012.04.23  98400 97400 99000 96000 43173
2012.04.24  99200 98400 99900 97300 33645
2012.04.25  99200 99700 103000 98200 64336
2012.04.26  101400 101000 101700 98500 59390
2012.04.27  104600 101700 108400 101500 103095
2012.04.30  108700 107500 108700 104500 58224
2012.05.02  109000 109100 112300 105600 81659
2012.05.03  109200 108000 109500 105300 63128
2012.05.04  110500 109000 111500 107500 43544
2012.05.07  112200 108600 113600 108600 43557
2012.05.08  110700 112300 114600 109000 44937
2012.05.09  111000 112000 113200 105300 114992
2012.05.10  114300 112000 117900 111000 70133
2012.05.11  114500 115800 115900 113900 48996
2012.05.14  113900 116100 116100 110700 56864
2012.05.15  114100 111300 114600 109400 52392
2012.05.16  110200 112200 113500 110200 62148
2012.05.17  111700 109800 111700 105300 81527
2012.05.18  111000 108700 112000 108700 42757
2012.05.21  109900 111000 111600 101800 123886
2012.05.22  108200 110000 110000 105700 90058
2012.05.23  51300 56700 59400 50300 294541
2012.05.24  50100 51100 52400 49000 199625
2012.05.25  50200 50600 51800 49200 101272
2012.05.29  51700 50200 53600 49800 99384
2012.05.30  53200 52000 53800 51800 79830
2012.05.31  54700 52900 54700 52500 72044
2012.06.01  55500 55000 56300 54100 96385
2012.06.04  53700 54500 55000 52700 68291
2012.06.05  55000 54800 55800 53600 79682
2012.06.07  57500 57100 58300 55200 132147
2012.06.08  59300 60000 65000 58800 337258
2012.06.11  60000 58900 63000 58600 141825
2012.06.12  60100 58900 61300 58800 150594
2012.06.13  58700 60100 60500 58000 130086
2012.06.14  60600 57500 61100 56200 339859
2012.06.15  59500 60000 61100 59300 178722
2012.06.18  57500 60500 60500 57200 222946
2012.06.19  57100 57400 57800 54900 346933
2012.06.20  56400 57100 57300 55700 190730
2012.06.21  55400 56400 56800 55100 163867
2012.06.22  58200 54700 58400 54700 206639
2012.06.25  57000 58800 58900 55900 148548
2012.06.26  59000 57800 59900 57000 175123
2012.06.27  58500 59600 60900 58100 240332
2012.06.28  58500 59000 59900 57000 136159
2012.06.29  55900 57800 57800 55800 229720
2012.07.02  55500 55200 55600 53700 307699
2012.07.03  54100 55100 56100 54100 192626
2012.07.04  51600 54000 54300 51400 422271
2012.07.05  52600 52100 53400 51300 236603
2012.07.06  53700 52800 53700 51700 143331
2012.07.09  54900 53700 55100 53200 151416
2012.07.10  52900 55500 55500 51800 205873
2012.07.11  52000 52500 52500 50600 170936
2012.07.12  49200 52000 52600 49200 235992
2012.07.13  48000 48900 49000 44350 346975
2012.07.16  45000 48700 48700 44300 367470
2012.07.17  45150 45100 46200 43950 201059
2012.07.18  46600 45950 48100 45550 183463
2012.07.19  48000 47550 48000 46750 98191
2012.07.20  47600 48000 48150 46950 96186
2012.07.23  47000 47700 48000 45900 88661
2012.07.24  48500 46300 48500 45850 88054
2012.07.25  49150 48000 50100 47650 134181
2012.07.26  53100 49900 53100 49450 198423
2012.07.27  53500 54000 54500 51500 165315
2012.07.30  53500 53800 54000 52200 102982
2012.07.31  52800 53600 55300 50600 260182
2012.08.01  52600 53000 54200 51500 150805
2012.08.02  50200 52500 52500 50000 159928
2012.08.03  49400 49400 49500 45000 204067
2012.08.06  50900 49800 50900 48200 174745
2012.08.07  49300 51300 51700 49300 109221
2012.08.08  49600 49300 50900 47850 164253
2012.08.09  50100 51000 51400 50100 146739
2012.08.10  48050 50000 50400 48000 214313
2012.08.13  47800 48350 48700 47200 68523
2012.08.14  48150 48600 49950 48150 154759
2012.08.16  49800 48500 49850 46250 218805
2012.08.17  48000 49700 49700 48000 263788
2012.08.20  49350 48150 49500 47500 201849
2012.08.21  54300 50700 54800 50400 875479
2012.08.22  54300 55000 56700 53500 611441
2012.08.23  55200 54400 55300 53100 293037
2012.08.24  55300 55000 56000 54200 215668
2012.08.27  57200 55900 58000 55500 384364
2012.08.28  57900 57000 58800 56400 291704
2012.08.29  57000 58700 59300 57000 293936
2012.08.30  57300 57500 57800 55300 282376
2012.08.31  56900 57700 59200 56200 287901
2012.09.03  59100 57500 59800 57200 409578
2012.09.04  55000 59500 59600 54300 469424
2012.09.05  55800 55100 55800 53600 239052
2012.09.06  54300 55800 55900 54300 142242
2012.09.07  55300 54600 55600 54100 116131
2012.09.10  54500 55500 55600 54400 79379
2012.09.11  56400 54800 56400 54300 144154
2012.09.12  55800 56500 56700 54800 219755
2012.09.13  54500 56200 56200 54000 153504
2012.09.14  53700 54800 54900 51400 358114
2012.09.17  51200 53700 53700 51000 210816
2012.09.18  51900 51100 52200 51100 157481
2012.09.19  51600 51700 52500 50300 258564
2012.09.20  52200 52600 52600 50600 236365
2012.09.21  54000 52200 54000 51600 274065
2012.09.24  54100 54100 55000 52800 231196
2012.09.25  53100 54100 54100 52000 187925
2012.09.26  51600 52500 52800 51600 78681
2012.09.27  49700 50600 51500 49300 173925
2012.09.28  52000 49100 54300 49100 625674
2012.10.02  59800 55800 59800 55800 1373991
2012.10.04  62000 65300 67700 60100 2780851
2012.10.05  64500 63300 67000 60500 2417910
2012.10.08  63200 66800 68400 62000 1679278
2012.10.09  62100 63000 65700 62000 938425
2012.10.10  59800 61600 61800 58800 739241
2012.10.11  60300 59400 61300 58100 613862
2012.10.12  60500 60000 61300 58500 537687
2012.10.15  57600 60900 63100 57000 672344
2012.10.16  58700 58300 60100 55100 772068
2012.10.17  57500 59200 60500 57200 420902
2012.10.18  52500 57500 58100 52200 531270
2012.10.19  51900 52500 53300 49900 392209
2012.10.22  52000 50600 52600 50100 254705
2012.10.23  53800 51900 54800 51900 405727
2012.10.24  52900 52900 53700 51600 231432
2012.10.25  50900 53200 53500 50800 206454
2012.10.26  48300 51300 51600 47500 305057
2012.10.29  47550 48700 49450 45650 287212
2012.10.30  50300 47000 50300 47000 229370
2012.10.31  49700 51100 51700 49200 234547
2012.11.01  48950 50000 50000 48200 129605
2012.11.02  51500 50100 51700 49100 207340
2012.11.05  51700 51600 53300 50900 200786
2012.11.06  49750 51800 52000 49500 227520
2012.11.07  50800 49850 50900 48500 183853
2012.11.08  50400 48850 51900 48850 155433
2012.11.09  49950 50500 51000 49250 74706
2012.11.12  52800 50900 53300 50500 350682
2012.11.13  52200 53500 53500 51700 156744
2012.11.14  49600 52900 53000 49600 215603
2012.11.15  49700 48050 50400 47650 193893
2012.11.16  44450 49000 49900 42500 477636
2012.11.19  45200 44450 45650 43550 224817
2012.11.20  50000 46100 51300 45800 396081
2012.11.21  49900 50900 52600 49650 354817
2012.11.22  50900 50500 51000 49650 145945
2012.11.23  50200 51200 52000 49600 162146
2012.11.26  48350 50200 50600 48250 193466
2012.11.27  46900 48400 49200 45900 165912
2012.11.28  47650 47200 48350 46400 150021
2012.11.29  46600 47850 48200 46600 105071
2012.11.30  46200 46800 47600 45800 120657
2012.12.03  45900 45900 46450 45100 95189
2012.12.04  46800 45800 47400 45800 128985
2012.12.05  43200 46600 47200 42500 250101
2012.12.06  39600 42600 43200 38900 420080
2012.12.07  39850 39150 40350 36550 420657
2012.12.10  41200 39900 41650 38900 190598
2012.12.11  40350 40150 41250 39650 133470
2012.12.12  40150 40200 41100 40000 74460
2012.12.13  40900 40350 41250 40350 93280
2012.12.14  43300 40600 43500 40600 226054
2012.12.17  44000 43300 45000 43300 210791
2012.12.18  44700 44500 45000 42500 128418
2012.12.20  40450 44300 44800 40200 219302
2012.12.21  40300 40600 41600 38800 230148
2012.12.24  42450 40150 43150 40150 281081
2012.12.26  42050 42500 42800 41600 123620
2012.12.27  44050 42550 45100 41100 215124
2012.12.28  45900 44600 46300 43800 191808
2013.01.02  45700 47300 47400 45300 211656
2013.01.03  44950 45600 45700 44450 119988
2013.01.04  45650 45500 47050 45300 225674
2013.01.07  44950 45000 45550 44050 187763
2013.01.08  44200 44400 45500 44200 144785
2013.01.09  42150 44050 44750 41500 357981
2013.01.10  40950 41950 42100 40000 292242
2013.01.11  41250 41450 41950 40750 153179
2013.01.14  40600 40800 41700 40450 140169
2013.01.15  40600 40150 41250 40150 100506
2013.01.16  39800 40600 41000 39700 122705
2013.01.17  40000 40050 41300 39950 126919
2013.01.18  40200 40150 40400 39550 82800
2013.01.21  39700 40450 40700 39700 89756
2013.01.22  38300 39300 39700 37900 236176
2013.01.23  38450 38450 39600 38450 171554
2013.01.24  37200 38500 38850 37200 127653
2013.01.25  36400 37400 37850 35700 186890
2013.01.28  36400 35900 37500 35900 104787
2013.01.29  35600 36150 36900 35050 160663
2013.01.30  37550 35900 38050 35850 331327
2013.01.31  36800 38350 39250 36600 256462
2013.02.01  41300 37200 42150 36550 611068
2013.02.04  41500 43000 43200 40800 536731
2013.02.05  40500 41700 41950 40350 134891
2013.02.06  40000 41150 41450 39500 130925
2013.02.07  39750 40000 40500 38500 191965
2013.02.08  41650 39500 41650 36950 294066
2013.02.12  40500 42900 43200 40300 318826
2013.02.13  40000 40950 41550 40000 140867
2013.02.14  40500 40150 41100 39300 198559
2013.02.15  41400 40800 41400 39750 161621
2013.02.18  41400 41400 41500 40500 129028
2013.02.19  42400 41750 43000 41650 278916
2013.02.20  44600 42650 44600 42150 367809
2013.02.21  44700 44000 45450 44000 309070
2013.02.22  44550 44600 45650 44200 200776
2013.02.25  43350 45000 45000 43350 120733
2013.02.26  43950 43000 44700 43000 140268
2013.02.27  46100 44300 46650 44300 370074
2013.02.28  47400 46550 47500 45650 240104
2013.03.04  46100 47650 47650 46100 139405
2013.03.05  48000 46600 48350 46250 217201
2013.03.06  47750 48300 48300 46800 117014
2013.03.07  47050 47650 47800 46100 145898
2013.03.08  46000 47050 47600 46000 91133
2013.03.11  46000 45900 46400 44150 135735
2013.03.12  47300 46250 47650 46200 185503
2013.03.13  48500 47800 49300 47350 284266
2013.03.14  49200 48850 49500 48150 166401
2013.03.15  48000 49500 49500 47000 306355
2013.03.18  45100 47750 48400 45100 164587
2013.03.19  46400 45700 47350 45600 172126
2013.03.20  46500 47200 47600 45750 139693
2013.03.21  46650 47250 47550 46400 137010
2013.03.22  46650 46950 47600 46400 108177
2013.03.25  45500 47050 47450 45400 141595
2013.03.26  46350 46000 46500 44750 99804
2013.03.27  46050 46500 47050 45850 135599
2013.03.28  46500 46200 46500 44700 182691
2013.03.29  46250 47900 47950 46250 274568
2013.04.01  46250 46750 46950 45900 90257
2013.04.02  47400 46600 48300 46450 317226
2013.04.03  48200 47800 49150 47550 293227
2013.04.04  48300 48000 49000 46100 219164
2013.04.05  48650 48600 50500 47850 385339
2013.04.08  45800 48650 49100 45600 188285
2013.04.09  46600 45700 47400 44000 171578
2013.04.10  45900 47700 47700 45600 166813
2013.04.11  46950 46500 47450 46000 131325
2013.04.12  50000 47500 51400 47250 371210
2013.04.15  51400 51400 52500 50500 397084
2013.04.16  51500 51400 51900 50500 216816
2013.04.17  52800 52000 52900 50700 233014
2013.04.18  50600 52000 52800 50600 129364
2013.04.19  51500 50800 52500 49700 227191
2013.04.22  51900 52000 52100 50300 148198
2013.04.23  51200 52200 52500 51100 121274
2013.04.24  55800 51600 56300 51300 403946
2013.04.25  55200 56000 56000 53800 263958
2013.04.26  55500 55600 55900 54300 181765
2013.04.29  56100 56600 58100 56100 316381
2013.04.30  56600 57100 57400 54300 283053
2013.05.02  55500 56500 56500 54800 114155
2013.05.03  56500 56100 56600 54700 126489
2013.05.06  56000 56000 57700 55000 199282
2013.05.07  56400 56600 57300 56000 136149
2013.05.08  57100 56900 57500 56300 105591
2013.05.09  55600 58000 58700 54700 210055
2013.05.10  56200 56000 56200 54400 100012
2013.05.13  55500 56000 56400 55000 93640
2013.05.14  56900 55400 57000 53100 280078
2013.05.15  59100 57500 59500 56800 347678
2013.05.16  60000 59600 60500 59300 245994
2013.05.20  61700 60700 62000 60300 187215
2013.05.21  63100 62200 65400 62200 388059
2013.05.22  64300 63400 65000 61600 224833
2013.05.23  63600 64500 64900 63400 139187
2013.05.24  64000 63300 64500 61900 172309
2013.05.27  63100 64000 64500 62700 111286
2013.05.28  65300 62600 65400 62600 189054
2013.05.29  65100 65800 65800 64400 91976
2013.05.30  64400 65000 65700 62100 223696
2013.05.31  64400 64100 64800 62300 330577
2013.06.03  62500 64000 64800 62500 480478
2013.06.04  60600 62000 63500 60400 198014
2013.06.05  61500 61200 62600 60900 174148
2013.06.07  59900 61200 62500 58500 119678
2013.06.10  62500 60800 64000 60000 145855
2013.06.11  61400 62500 64100 61400 161867
2013.06.12  62500 61400 63000 60900 132112
2013.06.13  61700 63000 63000 61000 106029
2013.06.14  60400 62400 62700 60000 160087
2013.06.17  58400 60500 61300 54800 290628
2013.06.18  58500 59300 60800 57800 112664
2013.06.19  56800 58500 59900 56000 164074
2013.06.20  56500 56000 57700 55200 174944
2013.06.21  54500 54800 55100 53100 239952
2013.06.24  50600 54700 55900 50600 172784
2013.06.25  48200 49200 50000 46100 498756
2013.06.26  51000 49500 51700 47000 223417
2013.06.27  52400 52000 53000 51000 169441
2013.06.28  53800 52700 54400 51300 149203
2013.07.01  53700 53000 54300 52700 153886
2013.07.02  54100 53800 54700 53200 84366
2013.07.03  53200 53800 55000 52000 176704
2013.07.04  51800 53000 53600 51600 116955
2013.07.05  50700 52000 52700 50700 105522
2013.07.08  52400 50800 54100 50800 191102
2013.07.09  52300 53500 53600 51800 68891
2013.07.10  51300 52700 52900 50600 117411
2013.07.11  52300 51400 52700 51300 100801
2013.07.12  52700 52700 53500 51700 128182
2013.07.15  52600 53200 54300 52100 165945
2013.07.16  54200 53000 54400 52400 159301
2013.07.17  54500 54700 55600 53700 161266
2013.07.18  53600 53800 53900 52000 206529
2013.07.19  53800 54500 55400 53800 138619
2013.07.22  52100 54000 54200 52000 121935
2013.07.23  51000 52100 52500 50800 143748
2013.07.24  50400 51300 51600 49150 181261
2013.07.25  49250 50500 51300 49250 136737
2013.07.26  49000 49400 49800 48900 112981
2013.07.29  49150 49000 50100 49000 112514
2013.07.30  49250 48800 49750 48750 90318
2013.07.31  55400 50000 56600 50000 760987
2013.08.01  54300 57800 59200 53500 925635
2013.08.02  54700 54300 55200 52900 304172
2013.08.05  55900 55000 56100 54300 213835
2013.08.06  57000 55500 57000 54400 191405
2013.08.07  56500 56900 58400 55700 206567
2013.08.08  57200 56400 57600 56000 134293
2013.08.09  57900 57800 58400 56800 139088
2013.08.12  57900 58500 58800 57200 93491
2013.08.13  56200 57900 58300 55300 242162
2013.08.14  54700 56400 56500 54700 114659
2013.08.16  55200 53600 56300 53600 120367
2013.08.19  55200 55000 56000 54000 126490
2013.08.20  51800 54900 55900 51800 213474
2013.08.21  52000 52300 52500 49600 146038
2013.08.22  50300 50600 51400 49750 125577
2013.08.23  49850 50100 51600 49850 124516
2013.08.26  54000 50300 56300 49900 319930
2013.08.27  51700 53400 53800 51100 185248
2013.08.28  51300 50600 51900 49850 130413
2013.08.29  50700 51300 51900 50600 85954
2013.08.30  51000 50500 52000 50500 81290
2013.09.02  51000 51600 53000 50800 132114
2013.09.03  51600 51400 52700 51100 137250
2013.09.04  50600 51700 52200 50600 103946
2013.09.05  50600 50800 51500 50500 82938
2013.09.06  49900 50700 51100 49850 137949
2013.09.09  50000 50700 50700 49750 102222
2013.09.10  48800 50000 50900 48800 169214
2013.09.11  48950 49200 50400 48800 212059
2013.09.12  51300 49350 51900 49200 366408
2013.09.13  51000 51300 52700 50800 188548
2013.09.16  49700 51500 51900 49700 147015
2013.09.17  49350 49950 49950 49000 113340
2013.09.23  48650 49450 49750 48500 104516
2013.09.24  48800 48150 49300 47850 70960
2013.09.25  46800 48800 49300 45900 367962
2013.09.26  46650 46800 47300 45950 229567
2013.09.27  46550 46650 48100 46150 358292
2013.09.30  46100 46300 47350 46050 132725
2013.10.01  43250 46050 46400 42250 534033
2013.10.02  42800 43850 44200 42800 170521
2013.10.04  44850 42550 45050 42500 271209
2013.10.07  43550 44500 45150 42900 177033
2013.10.08  42700 43350 43850 42450 89187
2013.10.10  42600 42450 43450 42350 66345
2013.10.11  44100 43200 44250 42700 132469
2013.10.14  43000 44350 44500 42700 99745
2013.10.15  44400 43400 44400 43100 86761
2013.10.16  44250 44900 44900 42400 172065
2013.10.17  44150 44300 44650 43200 88135
2013.10.18  43000 44000 44950 42700 206612
2013.10.21  44950 43400 44950 43400 191514
2013.10.22  46250 44900 46700 44500 198784
2013.10.23  46400 46500 46800 45400 122165
2013.10.24  46400 46400 46800 45500 70462
2013.10.25  48700 46600 48800 46600 291477
2013.10.28  49100 49250 50700 49050 212153
2013.10.29  48500 49600 49650 48050 104132
2013.10.30  48950 48350 49850 48000 117259
2013.10.31  47300 48950 49600 47250 118012
2013.11.01  47600 47450 48700 47300 93787
2013.11.04  45100 47250 47600 44550 289398
2013.11.05  44850 45200 45550 44100 134638
2013.11.06  43450 44850 45200 43350 131845
2013.11.07  41150 43850 44000 41150 233256
2013.11.08  40100 40200 42000 39950 155713
2013.11.11  38150 40400 40750 37850 154092
2013.11.12  38600 38200 39100 37050 147013
2013.11.13  37900 39100 40450 37850 236246
2013.11.14  37000 37500 38100 34950 494497
2013.11.15  36400 36700 37600 35700 242388
2013.11.18  36700 36500 37200 36450 94316
2013.11.19  36500 36800 37550 36050 121516
2013.11.20  36700 36800 37400 36150 116579
2013.11.21  35950 36800 36950 35950 72814
2013.11.22  38200 36300 38200 36200 226244
2013.11.25  38300 38700 38950 37850 194195
2013.11.26  38050 38300 39450 37900 160487
2013.11.27  37500 38400 39000 37400 107245
2013.11.28  38900 38000 38900 37700 134981
2013.11.29  38750 39150 39300 38600 116336
2013.12.02  37400 39100 39450 37400 91499
2013.12.03  37200 37400 38150 37200 78398
2013.12.04  39200 37300 39200 37300 213183
2013.12.05  39100 39400 40300 38850 202596
2013.12.06  39750 39050 39950 38700 131910
2013.12.09  40600 40200 41950 40150 226767
2013.12.10  39900 41000 41100 39750 78807
2013.12.11  35700 39950 40500 35650 295795
2013.12.12  36100 35050 36200 34000 216492
2013.12.13  34700 35800 36400 34700 121506
2013.12.16  31500 34500 34650 31500 422531
2013.12.17  31100 31050 32150 31050 240309
2013.12.18  32500 31100 32750 30450 243099
2013.12.19  31650 32550 33000 31400 88158
2013.12.20  32450 31800 33050 31650 75761
2013.12.23  32450 32600 33150 32000 350042
2013.12.24  32800 32200 32800 32050 81267
2013.12.26  31550 32600 32800 31300 142485
2013.12.27  31900 31900 32500 31750 78495
2013.12.30  32650 32250 32750 32200 78311
2014.01.02  31900 32850 33000 31600 86046
2014.01.03  32250 31750 32350 31700 70173
2014.01.06  32000 32400 32600 31950 75125
2014.01.07  32300 31750 32850 31700 78182
2014.01.08  32950 32550 33600 32550 215003
2014.01.09  32600 32950 33550 32400 111545
2014.01.10  34200 32800 34250 32650 228797
2014.01.13  36850 33600 37800 33000 488014
2014.01.14  37700 36250 38200 36200 315727
2014.01.15  37700 37650 38600 36850 165542
2014.01.16  39350 38250 40000 37400 277259
2014.01.17  39150 39350 40150 38400 171207
2014.01.20  39300 39000 39800 38300 155541
2014.01.21  40000 39600 40350 39350 137669
2014.01.22  41300 40750 42100 40200 219813
2014.01.23  41750 41400 42150 41000 130231
2014.01.24  41500 41750 42500 40150 348729
2014.01.27  39150 40500 41250 39100 155254
2014.01.28  40750 39150 41400 37750 281190
2014.01.29  42500 40800 43400 40350 250062
2014.02.03  43400 42100 43700 42100 187163
2014.02.04  42800 42200 43650 42100 184381
2014.02.05  42000 42600 43300 42000 160552
2014.02.06  41000 42050 42700 40950 115909
2014.02.07  44150 41650 47000 41350 566984
2014.02.10  45350 44700 48200 44500 592425
2014.02.11  44600 45600 46100 44600 162254
2014.02.12  45850 44800 46400 43150 307591
2014.02.13  45050 45200 46200 44900 235490
2014.02.14  44600 45300 45700 44400 118942
2014.02.17  44500 44600 46000 44400 98795
2014.02.18  46050 44500 46450 44450 184460
2014.02.19  46000 46300 46950 45750 131188
2014.02.20  49800 46000 50000 45900 450254
2014.02.21  51300 50500 52700 48750 505384
2014.02.24  48500 51400 52000 48500 283619
2014.02.25  48600 49100 50600 48150 243435
2014.02.26  46900 48900 50700 46900 339731
2014.02.27  44000 47300 47650 43650 639759
2014.02.28  45500 44800 46450 44500 518440
2014.03.03  45200 45700 46300 44350 180680
2014.03.04  46300 44800 46300 44650 120613
2014.03.05  47900 46800 48000 46100 229404
2014.03.06  50000 48200 50800 47400 371804
2014.03.07  48600 50400 50400 48550 196175
2014.03.10  48150 48600 49300 47350 155441
2014.03.11  48150 48450 48900 47600 96016
2014.03.12  47850 48700 49350 47750 302549
2014.03.13  48750 48200 48750 47750 148617
2014.03.14  52400 49500 55600 49250 1060942
2014.03.17  52900 53600 54800 49750 477703
2014.03.18  50800 53900 53900 50700 294347
2014.03.19  50600 50600 52000 50500 182628
2014.03.20  52600 51600 52600 50700 209775
2014.03.21  51300 52700 52800 51000 163404
2014.03.24  50900 51000 52000 50000 204724
2014.03.25  50300 51400 51500 50300 90429
2014.03.26  49800 50500 50800 49250 140720
2014.03.27  47800 49800 51900 47750 333572
2014.03.28  47200 48100 49250 47050 269830
2014.03.31  47800 47800 48500 47050 187716
2014.04.01  48650 47800 49350 47750 127969
2014.04.02  49800 48650 50500 48650 231527
2014.04.03  49300 50100 51200 49000 177914
2014.04.04  48500 49850 49850 48500 170037
2014.04.07  45600 47700 48450 45600 258563
2014.04.08  44350 45600 45900 43350 275766
2014.04.09  44600 44900 45100 44300 138531
2014.04.10  44650 45050 45300 44450 142080
2014.04.11  43150 43350 43700 42200 341214
2014.04.14  45050 43150 45400 42750 232732
2014.04.15  44800 45300 45700 44250 119073
2014.04.16  45800 46000 47100 45100 265409
2014.04.17  45500 45800 46450 45050 174768
2014.04.18  45350 46000 46000 45200 108465
2014.04.21  46550 47600 48500 46550 264387
2014.04.22  48400 46900 48600 46750 258750
2014.04.23  46800 48800 49150 46700 209086
2014.04.24  47000 47050 47400 45600 159267
2014.04.25  45200 46300 46450 44900 177103
2014.04.28  46300 45950 47700 45200 183914
2014.04.29  44850 46950 47050 44500 183662
2014.04.30  44900 45300 45800 44600 107720
2014.05.02  44950 45250 45450 44650 153902
2014.05.07  44750 45150 45850 44750 117768
2014.05.08  43150 44400 44800 43150 106434
2014.05.09  38250 42900 43900 37700 607639
2014.05.12  38750 38050 39100 37500 196540
2014.05.13  40800 38750 41150 38750 244456
2014.05.14  41650 40850 41900 40500 159907
2014.05.15  41750 41150 41900 41150 69253
2014.05.16  42300 42200 43500 41150 148871
2014.05.19  41000 42300 42450 39850 141360
2014.05.20  40450 40500 41150 38950 279264
2014.05.21  40550 40550 41350 40100 206817
2014.05.22  40550 40550 41350 40350 142235
2014.05.23  41400 41000 42350 40750 214806
2014.05.26  47600 47600 47600 45700 3383757
2014.05.27  44850 48750 51800 44600 6089604
2014.05.28  41500 45350 45500 41500 2521353
2014.05.29  41100 41500 42300 40700 983413
2014.05.30  41150 42000 42650 41150 857498
2014.06.02  35000 41100 41150 35000 2190445
2014.06.03  33500 34100 35450 32500 1283198
2014.06.05  33450 33700 34400 33200 448607
2014.06.09  34050 33500 34600 33300 389208
2014.06.10  34150 33950 34800 33850 284045
2014.06.11  34350 34250 34700 33950 197987
2014.06.12  34600 34300 35200 34100 243822
2014.06.13  36100 35000 36650 35000 590142
2014.06.16  36250 36500 36500 35400 209820
2014.06.17  36150 35800 36450 35300 229219
2014.06.18  36000 36200 37600 36000 336726
2014.06.19  35700 36050 36500 35350 181701
2014.06.20  36100 35700 37600 35400 358884
2014.06.23  37800 36450 39050 36200 938461
2014.06.24  35200 37450 37600 35100 548341
2014.06.25  35950 35400 36700 35300 325921
2014.06.26  37450 36700 37950 36700 353174
2014.06.27  37550 37400 37700 36850 141533
2014.06.30  37850 38100 38150 37450 152080
2014.07.01  39100 38850 39150 38550 279886
2014.07.02  38850 39400 39650 38650 193439
2014.07.03  38600 38550 39000 37900 226800
2014.07.04  37800 39100 39450 37650 205341
2014.07.07  37100 37850 38000 36600 265691
2014.07.08  38950 37150 39250 36950 447797
2014.07.09  38350 39000 39100 37900 202328
2014.07.10  38050 38700 39150 38050 207625
2014.07.11  37900 38200 38600 37350 155850
2014.07.14  37450 38000 38200 37450 129303
2014.07.15  36600 37550 38200 36600 238111
2014.07.16  35450 36800 36900 35100 271587
2014.07.17  35400 35800 35950 35150 119037
2014.07.18  35600 34950 35850 34950 126386
2014.07.21  35200 35650 35750 34800 140520
2014.07.22  36850 35250 37600 35150 300729
2014.07.23  36550 36600 37150 36150 122082
2014.07.24  36650 36500 37800 36500 147223
2014.07.25  37000 36450 37650 36450 123148
2014.07.28  36250 37500 37650 36250 96024
2014.07.29  34400 36300 36350 34050 249807
2014.07.30  35250 35000 35850 33800 219579
2014.07.31  37700 35600 39150 35400 869868
2014.08.01  37600 37150 38450 36900 306556
2014.08.04  38500 37600 38650 36900 273882
2014.08.05  38400 38500 39900 38000 488971
2014.08.06  39150 38900 39900 38300 509485
2014.08.07  37650 39250 41100 37650 874345
2014.08.08  36950 37500 38400 36950 224899
2014.08.11  38200 37250 39600 36550 496807
2014.08.12  39000 38100 39150 37750 361314
2014.08.13  40900 39900 42300 39500 1537314
2014.08.14  44850 42100 45550 41800 1828744
2014.08.18  45100 46250 47450 44950 1153514
2014.08.19  46000 45100 46000 43600 679118
2014.08.20  48500 47200 49500 46600 1171348
2014.08.21  46500 48400 48400 46250 608835
2014.08.22  46900 46000 47250 45750 472035
2014.08.25  42200 48300 48350 42200 1108324
2014.08.26  43150 42450 43750 41150 542546
2014.08.27  39700 43450 43750 39450 890446
2014.08.28  41050 40000 41800 39900 452010
2014.08.29  42150 40700 44000 40200 665368
2014.09.01  40900 42650 42800 40750 283975
2014.09.02  40700 40900 42050 40650 226227
2014.09.03  40400 41100 41700 40200 213456
2014.09.04  40100 41100 41100 39150 333800
2014.09.05  40600 40100 41550 40100 341740
2014.09.11  39750 40400 40500 39450 194038
2014.09.12  39500 39800 39950 38700 154706
2014.09.15  38000 38950 39250 38000 185573
2014.09.16  40600 38450 40600 38100 311124
2014.09.17  39650 40650 41350 39650 211171
2014.09.18  42700 40100 44450 39750 903654
2014.09.19  44650 43300 44650 42050 502803
2014.09.22  43350 45000 45750 43350 447497
2014.09.23  44250 43600 45150 42900 419955
2014.09.24  43450 44550 45150 43300 355799
2014.09.25  43200 43850 44700 42900 258736
2014.09.26  42950 42550 43600 42500 191591
2014.09.29  42400 43400 43900 41600 242431
2014.09.30  44000 43350 44550 42800 470673
2014.10.01  44250 44850 46050 43700 636142
2014.10.02  43650 43850 44400 43100 238281
2014.10.06  45500 44450 45750 43850 550185
2014.10.07  46250 46350 47000 45350 470034
2014.10.08  44800 45750 46300 44250 414655
2014.10.10  43100 44200 44500 42900 311562
2014.10.13  37950 42600 42700 37750 616457
2014.10.14  39350 37500 39650 37500 313489
2014.10.15  38300 39300 40500 38250 261049
2014.10.16  38900 37900 39450 37750 197650
2014.10.17  37350 39200 39450 36550 311225
2014.10.20  36900 37900 38150 36050 280828
2014.10.21  36200 36750 37900 36100 339382
2014.10.22  36800 37000 37400 36350 193185
2014.10.23  37300 36850 38700 36350 289343
2014.10.24  36100 37450 37900 36100 170777
2014.10.27  36400 36200 36700 35400 140664
2014.10.28  36900 36200 37700 36200 193488
2014.10.29  36700 37600 37800 36700 194580
2014.10.30  36750 36600 37350 36300 122134
2014.10.31  37150 37150 37650 36750 145793
2014.11.03  36300 37100 37500 36000 165447
2014.11.04  36850 36400 37150 35550 198439
2014.11.05  37400 37150 38700 37050 311273
2014.11.06  36300 37800 37900 36050 162305
2014.11.07  35900 36050 36800 35700 126598
2014.11.10  38500 36250 38500 36200 327992
2014.11.11  37250 39000 39000 37200 228115
2014.11.12  36800 37400 37450 36400 150885
2014.11.13  37900 37200 38000 37000 217947
2014.11.14  37800 37850 37950 36600 233692
2014.11.17  35800 37450 37800 35750 222066
2014.11.18  35500 35850 36200 34550 233218
2014.11.19  35700 36400 36650 35650 134549
2014.11.20  34800 35350 35900 34800 131440
2014.11.21  36000 35250 36300 34600 166579
2014.11.24  36200 36450 36550 35800 132354
2014.11.25  37400 36200 37950 36000 268918
2014.11.26  37050 37700 38050 36900 180905
2014.11.27  37200 37800 38350 37100 187822
2014.11.28  37300 37250 37900 37000 122121
2014.12.01  36300 38050 38200 36050 156677
2014.12.02  36500 35650 36700 35650 146578
2014.12.03  37450 36250 38050 36250 259933
2014.12.04  38100 38000 39200 37600 353238
2014.12.05  37650 38750 39250 37550 376610
2014.12.08  40500 38000 42500 37300 904151
2014.12.09  38850 40150 40700 38700 396651
2014.12.10  41000 41500 42050 39600 921050
2014.12.11  39550 40700 41750 39500 506343
2014.12.12  39650 40200 40600 38150 248843
2014.12.15  39450 40250 41400 39400 384031
2014.12.16  39400 39850 40250 38600 232721
2014.12.17  40450 39450 41350 38600 535681
2014.12.18  42150 41500 43650 40250 1138100
2014.12.19  40950 41650 42050 40700 320234
2014.12.22  40700 41700 41700 40300 288368
2014.12.23  39950 40800 41650 39950 323428
2014.12.24  40300 40600 41300 40250 194855
2014.12.26  39250 40500 40700 39250 265476
2014.12.29  37750 39150 39400 37450 286414
2014.12.30  37800 38050 38300 37450 132902
2015.01.02  39500 37850 39550 37850 215380
2015.01.05  40450 39900 40500 39100 218880
2015.01.06  40500 39900 41100 39750 258535
2015.01.07  39900 41000 41700 39850 359156
2015.01.08  39550 40500 40650 39300 147996
2015.01.09  39450 39700 39850 38850 267940
2015.01.12  39150 39650 40300 39100 203515
2015.01.13  38200 39150 39500 38100 231569
2015.01.14  40150 38300 40150 38300 227311
2015.01.15  40650 39750 40650 39550 211491
2015.01.16  42900 40500 42900 40250 597751
2015.01.19  42900 43500 44800 42800 717697
2015.01.20  45500 43550 45550 42200 694098
2015.01.21  48550 46400 49100 45150 1353813
2015.01.22  46300 48200 48700 45500 959667
2015.01.23  49350 47500 49900 46150 1226514
2015.01.26  48500 48850 49300 47600 770956
2015.01.27  48300 49300 50400 48300 854599
2015.01.28  48750 48900 49050 47150 548920
2015.01.29  46800 48450 48650 46750 419963
2015.01.30  47300 46850 47500 45750 605893
2015.02.02  46100 47000 47550 45150 595121
2015.02.03  45450 45950 46200 44300 454766
2015.02.04  43800 45400 45550 43700 475696
2015.02.05  44050 44200 45450 43550 582450
2015.02.06  42050 44300 44350 41950 544231
2015.02.09  41550 42450 42550 40600 423151
2015.02.10  41800 41350 42200 40650 288004
2015.02.11  42600 41450 43450 41200 472373
2015.02.12  39150 42350 42350 38800 632459
2015.02.13  40350 39050 40350 38050 326294
2015.02.16  38900 40300 40300 38900 179810
2015.02.17  39550 38500 39650 38100 224317
2015.02.23  39650 39850 40150 39250 137764
2015.02.24  41850 40350 41850 40000 297836
2015.02.25  41200 42100 42300 41200 196389
2015.02.26  40650 41200 42300 40550 188302
2015.02.27  41050 41000 41400 39900 163881
2015.03.02  40250 41050 41100 40200 141214
2015.03.03  40250 40500 41050 40200 105575
2015.03.04  39800 40250 40550 39500 143476
2015.03.05  40850 39850 41450 39850 220528
2015.03.06  40850 41000 41300 40400 122684
2015.03.09  40300 40500 41000 40050 119374
2015.03.10  38100 40250 40700 38000 306486
2015.03.11  37450 37600 38400 37050 182885
2015.03.12  38250 37900 38400 37800 116120
2015.03.13  40500 38200 40500 38150 233932
2015.03.16  38800 40550 40550 38650 299051
2015.03.17  39100 39000 39150 38300 142886
2015.03.18  37950 39150 39350 37850 211044
2015.03.19  36900 38100 38300 36650 291619
2015.03.20  37400 37100 37750 36800 129481
2015.03.23  36950 37600 37850 36900 152801
2015.03.24  37200 37200 37300 36700 89983
2015.03.25  36550 37450 37450 36450 185953
2015.03.26  36200 36100 36800 36100 168183
2015.03.27  35450 36300 36600 35300 163175
2015.03.30  35000 35200 35550 35000 248056
2015.03.31  40250 35450 40250 35400 1838846
2015.04.01  40550 40350 40550 38700 685172
2015.04.02  41050 41100 41800 39600 785934
2015.04.03  40300 41400 42000 40300 497589
2015.04.06  40100 40950 41700 39800 456693
2015.04.07  38600 38650 39400 37100 616050
2015.04.08  37700 38550 38950 37700 262718
2015.04.09  37900 37800 38650 37700 173662
2015.04.10  38500 38150 38650 37600 215072
2015.04.13  38650 38500 39050 38100 210930
2015.04.14  37700 38750 39000 37300 246793
2015.04.15  36600 37500 37900 36450 391447
2015.04.16  36500 36950 36950 36100 183567
2015.04.17  36650 36500 36900 36400 163282
2015.04.20  36150 36500 36600 35900 191998
2015.04.21  40200 36250 41050 36250 1375218
2015.04.22  38750 40650 40900 37150 605752
2015.04.23  38950 38750 39800 37550 436292
2015.04.24  39800 39150 40500 38600 339281
2015.04.27  41500 40100 41700 39650 614476
2015.04.28  41250 41650 42200 40700 296900
2015.04.29  40700 41700 42050 39950 297402
2015.04.30  39400 40800 41450 39200 310155
2015.05.04  38550 39800 40250 38550 184646
2015.05.06  38600 38100 39500 38000 177944
2015.05.07  40300 38750 40300 38200 248828
2015.05.08  40000 40000 40800 39700 252027
2015.05.11  40000 40000 40600 39600 213459
2015.05.12  40750 40400 42700 40200 574645
2015.05.13  42650 40850 43350 40600 554913
2015.05.14  42900 44850 45000 42700 812232
2015.05.15  42800 43550 44500 42500 404546
2015.05.18  42500 42900 43400 42000 245457
2015.05.19  44350 42300 44350 41250 466596
2015.05.20  43700 44500 44800 43500 279969
2015.05.21  44950 43900 45200 43050 418498
2015.05.22  43350 44250 44900 43300 227273
2015.05.26  43500 43200 43700 42150 196119
2015.05.27  42350 43150 43400 41850 211155
2015.05.28  42100 42400 42700 41300 173041
2015.05.29  42050 42100 42700 41500 184815
2015.06.01  41400 42150 42350 40800 135703
2015.06.02  40900 41100 41800 40600 207948
2015.06.03  40600 41200 41800 39950 175041
2015.06.04  39400 40600 41000 38650 335099
2015.06.05  39950 39100 40200 38900 195912
2015.06.08  40500 40150 40750 39700 156058
2015.06.09  40800 41300 41450 40400 162441
2015.06.10  40500 40800 41750 40250 201132
2015.06.11  41000 40750 42900 39850 330134
2015.06.12  40250 41000 41200 40100 190237
2015.06.15  38050 39800 40050 38050 251609
2015.06.16  37000 37650 37850 36350 300983
2015.06.17  37450 36800 37500 36600 130506
2015.06.18  37950 37500 39500 36450 411827
2015.06.19  38400 38500 38550 37750 202746
2015.06.22  39000 38400 39650 38400 173442
2015.06.23  38850 39350 39550 38600 184075
2015.06.24  38500 38550 39300 38150 152324
2015.06.25  37450 38250 38900 37400 255314
2015.06.26  37300 37650 38300 37150 228938
2015.06.29  35800 36950 36950 35550 323880
2015.06.30  36100 35200 36400 35100 170084
2015.07.01  38250 36400 38400 36150 283521
2015.07.02  40300 38650 40750 38250 446640
2015.07.03  40350 40400 40550 39400 245357
2015.07.06  39500 39500 40500 39450 162876
2015.07.07  41400 39650 41800 39000 467516
2015.07.08  42500 41750 43550 41400 776075
2015.07.09  42300 42500 42500 40350 273612
2015.07.10  42200 42550 43350 41800 295610
2015.07.13  44400 42950 44800 42950 663758
2015.07.14  44500 44650 45050 43700 353179
2015.07.15  44400 44800 44900 43650 215599
2015.07.16  48600 44250 48900 44250 884909
2015.07.17  49200 48650 50400 47600 500103
2015.07.20  54900 50500 58300 50500 1406511
2015.07.21  59600 57600 61100 56000 1371600
2015.07.22  57600 58100 60100 57500 671889
2015.07.23  59100 60500 63400 58600 718795
2015.07.24  65300 60300 65300 59800 665617
2015.07.27  59500 66400 67800 56900 1372244
2015.07.28  61800 58100 64200 56600 1179830
2015.07.29  58100 60800 63000 58100 599646
2015.07.30  60000 59300 60700 56200 551709
2015.07.31  54200 60500 60600 52100 1023974
2015.08.03  53000 55000 56100 50400 648630
2015.08.04  54900 52700 55600 52200 498253
2015.08.05  55200 54500 57900 52800 580523
2015.08.06  55000 55800 57300 54600 333112
2015.08.07  67000 55700 70400 55200 1970867
2015.08.10  61500 67900 68300 60900 1063540
2015.08.11  60800 62100 66200 60000 1058429
2015.08.12  62000 61300 62700 57400 753507
2015.08.13  56600 62500 63300 56300 906116
2015.08.17  64800 66500 68500 62700 1709027
2015.08.18  61000 63500 65400 59700 902949
2015.08.19  55300 61500 61900 53500 1065289
2015.08.20  51900 54800 57500 51600 782929
2015.08.21  50400 48000 52100 47100 1000852
2015.08.24  53000 53100 56500 51900 1189241
2015.08.25  53300 54500 54900 52500 794277
2015.08.26  50000 52000 52300 48400 1453971
2015.08.27  49000 51100 51400 48450 805328
2015.08.28  53500 50400 53500 50300 1091278
2015.08.31  51600 53500 53700 51600 468164
2015.09.01  49050 51200 52600 49050 467642
2015.09.02  50400 48200 50700 47700 473184
2015.09.03  48200 50400 51000 48150 493769
2015.09.04  46000 48550 48700 45000 626217
2015.09.07  45450 45350 46300 44850 329986
2015.09.08  43550 45900 46300 43050 459642
2015.09.09  45100 44850 45300 44200 337511
2015.09.10  46800 44100 47150 44100 516313
2015.09.11  46000 46600 47050 45550 262109
2015.09.14  46100 47250 47700 45800 266847
2015.09.15  44250 45900 46250 43500 296949
2015.09.16  44450 44700 45150 43850 270724
2015.09.17  43650 44850 45250 43550 238754
2015.09.18  46800 46300 47900 45700 876347
2015.09.21  45550 45500 46000 44800 265265
2015.09.22  47500 46200 48700 45600 723586
2015.09.23  45700 46250 47000 45700 305427
2015.09.24  47800 46300 47800 46200 323663
2015.09.25  48400 47950 49550 47050 381454
2015.09.30  47100 48000 48150 46850 183626
2015.10.01  46050 46400 46700 45400 348074
2015.10.02  44900 46300 46400 44900 198513
2015.10.05  46350 46150 46700 45550 247924
2015.10.06  45250 47100 47850 45000 268742
2015.10.07  45300 45300 46300 45150 135155
2015.10.08  44200 45650 45800 43750 243057
2015.10.12  45650 45050 45900 44200 199908
2015.10.13  45350 45950 46400 45350 178802
2015.10.14  45100 45200 45600 44450 126600
2015.10.15  46200 45150 46500 44800 161981
2015.10.16  46850 46400 47400 45950 206532
2015.10.19  47400 46850 47850 46600 223789
2015.10.20  47100 47400 47650 46800 150305
2015.10.21  46200 47100 47450 45700 157723
2015.10.22  45900 45800 47100 45500 123536
2015.10.23  46050 46550 47350 45750 142225
2015.10.26  47600 45900 47900 45850 239441
2015.10.27  46600 47500 47700 46600 156543
2015.10.28  47100 48700 48800 47050 258157
2015.10.29  47100 47700 48250 46700 148634
2015.10.30  45850 46900 47250 45550 164514
2015.11.02  45000 45600 46150 45000 120495
2015.11.03  47700 45500 47750 45500 235665
2015.11.04  46000 48000 48300 44550 477627
2015.11.05  44350 45350 45450 43100 657865
2015.11.06  41050 43700 43800 41050 586922
2015.11.09  39550 40900 41350 39550 353189
2015.11.10  36750 38800 39300 36600 494601
2015.11.11  37300 36700 37650 36000 311026
2015.11.12  36850 37200 37650 36850 171764
2015.11.13  36100 36500 36550 35750 171207
2015.11.16  34250 35350 35500 34250 236385
2015.11.17  35700 34800 35950 34700 163039
2015.11.18  35500 36000 36700 35500 160801
2015.11.19  36900 36150 36950 35900 157375
2015.11.20  37300 37100 37550 36750 157252
2015.11.23  37300 37350 37600 36750 85670
2015.11.24  37450 37500 38050 36850 121597
2015.11.25  35700 37350 37500 35700 205426
2015.11.26  35150 35600 35800 34800 264552
2015.11.27  36100 35450 36250 35250 131970
2015.11.30  35500 36700 36750 35150 137500
2015.12.01  35650 35500 36000 35500 85517
2015.12.02  35250 35700 35850 35250 108428
2015.12.03  34850 35150 35400 34750 95244
2015.12.04  35450 34450 35600 34400 78329
2015.12.07  36550 35550 37250 35450 211442
2015.12.08  35350 36350 36650 35350 144573
2015.12.09  35050 35450 35950 34950 77461
2015.12.10  35700 34900 35700 34700 102535
2015.12.11  35000 35800 36050 35000 71922
2015.12.14  32650 34000 34300 32550 187065
2015.12.15  32650 32750 33400 32650 73193
2015.12.16  34000 33000 34500 33000 97980
2015.12.17  34800 34000 35500 33650 113291
2015.12.18  34700 33600 35000 33400 119535
2015.12.21  34950 34750 35150 34700 68176
2015.12.22  34150 34950 35100 34150 78282
2015.12.23  34150 34150 34650 33750 54069
2015.12.24  33850 34500 34500 33850 51417
2015.12.28  33900 33850 34450 33750 58350
2015.12.29  34900 34000 35000 34000 60293
2015.12.30  37300 35200 37900 35200 337358
2016.01.04  36900 37650 37900 36750 170724
2016.01.05  36000 36350 36950 35550 183455
2016.01.06  35050 36050 36200 34150 160331
2016.01.07  34000 35100 35650 34000 187228
2016.01.08  33650 33500 33950 32900 151973
2016.01.11  32750 33500 33550 32600 146318
2016.01.12  33500 32900 34050 32650 129759
2016.01.13  33600 33850 34000 33200 101559
2016.01.14  32500 33100 33100 31850 203013
2016.01.15  31700 32550 33200 31600 137948
2016.01.18  30350 30600 31000 30200 160286
2016.01.19  31000 30100 31300 30050 121149
2016.01.20  30200 31500 31500 29700 116276
2016.01.21  30000 30000 31250 30000 129714
2016.01.22  31200 30700 33400 30300 630626
2016.01.25  32650 31950 32900 31650 235517
2016.01.26  33650 32400 34150 32200 227478
2016.01.27  34350 34200 35000 33800 221740
2016.01.28  31900 34800 35100 31800 419811
2016.01.29  39750 35600 39750 34700 1804924
2016.02.01  39500 38750 40750 37250 1152537
2016.02.02  36500 39600 39600 36500 619262
2016.02.03  34200 36050 36950 34200 413175
2016.02.04  34000 34250 34550 33500 247079
2016.02.05  35450 34250 36050 34250 275473
2016.02.11  31150 33300 33500 31150 368814
2016.02.12  29500 30500 31800 29200 332622
2016.02.15  30600 29900 31050 29700 134622
2016.02.16  31800 31050 31900 31050 101143
2016.02.17  30850 31800 31950 30700 99007
2016.02.18  32200 31300 32300 31250 92918
2016.02.19  32600 32400 32800 31750 94199
2016.02.22  35650 33300 36500 33000 326122
2016.02.23  33850 35900 35900 33600 242883
2016.02.24  33800 33550 34750 33300 104448
2016.02.25  33000 34550 35000 32950 152055
2016.02.26  33950 33600 34750 33000 146412
2016.02.29  34650 34200 35050 33650 130885
2016.03.02  34450 34950 34950 34050 115798
2016.03.03  33350 34600 34600 33000 207417
2016.03.04  32750 33400 33550 32550 175588
2016.03.07  32450 32850 33350 32400 147973
2016.03.08  31700 32550 32800 31200 218775
2016.03.09  32000 31750 32300 31450 103647
2016.03.10  33200 32150 33450 32150 159923
2016.03.11  32900 32800 33300 32300 88608
2016.03.14  32600 33200 33400 32500 79863
2016.03.15  32050 32650 32750 31850 95652
2016.03.16  31400 32150 32150 31250 153332
2016.03.17  31600 31700 31950 31550 55022
2016.03.18  31100 31850 31850 30950 143673
2016.03.21  30850 31100 31500 30800 94807
2016.03.22  31550 30850 31700 30850 98534
2016.03.23  31200 31650 31650 31100 70330
2016.03.24  31100 31050 31450 31000 47990
2016.03.25  30900 31100 31350 30800 60864
2016.03.28  31000 30800 31450 30800 60954
2016.03.29  31200 30950 31450 30900 63897
2016.03.30  32000 31200 32300 31200 160954
2016.03.31  31250 31950 32200 31100 100505
2016.04.01  30600 31300 31450 30550 123541
2016.04.04  29650 30250 30450 29500 261589
2016.04.05  29500 29750 30200 29350 193265
2016.04.06  30000 29550 30450 29550 174781
2016.04.07  30350 30100 30450 29850 111098
2016.04.08  30000 30350 30350 29850 94103
2016.04.11  27900 30000 30050 27700 475047
2016.04.12  27350 27800 28100 27200 200292
2016.04.14  27300 27550 27700 27300 169038
2016.04.15  27350 27350 27550 27300 105471
2016.04.18  27600 27450 27700 27400 98037
2016.04.19  27750 27650 28000 27650 68208
2016.04.20  27750 27900 28200 27750 78164
2016.04.21  27550 27750 28200 27450 80456
2016.04.22  26750 27550 27650 26600 228427
2016.04.25  26750 26650 27150 26550 108391
2016.04.26  26600 26750 26950 26450 139274
2016.04.27  25900 26500 26650 25800 193336
2016.04.28  26450 26000 27100 25950 189559
2016.04.29  26300 26350 26650 26200 64672
2016.05.02  25500 26150 26500 25450 130046
2016.05.03  26200 25500 26300 25450 89483
2016.05.04  26700 25950 27100 25950 142770
2016.05.09  26050 27050 27200 26000 101449
2016.05.10  26700 25900 26750 25900 55130
2016.05.11  27000 27100 27850 26800 187809
2016.05.12  27000 26900 27000 26600 73373
2016.05.13  26950 27050 27550 26700 114573
2016.05.16  26300 26850 26850 26200 70296
2016.05.17  26900 26350 26900 25900 91593
2016.05.18  25700 26900 26900 25650 148956
2016.05.19  25400 25700 25950 25350 92921
2016.05.20  27750 25400 28150 25400 418010
2016.05.23  29050 27200 29200 27200 429138
2016.05.24  29100 29400 29500 28550 161722
2016.05.25  28000 29500 29500 27900 206827
2016.05.26  27500 28100 28450 27100 173527
2016.05.27  28050 27650 28350 27450 117410
2016.05.30  25900 27750 27750 25750 345107
2016.05.31  26600 26100 26600 25800 148122
2016.06.01  26350 26400 26800 26200 87276
2016.06.02  26450 26700 26800 25900 108308
2016.06.03  26350 26550 26650 26050 82429
2016.06.07  26350 26300 26600 26000 97600
2016.06.08  26250 26300 26600 26100 94749
2016.06.09  26750 26300 26850 26050 121310
2016.06.10  26600 26850 26900 26300 96279
2016.06.13  25800 26300 26350 25650 150187
2016.06.14  25400 25800 26050 25300 99155
2016.06.15  25150 25400 25700 25000 96315
2016.06.16  24000 25250 25400 23850 143759
2016.06.17  24000 24100 24550 24000 65370
2016.06.20  24400 24150 24600 24050 62735
2016.06.21  24350 24450 24600 24150 41524
2016.06.22  24550 24400 24700 24100 79416
2016.06.23  24200 24350 24650 23950 69373
2016.06.24  21550 24450 24450 21300 367236
2016.06.27  21700 21000 22150 20900 142355
2016.06.28  24600 24700 26250 24250 1142454
2016.06.29  24700 24950 25450 24300 258807
2016.06.30  25200 25000 25750 24700 234615
2016.07.01  25950 25050 25950 25050 151929
2016.07.04  25400 25800 26100 25150 159064
2016.07.05  25750 25400 26200 25300 134306
2016.07.06  25200 25600 25750 24750 83984
2016.07.07  25300 25300 25550 24950 69592
2016.07.08  24450 25250 25450 24350 96787
2016.07.11  23950 24450 24600 23800 119741
2016.07.12  24300 24200 24400 23900 73343
2016.07.13  25950 24600 27450 24550 736028
2016.07.14  25200 25950 25950 24850 229635
2016.07.15  25200 25200 25750 25000 132525
2016.07.18  25450 25200 26000 25200 105301
2016.07.19  25000 25500 25550 24850 67433
2016.07.20  25200 25000 25350 25000 58762
2016.07.21  24700 25250 25450 24700 89846
2016.07.22  25250 25050 25900 24950 139538
2016.07.25  24300 25250 25300 24300 112753
2016.07.26  24400 24150 24550 24150 56769
2016.07.27  24450 24500 24550 24150 62900
2016.07.28  24250 24350 24450 23800 86729
2016.07.29  23950 24600 24600 23950 76616
2016.08.01  23050 23950 23950 23000 122033
2016.08.02  22900 23100 23250 22700 58977
2016.08.03  22550 22800 22850 22400 63343
2016.08.04  22950 22450 23600 22450 68426
2016.08.05  22500 22950 23000 22300 72480
2016.08.08  22000 22500 22700 21850 77774
2016.08.09  21950 21950 22200 21650 79130
2016.08.10  22450 22200 22850 22200 84987
2016.08.11  22300 22350 22650 22050 61335
2016.08.12  22350 22100 23150 22000 87094
2016.08.16  22100 22400 22500 22000 50331
2016.08.17  21800 21950 22100 21600 73316
2016.08.18  21700 21800 21950 21600 42234
2016.08.19  21250 21500 21650 21100 73023
2016.08.22  20500 21200 21350 20500 73168
2016.08.23  20450 20050 20700 20050 60935
2016.08.24  20600 20350 21300 20350 77895
2016.08.25  20250 20500 20600 20150 51678
2016.08.26  20150 20550 20550 20050 40722
2016.08.29  20000 20000 20400 19950 56671
2016.08.30  20150 19950 20500 19900 72924
2016.08.31  20050 20150 20300 19850 53781
2016.09.01  20250 19900 20250 19850 33744
2016.09.02  20600 20250 20950 20150 65355
2016.09.05  20550 20600 21000 20500 51700
2016.09.06  20200 20500 20700 20150 43875
2016.09.07  20000 20200 20250 20000 46310
2016.09.08  19700 20000 20200 19450 124785
2016.09.09  19350 19450 19750 19300 52264
2016.09.12  19050 18950 19300 18900 56360
2016.09.13  19200 19150 19400 19000 65093
2016.09.19  19700 19200 19800 19050 45113
2016.09.20  20100 19550 20350 19550 62216
2016.09.21  20350 20150 20700 19900 64902
2016.09.22  20600 20300 20650 20200 59439
2016.09.23  20600 20500 20900 20450 51710
2016.09.26  20250 20600 20600 20150 38696
2016.09.27  20400 19950 20400 19950 36998
2016.09.28  19900 20150 20200 19850 52356
2016.09.29  20250 19900 20250 19900 44454
2016.09.30  19450 19900 20050 19150 91369
2016.10.04  19550 19450 19950 19200 78472
2016.10.05  19450 19400 19750 19300 43795
2016.10.06  19400 19500 19750 19350 45643
2016.10.07  19050 19400 19600 18800 105257
2016.10.10  18750 19150 19400 18650 99073
2016.10.11  18700 18750 19000 18650 52233
2016.10.12  18900 18500 19000 18500 54921
2016.10.13  18800 19000 19150 18700 34556
2016.10.14  19400 18700 19550 18650 91893
2016.10.17  19000 19350 19500 18800 54792
2016.10.18  19000 18950 19100 18750 44243
2016.10.19  18800 19000 19150 18800 37818
2016.10.20  18850 18750 19050 18600 60343
2016.10.21  18250 18800 18950 18200 79001
2016.10.24  18700 18300 18750 18150 56361
2016.10.25  19200 18700 19550 18700 115450
2016.10.26  20100 21000 21750 20100 425614
2016.10.27  19600 20000 20250 19600 85940
2016.10.28  19700 19700 20000 19600 50933
2016.10.31  19450 19950 19950 19050 52996
2016.11.01  19050 19200 19500 19050 39281
2016.11.02  19000 18700 19700 18650 91120
2016.11.03  18850 18800 19300 18800 25871
2016.11.04  18850 18750 19100 18000 51738
2016.11.07  19600 18900 19650 18800 63046
2016.11.08  20200 19600 20600 19500 91386
2016.11.09  19500 20400 20900 19050 190901
2016.11.10  20600 20000 20750 19950 132838
2016.11.11  20500 20400 20800 20400 51124
2016.11.14  20650 20500 20750 20250 35757
2016.11.15  20450 20600 20750 20450 27197
2016.11.16  21350 20450 21350 20450 104781
2016.11.17  20950 21200 21350 20850 77085
2016.11.18  20850 20950 20950 20500 38419
2016.11.21  20600 20800 20850 20250 41750
2016.11.22  20600 20600 20950 20350 37012
2016.11.23  20600 20700 20900 20300 33949
2016.11.24  20300 20350 20650 20050 41823
2016.11.25  21000 20200 21150 20200 112781
2016.11.28  20700 21000 21100 20700 59038
2016.11.29  20700 20400 20950 20400 39953
2016.11.30  21050 20750 21100 20700 50029
2016.12.01  20650 21100 21150 20650 31392
2016.12.02  20700 20600 21000 20500 38808
2016.12.05  20650 20500 21000 20500 56614
2016.12.06  20650 20750 20950 20500 54769
2016.12.07  21850 20900 21900 20850 330289
2016.12.08  21850 21850 22300 21550 130408
2016.12.09  22300 21800 22300 21450 140831
2016.12.12  22100 22300 22450 21950 129916
2016.12.13  22150 22100 22200 21800 81332
2016.12.14  23450 22300 23650 22200 306995
2016.12.15  24500 23550 24500 23200 255745
2016.12.16  24450 24300 24700 23700 140771
2016.12.19  24300 24300 24800 24150 78045
2016.12.20  23600 24300 24550 23400 138752
2016.12.21  22500 23600 24700 22150 337660
2016.12.22  23700 23000 24350 22650 499692
2016.12.23  22900 23750 23900 22300 287224
2016.12.26  22100 22600 22900 22100 133793
2016.12.27  21800 21800 22100 21400 149740
2016.12.28  22600 21900 22750 21800 91938
2016.12.29  22300 22600 22900 22300 72714
2017.01.02  22450 22400 22600 22150 39876
2017.01.03  22900 22500 22900 22400 64582
2017.01.04  23050 23000 23200 22800 79175
2017.01.05  22850 23150 23200 22550 97054
2017.01.06  23150 22900 23500 22900 82973
2017.01.09  22850 23200 23250 22700 43843
2017.01.10  21850 22750 22800 21800 127669
2017.01.11  21950 21950 22050 21600 70778
2017.01.12  22450 21900 22700 21700 107358
2017.01.13  22150 22300 22650 21950 61954
2017.01.16  22050 22300 22300 21950 61135
2017.01.17  21200 22150 22150 21100 104847
2017.01.18  21500 21200 21500 20800 67240
2017.01.19  22050 21450 22100 21400 84248
2017.01.20  22050 21800 22300 21650 62928
2017.01.23  23600 22050 23750 22050 393168
2017.01.24  23100 23800 24250 23000 216131
2017.01.25  23900 23300 23950 23000 149258
2017.01.26  23650 23600 23750 23250 110364
2017.01.31  23400 23450 23800 23350 63107
2017.02.01  24400 23400 24850 23400 191613
2017.02.02  24300 24350 24800 24150 88282
2017.02.03  24250 24150 24800 23950 85816
2017.02.06  23600 24250 24650 23600 104481
2017.02.07  24750 23750 25550 23700 335843
2017.02.08  25000 23750 25100 23350 327657
2017.02.09  25900 25250 26050 24700 224795
2017.02.10  27800 25900 28150 25850 530761
2017.02.13  29100 27950 29150 27850 375161
2017.02.14  29000 28800 29150 28350 179373
2017.02.15  28900 28950 29350 28600 153631
2017.02.16  27650 28850 28850 27600 255343
2017.02.17  28100 27850 28250 27550 187235
2017.02.20  28850 28100 29100 27900 195022
2017.02.21  29600 29100 29600 28650 164656
2017.02.22  30250 29900 30350 29350 200188
2017.02.23  30100 30250 30350 29500 96032
2017.02.24  30300 30000 30450 29750 114237
2017.02.27  28200 30300 30300 28200 237514
2017.02.28  28750 28100 29200 28100 166015
2017.03.02  29650 29100 30000 28300 158789
2017.03.03  29150 29250 29600 28200 163909
2017.03.06  28050 28800 29350 27800 128298
2017.03.07  25850 27600 27600 24500 1023107
2017.03.08  25700 26250 26300 25600 133589
2017.03.09  27550 25850 28150 25850 336814
2017.03.10  28500 27550 28500 26950 197060
2017.03.13  29000 28750 29250 28500 119406
2017.03.14  28300 29000 29100 27800 101889
2017.03.15  28500 28300 28750 27600 88159
2017.03.16  28250 28900 28900 28250 63598
2017.03.17  29600 28250 29850 28250 191015
2017.03.20  29700 29650 29750 29050 70623
2017.03.21  29600 29450 29800 29300 66657
2017.03.22  30000 29350 30250 29250 139965
2017.03.23  30000 30200 30200 29350 118469
2017.03.24  29450 30000 30000 29250 66682
2017.03.27  28900 29500 29500 28800 77093
2017.03.28  29400 28800 29600 28800 97994
2017.03.29  29550 29350 30250 29150 195029
2017.03.30  29400 29750 29800 28950 97069
2017.03.31  29100 29400 29500 28450 157738
2017.04.03  29300 29100 29300 29000 43224
2017.04.04  28950 29450 29550 28950 63293
2017.04.05  30000 28700 30350 28700 217080
2017.04.06  30650 31350 31350 29850 323757
2017.04.07  30800 30700 31100 30350 122943
2017.04.10  30800 0 0 0 0
2017.04.11  30800 0 0 0 0
2017.04.12  30800 0 0 0 0
2017.04.13  30800 0 0 0 0
2017.04.14  30800 0 0 0 0
2017.04.17  30800 0 0 0 0
2017.04.18  30800 0 0 0 0
2017.04.19  30800 0 0 0 0
2017.04.20  30800 0 0 0 0
2017.04.21  30800 0 0 0 0
2017.04.24  30800 0 0 0 0
2017.04.25  30800 0 0 0 0
2017.04.26  30800 0 0 0 0
2017.04.27  30800 0 0 0 0
2017.04.28  30800 0 0 0 0
2017.05.02  31000 32100 32400 30450 281879
2017.05.04  30400 31000 31300 28600 448903
2017.05.08  31050 30000 31050 29900 132907
2017.05.10  31900 31100 32250 31050 152255
2017.05.11  31600 32200 32300 31600 102628
2017.05.12  31600 31300 31800 31200 49996
2017.05.15  32100 31500 32100 31050 72507
2017.05.16  32000 32300 32400 31700 69138
2017.05.17  32000 32000 32300 31500 62376
2017.05.18  32650 31500 33000 31500 112088
2017.05.19  32100 32500 32950 31900 85597
2017.05.22  32550 31700 32550 31300 96097
2017.05.23  33650 32400 33850 32350 109673
2017.05.24  33300 33500 33700 32700 61603
2017.05.25  33250 33200 33500 32800 36327
2017.05.26  33350 33300 33600 32900 55566
2017.05.29  33000 33350 33500 32300 56566
2017.05.30  33050 32600 33200 32600 55199
2017.05.31  33800 33000 33850 32800 62725
2017.06.01  33800 33850 33900 33550 52717
2017.06.02  33750 33500 33900 33250 37497
2017.06.05  33850 33700 34000 33500 48837
2017.06.07  32750 33850 33850 32700 78445
2017.06.08  32700 32450 32750 31550 77998
2017.06.09  32850 32400 33000 32300 52606
2017.06.12  32850 32850 33150 32500 47468
2017.06.13  32900 32550 32950 32500 47275
2017.06.14  34200 33000 34700 32700 179529
2017.06.15  34850 34200 35000 33550 172671
2017.06.16  36200 34550 36600 34450 283329
2017.06.19  36100 36450 37500 35000 213253
2017.06.20  37150 36350 37650 36100 199032
2017.06.21  37150 37150 37550 36350 65669
2017.06.22  35100 36950 36950 34650 219056
2017.06.23  36100 35050 36250 35050 122865
2017.06.26  35700 35500 35950 35150 44027
2017.06.27  35850 35450 35850 33800 132492
2017.06.28  34450 35500 35500 34350 72288
2017.06.29  33150 34550 35100 33150 104175
2017.06.30  34500 33000 34500 32800 81583
2017.07.03  34150 34700 34700 33200 72242
2017.07.04  33500 34000 34000 33150 43139
2017.07.05  33750 33050 33800 32800 50196
2017.07.06  33700 33750 34450 33500 53375
2017.07.07  32900 33700 33850 32700 59200
2017.07.10  31550 32900 33000 31350 101383
2017.07.11  31750 31350 32350 31350 51897
2017.07.12  31750 31700 32100 31300 49316
2017.07.13  31750 32000 32050 30950 50157
2017.07.14  32200 31500 32200 31200 41378
2017.07.17  32000 32000 32250 31750 39104
2017.07.18  32700 32000 32700 31700 62068
2017.07.19  32850 32900 33450 32300 54532
2017.07.20  32950 33100 33150 32250 46881
2017.07.21  32950 32800 33600 32400 50406
2017.07.24  32700 32900 33000 32450 29245
2017.07.25  34100 32600 34100 32600 83031
2017.07.26  34050 33650 35000 33500 114235
2017.07.27  33950 34050 34650 33500 75117
2017.07.28  33300 33950 34350 32650 66901
2017.07.31  32550 32800 33600 31600 89498
2017.08.01  32750 32050 33400 32050 61328
2017.08.02  32500 32500 32900 32200 23963
2017.08.03  31750 32500 32500 31300 42399
2017.08.04  31700 31750 32200 31300 37894
2017.08.07  31850 31700 31850 31200 21311
2017.08.08  32300 31600 32450 31600 36503
2017.08.09  31650 32000 32300 31200 74788
2017.08.10  31550 31600 31700 30700 69688
2017.08.11  29200 30850 31000 28600 139258
2017.08.14  29000 28800 29350 28400 70975
2017.08.16  29300 29100 29650 29000 42348
2017.08.17  31750 28900 32200 28900 139088
2017.08.18  32100 31150 32150 31150 47605
2017.08.21  34000 32500 34700 31900 136895
2017.08.22  33850 34000 34300 33550 41102
2017.08.23  33800 33850 33950 33300 30760
2017.08.24  33750 33650 34000 33500 18769
2017.08.25  33750 34250 34250 33400 37083
2017.08.28  32600 33600 33650 32350 59918
2017.08.29  32700 32800 32800 32250 19421
2017.08.30  32700 32650 32900 32150 26068
2017.08.31  32900 32900 32950 32100 39981
2017.09.01  34400 32950 34500 32650 94405
2017.09.04  34250 32950 34400 32700 77970
2017.09.05  35000 34100 35000 33350 74634
2017.09.06  34850 35450 35450 34500 81032
2017.09.07  34850 34950 35200 34400 33663
2017.09.08  34650 34600 34900 34150 36976
2017.09.11  33700 34250 34600 33200 76080
2017.09.12  33650 33400 33800 33050 40856
2017.09.13  34500 33650 34950 33350 71116
2017.09.14  34400 34300 34550 33800 42341
2017.09.15  34000 33850 34050 33650 66189
2017.09.18  33350 34350 34350 31500 120140
2017.09.19  33450 33000 33450 32800 37337
2017.09.20  32700 32900 33300 32500 43233
2017.09.21  32500 32350 33000 31950 47214
2017.09.22  32250 32400 32700 31700 58549
2017.09.25  31200 32250 32250 30650 45102
2017.09.26  32800 31700 33200 31650 56981
2017.09.27  31900 32400 33000 31900 37195
2017.09.28  31500 31800 32400 31100 30313
2017.09.29  32900 31400 33100 31400 40109
