2011.11.01   24000 23800 25800 20250 6306932
2011.11.02   25100 22800 26450 22050 3429960
2011.11.03   25200 26150 28150 25000 1769789
2011.11.04   25800 26050 26400 24150 810315
2011.11.07   26850 26800 29150 26500 1194423
2011.11.08   26450 26900 27650 26250 425910
2011.11.09   25450 27050 27150 24650 476484
2011.11.10   23300 24700 24800 22700 535697
2011.11.11   24900 23650 24900 21700 887439
2011.11.14   24850 25250 25500 24650 394418
2011.11.15   26100 24700 27000 24700 786714
2011.11.16   24700 26300 26800 24500 385617
2011.11.17   26500 25200 26600 24550 333990
2011.11.18   26700 26150 27550 26000 499671
2011.11.21   25450 26800 27150 25350 359038
2011.11.22   24850 24900 25550 24550 344146
2011.11.23   25650 25250 26450 24800 391354
2011.11.24   26550 25900 27750 25900 647941
2011.11.25   26000 26550 27200 25600 297963
2011.11.28   26100 27050 27050 25500 264026
2011.11.29   26550 26300 26600 25500 378335
2011.11.30   26050 26500 26550 25600 181916
2011.12.01   26200 26900 26900 25750 398980
2011.12.02   28600 26900 29200 26700 1414923
2011.12.05   28750 29400 30000 28700 913256
2011.12.06   28500 28650 29200 28100 343516
2011.12.07   29350 29000 29500 28700 399521
2011.12.08   29350 29350 30300 29300 415939
2011.12.09   28500 29000 29000 28100 339986
2011.12.12   29000 28800 29350 28150 261627
2011.12.13   27800 29500 29950 27500 517827
2011.12.14   27200 27950 28550 25650 478284
2011.12.15   27400 26800 27800 26500 260198
2011.12.16   27600 27800 28400 27450 193279
2011.12.19   25500 27850 27850 23650 262802
2011.12.20   26700 25800 26800 25500 154513
2011.12.21   27600 27350 28150 27200 236914
2011.12.22   27650 27800 28500 27000 270787
2011.12.23   26550 27650 27950 26550 198628
2011.12.26   26250 26500 27000 25650 110259
2011.12.27   25800 26250 26550 25650 140198
2011.12.28   27100 25700 27150 25700 133222
2011.12.29   27450 26800 27500 26600 96058
2012.01.02   27500 27650 27650 27050 109512
2012.01.03   27900 27800 28650 27800 285581
2012.01.04   28100 28250 29100 27750 292434
2012.01.05   30300 28200 30800 27850 908995
2012.01.06   30300 30700 30700 29750 332618
2012.01.09   30600 30300 30950 29700 266932
2012.01.10   30100 31000 32000 29900 423325
2012.01.11   29200 30000 30450 29000 212142
2012.01.12   29350 29550 30000 28750 163042
2012.01.13   30800 29250 30950 29200 343389
2012.01.16   32100 30900 32300 30900 723364
2012.01.17   31000 32100 32250 30700 334830
2012.01.18   30050 31000 31250 30000 299607
2012.01.19   31250 30300 31250 29700 259355
2012.01.20   30800 31250 31750 30600 226723
2012.01.25   30000 30800 31000 29750 186669
2012.01.26   30500 29900 30750 29600 225401
2012.01.27   30400 30700 30800 30050 153707
2012.01.30   31350 30700 31800 30300 307624
2012.01.31   31200 31500 32200 30800 215195
2012.02.01   30700 31200 31450 30350 196595
2012.02.02   32400 31000 32400 30500 314205
2012.02.03   31750 32350 33000 31750 240189
2012.02.06   31200 32200 32600 30950 167591
2012.02.07   30400 31400 31550 29650 392468
2012.02.08   31400 30650 32000 30400 325720
2012.02.09   31500 31800 31900 30900 121816
2012.02.10   32850 31450 33600 31150 377889
2012.02.13   33900 33100 34300 32950 466663
2012.02.14   33600 34300 34850 33450 605908
2012.02.15   34250 33900 34950 33350 263110
2012.02.16   34750 34300 35100 34150 176016
2012.02.17   34550 35000 36000 34300 235999
2012.02.20   33700 34650 34850 33400 160284
2012.02.21   34200 33700 34650 32800 246038
2012.02.22   34850 34500 35100 34100 165931
2012.02.23   34700 34550 34800 33550 159334
2012.02.24   34900 34750 35200 34000 165806
2012.02.27   33300 34700 34900 33250 163838
2012.02.28   33600 33350 33900 33100 78665
2012.02.29   32000 33650 33950 32000 297955
2012.03.02   31700 32200 32400 31250 220716
2012.03.05   31300 31550 32250 31200 120871
2012.03.06   31600 31000 31700 30600 142019
2012.03.07   32150 31000 32450 31000 148937
2012.03.08   32650 32150 32750 31450 141798
2012.03.09   32100 32850 32850 31600 136659
2012.03.12   32700 31650 33200 31600 179621
2012.03.13   32700 32800 33050 32000 118729
2012.03.14   32250 32950 32950 32000 169937
2012.03.15   31050 32250 32300 30950 178244
2012.03.16   31400 31350 31600 31050 104845
2012.03.19   29950 31200 31450 29950 228219
2012.03.20   28600 30000 30150 28400 513651
2012.03.21   28800 28700 29500 28650 226849
2012.03.22   29950 28850 29950 28850 313062
2012.03.23   30850 30000 31000 29650 310632
2012.03.26   30200 31000 31150 30200 115254
2012.03.27   30550 30750 30750 29750 123774
2012.03.28   29550 30500 30500 29400 104791
2012.03.29   28350 29200 29450 28300 136428
2012.03.30   29050 28450 29350 28200 106102
2012.04.02   29900 29300 29900 29050 88311
2012.04.03   29500 30200 30200 28950 65606
2012.04.04   28500 29500 29650 27450 151597
2012.04.05   27850 27800 28400 26650 300432
2012.04.06   27850 27450 28800 27250 133160
2012.04.09   28000 28400 28750 27850 119059
2012.04.10   26800 28000 28500 26350 139909
2012.04.12   26000 26700 26900 25450 150463
2012.04.13   27550 26450 27550 26400 116879
2012.04.16   27550 27000 28000 26800 57022
2012.04.17   27550 27900 28100 27200 57519
2012.04.18   27700 28000 28100 27650 88036
2012.04.19   27400 27800 28950 27100 188046
2012.04.20   27200 27350 27500 26300 110690
2012.04.23   26400 26850 27100 25900 123932
2012.04.24   26950 25800 27000 25800 94035
2012.04.25   27600 27000 27850 27000 92418
2012.04.26   27750 27950 28000 26550 69574
2012.04.27   27700 27750 27950 26800 95332
2012.04.30   28400 27700 28800 27700 115382
2012.05.02   29100 28200 29100 28200 104312
2012.05.03   29800 29250 30050 29100 206290
2012.05.04   30050 30000 30400 29200 148269
2012.05.07   30650 29350 30900 29300 188952
2012.05.08   32400 30950 32600 30850 333058
2012.05.09   32700 32400 33150 32050 199322
2012.05.10   32000 32850 33300 31750 160383
2012.05.11   32250 32300 32350 31200 72857
2012.05.14   31650 32750 32750 30900 106424
2012.05.15   32150 31000 32150 29600 185147
2012.05.16   30050 31850 32300 30050 137211
2012.05.17   31700 30050 31800 29200 133383
2012.05.18   32100 31050 32100 30200 108724
2012.05.21   31300 32100 32300 30850 180068
2012.05.22   31400 31500 31850 30500 167656
2012.05.23   30150 31450 31450 30100 124302
2012.05.24   28550 30200 31000 28550 194386
2012.05.25   28800 29150 29350 28000 140102
2012.05.29   29400 28950 29600 28250 132367
2012.05.30   30850 29550 31400 29200 133742
2012.05.31   31400 30650 31650 30600 133152
2012.06.01   31850 31700 32300 31100 108655
2012.06.04   30750 30800 31450 30250 128125
2012.06.05   31100 31600 32900 30750 211302
2012.06.07   32400 31700 32700 31500 148800
2012.06.08   32050 33500 33800 32050 356562
2012.06.11   32250 32500 32900 31900 110248
2012.06.12   32000 31800 32400 31500 64553
2012.06.13   31600 32400 32700 31250 93228
2012.06.14   31800 31400 33250 31400 213425
2012.06.15   32050 31950 32950 31800 117858
2012.06.18   32900 32650 33100 32150 123278
2012.06.19   33700 32700 33700 32350 161104
2012.06.20   34050 33700 34450 33300 143610
2012.06.21   33100 34200 34200 33050 135683
2012.06.22   32500 32500 32800 32000 81390
2012.06.25   31350 32450 32700 30950 204509
2012.06.26   31200 31350 31800 30550 110475
2012.06.27   31650 31500 31800 30600 99052
2012.06.28   32150 31850 32250 31150 89833
2012.06.29   32650 32300 32900 31800 71717
2012.07.02   32300 32500 32950 32100 52474
2012.07.03   31500 32400 32700 31100 128746
2012.07.04   31850 31600 32050 31300 75585
2012.07.05   31250 31700 31850 31100 108157
2012.07.06   31450 31800 31800 31100 83236
2012.07.09   30550 31050 31150 30400 109034
2012.07.10   29450 30600 30900 29400 133133
2012.07.11   29400 29500 29650 28600 171234
2012.07.12   31200 29900 31850 29750 376803
2012.07.13   30900 31600 31600 30100 138310
2012.07.16   28650 30650 30750 28650 295726
2012.07.17   27900 28650 29200 27800 155796
2012.07.18   27350 27900 28000 26350 264189
2012.07.19   27500 27850 27950 27350 116024
2012.07.20   26600 27600 27700 26450 178880
2012.07.23   25250 25900 25900 24400 265519
2012.07.24   24300 25050 26200 24300 209574
2012.07.25   23000 23700 24250 22800 256982
2012.07.26   23250 23550 23750 22400 215309
2012.07.27   25050 23850 25650 23600 341779
2012.07.30   24750 25400 25450 24650 107244
2012.07.31   25200 25000 25300 24400 105086
2012.08.01   25750 24900 25850 24850 198089
2012.08.02   25000 25600 25700 25000 88590
2012.08.03   25000 24450 25200 24300 64993
2012.08.06   25400 25350 25600 25200 89261
2012.08.07   25500 25500 25850 25000 102677
2012.08.08   24950 25750 25750 24650 146208
2012.08.09   24750 24900 25200 24650 113859
2012.08.10   25000 24700 26400 24700 401157
2012.08.13   25400 25100 25450 24750 103977
2012.08.14   26000 25700 26250 25400 184057
2012.08.16   26800 26050 26800 25800 153571
2012.08.17   26800 27000 27100 26550 131147
2012.08.20   26250 26700 26700 25750 180966
2012.08.21   25850 26100 26250 25800 115228
2012.08.22   25350 25800 25900 25350 144990
2012.08.23   24200 25250 25300 24150 299835
2012.08.24   24350 24150 24600 24100 97769
2012.08.27   24400 23550 24400 22700 214837
2012.08.28   26750 24350 26800 24350 482408
2012.08.29   27100 26900 27600 26550 233795
2012.08.30   26900 27100 27150 25950 164186
2012.08.31   27150 27200 27900 27150 157196
2012.09.03   26400 27500 27700 26350 144372
2012.09.04   25450 26450 26950 25200 194083
2012.09.05   25950 25700 26050 25400 71345
2012.09.06   25850 26450 26450 25550 89714
2012.09.07   25900 26400 26400 25650 99510
2012.09.10   24800 25750 25900 24650 212621
2012.09.11   25300 24800 25550 24350 128520
2012.09.12   25000 25500 25500 24900 109095
2012.09.13   24900 25100 25600 24800 88318
2012.09.14   24550 25250 25350 24350 175085
2012.09.17   24100 24350 24550 24000 110682
2012.09.18   24800 24400 25000 24150 167059
2012.09.19   25150 24900 25250 24900 100690
2012.09.20   24850 25100 25100 24450 117118
2012.09.21   24350 24850 25100 24300 110321
2012.09.24   23850 24400 24600 23700 124002
2012.09.25   23100 23850 23850 22750 232402
2012.09.26   23600 23000 25400 22950 465525
2012.09.27   23500 23500 24050 22900 203600
2012.09.28   23500 23250 23650 22850 142011
2012.10.02   23100 23300 23950 23100 90301
2012.10.04   23250 23000 23400 23000 39756
2012.10.05   24750 23700 24850 23400 346420
2012.10.08   24650 24900 24900 24250 136875
2012.10.09   24100 24700 25100 23950 115242
2012.10.10   23350 23850 23900 23300 98941
2012.10.11   23500 23300 23850 23100 50043
2012.10.12   23400 23500 23800 23150 66527
2012.10.15   20600 23150 23300 20000 495163
2012.10.16   20700 20600 21050 19500 196808
2012.10.17   20250 20700 21250 20150 109326
2012.10.18   19750 20250 20550 19750 95607
2012.10.19   19400 19950 19950 18900 189960
2012.10.22   18350 18800 19150 18350 235671
2012.10.23   17950 18300 18750 17850 224400
2012.10.24   17000 17700 18200 16550 548644
2012.10.25   17400 17150 18150 16350 735799
2012.10.26   17600 17500 18000 17000 299943
2012.10.29   16500 17750 18050 16450 251760
2012.10.30   16400 16100 17150 15900 375219
2012.10.31   15700 16600 16950 15700 256174
2012.11.01   15200 15850 16050 15000 349163
2012.11.02   15700 15650 16150 15350 424346
2012.11.05   15300 15700 15850 15200 198669
2012.11.06   16000 15450 16000 15200 184917
2012.11.07   15200 15950 16200 15150 418478
2012.11.08   15400 14750 15400 14500 151912
2012.11.09   15450 15300 15450 14850 81024
2012.11.12   14550 15350 15450 14250 349447
2012.11.13   13550 14600 14750 13500 366971
2012.11.14   14400 13550 14450 13300 327634
2012.11.15   14700 14000 14850 13950 235343
2012.11.16   13700 14650 14650 13350 212744
2012.11.19   14200 13700 14300 13550 119256
2012.11.20   14450 14450 14750 14200 206040
2012.11.21   13650 14350 14650 13600 226601
2012.11.22   15450 13800 15650 13800 1311801
2012.11.23   15000 15100 15300 14600 728063
2012.11.26   15650 15100 15800 14750 626730
2012.11.27   16150 15650 16550 15350 719060
2012.11.28   15700 15900 16050 15600 247891
2012.11.29   16250 16000 16300 15400 515912
2012.11.30   15800 16300 16450 15800 225795
2012.12.03   16050 15750 16250 15600 257994
2012.12.04   17250 16250 17300 16200 846281
2012.12.05   17700 17550 18200 17250 885209
2012.12.06   17350 17700 17850 17050 391653
2012.12.07   17750 17500 18000 17150 528949
2012.12.10   17700 18000 18250 17550 265896
2012.12.11   16900 17700 17800 16700 397342
2012.12.12   16750 16900 17200 16550 239117
2012.12.13   16850 16800 17250 16550 282134
2012.12.14   17600 16750 17750 16750 426958
2012.12.17   17000 17800 17800 17000 220611
2012.12.18   16350 17150 17250 16100 359638
2012.12.20   15250 16500 16550 15050 401863
2012.12.21   15350 15300 15700 15050 234471
2012.12.24   15650 15250 15900 15250 167438
2012.12.26   15200 15650 16000 15200 236848
2012.12.27   16200 15200 16200 15200 261088
2012.12.28   16900 16200 17100 15900 329940
2013.01.02   17850 17200 17900 16900 444383
2013.01.03   19300 18050 19750 17350 1160080
2013.01.04   19700 19400 19900 18950 713846
2013.01.07   19850 19900 19900 19250 308547
2013.01.08   20100 19750 20700 19600 479500
2013.01.09   20100 20100 20450 19700 311647
2013.01.10   20950 20500 21500 20400 834887
2013.01.11   20550 21100 21200 19800 822270
2013.01.14   19900 20700 20750 19800 446309
2013.01.15   19600 19900 20500 19600 534624
2013.01.16   19500 19600 19800 19200 351345
2013.01.17   19750 19750 20150 19350 352880
2013.01.18   20600 20000 20600 19800 392338
2013.01.21   20250 20650 20900 20100 310204
2013.01.22   20050 20350 20350 19350 424192
2013.01.23   21400 20200 21500 20150 1033147
2013.01.24   20600 21200 21600 20600 524927
2013.01.25   20350 20750 21400 20000 470527
2013.01.28   18350 20250 20250 18300 727963
2013.01.29   18500 18600 18850 18000 353177
2013.01.30   17750 18650 18800 17700 340631
2013.01.31   18100 17900 18500 17800 225857
2013.02.01   18600 18100 18750 17650 186846
2013.02.04   17950 18950 18950 17850 241838
2013.02.05   18350 17600 18450 17500 192540
2013.02.06   19050 18500 19200 18350 398385
2013.02.07   19300 19150 20150 19150 661712
2013.02.08   19550 18900 19550 18300 475206
2013.02.12   19400 19650 20400 19300 487133
2013.02.13   19000 19250 19800 19000 274116
2013.02.14   20200 19200 20250 18950 545968
2013.02.15   20150 20150 20400 19950 306092
2013.02.18   20350 20150 20450 19800 300034
2013.02.19   20600 20400 20800 20050 441370
2013.02.20   20300 20650 20700 20000 323142
2013.02.21   19650 20100 20300 19650 338735
2013.02.22   20000 19650 20250 19500 239839
2013.02.25   19450 20000 20150 19450 298849
2013.02.26   19550 18950 19750 18850 254609
2013.02.27   19700 19700 20300 19600 398699
2013.02.28   19550 19800 19850 19300 230798
2013.03.04   19100 19450 19550 19100 171826
2013.03.05   20000 19300 20000 19200 293354
2013.03.06   20000 20400 20400 19650 240384
2013.03.07   19650 19950 20050 19400 231098
2013.03.08   19650 19750 19900 19600 123773
2013.03.11   19300 19600 19700 18750 233889
2013.03.12   19500 19350 19650 19150 168970
2013.03.13   19700 19500 19850 19300 131657
2013.03.14   21150 19700 21150 19650 1118401
2013.03.15   21350 21400 21550 21050 527706
2013.03.18   19800 21250 21300 19800 539108
2013.03.19   21500 19900 21500 19800 924009
2013.03.20   21250 21200 21350 20500 570454
2013.03.21   21250 21700 22200 21150 675012
2013.03.22   22300 21350 22350 20800 542376
2013.03.25   22550 22600 22750 21900 469818
2013.03.26   22500 22450 22700 22050 257745
2013.03.27   21700 22750 22800 21600 486023
2013.03.28   21400 21700 21900 21200 312569
2013.03.29   21650 21850 22900 21500 974320
2013.04.01   21750 21900 22200 21500 305444
2013.04.02   21950 21600 22000 21100 358156
2013.04.03   22900 22150 22950 22000 722545
2013.04.04   22500 22750 23150 21650 557207
2013.04.05   21550 22600 22850 21400 433229
2013.04.08   19950 21500 21900 19950 413076
2013.04.09   20050 19700 20700 19600 473509
2013.04.10   20250 20100 20450 19650 238638
2013.04.11   21400 20600 21450 20350 478107
2013.04.12   20950 21350 21700 20750 310779
2013.04.15   21500 21050 21750 20850 307680
2013.04.16   21850 21100 21850 20900 370858
2013.04.17   22400 22200 22500 21800 482206
2013.04.18   22700 22250 22850 22050 417334
2013.04.19   21750 22750 22750 21550 446658
2013.04.22   21550 21950 22250 21500 269731
2013.04.23   22750 21900 22750 21850 558363
2013.04.24   22550 22900 23050 22450 427824
2013.04.25   22000 22650 22900 21850 335265
2013.04.26   22000 22200 22400 21850 228913
2013.04.29   21400 22100 22100 21300 387826
2013.04.30   21000 21550 21650 20900 351434
2013.05.02   20950 21000 21550 20750 271607
2013.05.03   21300 21100 21500 20750 204589
2013.05.06   21650 21600 21900 21550 260797
2013.05.07   22300 22000 22350 21750 426037
2013.05.08   22100 22450 22450 22000 296775
2013.05.09   21750 22200 22450 21300 461605
2013.05.10   21400 21550 21750 21300 219129
2013.05.13   21450 21650 21850 21300 217830
2013.05.14   20650 21400 21850 20350 437399
2013.05.15   21000 20600 21050 20400 186460
2013.05.16   20600 20900 21000 20200 280650
2013.05.20   20000 20500 20550 19850 283302
2013.05.21   20550 20100 20550 20100 147137
2013.05.22   20450 20600 20750 20350 158620
2013.05.23   20450 20300 20700 20200 183964
2013.05.24   20850 20450 20850 20300 135191
2013.05.27   20900 21000 21050 20600 180762
2013.05.28   20600 20900 21150 20500 320036
2013.05.29   19900 20650 20750 19900 399362
2013.05.30   19450 19900 20250 19250 282482
2013.05.31   19050 19450 19750 18550 313820
2013.06.03   18200 19200 19200 18200 197435
2013.06.04   17550 18350 18550 17500 257151
2013.06.05   17050 17600 18150 16900 328099
2013.06.07   16500 17100 17350 15800 344556
2013.06.10   17400 16700 17450 16600 162267
2013.06.11   17450 17500 17550 17100 78056
2013.06.12   17600 17250 17900 17200 122549
2013.06.13   17150 17550 17850 16950 107493
2013.06.14   16800 17400 17650 16800 117894
2013.06.17   16050 16800 17150 15750 243016
2013.06.18   16300 16100 16500 15700 236300
2013.06.19   16150 16950 17450 16150 521439
2013.06.20   15500 15700 16300 15350 279100
2013.06.21   15200 15000 15200 14550 257852
2013.06.24   14850 15250 15350 14750 121330
2013.06.25   14200 14500 14900 14000 215016
2013.06.26   15000 14650 15150 14550 216590
2013.06.27   16450 15250 16450 15250 237875
2013.06.28   16350 16700 16700 16050 143444
2013.07.01   17250 16550 17300 16350 176805
2013.07.02   17300 17250 17500 16900 170214
2013.07.03   16750 17350 17500 16700 143986
2013.07.04   17200 16950 17200 16400 122444
2013.07.05   17000 17450 17450 16700 119903
2013.07.08   16250 17000 17050 16100 100504
2013.07.09   16750 16450 16800 15950 75573
2013.07.10   16150 16900 16900 16150 63941
2013.07.11   16850 16550 16900 16450 109199
2013.07.12   16450 17000 17000 16450 143421
2013.07.15   16850 16450 16950 16250 90499
2013.07.16   16750 17050 17050 16500 108541
2013.07.17   16950 16800 17000 16650 135016
2013.07.18   16650 16900 17200 16600 138894
2013.07.19   15900 16650 16800 15900 204570
2013.07.22   15400 15800 16050 15350 213557
2013.07.23   15500 15500 15850 15300 120018
2013.07.24   15200 15500 15650 15050 118306
2013.07.25   14750 15100 15400 14650 252655
2013.07.26   15300 14800 15800 14750 362065
2013.07.29   15750 15400 15750 15250 152896
2013.07.30   15800 15700 16000 15550 83618
2013.07.31   15650 15950 15950 15400 159930
2013.08.01   15450 15550 15750 15400 89448
2013.08.02   15500 15650 15800 15300 104598
2013.08.05   15850 15600 16000 15500 90962
2013.08.06   15850 15950 16000 15600 76495
2013.08.07   16000 15650 16100 15600 108430
2013.08.08   15800 15900 16300 15800 135040
2013.08.09   15550 15850 16000 15550 78932
2013.08.12   15800 15500 15950 15500 95161
2013.08.13   16100 15950 16350 15700 190398
2013.08.14   16200 16300 16450 16100 149164
2013.08.16   16550 15950 16650 15850 163299
2013.08.19   17100 16600 17250 16400 304931
2013.08.20   16500 17100 17350 16400 266465
2013.08.21   16050 16450 16650 15500 204618
2013.08.22   15750 15650 15900 15350 129545
2013.08.23   16500 15900 16600 15900 131575
2013.08.26   16750 16750 16950 16450 177311
2013.08.27   16450 16600 16750 16150 121877
2013.08.28   16500 16100 16550 15850 145383
2013.08.29   16200 16600 16750 16200 101643
2013.08.30   15850 16350 16350 15650 149361
2013.09.02   16200 15950 16350 15800 103240
2013.09.03   16100 16400 16550 16050 129839
2013.09.04   15150 16100 16550 14900 627156
2013.09.05   14650 15250 15250 14500 549635
2013.09.06   14500 14700 14800 14400 220431
2013.09.09   14200 14650 14700 14000 307673
2013.09.10   14550 14350 14550 14250 145446
2013.09.11   14600 14600 14700 14500 111949
2013.09.12   14350 14700 14750 14200 219586
2013.09.13   14200 14350 14500 14200 108328
2013.09.16   14050 14250 14400 14000 118363
2013.09.17   14400 14100 14450 14050 87405
2013.09.23   14500 14400 14650 14300 83517
2013.09.24   14700 14550 14750 14500 124676
2013.09.25   14450 14700 14750 14400 111810
2013.09.26   15200 14600 15200 14550 210844
2013.09.27   15300 15300 15550 15100 155293
2013.09.30   15500 15550 15700 15400 255749
2013.10.01   15100 15350 15450 14850 169810
2013.10.02   15100 15250 15250 15000 77305
2013.10.04   15150 14950 15450 14950 99812
2013.10.07   15100 15400 15500 15100 128975
2013.10.08   15450 15100 15450 14750 108858
2013.10.10   15800 15850 16150 15700 216199
2013.10.11   15750 15950 15950 15500 164715
2013.10.14   15050 15750 15750 15000 192106
2013.10.15   15250 15150 15400 15100 104555
2013.10.16   15050 15350 15600 15050 148971
2013.10.17   15300 15350 15500 15100 138612
2013.10.18   15350 15350 15450 15200 84102
2013.10.21   15850 15350 15900 15300 210313
2013.10.22   15500 15850 15850 15450 105769
2013.10.23   14550 15550 15600 14550 312461
2013.10.24   14650 14600 14900 14500 128262
2013.10.25   14800 14700 14900 14600 84467
2013.10.28   14950 14800 15050 14800 66226
2013.10.29   14700 14900 14950 14550 66304
2013.10.30   14700 14750 14800 14600 53603
2013.10.31   14400 14600 14750 14300 107342
2013.11.01   14800 14350 14850 14350 55005
2013.11.04   14700 14700 15000 14650 103570
2013.11.05   14450 14650 14700 14350 66217
2013.11.06   14700 14450 14850 14450 101363
2013.11.07   14700 14800 14900 14600 83140
2013.11.08   14400 14400 14650 14300 76562
2013.11.11   13700 14400 14550 13700 101165
2013.11.12   13850 13450 14000 13450 44501
2013.11.13   12550 13750 13850 12400 367682
2013.11.14   12400 12550 12600 12000 252569
2013.11.15   12650 12600 12800 12350 126063
2013.11.18   11700 12550 12600 11650 208085
2013.11.19   11900 11700 12150 11600 149818
2013.11.20   11900 11800 11950 11750 64001
2013.11.21   11700 11900 11950 11500 74099
2013.11.22   12300 11800 12350 11700 147876
2013.11.25   12600 12300 12700 12200 97023
2013.11.26   13200 12600 13200 12600 192125
2013.11.27   13500 13200 13700 12900 145383
2013.11.28   13600 13450 13650 13350 69744
2013.11.29   13500 13650 13700 13050 108130
2013.12.02   13000 13400 13550 12850 111870
2013.12.03   12950 12900 13200 12800 60013
2013.12.04   12950 12750 13050 12750 59934
2013.12.05   13350 12950 13500 12950 106742
2013.12.06   14300 13500 14600 13450 413512
2013.12.09   14400 14250 14600 14100 205240
2013.12.10   14100 14500 14500 14050 112631
2013.12.11   13750 14000 14300 13650 90674
2013.12.12   13800 13700 14100 13600 98537
2013.12.13   14000 13800 14000 13600 59442
2013.12.16   13750 14000 14100 13650 72975
2013.12.17   13300 13800 13950 13100 89609
2013.12.18   13200 13150 13450 13100 53893
2013.12.19   15150 13550 15150 13500 812644
2013.12.20   15100 14900 15200 14750 387919
2013.12.23   15400 15150 15400 14900 225261
2013.12.24   15250 15400 15400 15150 133444
2013.12.26   15500 15250 15750 15050 259911
2013.12.27   15600 15500 16050 15400 201606
2013.12.30   15950 15750 16000 15600 76846
2014.01.02   15850 15700 16050 15450 280610
2014.01.03   16100 15750 16150 15550 215760
2014.01.06   16200 16050 16400 15850 139568
2014.01.07   15850 16200 16200 15750 84934
2014.01.08   16350 15950 16900 15850 317482
2014.01.09   16400 16200 16600 16100 104516
2014.01.10   16300 16500 16900 16200 108627
2014.01.13   16300 16150 16350 15850 111626
2014.01.14   15750 16300 16350 15650 92806
2014.01.15   16050 15800 16300 15800 99969
2014.01.16   16500 16100 16850 16100 141262
2014.01.17   16800 17100 17500 16750 296338
2014.01.20   17150 17150 17400 16500 129918
2014.01.21   17300 17050 17600 17050 136866
2014.01.22   17050 17200 17450 16850 63266
2014.01.23   17600 17350 18150 17350 203719
2014.01.24   17550 17700 17850 16950 115041
2014.01.27   17550 18050 18500 17500 403529
2014.01.28   17350 17500 17750 16550 165433
2014.01.29   17000 17400 17500 16750 141648
2014.02.03   17050 16550 17500 16550 95995
2014.02.04   16450 16800 16850 16250 103358
2014.02.05   16700 16900 16900 16250 83020
2014.02.06   16150 16600 16800 15850 168505
2014.02.07   16350 16500 16650 16100 94363
2014.02.10   16800 16400 16850 16200 74568
2014.02.11   17550 16750 17700 16600 218823
2014.02.12   17350 17850 17850 17250 127514
2014.02.13   17250 17350 17750 17150 93097
2014.02.14   16900 17200 17500 16600 121790
2014.02.17   17150 16900 17150 16250 129127
2014.02.18   17150 17200 17300 16700 72843
2014.02.19   17950 17150 18000 16950 206836
2014.02.20   17600 17650 17750 17100 469688
2014.02.21   18350 17850 18500 17700 407957
2014.02.24   18100 18450 18500 18000 131623
2014.02.25   18200 18650 18750 18150 241206
2014.02.26   18000 18150 18600 17750 164334
2014.02.27   17750 18000 18200 17600 113878
2014.02.28   15400 17600 17850 15100 796553
2014.03.03   16250 15550 16300 15100 556613
2014.03.04   16550 16250 16600 15900 175177
2014.03.05   16750 16750 16900 16100 164662
2014.03.06   16650 16600 16700 16400 124569
2014.03.07   17050 16700 17250 16300 150972
2014.03.10   16650 17150 17300 16650 62369
2014.03.11   16950 16500 16950 16400 80289
2014.03.12   16650 17050 17050 16150 139754
2014.03.13   16600 16600 16750 16000 99729
2014.03.14   16600 16350 16750 16300 35693
2014.03.17   16550 16600 16700 16150 64637
2014.03.18   16600 16600 16750 16450 51013
2014.03.19   16400 16800 16800 16300 48801
2014.03.20   16400 16550 16600 16050 112624
2014.03.21   16700 16400 16700 16100 112899
2014.03.24   16350 16700 16700 16250 93574
2014.03.25   16300 16300 16900 16100 156503
2014.03.26   16000 16300 16450 15800 116993
2014.03.27   15950 15950 16050 15650 127133
2014.03.28   16300 16000 16550 15900 105871
2014.03.31   16300 16550 16650 16100 74490
2014.04.01   16400 16500 16600 16200 108389
2014.04.02   16850 16450 16850 16200 223414
2014.04.03   16950 17000 17050 16550 145583
2014.04.04   17150 16950 17300 16900 129531
2014.04.07   16550 17000 17100 16450 134391
2014.04.08   17350 16550 17450 16500 175410
2014.04.09   17400 17400 17500 17050 96841
2014.04.10   17000 17400 17550 16900 161033
2014.04.11   17400 17150 18250 17100 708782
2014.04.14   17250 17500 17650 17150 161272
2014.04.15   16900 17250 17300 16900 147778
2014.04.16   16800 17350 17700 16800 238682
2014.04.17   16250 16800 17000 16200 217417
2014.04.18   16900 16350 16950 16350 179625
2014.04.21   16450 16900 16900 16300 87806
2014.04.22   16550 16500 16750 16300 106840
2014.04.23   16300 16550 16700 16300 74845
2014.04.24   15800 16300 16400 15600 137791
2014.04.25   16000 15700 16000 15550 51531
2014.04.28   15750 15650 16100 15650 53787
2014.04.29   15550 15800 15950 15350 85819
2014.04.30   15050 15650 15850 14900 216367
2014.05.02   16050 15600 16700 15400 523500
2014.05.07   16250 16650 16650 15950 156395
2014.05.08   16200 16300 16400 15950 96649
2014.05.09   16200 16050 16200 15900 54216
2014.05.12   16050 16100 16200 15800 69108
2014.05.13   16500 16200 16650 16100 81653
2014.05.14   16400 16350 16550 16000 81054
2014.05.15   16450 16400 16550 16150 63066
2014.05.16   16200 16450 16550 16000 68506
2014.05.19   15900 16600 16900 15450 227314
2014.05.20   15950 15800 16000 15200 134091
2014.05.21   15900 15900 16200 15700 51333
2014.05.22   16100 15850 16150 15650 96335
2014.05.23   16250 16200 16250 15850 70831
2014.05.26   15800 16250 16250 15650 82630
2014.05.27   15600 15750 15800 15250 60996
2014.05.28   15200 15600 15650 15050 128369
2014.05.29   15250 15150 15400 14950 77432
2014.05.30   15200 15250 15500 15150 47174
2014.06.02   14950 15400 15550 14600 155942
2014.06.03   14500 14900 15000 14300 106029
2014.06.05   14150 14300 14750 13850 67403
2014.06.09   14350 14200 14700 13600 151045
2014.06.10   14550 14200 14650 14200 80132
2014.06.11   14000 14600 14600 13800 92329
2014.06.12   14250 14000 14250 13650 85667
2014.06.13   14250 14100 14350 13850 92503
2014.06.16   14200 14350 14350 14050 37365
2014.06.17   13850 14100 14100 13700 101187
2014.06.18   13700 13800 13900 13700 37376
2014.06.19   13000 13750 13800 13000 190249
2014.06.20   13450 13050 13500 12700 134426
2014.06.23   13350 13450 13600 13200 54145
2014.06.24   13250 13100 13350 12700 125795
2014.06.25   14350 13300 14550 13200 232743
2014.06.26   13800 14300 15000 13700 298887
2014.06.27   13800 14400 14550 13800 358043
2014.06.30   13700 13800 13900 13450 74852
2014.07.01   14000 13800 14300 13650 134100
2014.07.02   14050 14000 14150 13900 79467
2014.07.03   13750 14100 14150 13700 103165
2014.07.04   14150 13850 14250 13700 125936
2014.07.07   14000 14300 14300 14000 49737
2014.07.08   13800 13950 14050 13750 45789
2014.07.09   13700 13800 13850 13450 67248
2014.07.10   13650 13750 14050 13600 59887
2014.07.11   13650 13650 13900 13500 89102
2014.07.14   14200 14500 15150 14200 365423
2014.07.15   14200 14350 14650 14100 159816
2014.07.16   14050 14150 14350 13850 115633
2014.07.17   13900 13950 14200 13850 133666
2014.07.18   13800 13750 14050 13650 82956
2014.07.21   14100 13900 14250 13900 89485
2014.07.22   14000 14000 14100 13800 66096
2014.07.23   14050 14000 14300 14000 81109
2014.07.24   13900 14100 14200 13850 58761
2014.07.25   14450 13950 14650 13800 163011
2014.07.28   14250 14500 14500 14150 101739
2014.07.29   13600 14200 14250 13450 94063
2014.07.30   13250 13600 13650 13000 97300
2014.07.31   13550 13500 13550 12950 79890
2014.08.01   13900 13200 13950 13200 46141
2014.08.04   13850 13900 14050 13750 48576
2014.08.05   13800 13900 14100 13650 56198
2014.08.06   14450 13950 14500 13900 149710
2014.08.07   14700 14650 15000 14200 147740
2014.08.08   14900 14700 14950 14600 147993
2014.08.11   14750 14900 15100 14600 52072
2014.08.12   14550 14800 15100 14500 55550
2014.08.13   14550 14550 14700 14450 47714
2014.08.14   14650 14550 14900 14300 84689
2014.08.18   15800 14600 15950 14600 364618
2014.08.19   16950 16200 17000 16100 558512
2014.08.20   16850 17150 17150 16650 231773
2014.08.21   17450 17100 18000 17100 556557
2014.08.22   17750 17550 18050 17300 331954
2014.08.25   17600 17800 18050 17350 225199
2014.08.26   17600 17850 17850 17500 158324
2014.08.27   17450 17600 17950 17150 165897
2014.08.28   17600 17600 17700 17400 83848
2014.08.29   17350 17700 17700 17200 74330
2014.09.01   16850 17350 17400 16650 210256
2014.09.02   17450 16850 17600 16800 196980
2014.09.03   17300 17550 17550 17200 76960
2014.09.04   17200 17650 17950 17000 259117
2014.09.05   17100 17000 17200 16900 106586
2014.09.11   17100 17200 17500 16950 78404
2014.09.12   17150 17300 17450 16900 64998
2014.09.15   16750 17050 17150 16650 95551
2014.09.16   17250 16850 17250 16550 96513
2014.09.17   17250 17650 17900 17200 136709
2014.09.18   17000 17250 17400 16950 54937
2014.09.19   16550 17050 17200 16400 131373
2014.09.22   15700 16400 16600 15700 185902
2014.09.23   16200 15700 16250 15500 156191
2014.09.24   16200 16000 16400 15900 91929
2014.09.25   16800 16200 16900 16200 167328
2014.09.26   16650 16700 17100 16500 69707
2014.09.29   16200 16800 17050 16000 96126
2014.09.30   16250 16350 16650 16000 45326
2014.10.01   15900 16300 16400 15800 54823
2014.10.02   16750 15550 16900 15550 218582
2014.10.06   17200 16900 17600 16500 249443
2014.10.07   17600 17500 17700 17300 186726
2014.10.08   18150 17500 18350 17400 276413
2014.10.10   18100 17950 18200 17700 146720
2014.10.13   16600 17900 17900 16100 947353
2014.10.14   17950 17000 18100 16950 376482
2014.10.15   17750 18200 18450 17500 328187
2014.10.16   17700 17400 17900 16900 292229
2014.10.17   17100 17700 17800 17050 217183
2014.10.20   18000 17400 18100 17250 295064
2014.10.21   18350 17700 18450 17650 344611
2014.10.22   19750 18600 19850 18350 774094
2014.10.23   19900 19750 20050 19500 451118
2014.10.24   20000 20050 20350 19600 308326
2014.10.27   20300 20150 20400 19800 212274
2014.10.28   19900 20300 20500 19250 340280
2014.10.29   19550 19950 20200 19350 248663
2014.10.30   19700 19500 20100 19300 236401
2014.10.31   20150 19800 20450 19550 313581
2014.11.03   20200 20200 20450 19750 161501
2014.11.04   19650 20300 20350 19450 257693
2014.11.05   20300 19850 20300 19600 258235
2014.11.06   19700 20450 21250 19600 541588
2014.11.07   21200 19900 21200 19650 430345
2014.11.10   20950 21350 21350 20600 252560
2014.11.11   20700 20850 21350 20400 257896
2014.11.12   20250 20800 20800 19900 264404
2014.11.13   20500 20300 20750 19950 208067
2014.11.14   19700 20500 20600 18700 580148
2014.11.17   19250 19500 19600 18700 282122
2014.11.18   19900 19150 20200 19050 206630
2014.11.19   19150 20150 20400 18900 265376
2014.11.20   19300 19050 19450 18650 151047
2014.11.21   19250 19750 20000 19150 182502
2014.11.24   19000 19350 19350 18900 143027
2014.11.25   19100 19000 19400 18900 117442
2014.11.26   19150 19150 19600 19050 188394
2014.11.27   19050 19200 19300 18450 203210
2014.11.28   20250 19050 20250 18800 417943
2014.12.01   20250 20800 21050 20050 286919
2014.12.02   20150 20200 20400 19700 173081
2014.12.03   20650 20100 21000 20000 273123
2014.12.04   20400 20850 21100 20400 153313
2014.12.05   20650 20600 20650 20050 149985
2014.12.08   20200 20850 20850 20100 101429
2014.12.09   20500 20150 20600 20050 124910
2014.12.10   20150 20650 20650 19900 117585
2014.12.11   19200 19950 20050 19150 276160
2014.12.12   18250 19200 19400 18150 294360
2014.12.15   18450 17900 18450 17700 314315
2014.12.16   17850 18250 18450 17800 130617
2014.12.17   17400 17800 17850 17400 150730
2014.12.18   17600 17550 18000 17000 265468
2014.12.19   17650 17650 17750 17400 177394
2014.12.22   18000 17650 18250 17650 283118
2014.12.23   18450 18000 18650 17800 231807
2014.12.24   18100 18500 18550 18000 107735
2014.12.26   17500 17950 18150 17500 125005
2014.12.29   18200 17700 18350 17500 121719
2014.12.30   18850 18150 18850 18050 164888
2015.01.02   18800 18850 18900 18400 97549
2015.01.05   19100 18750 19100 18500 113026
2015.01.06   18600 18900 19000 18350 194925
2015.01.07   18700 18500 19100 18200 135905
2015.01.08   19000 18900 19400 18750 191502
2015.01.09   19000 19150 19350 18850 152569
2015.01.12   19200 18900 19300 18700 141158
2015.01.13   18200 19150 19150 18200 249931
2015.01.14   18250 18250 18400 17800 191383
2015.01.15   18050 18150 18350 17850 133456
2015.01.16   17300 17900 18050 17050 379658
2015.01.19   17800 17550 17900 17450 134985
2015.01.20   18400 18350 18500 17800 218698
2015.01.21   17900 18350 18350 17700 135039
2015.01.22   17050 17800 18050 16800 262048
2015.01.23   16700 17050 17200 16550 166953
2015.01.26   17300 16900 17350 16800 90000
2015.01.27   17550 17150 17750 17000 131891
2015.01.28   17600 17400 17850 17200 166764
2015.01.29   17050 17550 17550 16950 161899
2015.01.30   16850 17200 17250 16750 87086
2015.02.02   16650 16950 17200 16650 101232
2015.02.03   16550 16650 16750 15850 249164
2015.02.04   16700 16500 16800 16500 68885
2015.02.05   15950 16550 16700 15850 185478
2015.02.06   15800 15800 16250 15600 148256
2015.02.09   15150 15700 15850 15050 186877
2015.02.10   14950 15050 15400 14800 141147
2015.02.11   15500 15050 15550 14950 104327
2015.02.12   16400 15600 16450 15250 313372
2015.02.13   15950 16300 16300 15900 118941
2015.02.16   16100 15950 16550 15950 142682
2015.02.17   16050 16300 16350 15950 136714
2015.02.23   15950 16000 16050 15700 120598
2015.02.24   16050 15900 16350 15900 87263
2015.02.25   15650 16150 16150 15600 160558
2015.02.26   15900 15600 15900 15500 101582
2015.02.27   18150 15900 18250 15850 894774
2015.03.02   18400 18250 18850 18050 480208
2015.03.03   18400 18600 18600 17850 222252
2015.03.04   18450 18300 18650 18000 163689
2015.03.05   18150 18400 18450 18000 103467
2015.03.06   18350 18050 18600 17950 215437
2015.03.09   18500 18300 18750 18050 205622
2015.03.10   17950 18650 18700 17850 175456
2015.03.11   18000 17800 18150 17000 117334
2015.03.12   18200 17950 18400 17700 96766
2015.03.13   18300 18400 18450 18000 114984
2015.03.16   18200 18350 18650 18200 153943
2015.03.17   18500 18150 18750 18050 169808
2015.03.18   18600 18500 19750 18500 533076
2015.03.19   18800 19200 19300 18500 248069
2015.03.20   19650 19050 19750 18800 361328
2015.03.23   20700 19750 21100 19650 1057012
2015.03.24   21600 20600 21600 20300 725211
2015.03.25   21600 21600 21850 21250 293811
2015.03.26   21450 21650 21700 21150 176988
2015.03.27   20600 21550 21550 20450 358965
2015.03.30   21250 20600 21400 20500 230345
2015.03.31   21050 21450 21450 20500 230836
2015.04.01   20350 20850 21050 20100 219306
2015.04.02   20050 20350 20700 19950 189210
2015.04.03   21350 20200 21400 20000 307169
2015.04.06   21500 21400 21600 21000 196375
2015.04.07   20600 21750 21750 20550 174123
2015.04.08   19600 20450 20550 19100 501540
2015.04.09   19550 19600 19850 19200 179318
2015.04.10   19200 19800 19800 18800 345383
2015.04.13   19000 19300 19350 18700 239796
2015.04.14   19400 19050 19650 19000 199369
2015.04.15   19450 19350 19550 18850 145375
2015.04.16   19400 19400 19550 19000 134628
2015.04.17   20100 19500 20150 19250 240018
2015.04.20   19700 19750 19850 19250 192109
2015.04.21   19500 19850 19900 19350 130728
2015.04.22   18800 19600 19800 18300 238769
2015.04.23   19550 18850 19600 18500 130506
2015.04.24   18750 19600 19850 18450 214850
2015.04.27   18450 18650 19000 18400 88869
2015.04.28   17700 18500 18500 17500 228115
2015.04.29   18150 17700 18150 17250 170364
2015.04.30   17750 18100 18250 17750 114837
2015.05.04   17600 17750 17950 17300 78824
2015.05.06   17600 17400 17950 17150 84980
2015.05.07   18000 17600 18150 17250 80237
2015.05.08   18200 18000 18650 17750 142889
2015.05.11   18250 18400 18550 18150 93416
2015.05.12   18550 18250 18700 18150 141723
2015.05.13   19250 18500 19550 18250 222918
2015.05.14   21350 19350 22050 18800 1067369
2015.05.15   22150 22250 22900 21850 706624
2015.05.18   23700 22400 24300 22150 1381700
2015.05.19   23950 24200 24350 23200 472654
2015.05.20   23650 24000 24950 23250 532180
2015.05.21   24300 23750 24650 23100 511480
2015.05.22   23850 24400 24800 23650 399539
2015.05.26   23450 23550 23800 22550 288191
2015.05.27   22900 23050 23450 22200 358407
2015.05.28   22500 23250 23300 22200 309194
2015.05.29   22600 22650 23400 22350 308402
2015.06.01   22150 22250 22450 21500 236665
2015.06.02   21000 22100 22750 21000 359448
2015.06.03   21150 20750 21600 20650 203252
2015.06.04   21400 21150 21850 20900 143494
2015.06.05   20250 21000 21200 20200 261431
2015.06.08   20450 20000 20850 19550 113562
2015.06.09   21400 20850 21400 20700 166980
2015.06.10   21300 22050 22200 21200 244131
2015.06.11   20500 21400 21600 20200 241883
2015.06.12   21600 20250 21750 20000 370955
2015.06.15   21750 22250 22500 21700 414977
2015.06.16   22550 21200 22600 20800 352677
2015.06.17   22700 22750 23150 22100 284255
2015.06.18   22300 22850 23250 22200 199957
2015.06.19   22250 22450 22800 21550 232814
2015.06.22   22350 22300 22450 21850 118563
2015.06.23   22100 22450 22600 21850 132274
2015.06.24   21300 22000 22350 20900 360823
2015.06.25   21150 21350 21450 20900 122789
2015.06.26   20450 21250 21350 20350 156928
2015.06.29   20250 19800 20850 19700 131647
2015.06.30   20650 20000 20650 19700 94977
2015.07.01   20650 20750 20900 20350 125053
2015.07.02   19900 20650 20700 19700 261707
2015.07.03   20500 20150 20550 19550 221589
2015.07.06   19550 20050 20600 19500 213593
2015.07.07   19300 19700 20000 18900 155560
2015.07.08   20350 19500 20650 19350 269445
2015.07.09   20450 20050 20450 19250 126693
2015.07.10   20150 20550 20650 20000 94437
2015.07.13   20950 20200 20950 20000 145601
2015.07.14   21400 21100 21400 20700 119034
2015.07.15   21300 21550 21600 20950 90894
2015.07.16   21700 21350 22000 20950 208905
2015.07.17   21400 21850 21900 21300 90012
2015.07.20   21250 21350 21700 21000 116625
2015.07.21   21750 21250 21750 20900 119643
2015.07.22   22100 21850 22500 21750 206115
2015.07.23   21350 21950 22200 21200 132855
2015.07.24   20400 21200 21600 20100 181042
2015.07.27   19900 20100 20650 19850 96264
2015.07.28   19900 19800 20100 19200 163969
2015.07.29   20250 20250 20700 19950 121737
2015.07.30   19950 20450 20550 19800 59983
2015.07.31   19950 19650 20200 19550 50548
2015.08.03   19450 20000 20150 19350 61819
2015.08.04   19700 19200 19750 19200 43798
2015.08.05   20150 19750 20800 19750 182904
2015.08.06   19950 20450 20450 19700 63908
2015.08.07   20100 19750 20300 19650 52954
2015.08.10   19400 20300 20300 19350 84303
2015.08.11   19300 19600 19800 19200 65010
2015.08.12   18950 19100 19100 17850 174497
2015.08.13   19350 18950 19350 18800 51340
2015.08.17   18000 19300 19500 17800 155507
2015.08.18   18100 18000 18300 17800 89949
2015.08.19   17000 17750 18000 16750 202287
2015.08.20   15800 16550 16850 15800 238277
2015.08.21   13550 14150 14950 13500 447983
2015.08.24   13300 13200 14150 13150 210680
2015.08.25   14300 13500 14400 13400 190552
2015.08.26   15300 14200 15400 14200 202208
2015.08.27   15150 15450 15700 15050 127740
2015.08.28   15550 15300 15700 15300 75357
2015.08.31   15350 15550 15600 15100 53447
2015.09.01   15700 15150 16100 15150 97118
2015.09.02   16300 15200 16500 15000 117187
2015.09.03   16550 16450 16650 16050 83629
2015.09.04   15600 16750 16750 15450 101294
2015.09.07   15850 15300 15950 14800 81249
2015.09.08   15300 16150 16150 15300 54635
2015.09.09   15950 15600 16100 15550 68428
2015.09.10   16900 16300 17150 16200 246890
2015.09.11   16800 17050 17050 16600 52079
2015.09.14   16300 16900 16950 16200 57535
2015.09.15   16700 16200 16800 16200 37852
2015.09.16   16800 16800 17050 16550 71537
2015.09.17   16500 17050 17050 16200 71954
2015.09.18   17100 16550 17200 16500 78742
2015.09.21   17500 16900 18000 16850 104020
2015.09.22   17300 17450 17700 17200 58528
2015.09.23   16700 17100 17200 16700 60595
2015.09.24   16900 16950 17100 16700 28310
2015.09.25   16850 17100 17100 16600 21266
2015.09.30   16600 16450 16750 16250 52920
2015.10.01   16500 16600 16800 16400 36172
2015.10.02   15800 16500 16750 15800 84877
2015.10.05   16100 15950 16500 15900 37007
2015.10.06   16150 16200 16400 16100 23363
2015.10.07   16450 16350 16550 15950 36419
2015.10.08   16200 16450 16600 15950 45594
2015.10.12   16350 16100 16350 16000 23473
2015.10.13   15850 16300 16350 15700 70410
2015.10.14   15250 15850 16000 15050 95716
2015.10.15   15550 15250 15600 15250 28515
2015.10.16   15850 15750 15950 15350 44861
2015.10.19   15600 15850 15850 15500 24238
2015.10.20   15700 15500 15800 15350 38764
2015.10.21   15500 15850 15850 15450 31184
2015.10.22   15050 15400 15500 14950 58829
2015.10.23   14800 15150 15400 14650 92817
2015.10.26   17000 14850 17600 14850 356724
2015.10.27   17250 16750 17500 16450 126942
2015.10.28   17350 17400 18000 17050 150647
2015.10.29   18500 17700 18700 17400 317602
2015.10.30   18250 18550 19000 18100 145844
2015.11.02   18000 18200 18500 17550 73253
2015.11.03   17750 18050 18200 17400 85404
2015.11.04   18050 18000 18050 17500 79437
2015.11.05   19900 18100 20100 18000 395573
2015.11.06   20800 19800 21050 19500 452576
2015.11.09   20600 20650 20750 19850 218765
2015.11.10   19850 20350 20550 19600 184424
2015.11.11   19400 19850 20350 19300 155218
2015.11.12   20300 19500 20500 19450 308538
2015.11.13   20600 20300 21050 20100 388148
2015.11.16   19600 20200 20600 19600 180868
2015.11.17   20550 19700 21050 19650 338039
2015.11.18   20400 20600 20750 19950 261340
2015.11.19   21800 20600 22000 20500 809704
2015.11.20   21750 21900 22500 21500 318670
2015.11.23   21500 21750 22000 21200 199152
2015.11.24   20800 21200 21450 20450 239467
2015.11.25   20800 20650 21100 20450 190608
2015.11.26   21450 21200 22050 21000 441357
2015.11.27   20300 21550 21700 20100 397467
2015.11.30   19550 20300 20300 19400 265670
2015.12.01   19650 19550 20100 19550 124881
2015.12.02   19400 19800 19850 18950 228654
2015.12.03   19700 19250 20200 19250 245988
2015.12.04   20000 19300 20200 19200 132229
2015.12.07   20300 20200 20850 20000 188137
2015.12.08   20600 20300 20850 20100 178373
2015.12.09   20300 20600 20850 20050 100837
2015.12.10   19850 20250 20250 19600 87112
2015.12.11   19550 19800 20050 19350 78870
2015.12.14   18850 19200 19550 18700 205003
2015.12.15   19200 18800 19800 18800 171468
2015.12.16   19400 19400 19700 19250 56889
2015.12.17   20150 19400 20350 19200 132696
2015.12.18   20450 19800 20500 19800 69952
2015.12.21   21050 20300 21250 20300 171213
2015.12.22   21250 21200 21350 20600 114512
2015.12.23   21750 21250 22150 20850 293854
2015.12.24   21800 21600 22550 21500 309417
2015.12.28   22200 21850 22650 21500 258765
2015.12.29   22550 22050 22650 21950 157523
2015.12.30   22000 22650 23200 21900 167169
2016.01.04   21400 22100 22100 21000 244932
2016.01.05   22900 21200 23150 21100 283730
2016.01.06   22850 23000 23550 22400 248592
2016.01.07   22150 22500 23000 21750 117563
2016.01.08   22750 21600 23000 21350 228186
2016.01.11   21550 22500 22750 21500 181298
2016.01.12   20500 21550 22150 20450 220523
2016.01.13   22300 21100 22300 21100 327548
2016.01.14   24700 22000 25000 21850 1363972
2016.01.15   24550 24950 25000 23900 377875
2016.01.18   24550 24250 25350 24050 367347
2016.01.19   26050 25950 27700 25300 1154727
2016.01.20   27100 26600 27500 25750 767489
2016.01.21   26150 26800 27000 26050 248452
2016.01.22   25600 26400 26400 24700 452158
2016.01.25   26600 25850 26700 25200 310643
2016.01.26   26000 26600 26600 25650 158188
2016.01.27   25650 26550 26550 24850 239371
2016.01.28   25850 25200 26300 25050 217551
2016.01.29   26000 25550 26900 25500 280927
2016.02.01   28750 26150 28800 25900 574074
2016.02.02   29000 28750 29650 27650 460257
2016.02.03   28300 28700 29500 28150 151488
2016.02.04   27650 28500 28500 27650 213255
2016.02.05   27350 27650 28250 27300 135665
2016.02.11   26150 26200 27900 26000 283389
2016.02.12   26000 26200 27200 23600 473489
2016.02.15   27450 26650 27850 26000 245275
2016.02.16   27700 27700 28300 27000 152143
2016.02.17   27650 27800 28900 27600 244187
2016.02.18   28350 28700 30200 27750 866391
2016.02.19   28250 28400 28550 27700 109057
2016.02.22   27250 28000 28500 27200 227142
2016.02.23   26550 27600 27600 26450 149026
2016.02.24   27900 26600 28350 26400 213484
2016.02.25   28200 28000 28950 27750 170348
2016.02.26   27800 28350 28450 27550 107313
2016.02.29   27950 28050 29650 27700 543160
2016.03.02   26900 28800 28900 26750 480405
2016.03.03   26000 26550 26550 24800 826586
2016.03.04   26800 26450 27000 26250 211157
2016.03.07   25450 27000 27000 25450 241203
2016.03.08   25800 25750 26600 25550 139089
2016.03.09   25950 25850 26350 25350 121623
2016.03.10   26550 26200 26600 26000 147109
2016.03.11   26500 26550 26750 26150 124683
2016.03.14   25700 26550 26600 25100 209289
2016.03.15   25400 25600 25950 25200 91219
2016.03.16   25600 25750 25950 25250 95802
2016.03.17   25900 25750 26400 25550 249777
2016.03.18   26100 26250 26300 25750 101269
2016.03.21   26350 26250 26950 26100 331846
2016.03.22   26100 26700 26750 25900 171717
2016.03.23   25000 26050 26350 24600 385486
2016.03.24   24250 25200 25200 23950 355854
2016.03.25   24150 24450 24700 23800 172546
2016.03.28   23100 23900 24050 22500 405417
2016.03.29   23800 23250 23900 23100 226839
2016.03.30   24000 24100 24300 23550 154562
2016.03.31   23700 24200 24350 22950 166199
2016.04.01   23300 23750 23850 23250 115257
2016.04.04   23700 23400 23800 23000 116855
2016.04.05   23100 23500 23700 22950 101498
2016.04.06   24000 23200 24250 23000 185923
2016.04.07   25300 24300 25300 23900 470340
2016.04.08   25550 25100 25650 24900 266114
2016.04.11   25700 25300 26050 25150 192493
2016.04.12   25200 26000 26000 24900 115238
2016.04.14   25450 25200 25550 24750 128889
2016.04.15   25300 27050 27400 25250 455710
2016.04.18   25000 25150 25650 24850 114058
2016.04.19   24300 24950 25050 24200 164214
2016.04.20   25050 24900 25500 24450 262867
2016.04.21   24900 25350 25400 24750 149667
2016.04.22   25450 24750 25600 24750 154027
2016.04.25   24800 25450 25450 24800 112677
2016.04.26   24850 25000 25000 24550 113296
2016.04.27   24500 24950 25300 24500 192995
2016.04.28   26500 25000 26850 24850 747082
2016.04.29   26850 26350 26850 26000 267564
2016.05.02   26600 26850 27100 26150 199898
2016.05.03   26800 26700 26900 26350 178391
2016.05.04   26650 26800 27500 26650 244911
2016.05.09   25700 26700 26700 25500 149414
2016.05.10   25500 25650 25900 24950 189754
2016.05.11   26200 25600 26300 25050 152705
2016.05.12   27100 26050 27100 26000 230083
2016.05.13   26850 27000 27450 26600 88145
2016.05.16   26700 27300 27300 26450 101479
2016.05.17   26450 26750 26950 26150 65535
2016.05.18   25250 26100 26500 25250 182770
2016.05.19   24350 25400 25550 24250 155233
2016.05.20   24650 24150 24750 24050 90921
2016.05.23   24200 24850 25000 24150 114527
2016.05.24   24850 24250 24950 24050 125401
2016.05.25   26350 24900 26550 24900 267845
2016.05.26   26000 26700 26850 25450 159596
2016.05.27   26350 25900 26350 25450 106287
2016.05.30   26400 26350 26900 25850 224282
2016.05.31   28150 26750 28200 26700 735353
2016.06.01   28300 28150 28450 27700 308255
2016.06.02   27950 28400 28500 27800 128279
2016.06.03   28350 27850 28450 27750 174093
2016.06.07   28000 28350 29000 27800 187811
2016.06.08   27250 28000 28100 27050 152346
2016.06.09   27000 27400 27500 26550 162035
2016.06.10   27450 27200 27700 26950 97426
2016.06.13   26950 27100 27150 26500 97985
2016.06.14   26450 26900 27650 26300 160110
2016.06.15   26350 26250 26850 26150 96701
2016.06.16   25450 26650 26800 25450 147919
2016.06.17   25700 26000 26350 25350 135978
2016.06.20   26250 25950 26400 25850 61400
2016.06.21   26250 26300 26450 25550 75766
2016.06.22   26050 26000 26300 25800 59218
2016.06.23   25550 26050 26100 25100 109249
2016.06.24   23250 25850 25950 22850 360958
2016.06.27   23900 22100 24300 22100 230762
2016.06.28   24650 23700 24650 23450 139771
2016.06.29   24500 24800 24950 24300 175755
2016.06.30   24250 24850 25100 24200 143488
2016.07.01   24800 24600 25200 24550 151527
2016.07.04   24800 24850 25100 24500 97750
2016.07.05   24300 24550 24850 24100 146120
2016.07.06   23700 24000 24200 23350 181519
2016.07.07   25000 24000 25100 23850 149409
2016.07.08   24500 24950 25050 24500 87792
2016.07.11   25050 24700 25200 24700 76105
2016.07.12   24800 25100 25400 24650 74239
2016.07.13   24850 25150 25400 24800 104270
2016.07.14   26300 25200 26300 25100 292351
2016.07.15   25950 26550 26800 25700 177674
2016.07.18   25300 25750 26150 24800 259816
2016.07.19   25250 25350 25550 25100 69641
2016.07.20   25250 25100 25750 25000 135515
2016.07.21   25400 25500 26150 25250 333319
2016.07.22   26250 25500 26350 25300 199335
2016.07.25   26750 26450 26800 26250 142638
2016.07.26   26500 26750 26800 26050 97572
2016.07.27   26500 26650 27250 26500 150661
2016.07.28   26650 26950 27100 26300 136583
2016.07.29   27400 26950 27450 26700 256307
2016.08.01   27900 27350 28000 27250 301944
2016.08.02   28050 28000 28050 27350 216532
2016.08.03   27750 28000 28300 27700 244149
2016.08.04   27350 27750 27900 27150 195919
2016.08.05   28950 27400 29450 27300 724808
2016.08.08   28350 29250 29800 28250 427537
2016.08.09   28350 28450 28600 27850 224620
2016.08.10   27800 28350 28450 27700 208230
2016.08.11   27350 27700 27700 26900 225254
2016.08.12   27350 27350 27700 27200 119692
2016.08.16   26000 26800 26900 26000 330333
2016.08.17   26700 25850 27000 25000 403487
2016.08.18   26850 26600 27150 26050 177766
2016.08.19   26050 26850 26850 25900 150265
2016.08.22   25250 26050 26500 25250 147000
2016.08.23   25300 25300 25650 25000 143634
2016.08.24   24900 25250 25450 24400 252293
2016.08.25   24600 24650 24950 24600 105718
2016.08.26   24100 24450 24550 23950 185466
2016.08.29   23350 23950 24200 23350 186415
2016.08.30   24400 23550 25150 23550 408523
2016.08.31   24650 24200 24700 23800 126612
2016.09.01   24500 24350 24800 24300 90707
2016.09.02   25150 24700 25150 24250 94586
2016.09.05   24800 25200 25250 24350 157983
2016.09.06   24150 24750 24750 24050 118439
2016.09.07   24150 24350 24500 24000 104869
2016.09.08   23500 24650 24650 23450 188186
2016.09.09   24600 24150 24700 23700 292124
2016.09.12   24700 24750 25350 24500 678728
2016.09.13   24350 25300 25350 24250 145143
2016.09.19   23800 24350 24350 23550 117610
2016.09.20   23950 23950 24100 23900 52549
2016.09.21   23800 23900 24250 23750 86097
2016.09.22   24550 24200 24750 23850 219077
2016.09.23   25000 25000 25100 24400 134823
2016.09.26   24850 24850 25100 24450 124221
2016.09.27   24700 24600 25000 24400 105972
2016.09.28   25250 24650 25500 24500 284397
2016.09.29   24900 25300 25350 24750 93488
2016.09.30   25100 24750 25250 24600 95121
2016.10.04   25000 25400 25400 24950 70327
2016.10.05   24500 24900 24900 24400 89788
2016.10.06   24350 24500 24750 24300 63014
2016.10.07   24000 24450 24450 23900 53988
2016.10.10   23450 23850 23900 23450 83288
2016.10.11   23250 23500 23850 22950 84231
2016.10.12   23500 23050 23650 23000 35317
2016.10.13   23700 23750 24500 23550 124325
2016.10.14   24900 23500 25000 23500 189860
2016.10.17   24350 25000 25050 24150 150105
2016.10.18   24150 24550 24950 24100 106315
2016.10.19   24000 24500 24550 23650 96523
2016.10.20   24150 24150 24300 24000 33245
2016.10.21   24150 25050 25150 24150 153325
2016.10.24   24250 24200 24750 24000 106175
2016.10.25   23400 24350 24350 23400 89762
2016.10.26   23250 23100 23700 22650 64757
2016.10.27   24450 23300 24600 23300 120445
2016.10.28   24600 24550 25050 24350 107117
2016.10.31   24600 24950 24950 24250 99023
2016.11.01   24700 24300 24950 24300 45452
2016.11.02   23950 24700 24700 23850 60221
2016.11.03   24250 23950 24400 23950 66175
2016.11.04   24500 24000 24750 24000 69729
2016.11.07   25850 24500 26100 24500 674276
2016.11.08   25900 25850 26600 25650 529500
2016.11.09   24600 25750 26100 23500 523479
2016.11.10   25350 25000 25550 24900 205834
2016.11.11   24450 25050 25150 24250 137642
2016.11.14   24550 24450 24600 24100 49450
2016.11.15   23950 24500 24600 23850 84264
2016.11.16   25300 24150 25350 24100 167868
2016.11.17   25400 25350 25500 24900 58508
2016.11.18   24750 25700 25750 24650 68357
2016.11.21   23850 24550 24750 23750 102671
2016.11.22   23550 24150 24200 23450 92035
2016.11.23   22800 23750 23750 22500 148830
2016.11.24   22250 22700 23000 22000 102221
2016.11.25   22500 22250 22950 22200 94384
2016.11.28   22500 22450 22900 22400 76017
2016.11.29   23450 22400 23650 22400 105357
2016.11.30   23700 23400 23800 23300 72030
2016.12.01   23650 23750 23800 23300 72761
2016.12.02   23600 23550 23800 23250 69038
2016.12.05   23700 23600 23800 23200 65648
2016.12.06   24050 23950 24250 23900 74347
2016.12.07   24250 24000 24350 24000 65462
2016.12.08   24750 24700 24900 24500 96789
2016.12.09   24400 24900 24900 24000 70407
2016.12.12   25400 24550 25450 24550 183119
2016.12.13   25850 25400 25850 24950 192549
2016.12.14   26150 26350 26700 25650 318413
2016.12.15   26550 26000 26850 25850 228766
2016.12.16   26600 26550 27100 26450 154401
2016.12.19   26750 26600 26850 26100 98338
2016.12.20   26100 26750 26850 26100 67136
2016.12.21   27250 26250 27500 26050 263978
2016.12.22   27650 27300 27750 27300 153752
2016.12.23   27500 27500 27800 27150 87188
2016.12.26   27050 27350 27550 26850 104537
2016.12.27   26700 27050 27450 26450 121912
2016.12.28   26750 26900 26900 26300 99352
2016.12.29   27600 26700 27700 26450 140497
2017.01.02   28350 27850 29250 27650 459707
2017.01.03   27850 28200 28650 27750 146291
2017.01.04   27050 28000 28000 27000 131608
2017.01.05   26600 27050 27100 26200 191672
2017.01.06   26400 26800 27300 26300 114664
2017.01.09   26750 26450 26900 26100 100558
2017.01.10   26250 26750 26900 26050 84415
2017.01.11   26300 26200 26900 26200 100984
2017.01.12   26550 26250 26750 25950 81060
2017.01.13   27100 26500 27100 26250 114793
2017.01.16   25400 27050 27100 25350 257193
2017.01.17   24750 25200 25500 24750 154174
2017.01.18   25300 24750 25450 24500 144077
2017.01.19   25650 25700 26250 25400 177381
2017.01.20   25150 25600 26100 25050 105584
2017.01.23   25850 25300 25950 25150 129764
2017.01.24   26350 25750 26750 25450 218925
2017.01.25   26250 26450 26500 26100 90989
2017.01.26   26700 26600 26900 26200 152551
2017.01.31   27100 26750 27200 26500 82763
2017.02.01   27100 27200 27550 26950 137780
2017.02.02   26050 27100 27150 25800 164349
2017.02.03   26050 25750 26150 25550 78233
2017.02.06   25350 25950 26200 25200 112807
2017.02.07   24000 25250 25500 23650 295002
2017.02.08   24350 24050 24700 23750 217892
2017.02.09   24400 24650 24850 24350 131331
2017.02.10   23850 24450 24600 23700 109931
2017.02.13   24100 24200 24200 23750 67042
2017.02.14   24350 24200 24600 24150 89270
2017.02.15   24400 24450 24600 23950 80137
2017.02.16   24700 24500 24750 24000 123324
2017.02.17   24600 24450 24700 24200 1373150
2017.02.20   25300 25050 25600 25050 244248
2017.02.21   24700 25300 25300 24500 160660
2017.02.22   24300 25000 25000 24200 102611
2017.02.23   23700 24200 24400 23100 349159
2017.02.24   23350 24150 24450 23350 163681
2017.02.27   23500 23400 23800 22650 147282
2017.02.28   23650 23700 23850 23450 43486
2017.03.02   23650 23750 23750 23250 78054
2017.03.03   23500 23600 23600 22850 85365
2017.03.06   24150 23400 24400 23350 96329
2017.03.07   24050 24250 24250 23800 60173
2017.03.08   24050 24200 24250 23900 62445
2017.03.09   24300 24000 24700 23900 106583
2017.03.10   24400 24300 24600 23900 76110
2017.03.13   24000 24500 24500 23900 100758
2017.03.14   24050 24000 24150 23650 77257
2017.03.15   23800 24050 24300 23800 99317
2017.03.16   23150 24000 24000 23050 203205
2017.03.17   23400 23250 23500 23100 68560
2017.03.20   23450 23400 23550 23000 85710
2017.03.21   23250 23450 23450 23200 74551
2017.03.22   23300 23350 23800 23200 101621
2017.03.23   23800 23400 24100 23400 122898
2017.03.24   24250 23950 24350 23800 117870
2017.03.27   24150 24350 24400 23950 89805
2017.03.28   24900 24150 25000 23950 201263
2017.03.29   24950 24950 25150 24800 100622
2017.03.30   24950 25150 25250 24700 112539
2017.03.31   25000 25200 25350 24850 81321
2017.04.03   25300 25150 25600 25100 112590
2017.04.04   26500 25300 26750 25300 435174
2017.04.05   27800 26900 27950 26850 694911
2017.04.06   27800 28000 28150 27550 360751
2017.04.07   28050 27900 28100 27350 308064
2017.04.10   27700 28050 28250 27400 247979
2017.04.11   27800 27900 28300 27050 202525
2017.04.12   28150 27850 28200 27650 187708
2017.04.13   28850 28250 29050 27850 360276
2017.04.14   28750 28600 29150 28300 321628
2017.04.17   29000 28950 29250 28900 245997
2017.04.18   30500 29350 30750 29250 587386
2017.04.19   30850 30500 31000 30200 263655
2017.04.20   30350 31000 31200 29900 209841
2017.04.21   30350 30500 30500 29650 211994
2017.04.24   30350 30100 30650 30000 129360
2017.04.25   30500 30350 30600 29450 205717
2017.04.26   31700 30500 31700 30000 439766
2017.04.27   31000 31650 31650 30700 265402
2017.04.28   31650 31400 32350 31050 257098
2017.05.02   31050 32200 32200 30950 138439
2017.05.04   31650 31050 32150 31050 152828
2017.05.08   31500 31500 31850 31050 115287
2017.05.10   30900 31700 32000 30800 249615
2017.05.11   33000 31350 33000 31300 477933
2017.05.12   33250 33200 33700 32650 169361
2017.05.15   32600 33250 33500 32150 230230
2017.05.16   31100 32850 32850 30800 381808
2017.05.17   31700 31350 31700 30300 262402
2017.05.18   31800 30800 31950 30500 211382
2017.05.19   31500 31950 32250 31500 138591
2017.05.22   31350 31500 32100 31100 150999
2017.05.23   29900 31350 31350 29750 472727
2017.05.24   29800 29900 30250 29550 178177
2017.05.25   28850 29850 29900 28800 403993
2017.05.26   29500 29050 30000 29000 233073
2017.05.29   30000 29550 30500 29500 308604
2017.05.30   30250 30350 30900 30050 180987
2017.05.31   30250 30500 31100 29950 174235
2017.06.01   29300 30300 30400 29300 200122
2017.06.02   29600 29500 29900 29350 135573
2017.06.05   29600 29900 30500 29250 237856
2017.06.07   30200 29600 30250 29350 216049
2017.06.08   30000 30550 30550 29850 187885
2017.06.09   30100 30150 30200 29450 232043
2017.06.12   28950 29650 29650 28950 215998
2017.06.13   28650 29000 29250 28400 232027
2017.06.14   29550 29100 30000 28900 277143
2017.06.15   29400 29650 29750 28400 176968
2017.06.16   30100 29400 30150 28900 204827
2017.06.19   30500 30500 31400 30200 377483
2017.06.20   29450 30800 30850 29350 245734
2017.06.21   29650 29550 29800 28700 122339
2017.06.22   30550 29700 30850 29700 337026
2017.06.23   31500 30750 31700 30100 411918
2017.06.26   33500 31850 33500 31850 671465
2017.06.27   34200 33550 34350 32950 343975
2017.06.28   33200 35200 35500 32800 646219
2017.06.29   34500 33700 34500 33300 360174
2017.06.30   33900 33900 35050 33400 286710
2017.07.03   33950 34200 34500 33200 265126
2017.07.04   32350 33550 34200 32050 357005
2017.07.05   32850 32400 33550 32350 231608
2017.07.06   33700 33450 33800 32550 198856
2017.07.07   34150 33450 34750 33200 262326
2017.07.10   33650 34350 34750 32900 176804
2017.07.11   33350 33750 34450 32950 184084
2017.07.12   33000 33700 33850 32750 136026
2017.07.13   34200 33500 34600 33250 358046
2017.07.14   34400 34200 35450 33950 391512
2017.07.17   35300 34800 35300 34100 279191
2017.07.18   36900 35650 37100 34850 522473
2017.07.19   36850 37250 37250 36250 348926
2017.07.20   36850 37250 37300 36100 232797
2017.07.21   37750 36950 38100 36850 449292
2017.07.24   37200 37800 38350 37200 214700
2017.07.25   36350 37250 37950 35800 334573
2017.07.26   35300 36500 36500 34450 346523
2017.07.27   35000 35100 35800 34700 157054
2017.07.28   32650 34750 34800 32200 559779
2017.07.31   31950 32100 32500 31150 462587
2017.08.01   30750 32050 32050 30650 585257
2017.08.02   31500 31300 32100 31250 451140
2017.08.03   30300 31750 31750 30050 286161
2017.08.04   30450 30200 31150 30050 229932
2017.08.07   30400 30550 31000 29750 176709
2017.08.08   31650 30600 31650 30100 260550
2017.08.09   30400 31850 31850 30300 367416
2017.08.10   30000 30350 30900 29500 253476
2017.08.11   29350 29100 29700 28900 219684
2017.08.14  29500 29600 30100 29250 168151
2017.08.16  31150 30200 31450 30050 367840
2017.08.17  31000 31450 31750 30650 255020
2017.08.18  30700 30400 31100 30100 145361
2017.08.21  30900 30600 31450 30600 222856
2017.08.22  30400 31000 31350 30350 168661
2017.08.23  31650 30850 31650 30700 274487
2017.08.24  31800 31600 31950 31450 292774
2017.08.25  32200 31750 32500 31750 297132
2017.08.28  31350 32300 32400 31250 60269
