2010.09.10    1995 2005 2010 1995 207962
2010.09.13    1970 1990 1990 1965 119166
2010.09.14    1930 1965 1995 1925 451696
2010.09.15    1945 1930 1955 1930 8379
2010.09.16    1950 1950 1955 1940 18799
2010.09.17    1945 1955 1955 1940 85425
2010.09.20    1945 1955 1955 1940 25236
2010.09.24    1940 1945 1955 1940 4006
2010.09.27    1955 1940 1960 1940 22635
2010.09.28    1960 1960 1960 1950 8464
2010.09.29    1965 1960 1965 1955 42563
2010.09.30    1985 1965 2000 1965 1199672
2010.10.01    2015 1995 2015 1985 343661
2010.10.04    2000 2020 2020 2000 15763
2010.10.05    2010 2000 2010 2000 11150
2010.10.06    2010 2005 2010 2005 7149
2010.10.07    2015 2015 2015 1975 19441
2010.10.08    2015 2005 2020 2005 17485
2010.10.11    2015 2015 2020 2005 38400
2010.10.12    2035 2020 2035 2020 24480
2010.10.13    2080 2035 2330 2025 25216
2010.10.14    2100 2100 2110 2085 30607
2010.10.15    2100 2110 2120 2090 84043
2010.10.18    2100 2175 2175 2090 66714
2010.10.19    2100 2100 2100 2090 66735
2010.10.20    2095 2100 2110 2095 43779
2010.10.21    2150 2140 2170 2090 59586
2010.10.22    2170 2150 2180 2140 161535
2010.10.25    2200 2195 2255 2180 44619
2010.10.26    2215 2235 2235 2190 87555
2010.10.27    2220 2290 2290 2200 119514
2010.10.28    2225 2220 2255 2205 311532
2010.10.29    2250 2225 2250 2160 74902
2010.11.01    2255 2285 2285 2230 216361
2010.11.02    2230 2230 2250 2200 166447
2010.11.03    2225 2230 2230 2190 7457
2010.11.04    2190 2225 2225 2190 13367
2010.11.05    2235 2205 2250 2200 19000
2010.11.08    2190 2220 2220 2190 19879
2010.11.09    2175 2175 2200 2170 9627
2010.11.10    2165 2160 2170 2135 4629
2010.11.11    2160 2140 2200 2130 24294
2010.11.12    2200 2200 2210 2175 15655
2010.11.15    2190 2200 2200 2150 4714
2010.11.16    2185 2190 2190 2165 8529
2010.11.17    2195 2190 2200 2180 30586
2010.11.18    2175 2195 2195 2165 13088
2010.11.19    2180 2190 2190 2170 5905
2010.11.22    2150 2165 2165 2125 25098
2010.11.23    2140 2130 2155 2100 10978
2010.11.24    2100 2025 2200 2025 9184
2010.11.25    2140 2090 2140 2090 14112
2010.11.26    2120 2135 2140 2100 23456
2010.11.29    2090 2135 2135 2080 5871
2010.11.30    2120 2130 2130 2120 105
2010.12.01    2130 2130 2130 2130 3
2010.12.02    2135 2080 2140 2070 23458
2010.12.03    2095 2090 2115 2080 27707
2010.12.06    2090 2095 2095 2030 4154
2010.12.07    2090 2165 2165 2085 45003
2010.12.08    2090 2095 2095 2075 30815
2010.12.09    2125 2085 2130 2080 18320
2010.12.10    2125 2150 2200 2075 17610
2010.12.13    2110 2120 2120 2105 3636
2010.12.14    2105 2105 2105 2105 0
2010.12.15    2095 2035 2095 2035 12500
2010.12.16    2070 2030 2070 2030 19430
2010.12.17    2065 2070 2070 2030 14743
2010.12.20    2075 2080 2080 2010 1512
2010.12.21    2045 2075 2075 2005 6050
2010.12.22    2010 2005 2045 1995 85604
2010.12.23    1990 2000 2040 1980 34453
2010.12.24    1980 2055 2055 1975 44748
2010.12.27    2020 2050 2050 1995 120633
2010.12.28    2005 2020 2020 1965 27049
2010.12.29    2000 2005 2005 1980 10205
2010.12.30    2000 1980 2000 1980 48870
2011.01.03    2015 2025 2025 1985 21875
2011.01.04    2010 1990 2020 1990 5638
2011.01.05    2015 2020 2020 2010 10055
2011.01.06    2015 2015 2050 1995 19389
2011.01.07    2015 2040 2135 1980 23124
2011.01.10    2015 2050 2050 1995 7606
2011.01.11    1995 2000 2020 1995 40634
2011.01.12    2020 1995 2020 1995 17549
2011.01.13    2020 2020 2020 1995 8897
2011.01.14    2020 1990 2020 1990 6068
2011.01.17    1995 1990 2025 1990 5019
2011.01.18    2010 2000 2010 2000 12270
2011.01.19    2005 2000 2010 1995 7910
2011.01.20    2000 1985 2000 1985 3117
2011.01.21    2000 2010 2010 1990 10199
2011.01.24    1975 1985 2000 1975 7051
2011.01.25    1970 2010 2010 1970 7802
2011.01.26    1980 1970 1980 1940 8059
2011.01.27    1990 1905 2000 1905 3653
2011.01.28    1995 1935 2010 1935 8987
2011.01.31    1950 1995 1995 1935 5521
2011.02.01    1940 1955 1995 1925 3498
2011.02.07    2000 1935 2000 1935 6738
2011.02.08    1945 1935 1985 1930 8354
2011.02.09    1985 1990 1990 1940 3175
2011.02.10    1980 1930 1985 1930 8302
2011.02.11    1915 1930 1955 1910 10662
2011.02.14    1915 1905 1950 1885 11837
2011.02.15    1920 1915 1930 1890 7335
2011.02.16    1920 1875 1930 1875 43835
2011.02.17    1920 1930 1930 1890 2784
2011.02.18    1920 1880 1930 1880 5690
2011.02.21    1900 1910 1920 1875 22077
2011.02.22    1900 1875 1925 1875 8028
2011.02.23    1860 1870 1920 1860 16083
2011.02.24    1900 1865 1900 1865 5144
2011.02.25    1925 1860 1925 1860 6570
2011.02.28    1915 1900 1915 1890 5470
2011.03.02    1910 1910 1910 1880 2554
2011.03.03    1905 1910 1910 1900 5554
2011.03.04    1885 1905 1905 1880 12949
2011.03.07    1900 1865 1920 1860 12893
2011.03.08    1900 1870 1900 1870 7004
2011.03.09    1900 1890 1900 1885 2570
2011.03.10    1885 1890 1900 1885 5208
2011.03.11    1885 1885 1900 1885 32457
2011.03.14    1900 1880 1905 1875 7328
2011.03.15    1900 1860 1905 1860 5594
2011.03.16    1930 1900 1930 1890 17654
2011.03.17    1945 1990 2015 1910 50310
2011.03.18    1950 1960 1970 1915 7072
2011.03.21    1950 1890 1975 1890 9319
2011.03.22    1965 1925 1965 1925 2445
2011.03.23    1960 1960 1960 1960 0
2011.03.24    1950 1950 1950 1950 0
2011.03.25    1940 1920 1950 1905 2904
2011.03.28    1935 1935 1935 1935 0
2011.03.29    1935 1985 1985 1915 6476
2011.03.30    1985 1985 1985 1925 692
2011.03.31    1980 1980 1980 1980 0
2011.04.01    1980 1980 1980 1980 1000
2011.04.04    1975 1910 1975 1910 312
2011.04.05    1945 1900 1975 1900 1890
2011.04.06    1950 1910 1950 1910 8505
2011.04.07    1940 1940 1940 1940 0
2011.04.08    1935 1935 1935 1935 0
2011.04.11    1910 1915 1945 1910 28485
2011.04.12    1965 1910 1965 1910 1855
2011.04.13    1960 1930 1980 1910 16085
2011.04.14    1950 1950 1950 1950 0
2011.04.15    2015 2015 2015 2015 2000
2011.04.18    1965 1890 1970 1890 6011
2011.04.19    1940 1970 1970 1890 3426
2011.04.20    1940 1940 1940 1940 0
2011.04.21    1925 1925 1925 1875 4871
2011.04.22    1855 1975 1975 1850 35839
2011.04.25    1800 1945 1945 1800 79949
2011.04.26    1805 1970 1970 1800 64466
2011.04.27    1840 1845 1845 1815 8158
2011.04.28    1825 1805 1840 1805 141
2011.04.29    1845 1835 1845 1815 5350
2011.05.02    1815 1805 1860 1800 7526
2011.05.03    1840 1840 1840 1825 8010
2011.05.04    1880 1880 1880 1880 10
2011.05.06    1880 1815 1880 1815 1972
2011.05.09    1900 1820 1900 1820 2633
2011.05.11    1895 1895 1895 1895 0
2011.05.12    1890 1810 1890 1810 1776
2011.05.13    1895 1810 1895 1805 12191
2011.05.16    1870 1805 1885 1805 5165
2011.05.17    1870 1820 1870 1815 544
2011.05.18    1870 1870 1870 1870 8
2011.05.19    1875 1820 1890 1820 8737
2011.05.20    1875 1880 1890 1825 7841
2011.05.23    1885 1805 1885 1805 2448
2011.05.24    1855 1755 1880 1755 78075
2011.05.25    1845 1840 1860 1760 13806
2011.05.26    1780 1770 1845 1765 7211
2011.05.27    1840 1840 1840 1840 1
2011.05.30    1835 1775 1835 1770 4570
2011.05.31    1760 1700 1800 1700 16070
2011.06.01    1745 1715 1745 1715 14636
2011.06.02    1775 1750 1775 1750 9901
2011.06.03    1775 1775 1775 1775 0
2011.06.07    1775 1775 1775 1775 0
2011.06.08    1775 1775 1775 1775 0
2011.06.09    1765 1700 1770 1700 220
2011.06.10    1780 1780 1780 1780 1
2011.06.13    1790 1790 1790 1790 1
2011.06.14    1760 1760 1760 1760 0
2011.06.15    1800 1800 1800 1800 1
2011.06.16    1780 1705 1795 1705 3396
2011.06.17    1750 1750 1750 1740 60792
2011.06.20    1765 1765 1765 1765 5
2011.06.21    1750 1715 1750 1715 25
2011.06.22    1750 1750 1760 1750 6043
2011.06.23    1750 1715 1780 1710 4502
2011.06.24    1770 1710 1770 1700 6554
2011.06.27    1705 1615 1785 1615 5746
2011.06.28    1750 1700 1750 1700 4960
2011.06.29    1775 1740 1775 1735 180
2011.06.30    1760 1760 1760 1760 0
2011.07.01    1760 1760 1760 1760 0
2011.07.04    1765 1770 1770 1760 349
2011.07.05    1765 1765 1765 1765 500
2011.07.06    1785 1760 1785 1760 21439
2011.07.07    1795 1795 1795 1790 2001
2011.07.08    1810 1795 1810 1770 533
2011.07.11    1845 1810 1845 1810 31
2011.07.12    1850 1780 1850 1780 3234
2011.07.13    1845 1845 1845 1845 0
2011.07.14    1845 1845 1845 1845 0
2011.07.15    1840 1840 1840 1840 0
2011.07.18    1845 1780 1845 1780 3567
2011.07.19    1845 1840 1850 1755 4082
2011.07.20    1850 1790 1850 1780 2515
2011.07.21    1815 1785 1850 1780 2543
2011.07.22    1785 1725 1825 1725 6524
2011.07.25    1845 1800 1845 1775 929
2011.07.26    1840 1800 1840 1800 4998
2011.07.27    1845 1800 1855 1800 684
2011.07.28    1835 1730 1855 1730 8423
2011.07.29    1855 1770 1855 1770 1752
2011.08.01    1870 1835 1880 1835 2792
2011.08.02    1870 1870 1870 1870 10
2011.08.03    1860 1860 1860 1860 0
2011.08.04    1860 1805 1870 1785 4789
2011.08.05    1855 1805 1860 1745 4007
2011.08.08    1865 1730 1900 1730 6965
2011.08.09    1880 1880 1880 1705 101246
2011.08.10    1875 1845 1880 1725 9689
2011.08.11    1790 1730 1835 1730 630
2011.08.12    1755 1830 1830 1740 3474
2011.08.16    1735 1800 1800 1705 2714
2011.08.17    1850 1755 1875 1750 13975
2011.08.18    1800 1870 1875 1800 46827
2011.08.19    1780 1845 1845 1780 33966
2011.08.22    1870 1780 1870 1775 1990
2011.08.23    1865 1790 1875 1710 29466
2011.08.24    1800 1845 1850 1800 4990
2011.08.25    1810 1865 1865 1755 13924
2011.08.26    1835 1810 1850 1780 3938
2011.08.29    1835 1805 1845 1790 23791
2011.08.30    1835 1830 1840 1830 39008
2011.08.31    1835 1835 1835 1795 1360
2011.09.01    1835 1845 1845 1835 2251
2011.09.02    1830 1730 1835 1730 12456
2011.09.05    1830 1740 1835 1735 20227
2011.09.06    1835 1730 1865 1730 24518
2011.09.07    1835 1765 1835 1765 13236
2011.09.08    1865 1920 1920 1820 78815
2011.09.09    1865 1840 1870 1840 70426
2011.09.14    1830 1770 1865 1770 23837
2011.09.15    1815 1795 1850 1795 9315
2011.09.16    1815 0 0 0 0
2011.09.19    1815 0 0 0 0
2011.09.20    1815 0 0 0 0
2011.09.21    1815 0 0 0 0
2011.09.22    1815 0 0 0 0
2011.09.23    1815 0 0 0 0
2011.09.26    1815 0 0 0 0
2011.09.27    1815 0 0 0 0
2011.09.28    1815 0 0 0 0
2011.09.29    1815 0 0 0 0
2011.09.30    1815 0 0 0 0
2011.10.04    1815 0 0 0 0
2011.10.05    1815 0 0 0 0
2011.10.06    1815 0 0 0 0
2011.10.07    1815 0 0 0 0
2011.10.10    1815 0 0 0 0
2011.10.11    1815 0 0 0 0
2011.10.12    1815 0 0 0 0
2011.10.13    1815 0 0 0 0
2011.10.14    1815 0 0 0 0
2011.10.17    1815 0 0 0 0
2011.10.18    1815 0 0 0 0
2011.10.19    1815 0 0 0 0
2011.10.20    1815 0 0 0 0
2011.10.21    1815 0 0 0 0
2011.10.24    1815 0 0 0 0
2011.10.25    1815 0 0 0 0
2011.10.26    1815 0 0 0 0
2011.10.27    1815 0 0 0 0
2011.10.28    1815 0 0 0 0
2011.10.31    1815 0 0 0 0
2011.11.01    1815 0 0 0 0
2011.11.02    1815 0 0 0 0
2011.11.03    1815 0 0 0 0
2011.11.04    1815 0 0 0 0
2011.11.07    1815 0 0 0 0
2011.11.08    1815 0 0 0 0
2011.11.09    1815 0 0 0 0
2011.11.10    1975 2000 2090 1910 716146
2011.11.11    2000 1980 2050 1950 349620
2011.11.14    2045 2020 2055 2020 403899
2011.11.15    2020 2095 2095 2000 345551
2011.11.16    2015 2020 2025 2000 146701
2011.11.17    2015 2015 2030 2000 99239
2011.11.18    2030 2005 2040 2000 74084
2011.11.21    2060 2035 2060 2015 247104
2011.11.22    2050 2020 2060 2015 168512
2011.11.23    2010 2025 2055 2005 349336
2011.11.24    2005 2000 2050 1935 181109
2011.11.25    2015 2030 2030 2005 187853
2011.11.28    2035 2015 2040 2015 275254
2011.11.29    2025 2040 2045 2025 98851
2011.11.30    2195 2010 2195 2010 256591
2011.12.01    2300 2120 2410 2120 310285
2011.12.02    2300 2300 2300 2190 90662
2011.12.05    2300 2300 2310 2275 201956
2011.12.06    2300 2300 2300 2275 183175
2011.12.07    2410 2285 2645 2285 404145
2011.12.08    2535 2450 2535 2450 628640
2011.12.09    2730 2535 2850 2485 570540
2011.12.12    2945 2730 3000 2665 400912
2011.12.13    3000 2995 3065 2850 307485
2011.12.14    2980 3000 3050 2935 112362
2011.12.15    2940 2985 2985 2880 101886
2011.12.16    2760 2980 2980 2520 205259
2011.12.19    2785 2800 2900 2600 182678
2011.12.20    3060 2705 3180 2705 210976
2011.12.21    3000 3100 3500 2940 178145
2011.12.22    2950 3000 3060 2900 171632
2011.12.23    2965 2900 2965 2850 82193
2011.12.26    2960 2980 3020 2895 75017
2011.12.27    2980 2870 2980 2795 120394
2011.12.28    3015 2870 3100 2870 166457
2011.12.29    2965 3000 3045 2965 33781
2012.01.02    2960 2965 3005 2930 61052
2012.01.03    3005 2915 3340 2915 147657
2012.01.04    3130 3085 3130 3015 89438
2012.01.05    3065 3130 3190 3050 90065
2012.01.06    3095 3100 3180 3010 36789
2012.01.09    3190 3130 3190 3025 115914
2012.01.10    3250 3190 3290 3185 183976
2012.01.11    3290 3280 3310 3200 62673
2012.01.12    3325 3370 3370 3240 54652
2012.01.13    3300 3325 3385 3280 96272
2012.01.16    3230 3250 3300 3200 124976
2012.01.17    3235 3390 3390 3220 40723
2012.01.18    3200 3200 3350 3080 65458
2012.01.19    3100 3200 3335 2900 196434
2012.01.20    3100 3105 3105 3045 36589
2012.01.25    3070 3105 3105 3050 42562
2012.01.26    3185 3090 3200 3080 82209
2012.01.27    3300 3205 3395 3205 169453
2012.01.30    3430 3310 3445 3300 113107
2012.01.31    3580 3400 3680 3400 178284
2012.02.01    3785 3580 3920 3580 329048
2012.02.02    3690 3890 3890 3610 238887
2012.02.03    3490 3710 3850 3480 194657
2012.02.06    3215 3600 3600 3150 343533
2012.02.07    3190 3265 3265 3000 398022
2012.02.08    3500 3195 3545 3195 392405
2012.02.09    3850 3640 4000 3530 507705
2012.02.10    3885 3850 4180 3740 450661
2012.02.13    3680 3905 3910 3600 226049
2012.02.14    3680 3705 3910 3535 651325
2012.02.15    3835 3700 3850 3595 493207
2012.02.16    3795 3845 3845 3650 296196
2012.02.17    3700 3720 3800 3670 222205
2012.02.20    3755 3680 3800 3600 392912
2012.02.21    4000 3820 4000 3820 1074723
2012.02.22    4200 4040 4275 4005 822449
2012.02.23    4250 4210 4320 4015 272522
2012.02.24    4120 4315 4355 4095 410101
2012.02.27    4040 4230 4230 3905 420109
2012.02.28    4050 4100 4100 3950 171458
2012.02.29    3950 4130 4130 3950 217282
2012.03.02    4085 3890 4090 3785 368771
2012.03.05    4030 4085 4110 3970 269272
2012.03.06    4000 4030 4045 3910 197521
2012.03.07    4060 3995 4325 3925 1006130
2012.03.08    3930 4065 4100 3915 544208
2012.03.09    3830 3930 3950 3760 407017
2012.03.12    4020 3845 4080 3845 525228
2012.03.13    3980 4055 4065 3975 264407
2012.03.14    4180 4100 4250 4025 589205
2012.03.15    4090 4180 4220 4045 271304
2012.03.16    4050 4150 4210 3995 2878710
2012.03.19    4075 4060 4200 4000 606889
2012.03.20    4090 4055 4090 4030 224020
2012.03.21    3970 4000 4060 3970 324569
2012.03.22    4000 4035 4035 3900 191882
2012.03.23    3940 4000 4025 3940 152873
2012.03.26    3895 3995 3995 3895 186373
2012.03.27    3940 3835 3975 3835 138984
2012.03.28    3805 3970 3970 3790 205800
2012.03.29    3665 3850 3850 3630 227252
2012.03.30    3740 3665 3795 3640 83525
2012.04.02    3715 3740 3835 3700 67902
2012.04.03    3510 3700 3790 3490 432706
2012.04.04    3410 3510 3540 3390 561316
2012.04.05    3600 3350 3600 3350 134304
2012.04.06    3725 3720 3785 3600 240891
2012.04.09    3555 3750 3800 3555 262381
2012.04.10    3530 3555 3640 3495 106344
2012.04.12    3650 3470 3650 3470 57851
2012.04.13    3800 3740 3850 3700 181132
2012.04.16    3800 3850 3850 3730 63301
2012.04.17    3720 3840 3840 3650 94356
2012.04.18    3720 3750 3780 3665 67572
2012.04.19    3645 3740 3740 3165 206297
2012.04.20    3580 3520 3645 3520 66349
2012.04.23    3480 3540 3650 3355 183929
2012.04.24    3400 3390 3510 3360 156211
2012.04.25    3330 3555 3555 3330 84941
2012.04.26    3150 3450 3495 3150 149944
2012.04.27    3300 3210 3300 3170 81981
2012.04.30    3480 3360 3535 3360 122226
2012.05.02    3610 3505 3635 3500 173885
2012.05.03    3660 3650 3720 3510 153002
2012.05.04    3665 3680 3700 3560 161106
2012.05.07    3545 3600 3660 3510 66187
2012.05.08    3535 3600 3645 3530 95589
2012.05.09    3595 3495 3605 3475 102012
2012.05.10    3555 3630 3630 3480 81737
2012.05.11    3600 3600 3635 3480 118251
2012.05.14    3615 3650 3660 3500 116796
2012.05.15    3520 3630 3630 3365 180298
2012.05.16    3390 3550 3550 3345 112950
2012.05.17    3270 3330 3445 3270 119663
2012.05.18    3075 3200 3300 3010 195917
2012.05.21    3020 3200 3200 3005 183973
2012.05.22    3130 3165 3165 3020 152930
2012.05.23    3110 3130 3260 2990 212634
2012.05.24    3320 3115 3335 3115 195366
2012.05.25    3235 3330 3330 3205 55932
2012.05.29    3370 3200 3370 3165 95113
2012.05.30    3370 3380 3495 3340 209559
2012.05.31    3300 3290 3350 3250 87604
2012.06.01    3250 3385 3435 3250 127672
2012.06.04    2965 3170 3170 2965 239652
2012.06.05    3010 3000 3075 2995 173843
2012.06.07    3150 3135 3160 3070 118275
2012.06.08    3150 3190 3210 3070 96757
2012.06.11    3220 3185 3240 3145 125297
2012.06.12    3350 3160 3400 3150 262696
2012.06.13    3360 3390 3430 3300 309780
2012.06.14    3350 3325 3430 3250 138165
2012.06.15    3285 3450 3450 3275 72471
2012.06.18    3300 3380 3380 3290 101857
2012.06.19    3655 3380 3740 3350 1091755
2012.06.20    4000 3720 4100 3670 1918798
2012.06.21    3945 4070 4070 3885 667241
2012.06.22    4005 3865 4100 3850 723519
2012.06.25    3865 4080 4130 3855 477806
2012.06.26    3870 3750 3915 3700 432515
2012.06.27    3800 3810 3870 3770 196638
2012.06.28    3760 3895 3915 3750 181603
2012.06.29    3670 3690 3800 3635 303810
2012.07.02    3750 3810 3810 3685 252933
2012.07.03    3720 3740 3770 3685 175512
2012.07.04    3930 3725 3960 3720 447804
2012.07.05    3850 3960 4000 3825 478597
2012.07.06    3920 3890 3990 3810 642369
2012.07.09    3850 3920 3930 3790 231835
2012.07.10    3800 3820 3880 3755 153499
2012.07.11    3710 3770 3800 3605 374191
2012.07.12    3665 3730 3760 3620 150336
2012.07.13    3575 3660 3700 3310 519581
2012.07.16    3515 3610 3700 3500 256636
2012.07.17    3510 3465 3590 3465 157256
2012.07.18    3400 3515 3570 3385 196548
2012.07.19    3440 3450 3490 3375 132217
2012.07.20    3590 3465 3655 3465 413664
2012.07.23    3410 3585 3585 3410 219315
2012.07.24    3350 3450 3450 3270 178140
2012.07.25    3270 3320 3340 3260 137528
2012.07.26    3275 3300 3340 3260 93198
2012.07.27    3465 3325 3535 3305 215666
2012.07.30    3555 3515 3615 3415 368048
2012.07.31    3500 3590 3610 3445 329859
2012.08.01    3475 3510 3525 3435 90218
2012.08.02    3325 3475 3480 3315 213787
2012.08.03    3265 3260 3310 3210 146087
2012.08.06    3270 3275 3320 3260 189684
2012.08.07    3325 3300 3340 3275 115356
2012.08.08    3345 3330 3385 3310 134155
2012.08.09    3330 3380 3385 3290 136339
2012.08.10    3345 3330 3375 3305 127227
2012.08.13    3080 3315 3320 3065 1017586
2012.08.14    3170 3120 3185 3085 251289
2012.08.16    3100 3140 3140 3050 335356
2012.08.17    3100 3100 3155 3070 167816
2012.08.20    3025 3090 3100 3010 247456
2012.08.21    3150 3030 3215 3030 348035
2012.08.22    3145 3205 3205 3100 111204
2012.08.23    3055 3115 3145 3055 184456
2012.08.24    3060 3060 3230 3010 705294
2012.08.27    3125 3060 3150 3010 736281
2012.08.28    3140 3100 3165 3070 255748
2012.08.29    3345 3185 3370 3160 895470
2012.08.30    3315 3400 3400 3230 362129
2012.08.31    3315 3350 3350 3260 182751
2012.09.03    3250 3340 3340 3200 255800
2012.09.04    3125 3260 3265 3100 262301
2012.09.05    3170 3105 3250 3105 157600
2012.09.06    3170 3200 3200 3130 157950
2012.09.07    3340 3195 3360 3170 564758
2012.09.10    3430 3345 3440 3305 678890
2012.09.11    3320 3465 3550 3305 826155
2012.09.12    3310 3360 3430 3250 309347
2012.09.13    3290 3350 3385 3250 260714
2012.09.14    3300 3350 3350 3255 426359
2012.09.17    3275 3300 3300 3240 224417
2012.09.18    3265 3250 3290 3215 211517
2012.09.19    3260 3270 3350 3185 419052
2012.09.20    3280 3270 3345 3230 255666
2012.09.21    3310 3310 3330 3230 258973
2012.09.24    3370 3330 3380 3325 335418
2012.09.25    3315 3420 3430 3280 372588
2012.09.26    3210 3295 3370 3210 373293
2012.09.27    3260 3210 3295 3200 279790
2012.09.28    3445 3325 3595 3295 980008
2012.10.02    3590 3495 3610 3470 835768
2012.10.04    3570 3640 3640 3515 404275
2012.10.05    3580 3600 3665 3545 504747
2012.10.08    3640 3620 3665 3580 413395
2012.10.09    3535 3615 3665 3525 462458
2012.10.10    3495 3470 3550 3400 282518
2012.10.11    3415 3500 3520 3340 313105
2012.10.12    3470 3430 3480 3400 211304
2012.10.15    3355 3500 3505 3275 552157
2012.10.16    3250 3360 3360 3150 509036
2012.10.17    3225 3290 3315 3200 366003
2012.10.18    3245 3265 3365 3230 280480
2012.10.19    3310 3250 3320 3235 149546
2012.10.22    3285 3150 3330 3150 301821
2012.10.23    3320 3300 3370 3265 194846
2012.10.24    3300 3260 3320 3240 203331
2012.10.25    3330 3305 3400 3270 255659
2012.10.26    3185 3330 3350 3175 269371
2012.10.29    3105 3260 3270 3100 181871
2012.10.30    3500 3110 3500 3090 1288133
2012.10.31    3600 3450 3600 3415 903784
2012.11.01    3605 3600 3675 3550 902614
2012.11.02    3650 3620 3690 3545 681867
2012.11.05    3600 3605 3670 3575 315788
2012.11.06    3510 3600 3610 3485 409628
2012.11.07    3720 3515 3720 3485 1106519
2012.11.08    3760 3690 3890 3680 4272553
2012.11.09    3890 3700 3950 3615 1921556
2012.11.12    3970 3920 3980 3845 1358667
2012.11.13    3880 3910 3920 3730 1770751
2012.11.14    3740 3855 3940 3610 2699418
2012.11.15    3730 3660 3730 3550 1036349
2012.11.16    3585 3755 3815 3585 770901
2012.11.19    3685 3585 3690 3585 680182
2012.11.20    3925 3775 4040 3715 2635884
2012.11.21    3750 3980 4085 3750 2413042
2012.11.22    3895 3800 3915 3745 1368213
2012.11.23    3780 3840 3890 3730 1527161
2012.11.26    3710 3815 3815 3670 925673
2012.11.27    3600 3715 3800 3575 1096841
2012.11.28    3540 3615 3695 3520 995352
2012.11.29    3590 3575 3635 3545 535043
2012.11.30    3655 3595 3690 3550 484103
2012.12.03    3670 3685 3770 3620 784271
2012.12.04    3690 3695 3720 3605 442013
2012.12.05    3695 3750 3865 3690 1686597
2012.12.06    3550 3740 3755 3550 996972
2012.12.07    3620 3550 3640 3455 736805
2012.12.10    3650 3650 3680 3590 336049
2012.12.11    3610 3640 3660 3565 357904
2012.12.12    3675 3655 3675 3580 311187
2012.12.13    3635 3700 3715 3635 409273
2012.12.14    3540 3630 3630 3530 619329
2012.12.17    3425 3545 3600 3425 595804
2012.12.18    3380 3425 3470 3325 705978
2012.12.20    3455 3400 3465 3400 334927
2012.12.21    3375 3475 3475 3365 245821
2012.12.24    3410 3375 3435 3330 170760
2012.12.26    3380 3380 3405 3355 220514
2012.12.27    3465 3370 3520 3355 448092
2012.12.28    3480 3490 3530 3470 254962
2013.01.02    3500 3520 3530 3460 353111
2013.01.03    3470 3535 3545 3470 425092
2013.01.04    3525 3510 3525 3460 355628
2013.01.07    3490 3545 3560 3490 391419
2013.01.08    3440 3490 3505 3375 561044
2013.01.09    3450 3445 3480 3395 283630
2013.01.10    3500 3450 3505 3415 357917
2013.01.11    3680 3510 3795 3490 2382855
2013.01.14    3785 3705 3885 3700 2850118
2013.01.15    3800 3860 3875 3720 1328228
2013.01.16    3680 3780 3805 3680 941438
2013.01.17    3780 3685 3790 3680 575858
2013.01.18    3865 3800 3930 3770 1471102
2013.01.21    3745 3885 3885 3740 781129
2013.01.22    3825 3745 3825 3705 427454
2013.01.23    3660 3820 3820 3645 855314
2013.01.24    3770 3665 3845 3665 941628
2013.01.25    3690 3810 3850 3670 672156
2013.01.28    3570 3705 3745 3560 649700
2013.01.29    3620 3570 3680 3520 480669
2013.01.30    3620 3620 3680 3580 365222
2013.01.31    3660 3620 3735 3555 562659
2013.02.01    3775 3625 3815 3625 899444
2013.02.04    3750 3760 3810 3735 451830
2013.02.05    3690 3715 3805 3650 947460
2013.02.06    3835 3810 3900 3790 1296734
2013.02.07    3875 3865 3965 3800 1230694
2013.02.08    3915 3885 3940 3855 798681
2013.02.12    3980 3925 4085 3895 1648095
2013.02.13    3990 4000 4015 3900 908704
2013.02.14    4150 4000 4305 3975 3410896
2013.02.15    4280 4165 4360 4090 5422649
2013.02.18    4230 4350 4395 4215 1873183
2013.02.19    4170 4230 4390 4160 1548242
2013.02.20    4330 4210 4335 4130 1495157
2013.02.21    4330 4335 4530 4315 2859865
2013.02.22    4380 4310 4445 4230 1450562
2013.02.25    4370 4440 4500 4320 1176571
2013.02.26    4360 4320 4415 4230 1052119
2013.02.27    4500 4350 4515 4350 1644595
2013.02.28    4500 4525 4700 4465 1741591
2013.03.04    4465 4600 4600 4430 923213
2013.03.05    4475 4465 4545 4380 863302
2013.03.06    4430 4550 4570 4415 1201280
2013.03.07    4320 4465 4465 4255 1238792
2013.03.08    4330 4320 4420 4290 755766
2013.03.11    4505 4390 4520 4305 1526141
2013.03.12    4590 4605 4690 4580 1720317
2013.03.13    4630 4635 4650 4545 1031944
2013.03.14    4635 4635 4640 4535 1029164
2013.03.15    4610 4690 4780 4600 1341639
2013.03.18    4350 4610 4620 4320 1571793
2013.03.19    4445 4360 4450 4250 1169723
2013.03.20    4255 4445 4485 4230 1233447
2013.03.21    4290 4290 4340 4245 563751
2013.03.22    4305 4255 4365 4255 1087138
2013.03.25    4485 4400 4545 4380 1798101
2013.03.26    4405 4480 4480 4370 828959
2013.03.27    4465 4480 4545 4430 1398223
2013.03.28    4345 4500 4500 4335 889147
2013.03.29    4255 4380 4405 4220 1437228
2013.04.01    4315 4290 4420 4255 1126688
2013.04.02    4400 4330 4400 4270 723479
2013.04.03    4430 4415 4480 4340 895325
2013.04.04    4310 4360 4405 4180 1097258
2013.04.05    4345 4340 4495 4260 1457215
2013.04.08    4135 4345 4410 4135 1039704
2013.04.09    4115 4135 4240 3980 726804
2013.04.10    4220 4135 4240 4075 706334
2013.04.11    4415 4280 4460 4245 1288076
2013.04.12    4455 4460 4495 4410 948896
2013.04.15    4455 4455 4475 4385 845104
2013.04.16    4600 4370 4670 4370 3983382
2013.04.17    4625 4780 4800 4600 3320226
2013.04.18    4725 4590 4770 4525 2117891
2013.04.19    4600 4725 4735 4580 1269320
2013.04.22    4600 4615 4680 4550 956353
2013.04.23    4685 4610 4750 4605 1665928
2013.04.24    4670 4695 4725 4610 1117239
2013.04.25    4570 4670 4670 4555 1233562
2013.04.26    4705 4570 4720 4545 1484718
2013.04.29    4660 4710 4725 4620 985444
2013.04.30    4830 4745 4885 4730 3659578
2013.05.02    4900 4830 4945 4825 1961137
2013.05.03    4855 4940 4945 4825 965622
2013.05.06    4800 4855 4880 4730 1294670
2013.05.07    4805 4800 4865 4745 692227
2013.05.08    4930 4820 4930 4800 1145778
2013.05.09    4935 4980 5100 4930 1954899
2013.05.10    4765 4900 4925 4740 1361286
2013.05.13    4625 4800 4810 4620 1017406
2013.05.14    4595 4630 4700 4520 1051548
2013.05.15    4645 4580 4670 4580 718891
2013.05.16    4600 4690 4730 4590 636836
2013.05.20    4485 4610 4645 4430 1238865
2013.05.21    4690 4530 4715 4475 1755432
2013.05.22    4700 4740 4880 4690 1791927
2013.05.23    4645 4665 4780 4635 853795
2013.05.24    4825 4710 4825 4660 944959
2013.05.27    4825 4885 4890 4820 1076810
2013.05.28    4815 4810 4850 4750 1047482
2013.05.29    4990 4840 4990 4775 1945421
2013.05.30    5060 5020 5100 4920 2792778
2013.05.31    5050 5140 5200 4955 1901073
2013.06.03    5030 5100 5180 4990 1311452
2013.06.04    4865 5010 5100 4800 2298319
2013.06.05    4695 4880 4900 4665 1238154
2013.06.07    4425 4740 4765 4400 1587024
2013.06.10    4480 4450 4630 4410 1262405
2013.06.11    4575 4495 4585 4310 1070407
2013.06.12    4575 4515 4640 4485 719675
2013.06.13    4510 4545 4585 4410 472038
2013.06.14    4380 4580 4585 4255 1179311
2013.06.17    4280 4380 4465 4195 907268
2013.06.18    4330 4330 4380 4120 916171
2013.06.19    4155 4375 4375 4155 676338
2013.06.20    3930 4020 4130 3885 1533298
2013.06.21    3785 3775 3820 3590 1388352
2013.06.24    3660 3860 3870 3655 715175
2013.06.25    3375 3610 3690 3355 1168693
2013.06.26    3565 3440 3565 3385 1156691
2013.06.27    3815 3685 4040 3665 1731358
2013.06.28    3775 3850 3865 3735 616555
2013.07.01    3835 3775 3845 3750 395224
2013.07.02    3780 3875 3880 3700 472502
2013.07.03    3615 3805 3845 3605 837632
2013.07.04    3635 3620 3720 3540 605890
2013.07.05    3640 3670 3740 3630 356478
2013.07.08    3565 3640 3715 3550 418785
2013.07.09    3675 3570 3675 3530 284185
2013.07.10    3570 3725 3725 3545 352148
2013.07.11    3720 3605 3735 3595 493625
2013.07.12    3750 3785 3810 3685 415488
2013.07.15    3815 3760 3835 3700 442587
2013.07.16    4015 3815 4195 3815 1500524
2013.07.17    3970 4015 4095 3935 668205
2013.07.18    3965 4000 4035 3915 381411
2013.07.19    3865 3955 4010 3855 430659
2013.07.22    3970 3865 4050 3865 755186
2013.07.23    4025 4035 4080 3980 601557
2013.07.24    4040 4025 4135 3960 566948
2013.07.25    3950 4040 4045 3945 316852
2013.07.26    3900 3955 3955 3860 372784
2013.07.29    3835 3905 3935 3835 219218
2013.07.30    3870 3870 3925 3830 266502
2013.07.31    3870 3890 3960 3290 746778
2013.08.01    3815 3920 3945 3815 324659
2013.08.02    3835 3840 3905 3830 206226
2013.08.05    3875 3835 3895 3785 341917
2013.08.06    4020 3910 4060 3880 775449
2013.08.07    4070 4010 4130 3980 837706
2013.08.08    4070 4080 4145 4055 483164
2013.08.09    4490 4070 4590 4065 2702138
2013.08.12    4375 4570 4615 4350 1598331
2013.08.13    4700 4360 4810 4310 4386762
2013.08.14    4790 4790 4915 4695 4274753
2013.08.16    4790 0 0 0 0
2013.08.19    4790 0 0 0 0
2013.08.20    4790 0 0 0 0
2013.08.21    4790 0 0 0 0
2013.08.22    4790 0 0 0 0
2013.08.23    4790 0 0 0 0
2013.08.26    4790 0 0 0 0
2013.08.27    4790 0 0 0 0
2013.08.28    4790 0 0 0 0
2013.08.29    4790 0 0 0 0
2013.08.30    4790 0 0 0 0
2013.09.02    4790 0 0 0 0
2013.09.03    4790 0 0 0 0
2013.09.04    4790 0 0 0 0
2013.09.05    4790 0 0 0 0
2013.09.06    27500 27500 27500 27500 117948
2013.09.09    31600 31600 31600 31600 155480
2013.09.10    32750 33900 34450 31600 3242326
2013.09.11    32200 32600 33000 30850 1380021
2013.09.12    30850 32200 33350 30350 1610843
2013.09.13    31100 30300 32150 30150 941972
2013.09.16    30000 31150 31650 30000 602093
2013.09.17    28700 29500 30150 28100 750474
2013.09.23    31000 29700 31500 29400 1020439
2013.09.24    33150 30600 33250 30600 1116705
2013.09.25    18000 17600 18750 16550 2639259
2013.09.26    17450 17850 18250 17300 784083
2013.09.27    17200 17500 18150 17150 832992
2013.09.30    17200 16900 17650 16850 513652
2013.10.01    17150 17000 17400 16650 471172
2013.10.02    19700 17250 19700 17150 2489957
2013.10.04    19450 20150 22350 19400 4673080
2013.10.07    18700 19750 20000 18500 2031276
2013.10.08    18500 18350 20100 18200 2805828
2013.10.10    18650 18950 19550 18400 1176591
2013.10.11    17600 18700 18850 17400 2269865
2013.10.14    18100 17500 18300 16800 1891813
2013.10.15    17250 18000 18450 17250 1822380
2013.10.16    17700 17250 18900 16950 2452233
2013.10.17    17450 18100 18450 17250 1229654
2013.10.18    17750 17500 17950 17400 937625
2013.10.21    17700 18000 18250 17600 1094531
2013.10.22    18300 18000 18300 17700 1322442
2013.10.23    17200 19400 20000 17200 3438186
2013.10.24    16900 17300 17450 16050 2173796
2013.10.25    16550 17150 17300 16500 904195
2013.10.28    16150 16900 16950 15950 916997
2013.10.29    17750 16200 18400 16000 3527890
2013.10.30    17150 17650 17950 16950 1419439
2013.10.31    16450 17450 17900 16050 2189397
2013.11.01    15550 16150 16650 15550 1662159
2013.11.04    15650 15500 15950 15150 1110770
2013.11.05    14600 15800 16200 14600 1380026
2013.11.06    14650 14950 15000 14200 1207271
2013.11.07    14250 14950 15100 14150 1074731
2013.11.08    14050 14000 14450 13800 818851
2013.11.11    12600 14350 14500 12100 2164639
2013.11.12    12850 12650 12850 12350 1403888
2013.11.13    12200 12850 13000 11900 1307765
2013.11.14    13200 12500 13700 12500 3708875
2013.11.15    11900 12900 13050 11450 2033091
2013.11.18    12650 12000 12650 11800 1299944
2013.11.19    12250 12400 12600 11850 1104442
2013.11.20    12250 12150 12400 11850 736144
2013.11.21    11750 12150 12600 11750 885674
2013.11.22    11800 11850 12300 11600 962802
2013.11.25    11650 12100 12150 11650 695508
2013.11.26    11900 11800 12150 11700 1079823
2013.11.27    12350 12000 12550 11900 1134863
2013.11.28    12200 12400 12700 12200 1178591
2013.11.29    11750 12350 12450 11700 975927
2013.12.02    11650 11750 11950 11600 557543
2013.12.03    10800 11600 11750 10700 1568200
2013.12.04    10900 10600 11000 10600 728221
2013.12.05    11600 11000 12050 10900 2811131
2013.12.06    11100 11600 11600 11050 697580
2013.12.09    11050 11200 11350 11000 564111
2013.12.10    10750 11000 11050 10400 718107
2013.12.11    10600 10700 10900 10600 474059
2013.12.12    11100 10450 11150 10300 822761
2013.12.13    11200 11100 11450 10800 739355
2013.12.16    10600 11400 11750 10600 1015211
2013.12.17    11000 10800 11000 10700 429405
2013.12.18    10650 10800 11100 10600 636986
2013.12.19    10700 10850 10900 10650 319748
2013.12.20    10800 10800 11200 10650 739358
2013.12.23    11050 10900 11150 10800 409759
2013.12.24    10800 11100 11200 10750 568726
2013.12.26    10400 10850 10950 10150 553788
2013.12.27    10600 10400 10700 10300 421945
2013.12.30    10250 10650 10650 10250 339353
2014.01.02    10600 10350 11050 10350 1054704
2014.01.03    10300 10650 10750 10150 562979
2014.01.06    8830 10300 10450 8810 2525949
2014.01.07    8850 8820 8930 8730 649006
2014.01.08    8470 8900 8980 8430 916234
2014.01.09    8890 8560 9220 8560 1782932
2014.01.10    9220 9050 9290 8980 1355353
2014.01.13    10000 9400 10150 9350 2522261
2014.01.14    10100 9790 10400 9640 2041873
2014.01.15    11300 10200 11600 9910 4167936
2014.01.16    10850 11100 11500 10750 2225313
2014.01.17    11050 11050 12000 11000 3484455
2014.01.20    11200 11200 11350 10600 1191360
2014.01.21    11200 11300 11650 11050 1083103
2014.01.22    11100 11250 11350 10800 830876
2014.01.23    11150 11250 12000 11000 2452211
2014.01.24    11200 11350 11450 10950 716580
2014.01.27    10500 10800 10900 10400 887604
2014.01.28    10700 10550 10950 10350 801687
2014.01.29    10850 10800 11000 10700 466048
2014.02.03    10950 10750 11100 10650 411047
2014.02.04    10800 10650 11100 10600 567695
2014.02.05    9940 10850 10950 9420 927053
2014.02.06    9690 9910 10150 9550 880056
2014.02.07    9520 9820 9880 9450 379559
2014.02.10    10600 9650 10900 9560 1392983
2014.02.11    10850 10700 11050 10500 1161650
2014.02.12    10450 10850 10850 10400 514787
2014.02.13    11000 10350 11250 10350 1618070
2014.02.14    11000 11100 11200 10850 432531
2014.02.17    11100 11100 11500 10950 634889
2014.02.18    11100 11150 11450 11050 725311
2014.02.19    11050 11200 11300 11000 621234
2014.02.20    10300 11050 11150 10100 972007
2014.02.21    10700 10350 10700 10250 358669
2014.02.24    10050 10650 10650 10050 466657
2014.02.25    10200 10150 10350 10050 302055
2014.02.26    10200 10150 10350 10050 259816
2014.02.27    10250 10150 10400 10150 262843
2014.02.28    10150 10200 10450 10150 412343
2014.03.03    9900 10200 10200 9620 392017
2014.03.04    9850 9820 10000 9810 254212
2014.03.05    10000 9990 10500 9970 752160
2014.03.06    10000 10050 10250 9990 409843
2014.03.07    10000 10100 10100 9860 306488
2014.03.10    9830 9990 10100 9830 314162
2014.03.11    9720 9790 9880 9620 382534
2014.03.12    9550 9740 9780 9550 247170
2014.03.13    9690 9590 9720 9480 235213
2014.03.14    9460 9520 9640 9440 253210
2014.03.17    9080 9460 9650 9060 341106
2014.03.18    9180 9130 9320 9110 193649
2014.03.19    9260 9290 9580 9250 289927
2014.03.20    9320 9260 9360 9130 141843
2014.03.21    9180 9400 9480 9180 230087
2014.03.24    9410 9200 9620 9120 381891
2014.03.25    9290 9420 9620 9230 276489
2014.03.26    9230 9330 9440 9170 192636
2014.03.27    9330 9240 9470 9200 233649
2014.03.28    9270 9450 9450 9240 184120
2014.03.31    9210 9320 9370 9160 231635
2014.04.01    9350 9270 9400 9200 268943
2014.04.02    10600 9470 10700 9440 2737247
2014.04.03    10500 10500 10650 10250 1040271
2014.04.04    10700 10550 11000 10400 1452876
2014.04.07    10600 10700 10900 10450 798899
2014.04.08    10450 10550 10650 10300 421896
2014.04.09    10350 10500 10900 10350 900365
2014.04.10    10450 10400 10600 10400 388814
2014.04.11    10300 10150 10450 10050 352100
2014.04.14    10700 10400 10800 10250 491149
2014.04.15    10650 10750 10950 10550 677279
2014.04.16    10700 10600 10900 10500 558258
2014.04.17    11100 10850 11600 10800 3744756
2014.04.18    11300 11200 11350 11100 766953
2014.04.21    11000 11350 11650 11000 1329420
2014.04.22    10900 10900 10950 10650 562442
2014.04.23    10500 11000 11200 10500 858756
2014.04.24    10300 10700 10750 10100 401668
2014.04.25    10000 10250 10350 10000 438802
2014.04.28    10050 9900 10150 9900 269715
2014.04.29    10200 10100 10250 9970 354052
2014.04.30    10000 10200 10250 10000 183133
2014.05.02    9880 10000 10100 9850 248654
2014.05.07    9760 9750 9860 9740 156887
2014.05.08    9450 9760 9840 9310 289414
2014.05.09    9760 9450 10150 9450 496985
2014.05.12    9760 9810 9850 9710 126506
2014.05.13    9160 9390 9390 9060 619845
2014.05.14    9220 9190 9320 9190 235958
2014.05.15    9220 9200 9330 9200 150323
2014.05.16    9110 9200 9300 9030 235075
2014.05.19    8590 9110 9150 8590 388001
2014.05.20    8630 8510 8660 8490 192675
2014.05.21    8620 8540 8780 8540 166223
2014.05.22    8670 8650 8760 8650 105911
2014.05.23    8630 8680 8910 8630 179985
2014.05.26    8500 8600 8730 8480 170078
2014.05.27    8250 8500 8580 8250 225870
2014.05.28    8220 8200 8360 8160 195301
2014.05.29    8200 8220 8320 8100 170974
2014.05.30    8130 8180 8270 8020 239391
2014.06.02    7570 8130 8190 7550 404480
2014.06.03    7820 7520 7910 7310 281405
2014.06.05    7820 7720 8060 7720 214384
2014.06.09    7940 7820 7990 7820 123923
2014.06.10    8120 7870 8160 7870 133721
2014.06.11    8210 8190 8570 8160 384432
2014.06.12    8380 8300 8420 8140 116953
2014.06.13    8230 8460 8460 8230 77856
2014.06.16    8310 8290 8520 8180 77814
2014.06.17    8220 8370 8470 8080 120306
2014.06.18    8230 8200 8470 8190 175778
2014.06.19    8250 8350 8480 8250 126670
2014.06.20    8000 8240 8330 7930 159143
2014.06.23    7580 8010 8100 7580 252927
2014.06.24    7750 7450 7900 7450 241252
2014.06.25    7500 7770 7800 7500 155927
2014.06.26    7530 7500 7750 7500 154694
2014.06.27    8030 7550 8450 7490 1036979
2014.06.30    8850 8100 9230 7920 2099993
2014.07.01    9060 8950 9300 8920 817802
2014.07.02    9060 9060 9260 9030 457548
2014.07.03    8910 9200 9260 8750 438703
2014.07.04    8830 8950 9070 8800 333509
2014.07.07    8930 8910 9210 8910 489835
2014.07.08    8810 9030 9060 8680 307819
2014.07.09    8950 8780 8950 8660 288086
2014.07.10    8860 9090 9090 8860 224938
2014.07.11    8700 8870 8880 8600 221530
2014.07.14    8690 8700 8860 8650 218591
2014.07.15    9120 8830 9510 8830 1209590
2014.07.16    8970 9160 9290 8700 501926
2014.07.17    9140 9000 9350 9000 595835
2014.07.18    9220 9100 9330 9010 326364
2014.07.21    9160 9150 9290 9080 308099
2014.07.22    9110 9150 9210 9030 284837
2014.07.23    8910 9120 9200 8910 281308
2014.07.24    8810 8950 8950 8810 186985
2014.07.25    8770 8820 8910 8720 162850
2014.07.28    8350 8770 8840 8350 295662
2014.07.29    8080 8350 8380 8030 203859
2014.07.30    7950 8050 8110 7910 153936
2014.07.31    7820 7900 7970 7680 200684
2014.08.01    7920 7710 7980 7710 123222
2014.08.04    8050 7900 8090 7890 94168
2014.08.05    7810 8050 8110 7800 132807
2014.08.06    7760 7770 7890 7660 161037
2014.08.07    7580 7720 7810 7540 160172
2014.08.08    7440 7510 7650 7410 134305
2014.08.11    7470 7420 7570 7420 104262
2014.08.12    7440 7450 7720 7390 161558
2014.08.13    7550 7420 7660 7420 145308
2014.08.14    7850 7530 7860 7530 136637
2014.08.18    7800 7850 7850 7780 75951
2014.08.19    7850 8000 8000 7750 111637
2014.08.20    7840 7810 8160 7810 179041
2014.08.21    7770 7890 7950 7760 113624
2014.08.22    7660 7720 7820 7660 113642
2014.08.25    7470 7660 7720 7420 121873
2014.08.26    7480 7480 7590 7460 90070
2014.08.27    7490 7500 7720 7490 171054
2014.08.28    7530 7510 7690 7490 143436
2014.08.29    7700 7560 7730 7550 151368
2014.09.01    7780 7800 7830 7640 157967
2014.09.02    7780 7780 7820 7670 84909
2014.09.03    7710 7800 7880 7710 130409
2014.09.04    7520 7730 7760 7520 107962
2014.09.05    7770 7540 7820 7470 136682
2014.09.11    7770 7830 8030 7770 165117
2014.09.12    7660 7750 7840 7630 104826
2014.09.15    7650 7650 7800 7590 127184
2014.09.16    7740 7610 7760 7610 72625
2014.09.17    7940 7820 8370 7810 680606
2014.09.18    7920 8050 8060 7910 116950
2014.09.19    7850 7960 8040 7830 110399
2014.09.22    7860 7900 8020 7810 104314
2014.09.23    7690 7820 7860 7630 91502
2014.09.24    7700 7630 7770 7620 49354
2014.09.25    7800 7730 8100 7720 278226
2014.09.26    7780 7720 7820 7700 117281
2014.09.29    7660 7760 7930 7630 178445
2014.09.30    7710 7700 8090 7460 428710
2014.10.01    7390 7630 7690 7380 228840
2014.10.02    7080 7250 7370 7070 251174
2014.10.06    6640 7010 7080 6640 391835
2014.10.07    6590 6530 6740 6530 194313
2014.10.08    6600 6500 6670 6500 130407
2014.10.10    6100 6550 6620 6070 270817
2014.10.13    5350 5910 5950 5300 564078
2014.10.14    5640 5200 5650 5200 320290
2014.10.15    5500 5570 5730 5470 207659
2014.10.16    5710 5420 5850 5240 284385
2014.10.17    6350 5710 6480 5710 630528
2014.10.20    6370 6440 6440 6150 190726
2014.10.21    6470 6340 7020 6310 433941
2014.10.22    6520 6550 6810 6460 238135
2014.10.23    6690 6430 6950 6410 289244
2014.10.24    6690 6850 6940 6590 208995
2014.10.27    7160 6700 7280 6610 415661
2014.10.28    7160 7130 7320 7050 260697
2014.10.29    7570 7170 7830 7170 550278
2014.10.30    7920 7670 8010 7560 509183
2014.10.31    7000 7920 7950 6980 914488
2014.11.03    6900 6890 7050 6720 301341
2014.11.04    6600 6920 7010 6400 269194
2014.11.05    6490 6530 6720 6490 101167
2014.11.06    6890 6450 6980 6430 326867
2014.11.07    7060 6890 7060 6890 115303
2014.11.10    7620 7030 8050 7030 1349298
2014.11.11    7590 7690 7860 7510 407068
2014.11.12    7580 7590 7880 7530 352252
2014.11.13    7540 7620 7800 7540 222010
2014.11.14    8440 7570 8670 7560 2294734
2014.11.17    8860 8590 9370 8500 2784079
2014.11.18    8420 8970 9020 8260 1612676
2014.11.19    8200 8370 8550 8060 962509
2014.11.20    8070 8230 8300 8030 603264
2014.11.21    8600 8150 8820 8130 1432588
2014.11.24    8420 8690 9000 8330 1074339
2014.11.25    8340 8470 8580 8300 511233
2014.11.26    8320 8450 8580 8270 401217
2014.11.27    8140 8300 8350 7920 558897
2014.11.28    8130 8200 8330 8050 260056
2014.12.01    7860 8010 8120 7850 316263
2014.12.02    8100 7940 8200 7940 318535
2014.12.03    8280 8060 8430 8040 369666
2014.12.04    8300 8370 8640 8300 482694
2014.12.05    8460 8310 8580 8200 448488
2014.12.08    8600 8430 8700 8310 424560
2014.12.09    8420 8630 8640 8330 323630
2014.12.10    8600 8420 8770 8400 562949
2014.12.11    8780 8530 8790 8470 433659
2014.12.12    8590 8880 8900 8380 498465
2014.12.15    8230 8400 8450 8100 459582
2014.12.16    9070 8190 9440 8170 2134658
2014.12.17    8650 9070 9440 8650 1802769
2014.12.18    8630 8710 8920 8430 562887
2014.12.19    8650 8760 8960 8620 382141
2014.12.22    9940 8750 9940 8750 3118789
2014.12.23    9540 10200 10300 9480 2692400
2014.12.24    9650 9450 9730 9310 1290154
2014.12.26    10100 9560 10200 9560 1935922
2014.12.29    9970 10000 10150 9860 624705
2014.12.30    9660 10150 10700 9660 1491360
2015.01.02    10150 9790 10300 9660 903137
2015.01.05    10000 10400 10550 9950 917268
2015.01.06    9960 9900 10150 9740 635712
2015.01.07    9820 10100 10150 9800 588562
2015.01.08    10350 9950 10650 9950 1529231
2015.01.09    10600 10400 10800 10150 1189756
2015.01.12    10500 10550 10650 10300 572333
2015.01.13    9890 10500 11350 9830 3456445
2015.01.14    9800 9990 10050 9710 661580
2015.01.15    10150 9890 10300 9800 683509
2015.01.16    10000 10150 10200 9970 381964
2015.01.19    10000 10100 10350 9900 457241
2015.01.20    9480 10100 10100 9480 738620
2015.01.21    9530 9430 9650 9210 708172
2015.01.22    9150 9570 9650 9000 546762
2015.01.23    9200 9250 9390 9120 363498
2015.01.26    9300 9150 9550 9020 574131
2015.01.27    9030 9350 9450 9030 307244
2015.01.28    9260 9010 9290 8850 297236
2015.01.29    9310 9260 9640 9200 631605
2015.01.30    9100 9400 9410 9040 273231
2015.02.02    9070 9020 9260 8950 218794
2015.02.03    9140 9110 9190 8900 277627
2015.02.04    9020 9190 9350 8990 394611
2015.02.05    9010 9020 9200 8990 298589
2015.02.06    8430 8780 8900 8430 861871
2015.02.09    8430 8430 8600 8290 346052
2015.02.10    8380 8330 8520 8330 198074
2015.02.11    8640 8400 8950 8400 547089
2015.02.12    8410 8690 8690 8410 217649
2015.02.13    8410 8410 8610 8380 221289
2015.02.16    8520 8530 8630 8430 182693
2015.02.17    8550 8590 8590 8450 121302
2015.02.23    8710 8610 8790 8570 168501
2015.02.24    9060 8850 9100 8760 417181
2015.02.25    8960 9200 9200 8960 207812
2015.02.26    9140 9050 9270 8950 330709
2015.02.27    8930 9070 9150 8910 246379
2015.03.02    8970 8930 9160 8880 131764
2015.03.03    9250 8980 9620 8880 937863
2015.03.04    9120 9250 9320 9100 337538
2015.03.05    9090 9160 9200 9070 143137
2015.03.06    9130 9100 9200 8920 225113
2015.03.09    8970 9130 9150 8950 197138
2015.03.10    8740 9050 9080 8660 274243
2015.03.11    8780 8600 9110 8560 266937
2015.03.12    8910 8780 9000 8780 164974
2015.03.13    8940 9000 9050 8910 143550
2015.03.16    9060 9050 9300 9010 560752
2015.03.17    9440 9180 9750 9160 1290108
2015.03.18    9420 9620 9760 9330 644313
2015.03.19    9200 9470 9480 9090 401291
2015.03.20    9100 9160 9260 9060 273000
2015.03.23    9180 9070 9380 9070 354858
2015.03.24    9110 9200 9330 9040 226172
2015.03.25    8900 9110 9170 8870 326980
2015.03.26    8630 8880 8880 8530 364771
2015.03.27    8800 8680 8850 8520 237370
2015.03.30    8880 8860 8910 8670 238192
2015.03.31    8740 8880 8990 8670 295043
2015.04.01    8550 8640 8730 8510 240453
2015.04.02    8400 8550 8590 8360 364766
2015.04.03    8640 8390 8650 8380 169372
2015.04.06    8600 8640 8650 8520 129980
2015.04.07    9020 8610 9160 8600 845911
2015.04.08    8880 9020 9090 8850 208409
2015.04.09    9300 8990 9330 8950 603739
2015.04.10    9300 9170 9500 9140 650365
2015.04.13    9010 9350 9360 9010 258947
2015.04.14    9120 9010 9410 8970 493102
2015.04.15    9470 9120 9670 9120 736400
2015.04.16    9250 9480 9590 9250 330355
2015.04.17    9150 9270 9430 9150 193715
2015.04.20    9280 9120 9410 9010 253205
2015.04.21    10050 9420 10100 9410 1780031
2015.04.22    10600 10300 10950 9740 2756902
2015.04.23    11800 10800 12150 10800 6151208
2015.04.24    12000 12150 12250 11400 2097658
2015.04.27    12250 12050 12500 11700 2057581
2015.04.28    12350 12250 12600 11800 1925927
2015.04.29    11800 12300 12750 11800 1437185
2015.04.30    11700 11650 11800 11150 1209807
2015.05.04    11500 11600 11700 11100 582761
2015.05.06    12050 11400 12100 11150 1611923
2015.05.07    11750 11850 12100 11500 941495
2015.05.08    11950 11800 12550 11650 3012067
2015.05.11    11700 11800 11900 11350 1234869
2015.05.12    12800 11750 12800 11550 2634758
2015.05.13    13900 12750 14150 12600 4034820
2015.05.14    13950 13900 14300 13600 1483368
2015.05.15    13900 13900 14250 13650 1177694
2015.05.18    13500 14250 14650 13500 1566276
2015.05.19    13800 13550 14100 13250 1085045
2015.05.20    12950 13850 14000 12800 1440481
2015.05.21    13350 12950 13450 12800 975088
2015.05.22    12900 13400 13400 12650 721734
2015.05.26    12300 12900 13050 12300 626535
2015.05.27    11950 12100 12400 11900 688146
2015.05.28    11900 12150 12350 11800 582174
2015.05.29    11850 11850 12250 11550 702869
2015.06.01    11400 11800 11950 11150 633864
2015.06.02    12000 11550 12100 11450 757992
2015.06.03    11050 11950 12000 10850 736943
2015.06.04    12400 11200 12500 11100 1352486
2015.06.05    12750 12350 12950 12050 1186078
2015.06.08    12650 12750 12950 12350 641020
2015.06.09    12900 12650 13350 12550 959724
2015.06.10    12250 13050 13550 12100 1261320
2015.06.11    12150 12500 13100 11950 769868
2015.06.12    12050 12400 12700 12050 468840
2015.06.15    12400 12050 12900 12000 452940
2015.06.16    11500 12350 12400 11150 946279
2015.06.17    11250 11300 11750 10950 482131
2015.06.18    10750 11300 11700 10700 682668
2015.06.19    10800 10850 11000 10500 419420
2015.06.22    11000 10850 11250 10800 338187
2015.06.23    11750 11200 11850 10900 718150
2015.06.24    11750 11700 11950 11450 298163
2015.06.25    11300 11750 11900 11200 458145
2015.06.26    11050 11250 11400 10950 346057
2015.06.29    10150 10700 10950 10100 383994
2015.06.30    10650 10100 10750 10050 409227
2015.07.01    11100 10650 11100 10400 339426
2015.07.02    10600 11200 11300 10550 431663
2015.07.03    10350 10600 10650 10100 298791
2015.07.06    9780 10150 10250 9780 495176
2015.07.07    9900 9860 10250 9740 349896
2015.07.08    9990 9950 10300 9890 336639
2015.07.09    9800 9810 9910 9440 422425
2015.07.10    9900 9900 10100 9850 223007
2015.07.13    10450 9950 10450 9930 330777
2015.07.14    11050 11300 11700 10950 1379565
2015.07.15    11100 10950 11150 10800 410183
2015.07.16    11150 11100 11350 10850 331978
2015.07.17    11400 11350 12050 11250 985872
2015.07.20    11400 11350 11600 11150 273655
2015.07.21    11250 11450 11500 10950 279528
2015.07.22    11000 11150 11550 11000 248470
2015.07.23    11750 11100 11800 10950 450498
2015.07.24    11800 11750 12200 11450 424645
2015.07.27    11600 11750 12250 11500 409005
2015.07.28    11050 11400 11450 10800 373714
2015.07.29    10800 11100 11350 10800 280550
2015.07.30    10300 10800 11150 10300 326543
2015.07.31    10650 10200 10700 10100 159824
2015.08.03    10750 10850 11200 10650 170725
2015.08.04    11050 10550 11150 10550 216463
2015.08.05    11050 11050 11400 10900 182770
2015.08.06    11300 11100 11300 10950 198316
2015.08.07    11600 11200 11850 11100 572513
2015.08.10    11750 11800 11950 11450 335578
2015.08.11    11000 11800 12000 10900 897994
2015.08.12    11050 10950 11350 10500 419531
2015.08.13    11000 11050 11300 10800 242019
2015.08.17    10600 11050 11200 10550 334409
2015.08.18    10500 10600 10850 10350 249444
2015.08.19    10100 10400 10800 9980 462282
2015.08.20    9900 9870 10350 9870 245715
2015.08.21    9020 9500 9690 9020 399085
2015.08.24    9020 8520 9370 8520 480325
2015.08.25    9470 9430 9510 9040 190440
2015.08.26    9640 9450 9760 9320 234962
2015.08.27    9630 9750 9840 9560 134515
2015.08.28    10000 9800 10100 9700 182919
2015.08.31    10000 10050 10700 9750 508686
2015.09.01    9610 10000 10050 9610 195694
2015.09.02    9740 9350 9840 9310 123111
2015.09.03    9800 9840 10200 9800 186103
2015.09.04    9540 9900 10100 9530 181560
2015.09.07    9720 9560 9740 9300 118020
2015.09.08    10400 9760 11250 9760 1911558
2015.09.09    10650 10550 10700 10200 424275
2015.09.10    11200 10450 11400 10450 876155
2015.09.11    11000 11200 11400 10800 354280
2015.09.14    10450 10900 11150 10400 410905
2015.09.15    10600 10450 10800 10400 289170
2015.09.16    11500 10800 11550 10700 733703
2015.09.17    11350 11550 11800 11250 565462
2015.09.18    11250 11450 11600 11100 594328
2015.09.21    10700 11000 11350 10600 820987
2015.09.22    10700 10950 11050 10550 581641
2015.09.23    10550 10550 10850 10400 377774
2015.09.24    10700 10650 11200 10500 1186433
2015.09.25    11150 10700 11400 10700 974305
2015.09.30    11150 10950 11250 10750 290377
2015.10.01    10800 11300 11350 10750 416726
2015.10.02    10700 10900 11050 10600 390255
2015.10.05    10900 10700 11050 10700 271201
2015.10.06    10400 10950 11000 10250 464996
2015.10.07    10250 10600 10650 10150 306744
2015.10.08    10550 10350 10700 10300 256557
2015.10.12    10500 10650 10650 10300 126231
2015.10.13    10250 10500 10600 10150 312991
2015.10.14    10150 10200 10300 10000 210425
2015.10.15    10500 10200 10650 10100 225672
2015.10.16    10150 10450 10450 10150 181169
2015.10.19    10050 10250 10250 10050 141561
2015.10.20    10100 10100 10250 10050 200042
2015.10.21    10050 10150 10550 10050 349514
2015.10.22    9990 10150 10200 9900 197084
2015.10.23    9950 10100 10450 9930 278905
2015.10.26    9930 9980 10100 9920 145234
2015.10.27    9900 9950 10000 9900 153034
2015.10.28    10000 9920 10050 9900 122040
2015.10.29    9950 10050 10200 9950 156641
2015.10.30    9800 10050 10050 9800 183725
2015.11.02    9800 9840 10000 9750 123122
2015.11.03    9780 9900 9970 9760 112328
2015.11.04    9840 9830 9950 9740 122803
2015.11.05    9890 9910 9940 9830 69605
2015.11.06    9930 9890 10000 9850 129580
2015.11.09    9330 9940 9990 9320 262194
2015.11.10    8920 9340 9350 8870 192967
2015.11.11    9140 8910 9180 8910 116386
2015.11.12    9000 9170 9200 9000 93248
2015.11.13    8920 9000 9070 8600 108538
2015.11.16    8590 8700 8750 8570 154544
2015.11.17    8730 8750 8900 8650 105679
2015.11.18    8630 8720 8820 8600 81736
2015.11.19    8700 8650 8880 8650 80500
2015.11.20    8870 8810 8900 8710 58943
2015.11.23    8730 8910 8950 8730 87018
2015.11.24    8750 8830 8840 8650 100585
2015.11.25    8660 8700 8810 8590 94254
2015.11.26    9030 8740 9160 8680 175302
2015.11.27    8980 9030 9230 8970 143340
2015.11.30    8740 8980 8980 8740 86431
2015.12.01    8740 8800 8830 8670 79834
2015.12.02    8730 8840 8850 8710 70597
2015.12.03    9120 8840 9210 8830 232988
2015.12.04    8820 8960 9120 8770 183564
2015.12.07    8580 8890 8890 8490 236198
2015.12.08    7920 8540 8540 7860 439006
2015.12.09    7970 7880 8110 7850 142191
2015.12.10    7840 7970 8080 7700 173410
2015.12.11    7750 7850 7910 7700 82716
2015.12.14    7860 7900 8250 7810 224644
2015.12.15    8130 7790 8150 7790 103547
2015.12.16    8350 8190 8400 8170 136115
2015.12.17    8450 8500 8510 8350 107390
2015.12.18    8500 8360 8580 8350 89534
2015.12.21    8590 8420 8590 8420 73911
2015.12.22    8530 8600 8640 8490 94716
2015.12.23    8780 8550 8910 8510 195125
2015.12.24    8790 8790 8990 8750 146137
2015.12.28    8580 8820 8960 8580 86717
2015.12.29    8900 8470 8920 8470 101090
2015.12.30    9820 8930 9940 8920 758709
2016.01.04    10250 10100 10350 9920 661697
2016.01.05    10400 10100 10400 10000 431109
2016.01.06    10300 10400 10700 10100 560503
2016.01.07    10500 10200 10550 9960 623242
2016.01.08    10800 10250 11000 10250 1269535
2016.01.11    10800 10900 11000 10550 491282
2016.01.12    10800 10900 10900 10300 697559
2016.01.13    10600 10850 11050 10600 568854
2016.01.14    10950 10350 11000 10250 644991
2016.01.15    10600 11100 11100 10400 486626
2016.01.18    10350 10350 10450 10200 380058
2016.01.19    10200 10300 10400 9960 403475
2016.01.20    9800 10300 10400 9800 474943
2016.01.21    9910 9850 10150 9410 360849
2016.01.22    10050 9920 10450 9880 415459
2016.01.25    9840 10150 10150 9840 262236
2016.01.26    9710 9770 9970 9710 280113
2016.01.27    9200 9770 9770 9120 502994
2016.01.28    9180 9140 9380 9140 215972
2016.01.29    8950 9280 9330 8860 276583
2016.02.01    10050 9170 10100 9170 1303693
2016.02.02    10250 10050 10350 9860 569107
2016.02.03    10200 10250 10550 10050 464119
2016.02.04    9940 10400 10550 9910 450786
2016.02.05    9960 9890 9990 9730 194841
2016.02.11    9850 9700 10200 9340 438591
2016.02.12    9090 9780 9860 8830 514378
2016.02.15    9370 9190 9410 9130 216121
2016.02.16    9750 9460 9750 9350 215507
2016.02.17    9750 9870 9870 9420 291170
2016.02.18    10250 10100 10400 9990 564445
2016.02.19    10500 10250 10900 10100 814884
2016.02.22    10700 10750 10950 10550 686348
2016.02.23    10350 10800 10850 10200 453246
2016.02.24    10550 10350 11350 10300 2649255
2016.02.25    10250 10600 10700 10100 615644
2016.02.26    10650 10400 10650 10250 394291
2016.02.29    10500 10650 10850 10400 391219
2016.03.02    10650 10650 10900 10500 381982
2016.03.03    10400 10650 10750 10150 632785
2016.03.04    10600 10450 10650 10250 301281
2016.03.07    10650 10550 10850 10400 393628
2016.03.08    10300 10600 10650 10200 409083
2016.03.09    10100 10200 10350 10050 272449
2016.03.10    10250 10100 10300 10100 193958
2016.03.11    10300 10200 10350 10100 162354
2016.03.14    9990 10400 10400 9990 270863
2016.03.15    9880 10050 10200 9870 229054
2016.03.16    9710 9910 10150 9690 329307
2016.03.17    9900 9890 9950 9630 204940
2016.03.18    10050 9970 10150 9940 217159
2016.03.21    9990 10050 10150 9940 139345
2016.03.22    9900 10000 10100 9610 369061
2016.03.23    9830 9980 9980 9770 152833
2016.03.24    9810 9830 9850 9660 208650
2016.03.25    9760 9730 9820 9670 114071
2016.03.28    10000 9840 10100 9780 203567
2016.03.29    10050 10050 10250 9970 163789
2016.03.30    10100 10150 10200 9990 194349
2016.03.31    9810 10250 10250 9790 296232
2016.04.01    9940 9850 10050 9800 174938
2016.04.04    10050 9950 10100 9850 213465
2016.04.05    10000 10050 10150 9970 138094
2016.04.06    10400 10000 10450 9990 421477
2016.04.07    10750 10500 10850 10350 719701
2016.04.08    10700 10700 10850 10500 302849
2016.04.11    10250 10750 10800 10150 452337
2016.04.12    9970 10200 10250 9920 397468
2016.04.14    9970 10050 10150 9900 323170
2016.04.15    10100 10100 10200 9990 235940
2016.04.18    10650 10200 10750 10200 818672
2016.04.19    9480 10850 10900 9370 3964733
2016.04.20    9300 9400 9680 9300 843386
2016.04.21    9030 9350 9430 8870 772542
2016.04.22    9060 9040 9230 9000 308988
2016.04.25    8730 9120 9120 8710 615949
2016.04.26    8750 8730 8970 8710 330547
2016.04.27    8760 8830 8830 8750 186712
2016.04.28    8840 8650 8840 8650 226488
2016.04.29    8830 8820 8850 8700 158208
2016.05.02    8980 8860 9040 8720 269270
2016.05.03    8880 8930 9130 8870 204028
2016.05.04    8830 8880 8930 8750 145505
2016.05.09    8420 8840 8840 8380 339186
2016.05.10    8440 8500 8600 8360 187591
2016.05.11    8630 8480 8670 8350 202276
2016.05.12    8710 8550 8840 8490 175280
2016.05.13    8650 8710 8780 8560 103923
2016.05.16    8470 8680 8680 8470 115233
2016.05.17    8450 8500 8540 8380 105528
2016.05.18    8050 8390 8470 8050 231773
2016.05.19    8100 8050 8170 8010 127769
2016.05.20    8220 8150 8310 8110 90775
2016.05.23    8150 8250 8290 8100 89215
2016.05.24    7900 8110 8200 7800 267922
2016.05.25    7990 7910 8070 7840 130259
2016.05.26    7930 8060 8060 7850 80158
2016.05.27    8150 7930 8150 7900 118224
2016.05.30    8150 8200 8250 8060 100226
2016.05.31    8120 8170 8240 8060 76696
2016.06.01    7910 8060 8090 7840 276339
2016.06.02    7950 7880 8120 7880 184977
2016.06.03    7940 8060 8120 7890 123365
2016.06.07    8070 7900 8070 7900 122708
2016.06.08    8680 8080 8740 8080 848849
2016.06.09    8250 8680 8680 8230 504010
2016.06.10    8290 8180 8290 8050 175521
2016.06.13    7930 8210 8220 7930 239933
2016.06.14    7490 7770 7900 7430 409365
2016.06.15    7270 7540 7550 7190 235417
2016.06.16    6950 7270 7400 6910 265357
2016.06.17    6990 7010 7130 6940 156694
2016.06.20    7170 7000 7180 6990 107844
2016.06.21    7120 7190 7200 7090 89870
2016.06.22    7250 7110 7320 7100 109909
2016.06.23    6710 7130 7160 6600 476447
2016.06.24    6640 6780 7160 6420 701385
2016.06.27    6650 6350 6800 6250 168959
2016.06.28    6840 6520 6840 6520 121098
2016.06.29    7020 6900 7100 6840 125542
2016.06.30    7040 7060 7360 6940 239159
2016.07.01    7150 7060 7270 7050 185083
2016.07.04    7380 7220 7400 7150 182901
2016.07.05    7840 7420 7840 7300 408802
2016.07.06    7620 7990 7990 7400 395504
2016.07.07    7850 7740 8140 7640 640177
2016.07.08    7850 7830 7860 7560 190378
2016.07.11    7680 7800 7850 7670 136661
2016.07.12    7770 7680 7770 7590 82282
2016.07.13    7790 7790 7910 7710 127473
2016.07.14    7670 7790 7790 7640 153072
2016.07.15    8160 7670 8390 7660 1084278
2016.07.18    8180 8220 8440 8160 390949
2016.07.19    8050 8210 8270 8020 164982
2016.07.20    8060 8050 8110 7990 107425
2016.07.21    8090 8020 8420 8010 484887
2016.07.22    8070 8110 8130 8030 128963
2016.07.25    8230 8200 8310 8100 196762
2016.07.26    8050 8200 8300 8050 157624
2016.07.27    7720 7990 8070 7720 335549
2016.07.28    7780 7740 7860 7690 132924
2016.07.29    7660 7780 7840 7570 153616
2016.08.01    7860 7680 7880 7680 122849
2016.08.02    7810 7890 7910 7810 111578
2016.08.03    7730 7860 7860 7600 144436
2016.08.04    8000 7680 8040 7680 240020
2016.08.05    8390 8060 8550 8060 1280621
2016.08.08    8800 8570 8870 8440 1235208
2016.08.09    8820 8860 8970 8640 594749
2016.08.10    8750 8870 8920 8700 302890
2016.08.11    8640 8730 8880 8530 390445
2016.08.12    8740 8630 8870 8400 482319
2016.08.16    8640 8740 8840 8590 218325
2016.08.17    8870 8660 8880 8590 502440
2016.08.18    8900 8900 9000 8750 413014
2016.08.19    9110 9000 9310 8930 1009483
2016.08.22    9010 9090 9370 9010 593990
2016.08.23    9040 9070 9210 8700 528280
2016.08.24    8950 9040 9140 8950 214581
2016.08.25    8810 8920 9120 8810 253822
2016.08.26    8830 8900 8920 8740 194682
2016.08.29    8230 8870 8890 8230 391017
2016.08.30    8540 8430 8660 8400 177438
2016.08.31    8450 8560 8590 8180 173032
2016.09.01    8580 8380 8630 8320 146800
2016.09.02    8510 8520 8660 8470 105595
2016.09.05    8500 8530 8570 8360 171694
2016.09.06    8500 8530 8670 8480 143777
2016.09.07    8180 8550 8620 8170 195422
2016.09.08    7840 8210 8230 7740 412772
2016.09.09    8060 7840 8190 7660 188435
2016.09.12    7800 7740 8050 7730 134328
2016.09.13    7800 7810 7960 7750 73656
2016.09.19    7910 7800 7950 7750 74799
2016.09.20    8090 7860 8130 7850 102363
2016.09.21    8300 8200 8300 8050 100717
2016.09.22    8980 8300 8990 8300 753797
2016.09.23    8940 8900 9130 8840 312500
2016.09.26    8900 8920 9200 8790 354463
2016.09.27    8940 8990 9070 8670 313990
2016.09.28    8590 8890 8960 8480 295969
2016.09.29    8450 8550 8700 8390 248910
2016.09.30    8470 8450 8540 8300 169869
2016.10.04    8330 8410 8490 8280 206456
2016.10.05    8250 8210 8390 8210 91229
2016.10.06    8620 8310 8620 8220 175527
2016.10.07    8440 8630 8650 8050 241895
2016.10.10    8000 8360 8440 7780 402878
2016.10.11    7820 8000 8140 7800 179761
2016.10.12    7830 7820 8020 7800 102574
2016.10.13    7710 7830 7930 7640 178157
2016.10.14    7730 7670 7770 7550 104528
2016.10.17    7710 7670 7880 7650 137960
2016.10.18    7740 7770 7950 7610 275636
2016.10.19    7950 7740 8030 7700 189497
2016.10.20    7690 7950 8240 7690 465102
2016.10.21    7310 7700 7700 7290 246078
2016.10.24    7230 7300 7370 7200 89344
2016.10.25    7240 7230 7300 7110 88727
2016.10.26    7050 7240 7310 6880 194149
2016.10.27    7190 7060 7260 7060 57188
2016.10.28    7160 7260 7360 7120 65809
2016.10.31    6870 7110 7150 6810 134913
2016.11.01    6860 6650 7040 6640 103514
2016.11.02    6710 6780 6880 6690 110430
2016.11.03    6840 6510 6840 6510 63053
2016.11.04    6910 6790 6970 6780 41509
2016.11.07    7050 6950 7110 6950 43417
2016.11.08    7090 7150 7160 6990 45169
2016.11.09    6760 7090 7170 6350 200043
2016.11.10    7060 6850 7060 6850 80512
2016.11.11    7230 7100 7320 7010 102652
2016.11.14    7220 7250 7330 7210 58922
2016.11.15    7220 7220 7350 7110 60616
2016.11.16    7320 7300 7320 7220 53804
2016.11.17    7330 7310 7390 7280 40906
2016.11.18    7200 7220 7290 7150 50681
2016.11.21    6960 7220 7220 6930 74227
2016.11.22    6970 6970 7050 6970 29064
2016.11.23    6800 6980 7020 6770 91540
2016.11.24    6740 6730 6840 6640 100108
2016.11.25    6670 6670 6790 6650 39481
2016.11.28    6860 6670 6950 6670 81694
2016.11.29    6800 6790 7020 6780 62093
2016.11.30    6860 6800 6960 6800 53587
2016.12.01    6850 6820 6880 6740 58280
2016.12.02    6750 6810 6850 6690 52894
2016.12.05    6640 6680 6820 6610 46040
2016.12.06    6680 6550 6780 6550 77590
2016.12.07    6660 6630 6770 6620 39791
2016.12.08    6740 6660 6800 6650 39573
2016.12.09    6800 6750 6820 6740 61721
2016.12.12    7070 6810 7080 6810 111858
2016.12.13    7240 7000 7360 7000 108503
2016.12.14    7250 7240 7360 7180 50446
2016.12.15    7200 7260 7270 7110 53396
2016.12.16    7150 7250 7250 7080 37014
2016.12.19    7460 7110 7460 7060 300088
2016.12.20    7350 7460 7500 7350 120911
2016.12.21    7400 7340 7450 7310 74458
2016.12.22    7480 7410 7480 7370 120950
2016.12.23    7450 7530 7530 7390 117961
2016.12.26    7370 7460 7500 7370 132973
2016.12.27    7680 7330 7700 7320 333874
2016.12.28    7810 7680 7900 7650 141205
2016.12.29    7720 7770 7840 7640 82906
2017.01.02    7880 7780 7880 7680 85380
2017.01.03    7880 7880 7920 7830 98854
2017.01.04    7840 7880 7950 7770 75369
2017.01.05    8070 7900 8140 7660 248384
2017.01.06    7970 8070 8200 7950 149882
2017.01.09    7790 7940 8000 7700 90409
2017.01.10    7840 7680 7870 7650 94941
2017.01.11    7810 7800 7900 7790 66013
2017.01.12    7760 7810 7830 7720 60238
2017.01.13    7760 7730 7880 7700 94944
2017.01.16    7700 7790 7840 7670 98385
2017.01.17    7700 7650 7830 7610 87858
2017.01.18    7860 7650 7920 7650 232389
2017.01.19    8430 7910 8430 7910 1096176
2017.01.20    8250 8380 8440 8220 417093
2017.01.23    8210 8230 8520 8130 361175
2017.01.24    8150 8240 8450 8120 309257
2017.01.25    8430 8200 8510 8140 358510
2017.01.26    8450 8470 8650 8420 234995
2017.01.31    8420 8420 8420 8230 235502
2017.02.01    8290 8420 8420 8250 217271
2017.02.02    7850 8230 8290 7850 250118
2017.02.03    7510 7790 7910 7380 426677
2017.02.06    7580 7530 7690 7460 99552
2017.02.07    7510 7650 7680 7510 96315
2017.02.08    7490 7460 7530 7360 93060
2017.02.09    7810 7540 7840 7520 155729
2017.02.10    7900 7780 8090 7780 157090
2017.02.13    8030 7900 8030 7780 85179
2017.02.14    7900 8030 8070 7900 82662
2017.02.15    8120 7950 8120 7940 128668
2017.02.16    8130 8150 8440 8110 250443
2017.02.17    8310 8140 8310 8140 124533
2017.02.20    8300 8280 8400 8250 109853
2017.02.21    8370 8320 8440 8250 197030
2017.02.22    8360 8440 8470 8260 196890
2017.02.23    8560 8370 8620 8320 371268
2017.02.24    8650 8640 8710 8560 298199
2017.02.27    8670 8650 8730 8550 215391
2017.02.28    8830 8710 8890 8610 325252
2017.03.02    8950 8900 9020 8760 339529
2017.03.03    8940 8980 9070 8860 299917
2017.03.06    9030 8900 9170 8880 292535
2017.03.07    9200 9100 9220 9020 249003
2017.03.08    9350 9250 9480 9210 378418
2017.03.09    9270 9410 9510 9210 279836
2017.03.10    9320 9250 9390 8870 535684
2017.03.13    9440 9400 9600 9320 296262
2017.03.14    9530 9540 9540 9370 158737
2017.03.15    9250 9550 9830 9180 567905
2017.03.16    9430 9250 9450 9190 227223
2017.03.17    9310 9450 9550 9240 196663
2017.03.20    9150 9230 9390 9040 171982
2017.03.21    9210 9150 9280 9080 141817
2017.03.22    9380 9130 9420 9120 233082
2017.03.23    9220 9390 9460 9140 233321
2017.03.24    9130 9200 9250 8940 217445
2017.03.27    9390 9130 9390 9120 203514
2017.03.28    9430 9390 9490 9350 153782
2017.03.29    9400 9430 9500 9320 144076
2017.03.30    9530 9400 9580 9390 162658
2017.03.31    9520 9530 9590 9410 97272
2017.04.03    9950 9600 9980 9560 442543
2017.04.04    9940 10000 10100 9800 306405
2017.04.05    10000 9970 10150 9810 261070
2017.04.06    10000 10050 10050 9870 136448
2017.04.07    10000 9990 10000 9770 202497
2017.04.10    9530 9920 9980 9530 162318
2017.04.11    9850 9690 9930 9660 168744
2017.04.12    9940 9810 9940 9800 130452
2017.04.13    9980 9930 10100 9900 141094
2017.04.14    9730 10000 10000 9700 151441
2017.04.17    9770 9820 9910 9720 116218
2017.04.18    9880 9770 9910 9700 188332
2017.04.19    9740 9890 9890 9700 92181
2017.04.20    9740 9730 9830 9600 73282
2017.04.21    9870 9810 9880 9580 184521
2017.04.24    9660 9870 9900 9600 134496
2017.04.25    9720 9730 9750 9600 90878
2017.04.26    9690 9730 9810 9660 109485
2017.04.27    9470 9630 9740 9280 201385
2017.04.28    9250 9470 9470 9210 124830
2017.05.02    9280 9250 9470 9250 63958
2017.05.04    9780 9320 9800 9320 196820
2017.05.08    10100 9830 10200 9760 359079
2017.05.10    9980 10150 10250 9720 397696
2017.05.11    10050 10050 10200 9900 128886
2017.05.12    10050 10000 10050 9910 99781
2017.05.15    9840 10100 10100 9810 163801
2017.05.16    9630 9810 9810 9420 183648
2017.05.17    9750 9470 9780 9470 93975
2017.05.18    10400 9620 10450 9600 513201
2017.05.19    10600 10350 10800 10300 503602
2017.05.22    10550 10700 10900 10550 260820
2017.05.23    10900 10600 10900 10600 284971
2017.05.24    10600 10950 10950 10600 204730
2017.05.25    10400 10550 10700 10350 163153
2017.05.26    10450 10400 10700 10300 130261
2017.05.29    10250 10450 10550 10200 138623
2017.05.30    10450 10150 10650 10150 176182
2017.05.31    10500 10400 10650 10250 182873
2017.06.01    10700 10500 10850 10450 184888
2017.06.02    10600 10650 10800 10500 106283
2017.06.05    10400 10700 10700 10400 135556
2017.06.07    10700 10500 10800 10300 198520
2017.06.08    10900 10700 11000 10500 288857
2017.06.09    10950 11050 11050 10750 212412
2017.06.12    10800 10850 11050 10750 143384
2017.06.13    10900 10850 10950 10700 159861
2017.06.14    11000 11000 11050 10850 127086
2017.06.15    11400 11100 11500 10800 373712
2017.06.16    11800 11550 11800 11350 444033
2017.06.19    11900 11800 12050 11600 284252
2017.06.20    11500 12000 12000 11400 190812
2017.06.21    11550 11450 11600 11050 208559
2017.06.22    11350 11600 11850 11350 243067
2017.06.23    11700 11300 11750 11300 119234
2017.06.26    11750 11700 11900 11450 196798
2017.06.27    12450 12550 13800 12250 5614796
2017.06.28    12500 12250 13150 12200 1270005
2017.06.29    12750 12800 12900 12350 600733
2017.06.30    12300 12550 12650 12150 475407
2017.07.03    11750 12200 12400 11550 529041
2017.07.04    11550 11800 12000 11550 224906
2017.07.05    11700 11500 12000 11500 268625
2017.07.06    11150 11850 11850 11000 465028
2017.07.07    11150 11050 11350 10950 229228
2017.07.10    11250 11300 11300 10650 390102
2017.07.11    10850 11200 11200 10750 262094
2017.07.12    11050 10950 11250 10850 173282
2017.07.13    11300 11100 11300 10900 244431
2017.07.14    11100 11300 11300 10950 190475
2017.07.17    11800 11050 11900 10900 451455
2017.07.18    12900 11850 12900 11800 1207791
2017.07.19    12900 12850 13100 12650 412404
2017.07.20    12550 12950 12950 12500 302441
2017.07.21    13300 12550 13400 12500 805177
2017.07.24    13550 13200 13700 13200 586281
2017.07.25    13700 13550 14200 13350 1074736
2017.07.26    13350 13700 13850 12900 566897
2017.07.27    13400 13350 13600 13200 196283
2017.07.28    13000 13250 13350 12800 371885
2017.07.31    12850 12700 13000 12400 254044
2017.08.01    12850 12700 13100 12600 202211
2017.08.02    13950 13050 14100 12900 1218340
2017.08.03    12850 13900 14000 12750 889991
2017.08.04    12750 13000 13200 12500 333163
2017.08.07    12950 12800 13150 12450 188861
2017.08.08    13400 13000 13500 12750 272600
2017.08.09    12900 13200 13250 12850 296948
2017.08.10    13200 12850 13350 12700 265266
2017.08.11    13400 12850 13600 12650 768849
2017.08.14    13650 13700 13850 13450 340312
2017.08.16   13400 13750 14250 13400 622892
2017.08.17  13500 13400 13600 13250 202550
2017.08.18  13200 13250 13450 13050 286033
2017.08.21  13950 13650 14150 13500 637077
2017.08.22  14050 14150 14300 13800 531939
2017.08.23  14400 14200 14600 14100 674854
2017.08.24  14350 14550 14600 14200 350151
2017.08.25  15100 14400 15300 14350 1158133
2017.08.28  15150 15200 15300 14750 423331
2017.08.29  14700 14950 15050 14350 600320
2017.08.30  14650 14850 15150 14550 347714
