2011.06.10    223500 241000 269000 208000 572119
2011.06.13    225000 232000 246000 223500 462091
2011.06.14    222000 224000 235000 217000 389135
2011.06.15    243000 225000 246500 224000 440773
2011.06.16    230500 243000 246000 230500 311005
2011.06.17    233000 230500 239000 227000 114772
2011.06.20    228500 230000 231500 224000 104853
2011.06.21    232000 229000 234000 227500 65955
2011.06.22    231000 235000 235000 229000 111013
2011.06.23    229500 229500 233500 227500 88593
2011.06.24    235000 233000 237000 230500 92702
2011.06.27    245000 232500 246500 232500 115540
2011.06.28    245000 248000 249000 241500 75036
2011.06.29    245000 246500 249000 240000 121754
2011.06.30    244500 242000 244500 240000 91419
2011.07.01    240000 243000 244500 239500 114451
2011.07.04    245500 242500 247000 240000 117470
2011.07.05    243000 247000 247000 240500 99375
2011.07.06    245000 244000 245500 240000 81851
2011.07.07    256500 247000 256500 246000 206954
2011.07.08    261000 258000 263500 253000 117585
2011.07.11    263000 259500 266500 258000 115608
2011.07.12    255500 262000 262000 254000 70065
2011.07.13    255500 258000 259500 251000 45842
2011.07.14    250500 254000 255000 246500 69954
2011.07.15    258500 256000 259000 254500 76150
2011.07.18    278500 269500 279000 268000 281900
2011.07.19    274500 277500 278000 270000 98296
2011.07.20    273500 273000 276500 271500 107648
2011.07.21    273000 275000 275000 264000 77944
2011.07.22    275000 275000 278000 271500 80242
2011.07.25    274000 271500 274500 270000 36321
2011.07.26    273000 271000 273000 266000 50999
2011.07.27    277000 274500 278500 268500 46618
2011.07.28    273000 277000 277000 270000 38017
2011.07.29    275000 273000 276000 271000 42213
2011.08.01    273500 273500 274500 271500 29337
2011.08.02    269500 274000 274000 260500 60035
2011.08.03    262500 262500 264000 253500 164654
2011.08.04    268000 267000 269500 263000 77339
2011.08.05    262000 255000 263000 255000 104646
2011.08.08    256000 258000 265500 247500 64710
2011.08.09    246000 250000 256000 232500 65352
2011.08.10    265000 255500 273500 252000 193248
2011.08.11    262000 257000 265500 257000 134306
2011.08.12    279000 265000 279500 265000 167362
2011.08.16    274000 281500 288000 273000 81434
2011.08.17    275000 271000 280000 271000 80579
2011.08.18    292000 273000 292000 273000 129907
2011.08.19    289000 288000 300000 282000 131177
2011.08.22    291000 293500 299500 286000 104808
2011.08.23    302000 295000 302000 291500 105647
2011.08.24    292500 301000 301000 289500 54777
2011.08.25    282000 286000 294500 282000 44581
2011.08.26    291000 277000 292000 274000 89833
2011.08.29    288000 291000 299000 283500 130465
2011.08.30    289000 289000 292000 286000 64696
2011.08.31    316000 294000 316000 292000 154533
2011.09.01    309500 312000 324000 303000 131367
2011.09.02    304000 309500 315000 298000 73367
2011.09.05    296500 301000 307500 296500 42629
2011.09.06    297000 297000 304500 293000 80128
2011.09.07    306000 302000 307000 301500 62520
2011.09.08    296500 308500 312500 296000 61037
2011.09.09    301000 296000 305500 296000 61220
2011.09.14    303000 306500 306500 299500 54745
2011.09.15    322000 310000 322000 308500 98514
2011.09.16    321000 322000 323000 306500 153104
2011.09.19    325500 317000 328500 315000 64229
2011.09.20    331000 323000 334000 321500 77253
2011.09.21    329000 326500 332500 324000 106905
2011.09.22    315000 318000 329000 315000 74145
2011.09.23    293000 303000 308000 289500 61056
2011.09.26    302000 290000 306500 276000 48109
2011.09.27    310500 300000 321000 299500 61434
2011.09.28    318000 310500 324500 310500 65708
2011.09.29    324000 320000 329000 318500 55565
2011.09.30    298000 323000 324000 297500 143430
2011.10.04    302000 289000 302000 287000 118881
2011.10.05    289500 300000 300500 289500 43844
2011.10.06    268000 290000 295000 268000 165459
2011.10.07    288000 273500 288000 272000 97356
2011.10.10    293500 280000 300000 280000 46699
2011.10.11    280000 298000 299000 279000 104441
2011.10.12    285000 282500 286000 277000 61882
2011.10.13    289000 283000 290000 281000 69730
2011.10.14    300000 298000 300000 292000 60735
2011.10.17    300000 299000 304500 291000 73702
2011.10.18    299500 290500 299500 290500 37423
2011.10.19    297000 299500 300000 291500 51684
2011.10.20    304000 291000 308500 291000 52877
2011.10.21    300000 309000 309000 300000 40209
2011.10.24    299000 301000 305000 298000 39455
2011.10.25    297000 301500 305500 292500 39715
2011.10.26    297500 295000 299500 294000 43563
2011.10.27    297000 301500 302000 296500 38680
2011.10.28    287500 301500 302000 282500 132538
2011.10.31    289500 281500 290500 280000 78762
2011.11.01    294000 283000 298000 283000 62882
2011.11.02    306500 292000 308500 290500 68931
2011.11.03    294000 301000 304500 294000 57361
2011.11.04    290000 296000 300000 288000 75659
2011.11.07    288500 292500 294500 288500 72961
2011.11.08    292500 293000 297500 288000 42104
2011.11.09    295500 292500 295500 288000 44668
2011.11.10    293000 293000 296000 288000 32004
2011.11.11    296500 293500 296500 290000 22481
2011.11.14    298000 297500 301000 293500 33517
2011.11.15    295500 298000 303000 295500 35599
2011.11.16    298500 296500 299000 295500 28358
2011.11.17    302000 302000 302500 296500 35693
2011.11.18    288500 297500 303000 288500 53507
2011.11.21    292500 289000 300000 289000 31382
2011.11.22    282000 291000 295000 281000 47300
2011.11.23    288500 280500 292500 280000 42161
2011.11.24    305000 288000 305000 285500 39290
2011.11.25    294000 307000 307000 294000 18316
2011.11.28    293500 299000 299500 293500 18206
2011.11.29    296500 293500 297000 288500 35671
2011.11.30    289000 294500 298000 288500 62586
2011.12.01    288500 294000 296000 288500 28753
2011.12.02    285000 292000 292000 281500 64263
2011.12.05    282000 285000 286000 280500 41520
2011.12.06    283000 285000 288500 282500 34143
2011.12.07    287500 283000 287500 281500 36450
2011.12.08    287500 282500 287500 282500 41156
2011.12.09    277500 284000 287000 277000 49272
2011.12.12    276500 277500 280500 272500 60111
2011.12.13    275500 277000 282000 273000 55131
2011.12.14    281500 274500 281500 273500 40423
2011.12.15    285500 287000 290500 280000 117726
2011.12.16    284000 285000 289500 284000 47112
2011.12.19    271500 280000 280000 271500 39551
2011.12.20    263000 272500 275500 262500 52963
2011.12.21    276000 268000 277000 267000 78910
2011.12.22    277500 272500 277500 270500 38157
2011.12.23    269000 275000 277000 268500 83146
2011.12.26    270500 270000 272000 268000 20408
2011.12.27    265000 269000 270000 265000 28612
2011.12.28    274500 270000 275000 266500 43543
2011.12.29    279000 267000 279000 267000 39019
2012.01.02    270500 273000 275000 265000 42810
2012.01.03    282500 272000 282500 270500 51896
2012.01.04    280000 285000 285000 277000 22378
2012.01.05    276500 276500 282000 274000 36103
2012.01.06    275000 278000 278000 271000 23592
2012.01.09    272000 273000 275500 267500 27397
2012.01.10    268500 272500 273000 268500 28434
2012.01.11    266000 268000 270000 262000 41547
2012.01.12    265000 262500 265500 261500 47213
2012.01.13    261500 264000 264000 260000 74911
2012.01.16    257000 260000 264000 257000 39765
2012.01.17    264000 259500 264000 258000 61051
2012.01.18    264000 263000 264500 260500 44669
2012.01.19    272500 266000 272500 266000 105540
2012.01.20    268500 275000 275000 268500 120420
2012.01.25    262000 270000 270000 261500 74528
2012.01.26    265000 263500 267000 263000 72493
2012.01.27    269000 268000 269500 266500 58633
2012.01.30    265000 270500 271500 262500 74549
2012.01.31    271500 271500 273000 265000 77012
2012.02.01    273000 272000 273000 269000 108017
2012.02.02    274000 273000 274000 269000 62251
2012.02.03    273500 272000 273500 268000 32543
2012.02.06    283000 277000 284500 272500 73954
2012.02.07    283500 285500 286000 277000 60158
2012.02.08    273000 283500 285000 272500 76288
2012.02.09    256000 272000 272500 252500 202607
2012.02.10    257000 258500 260500 256000 165465
2012.02.13    261500 257000 262000 256500 54953
2012.02.14    260000 260000 260500 258000 63124
2012.02.15    258000 259000 260000 256500 230388
2012.02.16    257500 259000 261000 256000 135545
2012.02.17    261000 261000 261000 257500 49768
2012.02.20    259500 261000 261500 258500 49295
2012.02.21    259500 261500 262000 258000 40611
2012.02.22    265500 261000 266000 259500 79360
2012.02.23    264000 264500 264500 261000 54338
2012.02.24    261500 268000 269000 261500 33448
2012.02.27    261000 263500 265500 261000 23195
2012.02.28    261500 262500 263000 260000 19025
2012.02.29    271500 261500 271500 261500 51314
2012.03.02    270000 271000 271500 266500 33486
2012.03.05    270000 269000 270000 266500 13468
2012.03.06    267000 268000 268500 265000 21646
2012.03.07    260000 265000 265500 259500 31939
2012.03.08    258500 263000 263000 255000 45729
2012.03.09    257000 259000 259500 255000 29852
2012.03.12    250500 257000 257000 247500 60545
2012.03.13    254500 248500 255500 248500 36270
2012.03.14    259500 256500 259500 256000 34617
2012.03.15    258000 260000 260000 256000 27732
2012.03.16    254000 257000 258000 253000 38991
2012.03.19    259500 257000 259500 256000 24878
2012.03.20    257500 256500 258000 254500 11848
2012.03.21    249000 256500 257000 248000 54279
2012.03.22    247500 250000 250000 246500 45150
2012.03.23    243000 245000 246000 238500 44498
2012.03.26    235500 241500 243500 233000 87126
2012.03.27    239500 237000 239500 236000 90497
2012.03.28    240000 241000 241000 236000 58596
2012.03.29    242000 238000 242000 237000 50249
2012.03.30    250000 244500 251500 244000 159967
2012.04.02    248500 252500 252500 244000 52559
2012.04.03    253500 255000 255500 250500 68851
2012.04.04    252000 250000 254000 249000 45502
2012.04.05    249500 250000 253000 245500 14207
2012.04.06    251000 248000 254000 248000 12587
2012.04.09    255500 249000 256000 249000 26062
2012.04.10    265500 257000 266000 255000 64128
2012.04.12    272500 269500 273000 266500 111756
2012.04.13    278000 274500 279000 270000 65820
2012.04.16    270500 277500 277500 264000 57915
2012.04.17    267500 270000 272000 263500 55083
2012.04.18    267000 272000 272000 265500 11639
2012.04.19    270000 270000 271500 267000 19511
2012.04.20    271000 272500 272500 269000 41878
2012.04.23    270000 266000 270000 261000 23601
2012.04.24    263500 265000 274500 259000 38605
2012.04.25    261000 263500 267000 261000 16890
2012.04.26    269500 268000 269500 261500 23024
2012.04.27    261000 265000 269000 259500 22985
2012.04.30    268500 263000 269000 261000 24960
2012.05.02    274000 272500 280500 268000 57013
2012.05.03    264500 276000 280500 263000 86037
2012.05.04    274000 265000 274000 263500 46967
2012.05.07    275500 270500 276000 270500 35799
2012.05.08    278500 279500 279500 274500 17278
2012.05.09    283000 279000 286000 278000 44572
2012.05.10    284500 283000 288500 281500 21492
2012.05.11    287000 285000 289000 278000 19443
2012.05.14    269000 284000 287000 265500 51524
2012.05.15    261000 273000 273000 258000 61971
2012.05.16    260000 259500 265000 256000 32317
2012.05.17    263000 263000 264000 259000 56686
2012.05.18    262000 261500 263000 255000 29888
2012.05.21    251000 262000 262000 251000 26275
2012.05.22    247000 252000 255500 247000 60714
2012.05.23    253500 248500 253500 248000 38845
2012.05.24    251000 258000 258000 250500 13598
2012.05.25    254500 250000 256500 250000 21015
2012.05.29    260500 255000 263000 252500 32763
2012.05.30    265500 263000 269000 261000 48603
2012.05.31    264000 264000 264000 255000 58836
2012.06.01    250000 258000 261500 250000 26283
2012.06.04    240500 243500 248500 240500 8992
2012.06.05    237500 244000 244500 237500 26999
2012.06.07    250500 240000 251500 239500 37485
2012.06.08    254500 253000 262000 251000 28967
2012.06.11    249000 258000 258000 244000 38175
2012.06.12    247500 246500 251000 246000 13122
2012.06.13    247500 248500 248500 247000 8198
2012.06.14    256500 248000 259500 247500 44442
2012.06.15    259500 256500 264500 247500 33996
2012.06.18    254000 260000 260500 253500 9704
2012.06.19    249000 255000 258500 249000 32764
2012.06.20    254000 250500 254000 247500 20295
2012.06.21    251500 251500 252000 249000 15948
2012.06.22    255500 250500 256000 243500 40094
2012.06.25    251000 251000 253000 247000 17188
2012.06.26    250000 251500 251500 247000 15851
2012.06.27    240500 250000 250000 240500 24107
2012.06.28    243500 242000 244000 239000 17137
2012.06.29    250000 243000 250000 242500 22395
2012.07.02    244000 250000 250000 212500 14194
2012.07.03    245000 244000 247000 242500 25346
2012.07.04    245000 245000 246500 244500 20163
2012.07.05    245500 248000 248000 243000 11055
2012.07.06    248500 245500 249500 245500 29215
2012.07.09    247500 247500 250000 245500 18976
2012.07.10    250000 251000 251000 246500 13593
2012.07.11    245000 246500 247000 241500 29577
2012.07.12    235000 255000 255000 235000 30863
2012.07.13    238000 235000 239000 234000 24589
2012.07.16    241000 238000 243000 236000 22550
2012.07.17    242500 241500 242500 241000 27684
2012.07.18    241500 242500 243000 239500 22491
2012.07.19    246000 240500 246000 240000 71590
2012.07.20    243000 246000 246000 242500 49441
2012.07.23    238000 243000 243000 236500 12725
2012.07.24    240000 243000 243500 238000 25484
2012.07.25    233000 237000 238500 233000 8441
2012.07.26    233500 233500 235500 232000 15483
2012.07.27    248000 235000 248000 235000 18575
2012.07.30    256000 250000 256000 246000 38570
2012.07.31    263000 246000 263000 246000 23756
2012.08.01    260500 258500 261000 255000 34253
2012.08.02    258500 263000 263000 256000 11306
2012.08.03    255000 254500 256500 253000 7683
2012.08.06    255500 256000 258500 253500 2426
2012.08.07    249000 252500 257000 249000 8764
2012.08.08    256000 253000 262000 252500 28123
2012.08.09    262000 261000 265000 259000 41224
2012.08.10    260500 262000 264000 257500 14255
2012.08.13    257000 260500 261000 257000 5027
2012.08.14    264000 257000 264500 257000 42295
2012.08.16    255000 263500 265500 255000 30570
2012.08.17    247500 252500 254500 247500 43016
2012.08.20    249500 248500 250500 248000 18989
2012.08.21    247500 249500 249500 247000 33382
2012.08.22    250000 249000 251000 247500 52367
2012.08.23    247500 250000 250000 245000 23158
2012.08.24    245000 245500 246500 244000 20618
2012.08.27    247500 245000 249000 245000 13388
2012.08.28    246500 250000 250000 246000 13888
2012.08.29    250000 248000 250000 246500 13297
2012.08.30    246500 250000 250000 246000 10333
2012.08.31    247000 246000 248500 245500 19082
2012.09.03    247000 245000 247000 245000 18667
2012.09.04    248000 247000 248500 245500 12378
2012.09.05    245500 248000 248000 245000 10427
2012.09.06    244000 247000 247000 242000 17851
2012.09.07    241000 246000 249000 240500 39431
2012.09.10    241000 241500 242500 237500 38739
2012.09.11    239500 240500 241000 238500 15281
2012.09.12    243500 238000 243500 238000 16519
2012.09.13    239500 242500 243500 239500 16264
2012.09.14    245500 240500 245500 240500 32926
2012.09.17    250000 245000 250000 245000 47923
2012.09.18    245500 249500 249500 242500 22329
2012.09.19    246500 245000 247000 244500 23469
2012.09.20    249000 245000 249000 245000 18500
2012.09.21    250000 246000 250000 246000 24809
2012.09.24    250000 247500 250000 244500 9319
2012.09.25    243000 248500 248500 241500 32043
2012.09.26    244000 242500 244000 241000 6694
2012.09.27    239000 242000 242000 239000 20322
2012.09.28    242500 241500 242500 237000 28068
2012.10.02    240000 242500 243000 238500 21164
2012.10.04    242000 240500 243500 239000 24072
2012.10.05    244000 242500 244500 240500 15306
2012.10.08    241000 244000 244000 240000 26207
2012.10.09    239500 240500 241000 239500 27580
2012.10.10    241500 238000 241500 237500 9049
2012.10.11    236500 240000 241500 231500 41274
2012.10.12    233000 235000 235500 231500 26187
2012.10.15    226000 231500 231500 222500 34587
2012.10.16    230000 224500 231500 224500 17998
2012.10.17    232000 231500 234000 228000 25570
2012.10.18    235000 234000 235000 231000 34594
2012.10.19    237500 235000 238500 234500 12597
2012.10.22    233500 234000 234500 231500 59920
2012.10.23    232000 233500 234500 229000 38465
2012.10.24    237000 232000 237500 229500 25881
2012.10.25    239000 234000 240000 234000 30094
2012.10.26    234500 235000 238500 234500 25281
2012.10.29    240000 240000 240000 237000 39128
2012.10.30    239500 240000 240000 238000 26936
2012.10.31    236500 240000 240000 236500 24751
2012.11.01    241500 239500 242000 239000 49854
2012.11.02    242500 242000 242500 239000 55750
2012.11.05    242500 242000 243000 236500 14324
2012.11.06    240000 241000 242500 237000 20953
2012.11.07    243000 238000 243000 237500 23402
2012.11.08    244000 241000 244000 240000 63602
2012.11.09    241000 242500 242500 237000 10388
2012.11.12    239000 242500 243000 238500 7790
2012.11.13    236500 236500 237500 234500 13638
2012.11.14    234000 233500 235500 232500 12464
2012.11.15    233000 232500 235000 232000 16200
2012.11.16    235000 233500 235000 228000 18498
2012.11.19    225000 228500 232500 224500 21593
2012.11.20    225000 225500 227500 224000 32872
2012.11.21    226000 225000 227500 223500 42728
2012.11.22    223000 225500 226000 219500 23213
2012.11.23    224000 223000 224000 219000 13659
2012.11.26    224000 224000 225500 221000 13828
2012.11.27    223500 222500 226000 222000 14924
2012.11.28    219500 224000 224500 217000 29724
2012.11.29    219500 220000 220500 217000 51187
2012.11.30    218000 219500 221000 216000 52466
2012.12.03    224500 219500 224500 218500 25509
2012.12.04    222500 223500 224000 221000 15658
2012.12.05    223500 221500 224500 221000 55005
2012.12.06    225000 223500 225000 222500 46148
2012.12.07    226000 225000 226000 224000 30747
2012.12.10    223500 225500 226500 221500 24848
2012.12.11    239500 225000 239500 224500 41970
2012.12.12    232500 232000 233500 229000 43412
2012.12.13    231500 230000 231500 228000 47664
2012.12.14    236500 232000 236500 230000 12626
2012.12.17    239000 237000 239000 233500 17094
2012.12.18    238000 235500 238000 230500 38568
2012.12.20    236500 240000 240000 231500 56715
2012.12.21    236000 234000 236500 233000 16056
2012.12.24    237000 236000 237000 234500 8991
2012.12.26    235500 237000 237000 234500 10868
2012.12.27    234000 233000 236500 230000 22041
2012.12.28    238000 236000 239500 235000 23831
2013.01.02    236500 240000 240000 234500 25860
2013.01.03    237000 235000 238000 232500 58590
2013.01.04    239500 237500 239500 233500 40316
2013.01.07    238500 239000 239500 237500 22229
2013.01.08    239500 237000 239500 235000 83074
2013.01.09    239000 241000 241500 236000 54534
2013.01.10    236500 236000 237000 235000 46755
2013.01.11    237000 237000 238500 235500 81879
2013.01.14    239500 237500 239500 235500 18351
2013.01.15    238000 240000 240000 236500 41021
2013.01.16    238000 238000 240000 237000 49117
2013.01.17    236500 239000 239500 236500 18193
2013.01.18    236500 238000 238500 236000 10665
2013.01.21    232500 234500 236000 232000 21151
2013.01.22    232500 231500 233500 230500 33147
2013.01.23    232000 232500 234000 230000 40119
2013.01.24    227500 230500 231000 226000 58366
2013.01.25    221500 225000 225000 216500 54456
2013.01.28    235000 220000 235000 219500 38526
2013.01.29    236000 235500 237000 234000 45465
2013.01.30    240500 236000 243000 236000 83893
2013.01.31    242000 241500 244000 239500 89845
2013.02.01    236500 242500 242500 234500 64115
2013.02.04    238000 234000 238000 233000 47110
2013.02.05    234000 235000 236000 231500 38778
2013.02.06    230000 233000 233000 229500 18371
2013.02.07    224000 233000 233000 214500 64116
2013.02.08    222500 221500 224500 220000 39425
2013.02.12    227000 222500 230000 222500 11574
2013.02.13    225500 226000 227500 224000 17824
2013.02.14    228500 227000 230500 225500 19787
2013.02.15    230500 230000 232000 225500 26661
2013.02.18    232000 230500 232000 228000 27213
2013.02.19    227500 230000 230500 226000 16756
2013.02.20    226000 225500 226500 223500 65788
2013.02.21    225500 224000 225500 222500 34766
2013.02.22    223000 223000 224000 221500 37284
2013.02.25    222500 221500 223500 221500 28429
2013.02.26    222000 221000 223500 221000 30907
2013.02.27    221000 223000 223000 221000 50814
2013.02.28    221000 221500 223000 221000 32017
2013.03.04    216000 218500 219000 216000 85302
2013.03.05    213500 214000 216000 211000 164453
2013.03.06    214000 213500 215500 213000 59659
2013.03.07    211500 214000 215000 210500 54207
2013.03.08    212500 212000 214000 211500 36640
2013.03.11    213500 210500 215000 210500 52684
2013.03.12    216000 214000 216000 213500 71643
2013.03.13    215000 216500 217000 214500 94863
2013.03.14    212000 215000 216500 212000 82348
2013.03.15    213500 213000 216000 212000 72381
2013.03.18    213500 213500 217000 213500 49927
2013.03.19    216500 215500 218000 214000 93575
2013.03.20    219500 217500 222000 216500 97186
2013.03.21    220000 221500 224500 219000 45971
2013.03.22    219000 220000 222000 218500 46323
2013.03.25    216500 218000 219000 215500 40931
2013.03.26    216500 216000 217500 215500 54783
2013.03.27    221000 217500 221000 217000 69431
2013.03.28    219500 220000 220500 218000 68221
2013.03.29    220000 221000 221500 218500 36037
2013.04.01    216500 220000 220500 216500 14724
2013.04.02    217000 217500 218000 215500 49276
2013.04.03    213000 216000 216500 213000 84969
2013.04.04    207500 213500 213500 207500 57821
2013.04.05    200500 204500 205500 200500 45620
2013.04.08    198500 201000 202500 197500 62190
2013.04.09    203500 199000 207000 199000 36405
2013.04.10    201000 207000 207000 199500 41349
2013.04.11    203500 201500 203500 199000 28198
2013.04.12    200500 203000 203500 200000 32019
2013.04.15    199000 199500 202500 199000 40105
2013.04.16    195000 198000 198000 192500 84503
2013.04.17    201500 198000 203000 197500 144633
2013.04.18    200000 200000 201000 197500 129356
2013.04.19    199000 200000 201500 198000 28056
2013.04.22    199500 199000 200500 196500 75031
2013.04.23    204500 200500 206500 200000 212235
2013.04.24    206000 205500 206500 203000 109492
2013.04.25    206000 208000 209500 205500 159965
2013.04.26    205500 206500 207000 203500 117211
2013.04.29    215500 205000 215500 204500 181818
2013.04.30    215000 212500 215000 210500 231725
2013.05.02    217000 214000 218500 212500 206829
2013.05.03    215500 216000 217500 215000 242814
2013.05.06    213000 215000 215500 213000 138287
2013.05.07    210500 212500 214000 209000 617320
2013.05.08    205500 207000 209000 203500 569965
2013.05.09    208500 206000 210500 205000 149347
2013.05.10    210000 209500 212500 208000 113972
2013.05.13    208000 209000 210500 206000 285667
2013.05.14    210000 207500 211500 207500 72358
2013.05.15    201000 209500 211500 199500 283889
2013.05.16    196500 199000 200500 196000 205974
2013.05.20    195000 196500 197500 193500 166331
2013.05.21    195500 196000 196000 194500 78491
2013.05.22    197500 196000 198500 195500 175243
2013.05.23    199000 197500 200000 197000 126108
2013.05.24    199000 200000 200000 196500 86162
2013.05.27    199500 199500 200000 197500 39016
2013.05.28    203500 199500 203500 199500 119446
2013.05.29    204500 203500 206000 201500 132354
2013.05.30    200000 202500 204500 199500 106675
2013.05.31    198500 200500 202000 198500 88974
2013.06.03    198500 198000 200000 196000 49125
2013.06.04    200000 198500 200000 197000 52613
2013.06.05    197000 200000 200000 195500 69742
2013.06.07    189000 199500 199500 187000 140225
2013.06.10    195000 190000 196000 189500 90174
2013.06.11    193500 191500 196500 191500 127383
2013.06.12    196500 194000 198500 192500 245842
2013.06.13    203000 196500 203000 196500 547524
2013.06.14    200000 201000 201500 197000 256449
2013.06.17    200000 199500 202000 198000 151723
2013.06.18    201000 200000 201500 198000 59850
2013.06.19    199500 201000 202000 196500 61669
2013.06.20    194000 196500 199500 193500 61669
2013.06.21    191000 191500 193500 190000 162783
2013.06.24    187500 190500 193500 187500 123879
2013.06.25    185500 186500 190500 184000 119060
2013.06.26    187500 186500 187500 184000 126403
2013.06.27    191500 188000 191500 188000 118500
2013.06.28    201000 190500 201000 190000 96426
2013.07.01    198500 200000 201000 198500 72692
2013.07.02    195500 197000 200000 195500 77822
2013.07.03    198000 195500 199000 195500 107089
2013.07.04    203000 196500 203000 196500 72228
2013.07.05    206000 204000 207500 203000 104151
2013.07.08    209500 208000 210500 205000 87155
2013.07.09    211500 211000 214000 208000 89126
2013.07.10    205500 210000 211500 203000 104915
2013.07.11    209000 210000 210000 206500 90218
2013.07.12    209000 209000 209500 204000 48381
2013.07.15    206000 207000 208000 203500 30165
2013.07.16    207500 209000 209000 206000 59723
2013.07.17    211500 206000 211500 204000 45827
2013.07.18    203000 208000 208500 203000 70208
2013.07.19    203000 202500 206000 201000 80178
2013.07.22    203000 205000 205500 202000 77407
2013.07.23    208000 203000 208000 203000 73499
2013.07.24    207000 208000 210000 205500 22404
2013.07.25    202500 204500 207000 201000 64005
2013.07.26    207000 203500 207000 202500 66644
2013.07.29    208500 207000 210000 204500 27372
2013.07.30    213500 208500 213500 207500 46332
2013.07.31    211500 212500 212500 206500 51181
2013.08.01    216000 214000 218000 211500 74186
2013.08.02    213500 215000 216000 212500 29698
2013.08.05    217000 216000 217000 214500 26092
2013.08.06    213000 215500 216000 212000 48656
2013.08.07    210500 211500 214500 210500 22810
2013.08.08    216500 210000 217000 210000 32458
2013.08.09    215500 213500 216500 210000 33403
2013.08.12    215000 213000 217000 212500 31787
2013.08.13    216000 216000 216000 213000 26432
2013.08.14    216000 216000 217000 213500 36969
2013.08.16    210000 211000 216000 210000 77727
2013.08.19    212500 208500 212500 205000 58265
2013.08.20    210000 209500 213000 208000 51067
2013.08.21    206000 210000 210000 206000 47938
2013.08.22    201000 204000 206000 201000 55242
2013.08.23    200000 201000 202500 198500 67078
2013.08.26    200500 199000 201500 199000 28334
2013.08.27    203000 200500 203000 197000 65695
2013.08.28    206500 200000 207000 200000 37423
2013.08.29    208500 205500 209500 205000 41030
2013.08.30    206000 208500 210500 206000 52296
2013.09.02    210000 206000 210500 206000 38579
2013.09.03    212500 210000 212500 209000 47541
2013.09.04    208500 210500 212000 207500 34043
2013.09.05    214500 208000 215000 208000 71742
2013.09.06    222000 214500 222500 214000 114586
2013.09.09    238000 222000 239000 222000 179116
2013.09.10    240000 237000 248500 232000 162499
2013.09.11    248500 240000 248500 238500 123404
2013.09.12    240000 249000 249000 239000 113672
2013.09.13    240000 236500 245000 236500 58745
2013.09.16    241000 244500 245000 239500 45455
2013.09.17    240500 237500 242500 237000 40962
2013.09.23    243500 246000 246000 236500 61572
2013.09.24    242000 242000 244500 240000 47800
2013.09.25    239000 240000 242000 236000 57519
2013.09.26    235000 239000 239000 233000 69587
2013.09.27    244000 238000 251000 237000 138266
2013.09.30    242000 241500 246000 240500 62097
2013.10.01    243000 240000 243500 237000 45427
2013.10.02    238000 243000 245000 237000 86862
2013.10.04    242500 236000 246000 235500 68769
2013.10.07    238000 240500 251500 236500 64844
2013.10.08    228000 236000 236500 223500 170274
2013.10.10    229000 228000 233500 228000 87385
2013.10.11    232000 231500 233500 231500 144939
2013.10.14    235500 229000 239500 229000 65977
2013.10.15    247500 238500 248000 237500 68135
2013.10.16    242500 245000 250000 242500 51725
2013.10.17    246000 245000 252000 243000 58779
2013.10.18    250000 246500 252000 245500 153350
2013.10.21    249000 249500 254000 244500 57470
2013.10.22    252000 254000 258000 250500 101656
2013.10.23    248000 252500 257500 244000 82936
2013.10.24    250000 250000 251000 248000 20365
2013.10.25    243500 250000 253000 243500 29973
2013.10.28    247500 243500 250000 243000 24206
2013.10.29    247000 245000 248500 244500 38932
2013.10.30    246000 246500 249500 244000 42092
2013.10.31    254000 245000 254000 245000 140632
2013.11.01    249500 254000 255500 247000 56668
2013.11.04    248500 249000 250000 242500 90107
2013.11.05    248500 245500 252000 245000 41381
2013.11.06    253000 246000 253000 245000 58970
2013.11.07    251000 249500 252000 245500 37457
2013.11.08    253000 250000 254000 244500 54480
2013.11.11    247000 251000 253500 245500 28786
2013.11.12    241500 247000 248000 238000 60502
2013.11.13    240500 242000 243000 239000 60423
2013.11.14    250000 240500 252500 240500 112847
2013.11.15    250000 251000 254000 249000 35187
2013.11.18    255000 250000 255500 247500 46425
2013.11.19    256500 255000 258500 251000 42597
2013.11.20    259500 255000 261000 254500 88685
2013.11.21    254000 258000 260000 252500 44262
2013.11.22    258000 256500 260000 252500 47847
2013.11.25    256500 262500 267000 256500 46919
2013.11.26    250000 253500 256500 250000 113256
2013.11.27    258500 251500 258500 250500 77837
2013.11.28    271500 260000 275500 258500 78368
2013.11.29    269500 269500 273500 266000 35517
2013.12.02    267500 266500 269000 262500 46679
2013.12.03    263500 264500 271500 260000 49555
2013.12.04    264500 260000 270000 260000 58420
2013.12.05    258000 266500 266500 255500 57518
2013.12.06    256500 258000 260500 253000 71443
2013.12.09    261500 264000 264000 257500 35924
2013.12.10    262000 263500 264000 259000 88017
2013.12.11    263000 263500 263500 259500 80581
2013.12.12    264000 262500 266000 258500 88832
2013.12.13    256000 263000 263500 254000 95464
2013.12.16    258000 255000 260000 254500 91028
2013.12.17    254000 262500 262500 251500 74679
2013.12.18    258500 257000 267000 256000 105151
2013.12.19    264500 267000 267000 261500 32910
2013.12.20    265000 264000 265500 259000 47324
2013.12.23    263000 268500 269500 259000 35341
2013.12.24    267000 263500 269500 263000 47564
2013.12.26    266500 270000 270000 263000 33314
2013.12.27    265500 264000 268000 263000 44723
2013.12.30    266500 267500 267500 263500 56677
2014.01.02    270000 268000 273000 266500 92523
2014.01.03    258000 269000 272500 256500 79640
2014.01.06    258500 260500 262000 255000 76791
2014.01.07    268500 258000 268500 257000 91734
2014.01.08    267500 265500 272000 262000 102796
2014.01.09    269000 270000 272000 266500 95466
2014.01.10    256000 268000 271000 256000 70178
2014.01.13    258500 257000 261000 256000 54818
2014.01.14    261000 256500 262500 256000 40130
2014.01.15    261500 260500 263500 257500 37052
2014.01.16    265000 260000 266000 260000 35977
2014.01.17    253000 263500 267000 253000 61293
2014.01.20    252500 253500 257500 252000 46724
2014.01.21    252500 252500 256500 247000 50562
2014.01.22    253000 253500 256500 251000 48305
2014.01.23    245500 252500 253000 242000 115790
2014.01.24    244000 242500 250000 242000 51761
2014.01.27    247000 241500 250000 236500 55653
2014.01.28    259000 254000 259000 250000 73144
2014.01.29    260000 263000 263000 257500 95079
2014.02.03    258500 254500 260500 251000 61404
2014.02.04    253000 257500 261500 252000 85726
2014.02.05    261500 260000 261500 259500 61325
2014.02.06    264000 265000 272000 262000 108564
2014.02.07    262500 267000 268500 260500 104960
2014.02.10    265500 264500 270000 261500 39017
2014.02.11    262500 263000 267000 259500 54737
2014.02.12    264500 260500 264500 260000 75245
2014.02.13    258500 262500 264000 256000 48454
2014.02.14    260000 257500 262000 257000 39910
2014.02.17    260000 263000 263000 258000 13590
2014.02.18    257500 258500 260000 255500 28954
2014.02.19    258000 256000 259000 255500 30553
2014.02.20    254500 257000 259000 253000 38894
2014.02.21    254500 255000 258500 253500 36633
2014.02.24    252000 254000 257000 251000 36016
2014.02.25    250000 253000 255000 249500 82361
2014.02.26    260000 253000 262000 248500 175281
2014.02.27    264500 260000 265000 259000 55401
2014.02.28    254000 261500 262000 253500 83274
2014.03.03    254500 253000 258500 251000 43547
2014.03.04    257500 253000 258000 252500 41314
2014.03.05    251000 257500 258500 249500 91209
2014.03.06    253000 253000 254000 251000 69686
2014.03.07    245000 253500 254000 242500 129525
2014.03.10    250000 246500 250000 243000 81196
2014.03.11    254500 251000 254500 249500 50146
2014.03.12    247500 251500 254000 246500 37233
2014.03.13    243000 246000 247500 243000 66872
2014.03.14    242500 244000 245500 240000 74659
2014.03.17    248500 243500 254000 242500 51154
2014.03.18    250000 249000 252000 248000 27978
2014.03.19    234000 250500 250500 234000 210953
2014.03.20    235000 233500 237000 231500 35029
2014.03.21    238000 237000 239500 236000 53737
2014.03.24    239500 238500 240000 237000 26436
2014.03.25    242500 239000 242500 235500 51169
2014.03.26    245500 244000 247000 242500 52056
2014.03.27    249000 247000 253000 244000 51714
2014.03.28    250500 249000 252000 242500 58741
2014.03.31    244000 247500 250000 241500 49330
2014.04.01    240000 240500 246000 240000 86481
2014.04.02    248500 241000 249500 240000 94845
2014.04.03    240000 256000 256000 240000 65799
2014.04.04    243500 242500 245500 240500 71861
2014.04.07    246000 243500 246000 241500 28552
2014.04.08    244500 244000 247000 243000 29101
2014.04.09    251000 244500 251500 244500 42405
2014.04.10    248000 249500 251000 246500 66903
2014.04.11    244000 244500 247500 242500 44145
2014.04.14    248000 243000 249500 242000 31447
2014.04.15    256000 253000 258000 248500 91455
2014.04.16    245000 252000 254000 243500 75050
2014.04.17    248000 246500 249500 243500 44082
2014.04.18    252500 248000 253000 246000 28909
2014.04.21    250000 250000 252500 248500 9559
2014.04.22    247000 248500 249500 245500 31866
2014.04.23    243500 252500 256500 243500 48881
2014.04.24    243000 244000 246000 240500 40099
2014.04.25    238500 241000 243000 235000 69481
2014.04.28    238500 238500 242000 237000 29842
2014.04.29    237500 239500 242000 237000 35392
2014.04.30    236000 237500 240000 235500 92719
2014.05.02    238000 236500 240000 236000 43182
2014.05.07    237500 240500 246000 237500 87436
2014.05.08    236000 241500 244500 235000 58514
2014.05.09    236000 236000 238000 234000 45111
2014.05.12    234000 236000 237000 230000 82045
2014.05.13    228500 232500 234500 226000 111001
2014.05.14    233500 230500 233500 229000 122724
2014.05.15    233500 233000 235000 232000 43722
2014.05.16    235000 233500 235000 232000 61258
2014.05.19    234500 233500 235500 233000 29468
2014.05.20    233500 233500 235000 230500 49908
2014.05.21    230500 232500 232500 225500 137928
2014.05.22    229000 229000 232500 227500 58879
2014.05.23    236000 230000 236500 229000 74518
2014.05.26    236000 236000 239000 234500 27240
2014.05.27    235500 238000 238000 235000 33329
2014.05.28    238500 234000 242000 234000 64508
2014.05.29    236000 239000 240500 234000 39981
2014.05.30    234000 235000 237500 230500 56855
2014.06.02    234000 234000 236500 233500 27426
2014.06.03    235000 231000 235000 225000 83930
2014.06.05    228000 235500 235500 226000 92030
2014.06.09    238000 234000 239500 232000 59576
2014.06.10    241500 238500 242000 237000 40001
2014.06.11    249500 240000 250500 240000 73390
2014.06.12    247000 246000 247000 243000 63479
2014.06.13    236000 243500 244000 235500 87662
2014.06.16    235500 236000 238500 232000 46101
2014.06.17    237000 236000 240000 233500 45659
2014.06.18    233500 239000 240000 232500 55305
2014.06.19    235000 237000 238500 233500 34946
2014.06.20    231000 236500 239500 231000 73987
2014.06.23    228500 231000 233500 228500 59926
2014.06.24    228500 228500 230000 226500 92653
2014.06.25    228500 229500 231000 228000 42641
2014.06.26    233000 231500 236000 230000 75475
2014.06.27    230000 233000 234000 229500 50669
2014.06.30    232000 232500 233000 230000 51806
2014.07.01    235500 231500 235500 228000 82343
2014.07.02    235500 234500 235500 232000 54319
2014.07.03    236500 234000 238500 234000 44889
2014.07.04    239000 237000 242500 236500 69753
2014.07.07    239000 240000 240000 236000 39501
2014.07.08    239500 239500 241000 236500 44453
2014.07.09    239000 238000 240000 236500 42201
2014.07.10    236500 239500 239500 234500 35182
2014.07.11    234000 235000 236500 233500 31528
2014.07.14    231000 234500 236500 230500 62143
2014.07.15    228500 230000 232000 228000 67175
2014.07.16    228500 228500 231000 227000 57113
2014.07.17    229000 227500 230000 227500 43556
2014.07.18    228000 228500 229500 227000 79254
2014.07.21    232500 228000 234000 226500 85720
2014.07.22    236500 230500 237500 230000 56240
2014.07.23    241500 235500 243500 235000 147052
2014.07.24    229000 237500 239500 229000 167126
2014.07.25    228000 230000 232500 226000 145044
2014.07.28    231000 228500 233000 228000 99468
2014.07.29    232000 233000 234000 232000 55790
2014.07.30    231000 233000 234500 231000 100033
2014.07.31    232500 231000 234500 231000 131031
2014.08.01    239500 235000 242000 232500 100146
2014.08.04    240500 238500 241500 238500 45236
2014.08.05    240500 240500 241500 238500 45525
2014.08.06    238500 241500 241500 238000 38382
2014.08.07    236000 237500 238500 234000 77387
2014.08.08    235500 236000 237000 233500 44555
2014.08.11    239000 235000 239500 233500 36645
2014.08.12    236500 238000 241000 235500 39024
2014.08.13    242500 238000 243000 236500 52130
2014.08.14    247500 241000 250000 241000 71753
2014.08.18    243000 242000 247500 240500 50900
2014.08.19    242000 241000 243000 240000 60889
2014.08.20    235500 241500 242000 235000 115084
2014.08.21    231500 236000 236000 230000 123809
2014.08.22    231500 231000 232000 230000 118489
2014.08.25    231500 232500 234500 231000 48958
2014.08.26    235500 233000 235500 232500 25027
2014.08.27    246500 236500 246500 236000 130672
2014.08.28    249500 245000 254000 245000 100135
2014.08.29    244000 249500 250500 242500 47260
2014.09.01    242000 242000 244000 239500 21351
2014.09.02    240500 240500 245000 239000 25711
2014.09.03    242500 238500 243000 238500 35573
2014.09.04    241500 243500 243500 240500 49579
2014.09.05    235000 240000 240500 234500 68273
2014.09.11    231500 237000 237500 231500 82759
2014.09.12    231500 232500 235500 231000 40880
2014.09.15    234500 232000 236500 232000 29373
2014.09.16    235000 236500 237000 233500 29858
2014.09.17    234000 234000 235500 232000 36800
2014.09.18    235000 234500 236500 232500 45160
2014.09.19    233000 235500 237000 233000 61836
2014.09.22    232500 234500 235000 232000 30580
2014.09.23    230500 233000 233000 228500 89324
2014.09.24    234500 230500 235000 229500 33669
2014.09.25    235000 235500 240000 233500 57620
2014.09.26    233000 234500 235500 231000 26018
2014.09.29    233000 232000 236500 232000 48042
2014.09.30    230500 233500 235000 229000 51474
2014.10.01    229500 229000 231500 229000 33153
2014.10.02    219000 230000 232000 215000 124404
2014.10.06    215000 221000 223000 214500 81546
2014.10.07    212500 215000 215000 209000 106216
2014.10.08    211000 211000 213000 209500 45628
2014.10.10    210500 213500 213500 209500 73386
2014.10.13    206500 210000 213500 204500 49930
2014.10.14    201000 207500 208000 200500 84804
2014.10.15    203500 201000 206500 201000 104163
2014.10.16    201500 202500 202500 197000 144621
2014.10.17    199000 197000 201000 197000 113888
2014.10.20    207000 201000 208000 200500 60590
2014.10.21    205000 204500 206000 202500 58176
2014.10.22    204500 206000 208000 203000 55003
2014.10.23    203000 203500 206000 202000 49574
2014.10.24    206000 204000 206000 203000 48180
2014.10.27    209000 208000 210500 205000 43992
2014.10.28    199000 208000 208500 199000 63078
2014.10.29    202500 200000 205000 197000 75606
2014.10.30    203000 203000 203500 198000 44754
2014.10.31    198000 203000 203000 198000 69617
2014.11.03    197500 196500 199000 195000 57023
2014.11.04    204000 204500 204500 200000 83066
2014.11.05    204500 205500 206000 201500 52248
2014.11.06    208000 203000 208500 202500 49635
2014.11.07    207500 205000 209000 202000 63204
2014.11.10    204000 206000 207000 200000 66316
2014.11.11    202000 206000 209500 202000 65310
2014.11.12    201500 201500 204500 200000 49574
2014.11.13    203000 201000 205500 200500 28652
2014.11.14    214500 207000 216000 205500 141684
2014.11.17    211500 215000 216000 210500 69115
2014.11.18    216500 212500 219000 211500 61587
2014.11.19    214500 218000 219000 210000 64011
2014.11.20    214000 214500 215000 211000 36322
2014.11.21    217000 215000 217500 213500 35069
2014.11.24    218000 216000 221500 215000 53628
2014.11.25    218500 219000 220500 216500 45910
2014.11.26    220500 219500 223000 216500 41013
2014.11.27    218500 218000 220500 215500 16066
2014.11.28    220000 216000 220500 216000 23663
2014.12.01    219000 215000 219000 214500 28406
2014.12.02    224500 216000 224500 216000 65894
2014.12.03    222000 221500 225000 219500 57674
2014.12.04    224000 220500 229500 220500 60495
2014.12.05    224000 226000 227500 221500 28951
2014.12.08    219000 221000 223500 217000 29814
2014.12.09    220000 221500 223500 219000 34384
2014.12.10    220500 219000 222000 214500 30371
2014.12.11    217500 216000 224000 215000 76602
2014.12.12    217500 219000 221000 215500 26708
2014.12.15    230000 224000 241500 222500 174327
2014.12.16    218500 231000 232000 218000 106530
2014.12.17    218500 219500 222500 218000 113881
2014.12.18    219500 222000 222000 216500 57964
2014.12.19    214000 218500 220000 212000 76506
2014.12.22    212500 212500 214500 211500 55162
2014.12.23    212000 212500 214500 211000 33382
2014.12.24    208500 212500 212500 208000 44692
2014.12.26    209500 207500 210500 207500 30963
2014.12.29    205500 208000 210500 205500 13195
2014.12.30    203000 204500 208000 202500 31456
2015.01.02    208500 203000 210000 202500 43998
2015.01.05    205500 205500 208000 199500 49747
2015.01.06    202000 203000 205500 200500 28566
2015.01.07    199500 202000 203000 199000 25871
2015.01.08    205500 202500 206000 201500 39498
2015.01.09    206000 207000 208000 203000 23636
2015.01.12    211000 204500 211000 204500 25867
2015.01.13    213000 211000 213500 207500 43485
2015.01.14    212000 211000 216000 209500 34837
2015.01.15    214000 210000 214000 208500 23571
2015.01.16    215500 210000 216500 210000 41003
2015.01.19    216000 216000 218000 214000 15911
2015.01.20    214000 217000 217000 213000 18985
2015.01.21    218500 212500 218500 212500 28561
2015.01.22    222500 218500 223000 216500 52223
2015.01.23    216500 220500 222000 213500 52623
2015.01.26    217000 217000 218000 213000 38743
2015.01.27    221000 220000 223500 218000 43007
2015.01.28    217500 216500 221000 215000 52437
2015.01.29    215000 215500 216000 211000 65547
2015.01.30    208000 215500 216000 208000 82132
2015.02.02    209500 205500 209500 205500 44266
2015.02.03    203500 209500 210000 200500 95807
2015.02.04    212000 206000 213000 204000 85923
2015.02.05    208500 208000 211500 206000 47627
2015.02.06    215000 207500 215000 206000 42665
2015.02.09    216500 216000 217500 212000 38006
2015.02.10    213500 217500 218000 212000 64527
2015.02.11    216500 215500 218500 214000 63366
2015.02.12    215000 219500 220500 211500 53501
2015.02.13    219000 215000 219500 214500 30121
2015.02.16    217000 217000 220000 216500 46321
2015.02.17    217000 215500 218500 215500 12475
2015.02.23    225000 216500 227000 216500 43967
2015.02.24    223000 223500 225000 221500 45682
2015.02.25    223500 221000 226000 219500 44777
2015.02.26    219000 223500 224500 217000 55508
2015.02.27    214500 215500 217000 212000 60092
2015.03.02    211000 212000 214000 208000 63637
2015.03.03    212000 211000 214000 206500 90492
2015.03.04    213000 211500 217000 210500 69919
2015.03.05    211500 211000 215000 211000 37294
2015.03.06    219000 211500 221000 211500 66123
2015.03.09    218500 213500 220500 213500 50663
2015.03.10    217500 216000 219500 216000 40500
2015.03.11    215000 216000 217500 214000 67503
2015.03.12    210000 213500 215500 210000 81422
2015.03.13    215500 212000 224000 211500 103456
2015.03.16    218500 217000 223000 216000 91214
2015.03.17    230500 220500 232500 220500 152112
2015.03.18    230000 231000 232000 227000 180452
2015.03.19    237500 229000 238000 229000 102549
2015.03.20    236000 235500 238000 232500 66391
2015.03.23    237500 236500 237500 233000 48337
2015.03.24    238000 239000 239500 234500 62473
2015.03.25    242500 236000 243500 236000 78740
2015.03.26    241500 244000 244000 240000 58039
2015.03.27    240500 240000 241500 238000 54046
2015.03.30    237500 244000 249500 234000 71117
2015.03.31    233000 236000 238000 231000 95978
2015.04.01    232000 230000 234500 230000 75193
2015.04.02    228500 229500 233000 228000 60989
2015.04.03    232500 228500 232500 228500 30250
2015.04.06    230500 231000 233000 230000 22384
2015.04.07    226500 229500 231500 226500 30328
2015.04.08    224000 225000 229000 223500 45564
2015.04.09    223000 223500 225000 221500 54352
2015.04.10    233000 222000 235500 222000 77548
2015.04.13    236500 231500 242500 231500 75671
2015.04.14    247000 234500 247000 234000 75648
2015.04.15    242000 241500 249000 239500 65886
2015.04.16    250000 246000 255500 242500 109627
2015.04.17    245000 245500 256000 241500 77920
2015.04.20    249500 248000 251500 244500 40320
2015.04.21    235000 247500 249000 232000 215023
2015.04.22    238000 234000 241000 233500 108464
2015.04.23    233000 237000 238000 233000 63522
2015.04.24    229000 233000 239000 228000 131697
2015.04.27    232000 230000 234000 230000 50171
2015.04.28    228000 232500 234000 228000 52681
2015.04.29    226000 229000 231000 225500 61435
2015.04.30    221500 223000 227500 219000 102939
2015.05.04    234000 224000 234500 224000 138132
2015.05.06    228000 231500 233000 225500 61909
2015.05.07    228500 228000 230000 226500 42460
2015.05.08    232000 228500 233000 228000 58224
2015.05.11    235000 233500 239500 230500 80713
2015.05.12    239500 235500 242000 235000 101887
2015.05.13    243500 237000 245000 236500 62463
2015.05.14    252500 243500 254000 242500 155462
2015.05.15    252500 253000 257000 250000 77207
2015.05.18    249500 250500 251000 246500 70626
2015.05.19    253000 250000 253500 248000 50938
2015.05.20    250000 247500 251000 242000 48662
2015.05.21    242500 246000 250000 241000 38567
2015.05.22    246500 240500 250000 240500 54812
2015.05.26    248500 244500 250500 241500 42832
2015.05.27    240500 243500 247000 238000 63212
2015.05.28    244000 239000 250000 238000 50390
2015.05.29    246500 241500 251000 241500 63832
2015.06.01    241500 249000 249000 236000 57498
2015.06.02    235000 238500 241500 233000 49611
2015.06.03    233000 237000 237000 231000 70950
2015.06.04    228000 227500 233000 225000 91806
2015.06.05    228000 229000 230000 226500 69355
2015.06.08    227500 226500 230000 222500 46084
2015.06.09    241500 228000 244500 226000 174748
2015.06.10    236000 242000 243000 235000 112665
2015.06.11    231500 236000 238000 231500 80561
2015.06.12    230500 230000 234000 230000 64272
2015.06.15    231500 232000 235000 227500 39868
2015.06.16    226000 228000 232000 225500 80730
2015.06.17    228500 227500 229000 224000 83491
2015.06.18    228000 230000 234000 228000 70726
2015.06.19    226000 229500 231500 226000 65116
2015.06.22    234000 231000 238000 230500 184898
2015.06.23    232500 237000 237000 231000 121573
2015.06.24    238000 235000 239500 233500 101193
2015.06.25    235500 238000 238000 234500 66371
2015.06.26    234500 233000 236000 227000 84137
2015.06.29    230000 231000 233000 228000 60843
2015.06.30    231000 230000 233500 228500 67739
2015.07.01    233000 231500 234500 229500 67865
2015.07.02    232000 232500 235000 231000 52303
2015.07.03    235000 232000 235500 231000 50598
2015.07.06    231500 233000 235000 230500 49626
2015.07.07    234000 233500 235000 230500 59433
2015.07.08    230000 238000 238000 226000 62307
2015.07.09    227000 230000 230500 224500 63488
2015.07.10    233000 228000 233500 227500 41182
2015.07.13    234000 233000 236000 233000 43584
2015.07.14    239000 234000 241000 232000 54933
2015.07.15    242500 238000 242500 237000 63906
2015.07.16    241500 242000 243000 238500 42086
2015.07.17    237000 240000 241000 234000 52698
2015.07.20    239500 238000 239500 236500 23497
2015.07.21    237000 238000 240000 232500 32447
2015.07.22    237500 234000 240500 231500 50308
2015.07.23    236500 238500 240000 235000 24739
2015.07.24    237000 235000 238500 233500 38514
2015.07.27    232000 236000 236000 227500 66277
2015.07.28    231000 231500 233000 225500 71596
2015.07.29    229500 229000 233000 229000 79727
2015.07.30    238500 232500 245000 231000 116225
2015.07.31    239000 241000 244000 236500 62479
2015.08.03    239000 240000 242500 237500 57245
2015.08.04    245000 242000 246000 239000 74937
2015.08.05    239500 244000 248500 235500 97927
2015.08.06    246500 239500 249000 238500 109294
2015.08.07    248500 247500 250500 245000 64798
2015.08.10    236000 242500 244000 233500 105085
2015.08.11    235000 237500 240000 234500 44569
2015.08.12    229500 235500 235500 227500 76863
2015.08.13    232000 229500 235000 227500 54936
2015.08.17    234500 235000 235500 232500 30233
2015.08.18    231500 234000 237000 230000 64624
2015.08.19    242000 229500 243000 229500 102453
2015.08.20    240000 245000 249000 238500 92357
2015.08.21    234500 243000 243000 233500 82473
2015.08.24    227500 234000 235500 223500 98795
2015.08.25    224000 229500 230000 222500 133830
2015.08.26    234000 224000 235500 222500 144759
2015.08.27    234500 232500 239000 230500 118597
2015.08.28    231000 235000 235500 229000 140956
2015.08.31    228500 229500 231500 227500 92765
2015.09.01    226500 227000 229000 226000 92605
2015.09.02    227500 226000 228000 224000 60768
2015.09.03    225000 227000 228000 225000 71714
2015.09.04    226000 224000 229000 224000 68471
2015.09.07    226000 226500 226500 220500 63688
2015.09.08    228500 228000 230000 226000 119310
2015.09.09    232000 230500 232000 228500 79521
2015.09.10    236000 231500 236000 229000 78498
2015.09.11    241000 233000 248500 232000 103718
2015.09.14    229000 238500 238500 227500 107268
2015.09.15    231500 230000 232000 229500 70439
2015.09.16    233500 233000 233500 231000 62575
2015.09.17    231500 234000 234000 230000 64592
2015.09.18    234500 232000 236000 230500 75257
2015.09.21    229500 234000 234000 228000 44593
2015.09.22    231500 231000 231500 229000 35512
2015.09.23    226000 229000 230500 225500 49256
2015.09.24    227000 227500 228000 224500 62003
2015.09.25    226000 226000 227000 223500 70663
2015.09.30    230500 222500 231500 222000 100679
2015.10.01    230000 228500 231000 228000 37855
2015.10.02    228500 231000 231000 226500 54133
2015.10.05    226000 230000 230500 225000 60077
2015.10.06    225000 228000 228000 224000 106222
2015.10.07    224000 224500 226000 222500 85086
2015.10.08    226000 223500 226500 223500 75338
2015.10.12    226500 225500 226500 223000 69938
2015.10.13    220500 224000 224500 220500 109079
2015.10.14    222000 221000 224000 221000 43822
2015.10.15    222500 221500 224500 220500 52639
2015.10.16    219500 222500 222500 218000 68148
2015.10.19    220500 219000 220500 217000 49762
2015.10.20    213500 219500 219500 213000 128551
2015.10.21    214000 214500 217000 213000 80569
2015.10.22    207000 213000 213500 206500 130978
2015.10.23    210000 209500 212000 208500 85070
2015.10.26    215000 212000 215000 210500 53205
2015.10.27    212500 212000 213500 210500 64831
2015.10.28    214000 213500 215000 210500 66103
2015.10.29    213000 212500 214000 208500 113406
2015.10.30    212500 213000 214000 211000 63438
2015.11.02    213000 211500 213000 209000 70095
2015.11.03    221000 217500 222500 215500 155864
2015.11.04    222000 220500 224500 219500 81561
2015.11.05    219500 220500 221000 217000 52091
2015.11.06    216000 217000 218500 215500 44527
2015.11.09    217000 214000 217500 214000 24077
2015.11.10    210000 216500 216500 209000 45094
2015.11.11    212500 208500 214000 208500 40273
2015.11.12    211500 213500 214000 209000 30355
2015.11.13    207000 209000 211000 206000 61238
2015.11.16    216000 211000 217500 209000 137478
2015.11.17    213500 214000 216000 211500 82004
2015.11.18    213500 213500 217500 212000 55041
2015.11.19    220500 216000 223500 216000 182534
2015.11.20    217500 220000 221000 216000 89302
2015.11.23    217000 218000 218000 215000 35799
2015.11.24    217000 216000 219000 213500 49309
2015.11.25    217000 216500 218000 214500 85028
2015.11.26    215000 218000 218000 213500 47448
2015.11.27    217000 215000 218000 214500 47480
2015.11.30    214000 217500 218000 213500 104199
2015.12.01    214500 213500 220000 213500 86079
2015.12.02    213500 214000 215000 210000 92615
2015.12.03    214000 211500 214000 210500 44504
2015.12.04    208500 212000 212500 208000 51116
2015.12.07    202000 210000 210500 201000 160784
2015.12.08    199500 202500 204000 199500 52240
2015.12.09    196500 201000 201000 195000 79892
2015.12.10    195000 196500 197000 194000 92261
2015.12.11    195000 196000 196500 190500 81534
2015.12.14    194000 192500 195500 191500 41147
2015.12.15    191500 195500 195500 190000 59709
2015.12.16    195000 192500 196000 192000 64156
2015.12.17    194500 197000 197500 192500 50582
2015.12.18    195000 192000 199000 192000 66033
2015.12.21    196500 194500 197500 193000 36940
2015.12.22    196000 195500 197500 193000 53631
2015.12.23    199500 196500 201000 195000 54954
2015.12.24    198500 200000 200500 198000 34744
2015.12.28    196000 199000 200000 195000 29365
2015.12.29    192500 194000 195000 191000 58723
2015.12.30    189000 192500 193000 188000 68728
2016.01.04    188500 189000 191000 188500 45689
2016.01.05    188000 187500 189500 187500 53077
2016.01.06    191500 188000 192000 187500 81635
2016.01.07    185000 189500 190500 183500 125051
2016.01.08    189000 183000 189000 181500 55106
2016.01.11    190000 186000 190500 183000 56221
2016.01.12    189500 191500 191500 185500 43838
2016.01.13    189500 190000 190500 187500 37264
2016.01.14    188000 187000 190000 186500 34052
2016.01.15    185500 190500 190500 185000 59526
2016.01.18    180000 185500 185500 178500 142285
2016.01.19    170000 179000 180000 168000 234651
2016.01.20    163500 169000 170500 162000 156045
2016.01.21    167500 163500 169000 162500 118703
2016.01.22    171500 167500 172000 167500 70683
2016.01.25    172000 172000 173000 170000 46614
2016.01.26    165500 172000 172000 164500 108329
2016.01.27    166500 167000 169000 164000 91577
2016.01.28    170500 165000 171000 164500 68110
2016.01.29    164000 167500 167500 160000 237241
2016.02.01    162500 164500 164500 160500 118467
2016.02.02    162000 162000 163500 161000 88617
2016.02.03    162500 161000 163500 160500 58198
2016.02.04    167500 163500 168000 162500 88368
2016.02.05    165500 169000 169000 164000 75892
2016.02.11    163000 162500 164000 161500 79106
2016.02.12    159000 160500 162500 158500 105688
2016.02.15    160000 159000 161000 158500 76828
2016.02.16    161000 162000 163500 160000 71530
2016.02.17    163000 160500 164000 160500 98706
2016.02.18    163500 164000 166500 162500 91877
2016.02.19    162000 162500 165000 161000 58173
2016.02.22    165500 162000 167000 161500 107342
2016.02.23    165000 166500 167000 164000 47875
2016.02.24    164000 164500 166500 164000 35416
2016.02.25    168500 164500 169000 164500 96840
2016.02.26    169500 168500 171000 167500 80268
2016.02.29    176000 170500 178000 170000 191728
2016.03.02    173500 179000 179000 170000 160962
2016.03.03    170500 173000 173500 169000 92881
2016.03.04    174500 169500 175500 169500 68421
2016.03.07    177000 176000 177000 172500 76363
2016.03.08    175000 176000 178500 173000 66174
2016.03.09    175000 174500 177500 172500 74786
2016.03.10    172500 174500 175500 172000 98675
2016.03.11    180000 174000 181000 173500 209029
2016.03.14    179000 180500 181500 177000 132777
2016.03.15    178500 178000 179500 176000 95543
2016.03.16    181000 179500 183500 179500 129756
2016.03.17    186000 183000 187000 183000 136340
2016.03.18    188000 186000 188000 183500 113377
2016.03.21    183000 188000 188500 182000 92242
2016.03.22    180000 183500 183500 178500 105922
2016.03.23    180500 180500 181000 178000 71252
2016.03.24    179500 179000 179500 177000 48416
2016.03.25    178000 178000 179000 175000 75589
2016.03.28    175000 177500 178000 174000 55955
2016.03.29    178000 176000 178000 174000 68339
2016.03.30    173500 176500 177500 173500 72398
2016.03.31    175500 174000 176500 173500 126108
2016.04.01    172500 174500 175500 169000 122166
2016.04.04    171000 172000 173500 170000 99282
2016.04.05    172500 173000 173500 171000 60673
2016.04.06    174500 172500 176000 171500 71363
2016.04.07    170500 174000 174500 168000 125754
2016.04.08    171000 169000 171500 168500 53549
2016.04.11    171000 170000 172000 169000 51149
2016.04.12    171000 171500 172500 170000 47531
2016.04.14    175500 171500 175500 171500 96477
2016.04.15    174500 175000 176000 173500 61188
2016.04.18    174500 173000 176000 172000 70893
2016.04.19    175500 175000 176000 173000 57243
2016.04.20    176000 175500 177000 175000 86935
2016.04.21    178500 176000 180000 176000 86171
2016.04.22    179500 178000 180000 177000 40455
2016.04.25    183500 178000 184500 176000 106855
2016.04.26    179500 182500 183500 178000 81433
2016.04.27    179000 178500 181000 177500 48035
2016.04.28    180500 178000 182000 177500 104896
2016.04.29    183500 180500 183500 179000 785841
2016.05.02    184000 185500 186500 182500 90842
2016.05.03    187000 184500 187500 182500 107001
2016.05.04    184000 185000 185500 181000 98928
2016.05.09    185500 182000 186000 181000 90977
2016.05.10    186000 184500 186500 182000 76383
2016.05.11    189000 185500 191000 185000 122456
2016.05.12    185000 188000 189500 185000 72214
2016.05.13    188500 185000 190000 184500 131074
2016.05.16    189500 188000 191000 187000 94477
2016.05.17    188500 188500 189500 186500 86867
2016.05.18    187000 186500 187000 183000 96508
2016.05.19    184000 185000 187000 183000 57436
2016.05.20    182000 184000 185500 182000 100484
2016.05.23    180500 182500 183000 180000 46321
2016.05.24    181500 180000 183000 177500 64375
2016.05.25    184500 183500 186000 182000 73192
2016.05.26    183000 185000 185500 182500 38898
2016.05.27    183000 184000 186000 182000 56337
2016.05.30    182000 183500 183500 179500 59833
2016.05.31    182000 180000 183000 179500 184381
2016.06.01    180500 180500 182000 179000 57692
2016.06.02    176000 179500 180500 176000 78320
2016.06.03    176500 176000 177500 174000 379669
2016.06.07    179000 176000 180000 175500 81145
2016.06.08    178500 177500 180000 176000 81145
2016.06.09    177500 179000 180500 177500 145090
2016.06.10    181000 179500 181500 178000 77011
2016.06.13    178500 180000 181000 177500 48559
2016.06.14    178000 178000 180000 177500 37852
2016.06.15    178500 177000 181000 177000 58876
2016.06.16    173500 178000 179500 172500 104075
2016.06.17    175000 175000 175000 172500 62361
2016.06.20    178500 177000 180000 175000 52763
2016.06.21    177500 178500 180000 177000 40614
2016.06.22    177500 177500 179500 177000 39128
2016.06.23    179000 178000 179500 177500 20863
2016.06.24    175500 178000 178500 170000 111516
2016.06.27    171000 175500 175500 169000 108162
2016.06.28    171500 169500 172500 169000 59448
2016.06.29    171000 171500 173000 170000 83800
2016.06.30    173000 172000 175000 170500 98858
2016.07.01    174000 172500 175500 172000 53752
2016.07.04    169500 174000 174000 169000 55281
2016.07.05    169500 169000 170000 168000 68540
2016.07.06    166000 169500 170500 164500 69225
2016.07.07    166500 166500 167500 164500 136573
2016.07.08    167000 165000 167000 163500 136960
2016.07.11    165500 169000 169000 164500 98917
2016.07.12    165500 165000 166000 164000 81553
2016.07.13    166500 165000 167500 165000 80193
2016.07.14    166500 166500 167000 165500 62524
2016.07.15    166000 166500 167500 165500 69810
2016.07.18    164500 165500 166500 163500 63715
2016.07.19    163500 164000 164500 162500 96136
2016.07.20    163500 163500 164500 161500 104691
2016.07.21    162500 163500 163500 162000 67332
2016.07.22    162500 162500 163500 161500 38037
2016.07.25    162500 162500 163000 161500 94531
2016.07.26    163500 162000 164000 161500 73469
2016.07.27    164500 164000 165500 162500 147167
2016.07.28    165500 165500 165500 163500 90540
2016.07.29    163500 165000 167000 163000 106421
2016.08.01    162500 163500 164500 162000 78235
2016.08.02    162500 162000 163500 162000 36462
2016.08.03    161000 162000 162500 161000 61769
2016.08.04    161500 162000 162000 161000 38259
2016.08.05    164500 161000 164500 161000 67214
2016.08.08    164000 164500 165000 161500 83673
2016.08.09    166000 164000 166000 162500 84168
2016.08.10    166500 166000 168000 165000 84313
2016.08.11    161500 161500 163000 159500 260040
2016.08.12    162000 161000 163000 160500 103755
2016.08.16    163000 163000 164000 162000 85951
2016.08.17    162000 162500 163500 161000 46855
2016.08.18    160000 162000 162000 160000 64216
2016.08.19    157000 159500 161000 157000 85489
2016.08.22    156000 157000 157500 154000 63229
2016.08.23    155000 155000 156500 155000 29443
2016.08.24    154500 155000 157500 154000 48492
2016.08.25    156000 154000 159000 154000 133098
2016.08.26    158000 156000 159000 156000 106802
2016.08.29    155000 158000 158500 154500 62919
2016.08.30    156500 155500 156500 154000 43755
2016.08.31    157500 156500 157500 155500 58360
2016.09.01    156000 157500 158000 155500 76935
2016.09.02    156500 156500 157000 154500 51245
2016.09.05    159500 157000 159500 157000 119407
2016.09.06    158500 160000 161500 157000 144635
2016.09.07    157000 159000 159000 155500 139906
2016.09.08    156500 158000 158000 156500 75719
2016.09.09    156000 156000 157500 155500 74226
2016.09.12    155500 155500 156500 154500 62993
2016.09.13    155000 156500 157000 154500 63130
2016.09.19    153500 154000 155000 152000 91149
2016.09.20    156000 153000 156500 152500 75564
2016.09.21    157000 155500 157000 154000 171456
2016.09.22    157000 157000 158000 156500 91136
2016.09.23    158000 158000 159000 157000 99881
2016.09.26    158000 159000 159000 157000 57098
2016.09.27    157000 158500 158500 155500 132216
2016.09.28    157000 157500 158000 156500 51184
2016.09.29    157000 157000 157500 156500 68512
2016.09.30    157500 156500 158000 156000 85414
2016.10.04    158000 157500 158500 157000 94050
2016.10.05    157500 157000 158000 156500 85472
2016.10.06    157000 157000 157500 155500 72391
2016.10.07    155000 155500 156500 155000 57307
2016.10.10    158000 156000 158000 156000 126114
2016.10.11    159500 159000 159500 158000 92524
2016.10.12    163000 159500 163500 159000 214463
2016.10.13    163500 163500 165500 162500 306078
2016.10.14    167000 164500 167500 164500 272583
2016.10.17    166000 166500 167500 165500 113255
2016.10.18    167000 166000 167500 165500 142043
2016.10.19    166500 167500 168000 165500 64566
2016.10.20    168000 166500 168000 162500 120883
2016.10.21    167000 168000 168500 167000 75918
2016.10.24    167500 167000 168000 166000 74618
2016.10.25    165500 167500 168500 164500 73160
2016.10.26    165500 165500 166000 162000 92077
2016.10.27    165500 166000 166000 163500 79472
2016.10.28    164500 164000 165500 163500 24428
2016.10.31    162500 162000 163500 161500 99905
2016.11.01    161500 162500 163000 160000 82556
2016.11.02    159000 160000 161000 158000 181828
2016.11.03    159000 160000 161000 158500 177646
2016.11.04    160000 160000 162500 159500 157677
2016.11.07    160500 162000 162000 159500 129089
2016.11.08    172000 169000 172500 168500 377204
2016.11.09    177500 172000 181000 172000 404844
2016.11.10    184500 180000 186000 179500 266249
2016.11.11    185000 183500 186500 179000 171060
2016.11.14    182000 185500 186500 182000 116125
2016.11.15    180000 184000 184000 179500 113854
2016.11.16    182500 178000 182500 177500 95448
2016.11.17    184500 185000 185000 180000 58030
2016.11.18    181000 182500 184000 181000 63078
2016.11.21    181000 181000 182500 179000 56496
2016.11.22    186500 182000 187500 182000 119803
2016.11.23    186500 185500 188000 185000 91578
2016.11.24    184500 185500 186000 182500 94151
2016.11.25    183000 185000 185500 182500 51745
2016.11.28    182000 183500 184000 180500 72183
2016.11.29    188000 183000 188000 182000 117155
2016.11.30    188000 189000 189500 185000 148753
2016.12.01    193500 187500 195500 187500 153594
2016.12.02    190000 194500 195500 190000 84086
2016.12.05    189500 188000 190500 187500 41806
2016.12.06    191000 192000 193000 188500 125243
2016.12.07    188000 195000 195000 186000 104684
2016.12.08    195000 188500 195000 186500 162081
2016.12.09    194500 195000 195500 191000 93029
2016.12.12    192000 195500 196000 191000 53390
2016.12.13    193500 194000 195500 191500 74742
2016.12.14    193500 192000 194000 190000 55652
2016.12.15    193000 191000 195000 190500 68251
2016.12.16    194000 191500 195000 191500 68936
2016.12.19    191000 194000 194500 190500 56669
2016.12.20    192500 191000 192500 190500 45783
2016.12.21    186000 192000 192500 182500 112389
2016.12.22    186000 185500 186000 184000 50658
2016.12.23    184500 186500 186500 182000 61297
2016.12.26    185500 184500 186000 180500 46925
2016.12.27    186500 185500 187000 183000 38920
2016.12.28    182000 183500 185000 182000 47905
2016.12.29    183000 183000 183500 181500 42579
2017.01.02    180500 184000 188500 179500 72116
2017.01.03    179500 180000 185500 179000 75322
2017.01.04    179000 181500 181500 177500 66213
2017.01.05    186500 179000 186500 179000 90211
2017.01.06    185500 186000 187500 182500 60552
2017.01.09    180000 184000 185000 180000 69357
2017.01.10    183000 179500 183500 178500 79656
2017.01.11    186500 183000 187000 182500 101671
2017.01.12    190500 186500 191500 186500 61806
2017.01.13    190500 190500 193000 189000 109423
2017.01.16    191500 190000 192000 187500 47615
2017.01.17    191500 191500 192000 189000 37096
2017.01.18    194500 190500 196000 189500 63883
2017.01.19    193500 193500 196000 192000 80266
2017.01.20    196500 194500 197500 192000 111137
2017.01.23    197500 194000 199500 194000 55678
2017.01.24    193500 196500 197000 192000 89109
2017.01.25    190000 193000 194500 188000 74648
2017.01.26    199500 195500 202000 195500 244775
2017.01.31    203000 200000 206500 199000 156215
2017.02.01    203500 203000 204500 200000 80934
2017.02.02    205000 200000 206500 200000 87971
2017.02.03    204000 206000 206500 200500 74295
2017.02.06    211500 207000 213500 205000 136058
2017.02.07    212000 213500 213500 209000 114244
2017.02.08    209000 210000 212500 207500 123929
2017.02.09    209000 207500 211500 206000 60622
2017.02.10    207500 211000 212000 205500 89289
2017.02.13    205500 209000 211000 204000 102694
2017.02.14    203000 206500 208500 201500 109279
2017.02.15    208500 201500 210500 201500 114822
2017.02.16    210500 210500 212500 208500 95780
2017.02.17    207000 210000 210500 205500 42321
2017.02.20    207000 205500 209000 203500 39999
2017.02.21    210500 208500 215000 207000 85597
2017.02.22    206500 211000 213000 205000 77738
2017.02.23    215000 208500 218000 207500 132289
2017.02.24    208500 210500 213000 206000 1262418
2017.02.27    210000 211500 212500 208000 229732
2017.02.28    208000 212500 212500 206000 136469
2017.03.02    203500 211000 211000 201500 182810
2017.03.03    203000 203500 205000 201500 139191
2017.03.06    201500 201000 203500 198500 76280
2017.03.07    204500 202000 209000 201000 71510
2017.03.08    208000 202500 211000 202500 105751
2017.03.09    205500 212000 212500 205000 134916
2017.03.10    209500 207500 214000 207000 163033
2017.03.13    208000 209500 212000 207000 69250
2017.03.14    209500 208000 210500 206000 100810
2017.03.15    210500 209500 210500 207000 128915
2017.03.16    208000 213000 214000 206000 126884
2017.03.17    214000 208500 214000 205000 117153
2017.03.20    207000 214000 214000 204500 88160
2017.03.21    199000 208500 208500 197500 278214
2017.03.22    203500 199500 205000 199000 105498
2017.03.23    200000 205500 205500 199500 71173
2017.03.24    208000 201500 208000 200500 104742
2017.03.27    211500 208000 213000 206000 87875
2017.03.28    211500 211500 213500 207000 82612
2017.03.29    210500 210500 211000 208000 75974
2017.03.30    208000 212000 213500 207000 44804
2017.03.31    205500 208000 210000 205000 144170
2017.04.03    210500 205500 210500 204500 72723
2017.04.04    210500 208000 212500 206000 45790
2017.04.05    212500 214500 214500 210000 70707
2017.04.06    214500 213500 214500 209500 73714
2017.04.07    225500 215000 226500 214500 215810
2017.04.10    224000 223500 230000 222000 125138
2017.04.11    225500 224500 234000 223500 153040
2017.04.12    235500 229000 235500 226000 142652
2017.04.13    234500 238000 238000 231000 98075
2017.04.14    232500 231500 234500 229000 44815
2017.04.17    233500 232000 238000 231000 37245
2017.04.18    234500 235000 237000 231500 67893
2017.04.19    235000 232000 236000 230500 96244
2017.04.20    236500 236000 236500 231500 89049
2017.04.21    235000 236000 237500 233500 72805
2017.04.24    235000 236000 238500 230500 81888
2017.04.25    231500 231500 235000 229500 126272
2017.04.26    238000 234000 241500 233000 88045
2017.04.27    235000 239500 240000 232500 72015
2017.04.28    230000 231500 233500 228000 128723
2017.05.02    224000 228000 230500 223500 140356
2017.05.04    228000 221000 229500 221000 134810
2017.05.08    241000 230000 241500 228000 77713
2017.05.10    233500 241000 241500 231000 133433
2017.05.11    227000 233500 235500 220500 287810
2017.05.12    227500 227000 229500 225000 115804
2017.05.15    223500 228000 228000 221000 189409
2017.05.16    228500 225500 228500 224500 95914
2017.05.17    228500 227500 229000 225000 70521
2017.05.18    227500 227500 229000 222000 102751
2017.05.19    227000 228000 229000 225000 53917
2017.05.22    226000 229000 229000 221000 116980
2017.05.23    226000 224000 228500 223500 63293
2017.05.24    229500 229000 231000 226500 69005
2017.05.25    231000 229500 232500 226000 109999
2017.05.26    229500 230000 233500 227500 77916
2017.05.29    235500 231000 237000 230000 91933
2017.05.30    239000 236000 241000 234000 105530
2017.05.31    243000 239000 243500 238500 201944
2017.06.01    244000 244000 248500 241000 103830
2017.06.02    251000 244000 252500 243500 134619
2017.06.05    252500 253500 259500 250500 114739
2017.06.07    250500 251000 252500 248000 144276
2017.06.08    243500 248000 249000 242500 129641
2017.06.09    242500 244000 244500 237500 114067
2017.06.12    237000 243000 243000 235500 64682
2017.06.13    239500 238000 240000 238000 64505
2017.06.14    237000 239000 240000 234500 129272
2017.06.15    232000 234500 237500 230000 87767
2017.06.16    231000 231500 232000 228500 91834
2017.06.19    228000 231000 232500 226000 64814
2017.06.20    227500 228500 231000 226000 64330
2017.06.21    223500 225500 226000 219000 113188
2017.06.22    220500 223500 228000 220000 118640
2017.06.23    219500 221000 221500 216500 168331
2017.06.26    220500 221500 223000 217500 68035
2017.06.27    229500 222000 231500 221000 162241
2017.06.28    229500 231500 232000 227500 73263
2017.06.29    236500 230500 236500 229500 137859
2017.06.30    234500 235000 236000 231500 76712
2017.07.03    233500 236500 236500 230500 43294
2017.07.04    226000 233500 235000 226000 65174
2017.07.05    227500 225500 229000 221500 66392
2017.07.06    236500 228500 238000 224000 102894
2017.07.07    232000 235500 236500 230500 80175
2017.07.10    238500 232500 241500 232000 137877
2017.07.11    243000 243500 251000 242000 185072
2017.07.12    233500 243000 246000 232500 114169
2017.07.13    235000 237000 239500 233500 81199
2017.07.14    244000 237500 247000 236500 72628
2017.07.17    238000 245000 245000 231000 154756
2017.07.18    238000 238000 238500 234000 68560
2017.07.19    238500 239000 240500 237000 48659
2017.07.20    235000 240000 240500 233500 47076
2017.07.21    236500 234000 237000 233500 58210
2017.07.24    243000 238500 244500 236000 86101
2017.07.25    242500 243000 245500 241500 74744
2017.07.26    246500 245000 249500 243000 51847
2017.07.27    243500 243000 245500 240000 62567
2017.07.28    250000 242000 258000 242000 121293
2017.07.31    254000 250000 260000 249500 88945
2017.08.01    251500 251500 258000 248000 80705
2017.08.02    251500 251500 254000 248500 45920
2017.08.03    245000 249000 251000 243000 64590
2017.08.04    242000 242000 246000 241000 76683
2017.08.07   247500 242000 252500 242000 73233
2017.08.08   242500 246000 247000 241500 56616
2017.08.09   243500 240000 245500 239500 37698
2017.08.10   243500 241500 246500 241500 68247
2017.08.11   242000 240000 243500 237500 93560
2017.08.14  233000 241500 245500 231000 124521
2017.08.16  232000 233500 233500 228500 80913
2017.08.17  231000 230000 232000 229500 75625
2017.08.18  232000 229500 232000 229500 55863
2017.08.21  222000 232500 233500 221000 150418
2017.08.22  225000 222500 226000 222000 151294
2017.08.23  227000 227500 229000 225000 87560
2017.08.24  230000 228000 231000 226000 106296
2017.08.25  231500 234000 234000 228500 142834
2017.08.28  226500 231500 233000 226000 76890
