2012.05.04  21700 25500 26000 21700 4227703
2012.05.07  20700 20400 21150 19450 2234462
2012.05.08  21400 21700 22050 20650 1577824
2012.05.09  20000 20700 21100 19850 945514
2012.05.10  19750 20200 20400 19600 610510
2012.05.11  18950 20000 20100 18050 1075264
2012.05.14  18150 18850 19150 17550 506746
2012.05.15  18700 18100 19650 18000 819376
2012.05.16  17300 19000 19300 17250 481359
2012.05.17  17300 17600 17950 17200 318253
2012.05.18  16550 16600 17250 16500 324027
2012.05.21  16300 16600 17100 16000 407938
2012.05.22  17300 16600 17350 16200 444750
2012.05.23  16400 17200 17200 16350 341305
2012.05.24  16150 16850 17150 16150 372346
2012.05.25  15850 16350 16500 15750 326983
2012.05.29  15800 15800 16250 15550 395550
2012.05.30  15500 15950 16050 15150 367147
2012.05.31  15600 15200 15850 15100 311741
2012.06.01  15400 15550 16150 15400 315843
2012.06.04  13950 14500 14800 13850 383278
2012.06.05  13450 14300 14300 13450 336732
2012.06.07  13800 13800 14150 13500 351820
2012.06.08  12950 13850 13950 12900 344401
2012.06.11  13500 13200 13650 12950 252813
2012.06.12  13600 13150 13700 13100 177176
2012.06.13  14750 13900 15550 13850 1375651
2012.06.14  14400 14550 15000 14100 377086
2012.06.15  14000 14500 14650 14000 218844
2012.06.18  14800 14350 15250 14200 448462
2012.06.19  15600 14850 15750 14700 650243
2012.06.20  15200 15800 16000 15200 343617
2012.06.21  15700 15350 15700 14900 324253
2012.06.22  15500 15400 15600 15100 262292
2012.06.25  14750 15500 15650 14750 300499
2012.06.26  14050 14700 14750 14050 215799
2012.06.27  13800 14200 14250 13500 189451
2012.06.28  14050 13900 14100 13700 113963
2012.06.29  14400 14200 14900 13900 283988
2012.07.02  14200 14450 14500 14150 103032
2012.07.03  14500 14250 14700 14100 152364
2012.07.04  15100 14650 15150 14500 372419
2012.07.05  14700 15100 15400 14700 199782
2012.07.06  14700 14750 14800 14350 171296
2012.07.09  14500 14600 15050 14500 112940
2012.07.10  13900 14500 14700 13900 169316
2012.07.11  13450 13750 14000 13400 109722
2012.07.12  13350 13650 13950 13300 140278
2012.07.13  13600 13500 13650 12550 191643
2012.07.16  13250 13700 13850 13200 81413
2012.07.17  13050 13150 13400 12850 83169
2012.07.18  12100 13150 13200 11950 271040
2012.07.19  12500 12250 12550 12050 189849
2012.07.20  13000 12600 13400 12550 230568
2012.07.23  12700 12650 13000 12600 126423
2012.07.24  12950 12450 13000 12450 121317
2012.07.25  12700 12600 13100 12600 130967
2012.07.26  13100 12750 13250 12750 124839
2012.07.27  13250 13250 13350 13050 130170
2012.07.30  12850 13300 13400 12850 92425
2012.07.31  12800 12950 12950 12700 101140
2012.08.01  12600 12800 12850 12500 61508
2012.08.02  12150 12600 12850 12150 281947
2012.08.03  12050 12050 12400 11950 118260
2012.08.06  12000 12200 12300 12000 126536
2012.08.07  11850 12100 12100 11500 207593
2012.08.08  11600 12000 12050 11600 184350
2012.08.09  11950 11650 11950 11600 165391
2012.08.10  12100 11950 12450 11850 432160
2012.08.13  12100 12300 12300 12050 105335
2012.08.14  12450 12100 12450 12000 226138
2012.08.16  12500 12400 12600 12350 192094
2012.08.17  12200 12550 12700 12200 260525
2012.08.20  11600 12200 12300 11600 349027
2012.08.21  11650 11700 11900 11550 286036
2012.08.22  12000 11650 12050 11500 223282
2012.08.23  11900 12050 12150 11850 173866
2012.08.24  11750 11850 11900 11600 122892
2012.08.27  11200 11650 11750 11150 198852
2012.08.28  11800 11250 11850 11200 258365
2012.08.29  11700 11700 12000 11600 208606
2012.08.30  11500 11800 11800 11450 106301
2012.08.31  12250 11400 12400 11350 391667
2012.09.03  12400 12300 12450 11950 243704
2012.09.04  12100 12350 12500 12100 205717
2012.09.05  11950 12000 12400 11900 176811
2012.09.06  12550 12000 12600 11900 308215
2012.09.07  12450 12750 12850 12400 344289
2012.09.10  12450 12650 12700 12300 186998
2012.09.11  13000 12650 13200 12550 821463
2012.09.12  13050 13000 13150 12750 389885
2012.09.13  13250 13200 13350 12800 349645
2012.09.14  13500 13450 13700 13100 513305
2012.09.17  14050 13500 14150 13250 518584
2012.09.18  14100 14000 14650 13850 634928
2012.09.19  14000 14100 14150 13750 270920
2012.09.20  14400 14150 14550 13850 485994
2012.09.21  14050 14550 14550 13950 294761
2012.09.24  13400 14050 14200 13250 321505
2012.09.25  13350 13400 13850 13300 250990
2012.09.26  13800 13350 13950 13200 266517
2012.09.27  14150 13700 14250 13550 323546
2012.09.28  13950 14200 14250 13900 170509
2012.10.02  13850 14000 14250 13550 169974
2012.10.04  12900 13850 14050 12900 366202
2012.10.05  13350 13250 13650 13050 335237
2012.10.08  14100 13450 14100 13050 498342
2012.10.09  14450 14300 14550 14150 454022
2012.10.10  14500 14350 15000 14150 579400
2012.10.11  15200 14550 15500 14500 729433
2012.10.12  14950 15200 15350 14750 398472
2012.10.15  15600 15200 15700 14900 692875
2012.10.16  15850 15750 15850 15250 367623
2012.10.17  15700 15700 16250 15550 439218
2012.10.18  14750 15850 16100 14700 513064
2012.10.19  14800 14750 15150 14450 276363
2012.10.22  15650 14350 15650 14150 445087
2012.10.23  16350 15700 16600 15500 760848
2012.10.24  16650 16250 16800 16200 648078
2012.10.25  16000 16650 16650 15950 424582
2012.10.26  15350 16050 16150 15100 401947
2012.10.29  15400 15350 15800 15050 295053
2012.10.30  13500 15300 15400 13500 827687
2012.10.31  12950 13750 14100 12550 772543
2012.11.01  13550 13200 13550 12900 356200
2012.11.02  13150 13800 13800 12950 305666
2012.11.05  12350 12950 13050 12250 458065
2012.11.06  12800 12350 12950 12150 308981
2012.11.07  12550 12750 12750 12350 176496
2012.11.08  12600 12250 12750 12200 164631
2012.11.09  12850 12500 13150 12350 304689
2012.11.12  12700 13000 13200 12700 260557
2012.11.13  11750 12700 12850 11700 391609
2012.11.14  11400 11850 12350 11300 285472
2012.11.15  11400 11400 11700 11150 197292
2012.11.16  10200 11250 11500 9990 524758
2012.11.19  10500 10300 10500 10200 374555
2012.11.20  10700 10550 10750 10200 360615
2012.11.21  10250 10750 10800 10150 250697
2012.11.22  11250 10350 11500 10300 640029
2012.11.23  11350 11250 11600 10800 455319
2012.11.26  11500 11350 11700 11100 209461
2012.11.27  11550 11650 11750 11350 221690
2012.11.28  11450 11450 11550 11300 98258
2012.11.29  11800 11500 12100 11450 263106
2012.11.30  11350 11600 11950 11350 159050
2012.12.03  11450 11400 11700 11300 108209
2012.12.04  11850 11450 11950 11400 190731
2012.12.05  12050 11850 12200 11750 269090
2012.12.06  11800 12150 12200 11800 177658
2012.12.07  12300 12000 12650 12000 578346
2012.12.10  12500 12650 12650 12250 268741
2012.12.11  12600 12600 12750 12350 198475
2012.12.12  12350 12550 12700 12300 130822
2012.12.13  12550 12300 12550 12100 161016
2012.12.14  12950 12800 13350 12750 472012
2012.12.17  12850 13050 13100 12650 172233
2012.12.18  12850 13050 13150 12800 122581
2012.12.20  12550 13000 13050 12450 191416
2012.12.21  12050 12450 12700 11950 271106
2012.12.24  12250 12100 12550 12100 122329
2012.12.26  11750 12400 12500 11750 165370
2012.12.27  12100 11750 12100 11750 150512
2012.12.28  12500 12150 12550 12100 152106
2013.01.02  12750 12750 12800 12500 136248
2013.01.03  14350 12750 14650 12750 1268497
2013.01.04  14000 14200 14300 13750 416003
2013.01.07  14400 14250 14700 14200 409823
2013.01.08  15000 14600 15450 14550 630443
2013.01.09  15300 15200 15600 14750 437117
2013.01.10  15950 15500 15950 15350 300247
2013.01.11  16150 15800 16150 15500 365452
2013.01.14  15700 16200 16200 15600 243574
2013.01.15  15400 15800 16050 14900 497226
2013.01.16  15150 15400 15600 15100 208369
2013.01.17  15600 15300 15700 15000 182638
2013.01.18  15500 15700 15950 15300 161823
2013.01.21  15350 15800 15800 15150 190937
2013.01.22  15250 15250 15300 14750 266454
2013.01.23  16150 15450 16450 15350 566534
2013.01.24  15900 16050 16200 15700 248303
2013.01.25  15800 16300 16650 15800 365509
2013.01.28  15200 15800 15850 15100 228363
2013.01.29  14900 15300 15500 14900 189418
2013.01.30  14050 15050 15100 13900 550956
2013.01.31  14600 14300 14750 14250 312831
2013.02.01  14800 14650 14800 14150 184944
2013.02.04  14300 14800 15050 14300 141422
2013.02.05  16100 14650 16200 14600 1033234
2013.02.06  16400 16000 16400 15800 578092
2013.02.07  16750 16750 17200 16550 968763
2013.02.08  17000 16750 17100 16400 327594
2013.02.12  16900 17050 17250 16700 209097
2013.02.13  17100 17050 17450 16850 366968
2013.02.14  17250 17300 17350 16850 249878
2013.02.15  16750 17250 17250 16700 334448
2013.02.18  17150 16850 17600 16750 559408
2013.02.19  17550 17150 17600 16800 481539
2013.02.20  17250 17750 17850 17250 364753
2013.02.21  16700 17100 17400 16600 396057
2013.02.22  16800 16750 17200 16550 317677
2013.02.25  16750 17100 17100 16700 204866
2013.02.26  17300 16550 17300 16550 230312
2013.02.27  17000 17400 17650 17000 211461
2013.02.28  17650 17450 17800 17350 428429
2013.03.04  18300 17800 18350 17500 598259
2013.03.05  18350 18550 18650 18150 298990
2013.03.06  18000 18300 18400 17800 304753
2013.03.07  18000 17950 18350 17700 235566
2013.03.08  17900 18100 18200 17600 200042
2013.03.11  17700 17850 18000 17200 242474
2013.03.12  17700 17900 18250 17700 176917
2013.03.13  18350 17850 18550 17850 322004
2013.03.14  18500 18450 18500 17900 200281
2013.03.15  18600 18600 19000 18450 317454
2013.03.18  17350 18500 18800 17300 255102
2013.03.19  18300 17500 18350 17450 256899
2013.03.20  17850 18300 18550 17750 151107
2013.03.21  17700 18200 18250 17700 102337
2013.03.22  18550 17800 18550 17550 242357
2013.03.25  19200 18700 19200 18350 355353
2013.03.26  19150 19050 19300 18850 209449
2013.03.27  18850 19150 19200 18700 127528
2013.03.28  18850 18850 19200 18700 115149
2013.03.29  19300 19000 19650 18900 298243
2013.04.01  18900 19300 19300 18800 137718
2013.04.02  18800 19000 19050 18550 188580
2013.04.03  19300 18950 19650 18750 356649
2013.04.04  18850 19100 19250 18300 277930
2013.04.05  18500 18800 18900 17950 324593
2013.04.08  16900 18400 18650 16800 537996
2013.04.09  17400 16800 17650 16150 378065
2013.04.10  17650 17500 17950 17050 144375
2013.04.11  18150 18000 18200 17550 218601
2013.04.12  17800 18300 18550 17800 158921
2013.04.15  17800 17750 18250 17750 170018
2013.04.16  18200 17400 18300 17400 167846
2013.04.17  17750 18350 18350 17750 231966
2013.04.18  18050 17600 18200 17600 214512
2013.04.19  17150 18000 18250 16750 333504
2013.04.22  17150 17150 17400 16900 207094
2013.04.23  17550 17300 17750 17150 221817
2013.04.24  18000 17950 18400 17800 426193
2013.04.25  18150 17850 18150 17500 290974
2013.04.26  18800 18300 19000 18150 532450
2013.04.29  19200 18950 19350 18550 369723
2013.04.30  18550 19100 19300 18250 412924
2013.05.02  18850 19000 19250 18700 349204
2013.05.03  19000 19000 19350 18850 249185
2013.05.06  19600 19000 19700 19000 638446
2013.05.07  20300 19950 20450 19950 893827
2013.05.08  20300 20400 20500 20100 275322
2013.05.09  20250 20400 20450 19850 259708
2013.05.10  20100 20200 21000 19950 335316
2013.05.13  19750 20150 20200 19500 247216
2013.05.14  19400 20000 20250 18800 397694
2013.05.15  19950 19400 20050 19200 288757
2013.05.16  19650 20350 20400 19500 242918
2013.05.20  19850 19600 19950 19250 205171
2013.05.21  20100 19950 20250 19650 180774
2013.05.22  19850 20100 20350 19850 153255
2013.05.23  19350 19900 20200 19350 194484
2013.05.24  19100 19400 19550 18750 246580
2013.05.27  19400 19150 19500 18950 136389
2013.05.28  19950 19650 20300 19600 308042
2013.05.29  20050 20150 20200 19750 206024
2013.05.30  19850 19950 20050 19750 127912
2013.05.31  19550 20100 20100 18950 236794
2013.06.03  18950 19500 19500 18900 165084
2013.06.04  17950 19100 19200 17700 407745
2013.06.05  16900 17750 17950 16750 395821
2013.06.07  16450 17100 17200 15600 462310
2013.06.10  17900 16400 17900 16400 290943
2013.06.11  17900 17700 18000 17450 143243
2013.06.12  18150 17600 18800 17600 291816
2013.06.13  18250 18450 18650 17900 166847
2013.06.14  18250 18500 18650 18000 123737
2013.06.17  17800 18300 18550 17200 154869
2013.06.18  18400 18000 18450 17550 143080
2013.06.19  18000 18400 18600 18000 91872
2013.06.20  17400 17500 18150 17250 224008
2013.06.21  17550 17000 17550 16650 146261
2013.06.24  16650 17500 17650 16600 198693
2013.06.25  14800 16500 16800 14600 528728
2013.06.26  15250 15300 15500 14700 310922
2013.06.27  16250 15650 16450 15550 318854
2013.06.28  16100 16350 16500 15950 231841
2013.07.01  16650 16000 16800 16000 174151
2013.07.02  16900 17000 17150 16650 218801
2013.07.03  15850 16750 17050 15750 476814
2013.07.04  15800 16050 16150 15100 307535
2013.07.05  15450 16000 16150 15400 175104
2013.07.08  14900 15400 15800 14900 249447
2013.07.09  15900 15200 15900 15000 229546
2013.07.10  15750 15950 16300 15750 184915
2013.07.11  16300 16100 16350 16000 151452
2013.07.12  16750 16450 16750 16050 225926
2013.07.15  16850 17000 17100 16650 179832
2013.07.16  16700 16800 16950 16600 166429
2013.07.17  16900 16800 17000 16500 134157
2013.07.18  16500 16900 17050 16500 169258
2013.07.19  15900 16600 16600 15700 267096
2013.07.22  15400 15900 16100 15300 318455
2013.07.23  15500 15450 15650 15400 206177
2013.07.24  15600 15700 15700 15350 145305
2013.07.25  15000 15400 15450 14900 402404
2013.07.26  15500 15200 15700 14950 286154
2013.07.29  15200 15500 15650 15100 157841
2013.07.30  15450 15350 15600 15150 188793
2013.07.31  15250 15400 15550 15100 169369
2013.08.01  16050 15350 16200 15350 457353
2013.08.02  15800 16150 16200 15700 178686
2013.08.05  15900 15850 16050 15600 102729
2013.08.06  15950 15850 16100 15800 203508
2013.08.07  15350 15900 16250 15300 462002
2013.08.08  15200 15400 15550 15100 345693
2013.08.09  15400 15300 15500 15150 387693
2013.08.12  16450 15800 16550 15750 951221
2013.08.13  15950 16300 16450 15700 556447
2013.08.14  15950 15900 16150 15650 314401
2013.08.16  15650 15550 15850 15400 262064
2013.08.19  15400 15550 15800 15400 185068
2013.08.20  15450 15450 16200 15300 392662
2013.08.21  14650 15600 15700 14200 595982
2013.08.22  13650 14250 14450 13400 515333
2013.08.23  13950 13900 14200 13800 260417
2013.08.26  14150 14000 14250 13950 130397
2013.08.27  13450 14000 14300 13250 223968
2013.08.28  13250 13050 13350 12950 266424
2013.08.29  13350 13350 13650 13300 136947
2013.08.30  13100 13400 13450 13000 132006
2013.09.02  13800 13150 14050 13150 359710
2013.09.03  14000 14000 14250 13950 241990
2013.09.04  13400 14050 14050 13350 261651
2013.09.05  13650 13500 13750 13300 208353
2013.09.06  13500 13750 13800 13450 161573
2013.09.09  13500 13650 13650 13400 110839
2013.09.10  13550 13600 13700 13450 126197
2013.09.11  13900 13650 14050 13650 206320
2013.09.12  13350 14000 14050 13250 365212
2013.09.13  13100 13350 13350 13050 209388
2013.09.16  12700 13150 13250 12650 230355
2013.09.17  12700 12700 13050 12650 221316
2013.09.23  12100 12700 12800 12050 399464
2013.09.24  12150 12000 12500 12000 264323
2013.09.25  11800 12200 12250 11600 312972
2013.09.26  12350 11800 12350 11700 264295
2013.09.27  12550 12600 12650 12300 179705
2013.09.30  12450 12450 12700 12350 151848
2013.10.01  12100 12350 12400 11900 200761
2013.10.02  12350 12200 12400 12100 99191
2013.10.04  12250 12250 12500 12100 127796
2013.10.07  13000 12450 13250 12400 735524
2013.10.08  13100 12950 13150 12600 336308
2013.10.10  13000 13300 13500 13000 311293
2013.10.11  13050 13200 13300 12950 168273
2013.10.14  12900 13150 13350 12800 181434
2013.10.15  12950 13000 13050 12750 119420
2013.10.16  12700 12850 13300 12650 250233
2013.10.17  12200 12800 12950 12050 220391
2013.10.18  12350 12200 12550 12050 138267
2013.10.21  12600 12550 12800 12350 159473
2013.10.22  12800 12500 12800 12500 75530
2013.10.23  12500 12800 12950 12500 120141
2013.10.24  12850 12500 12850 12450 83089
2013.10.25  12650 12900 12900 12500 119906
2013.10.28  13150 12750 13150 12750 239887
2013.10.29  13000 13100 13200 12850 152033
2013.10.30  13000 13100 13100 12700 156598
2013.10.31  12700 12900 13000 12700 123732
2013.11.01  13000 12700 13050 12650 140804
2013.11.04  13550 13100 13800 13100 578833
2013.11.05  13500 13550 13650 13200 277412
2013.11.06  13550 13550 13800 13450 249928
2013.11.07  13450 13650 13900 13300 282677
2013.11.08  12950 13300 13650 12900 245563
2013.11.11  11950 13050 13150 11900 385693
2013.11.12  12250 11950 12350 11950 121678
2013.11.13  11700 12100 12200 11700 253729
2013.11.14  12150 11900 12150 11800 145999
2013.11.15  11850 12100 12150 11700 254706
2013.11.18  11050 11900 11900 10950 366979
2013.11.19  11250 11000 11350 11000 148596
2013.11.20  10800 11250 11350 10800 141063
2013.11.21  10450 10800 10900 10350 229628
2013.11.22  10500 10550 10700 10450 119542
2013.11.25  11050 10550 11100 10500 157550
2013.11.26  11200 10950 11350 10800 140688
2013.11.27  11100 11300 11300 11000 85495
2013.11.28  11300 11150 11350 11050 120315
2013.11.29  11150 11350 11350 11050 93498
2013.12.02  10600 11100 11150 10600 167093
2013.12.03  10650 10550 10850 10500 115401
2013.12.04  10750 10550 10800 10500 96512
2013.12.05  10900 10650 11000 10650 107549
2013.12.06  11350 10900 11500 10800 348514
2013.12.09  11100 11350 11450 11050 96687
2013.12.10  11150 11300 11500 11000 172476
2013.12.11  10800 11150 11250 10750 135500
2013.12.12  10950 10700 11100 10650 88865
2013.12.13  10900 10950 11050 10600 76142
2013.12.16  10500 10950 10950 10400 117963
2013.12.17  10450 10550 10750 10350 95851
2013.12.18  9820 10350 10450 9610 353976
2013.12.19  10100 9900 10250 9850 192849
2013.12.20  10400 10100 10400 9990 102138
2013.12.23  10350 10350 10600 10350 86839
2013.12.24  10200 10450 10450 9980 142271
2013.12.26  10250 10300 10400 10200 67909
2013.12.27  10800 10350 10850 10300 175206
2013.12.30  11300 10900 11300 10850 211771
2014.01.02  10900 11250 11250 10700 213690
2014.01.03  11000 10850 11100 10750 96198
2014.01.06  10950 11100 11200 10850 114074
2014.01.07  11050 10900 11050 10700 97554
2014.01.08  10750 11100 11100 10650 194734
2014.01.09  10600 10750 10900 10500 142044
2014.01.10  10750 10600 10850 10550 89279
2014.01.13  10400 10750 10800 10400 152198
2014.01.14  10200 10300 10350 10050 187403
2014.01.15  10200 10300 10300 10050 116174
2014.01.16  10550 10200 10650 10200 206512
2014.01.17  10700 10600 10850 10500 219916
2014.01.20  10700 10800 10950 10650 97945
2014.01.21  10950 10700 10950 10450 222893
2014.01.22  10800 10900 10950 10700 102529
2014.01.23  11050 10850 11400 10800 565385
2014.01.24  11200 11000 11200 10750 208013
2014.01.27  10700 10850 11050 10650 187637
2014.01.28  10500 10700 10700 10400 132544
2014.01.29  10500 10600 10650 10500 97822
2014.02.03  10500 10400 10650 10350 113748
2014.02.04  10150 10250 10300 10100 160999
2014.02.05  9950 10250 10300 9930 236592
2014.02.06  9950 10000 10100 9930 113061
2014.02.07  9980 10100 10150 9960 86433
2014.02.10  10550 10100 10600 10100 258455
2014.02.11  10450 10550 10600 10250 137235
2014.02.12  10250 10500 10550 10200 143557
2014.02.13  10300 10300 10450 10200 119506
2014.02.14  10400 10350 10550 10300 155252
2014.02.17  10300 10450 10600 10250 167483
2014.02.18  10250 10300 10350 10150 104754
2014.02.19  10200 10300 10350 10100 92850
2014.02.20  10150 10150 10250 10050 103938
2014.02.21  10300 10150 10350 10150 88516
2014.02.24  10600 10300 10700 10300 266825
2014.02.25  10950 10600 10950 10500 316390
2014.02.26  11100 10950 11100 10750 222235
2014.02.27  11150 11050 11150 10900 233048
2014.02.28  11000 11150 11750 10900 668298
2014.03.03  11350 11150 11550 11100 299364
2014.03.04  11050 11200 11350 10950 213571
2014.03.05  11050 11200 11250 10900 166491
2014.03.06  11550 11100 11600 11000 243582
2014.03.07  11250 11550 11600 11200 154862
2014.03.10  11300 11400 11400 10850 349339
2014.03.11  11050 11200 11300 11050 108228
2014.03.12  10900 11000 11100 10800 125439
2014.03.13  11150 10950 11250 10900 125702
2014.03.14  11000 11050 11250 10950 122636
2014.03.17  10500 11000 11200 10500 184009
2014.03.18  10700 10700 10800 10500 89296
2014.03.19  10550 10800 10800 10450 92368
2014.03.20  10300 10650 10650 10300 92264
2014.03.21  10550 10400 10700 10400 78335
2014.03.24  10750 10550 10850 10450 73344
2014.03.25  10750 10750 10750 10500 84359
2014.03.26  10700 10900 11100 10700 127000
2014.03.27  10750 10700 10800 10550 85934
2014.03.28  11500 11050 11650 11050 669488
2014.03.31  11550 11600 11650 11350 287448
2014.04.01  11400 11650 11850 11350 323102
2014.04.02  11750 11450 11750 11300 239776
2014.04.03  11500 11750 11900 11500 241254
2014.04.04  11600 11450 11600 11400 139330
2014.04.07  11450 11450 11550 11300 108868
2014.04.08  11850 11400 12050 11350 371995
2014.04.09  11900 11850 12150 11750 269479
2014.04.10  11750 11950 12000 11700 157444
2014.04.11  11900 11500 12250 11400 466337
2014.04.14  11750 11800 12000 11650 147313
2014.04.15  11750 11900 12050 11750 163988
2014.04.16  11550 11900 11900 11450 190858
2014.04.17  11300 11600 11650 11250 151449
2014.04.18  12150 11300 12200 11300 412272
2014.04.21  11900 12200 12200 11850 206835
2014.04.22  11850 11900 12100 11750 130174
2014.04.23  11700 11900 12050 11450 235039
2014.04.24  11400 11700 11750 11200 154605
2014.04.25  11400 11350 11450 11200 110180
2014.04.28  11300 11300 11700 11300 119748
2014.04.29  10850 11450 11450 10850 196740
2014.04.30  11050 10850 11150 10700 115158
2014.05.02  11050 11100 11250 10950 85737
2014.05.07  10700 11000 11150 10600 102759
2014.05.08  10550 10650 10800 10450 100137
2014.05.09  10600 10450 10800 10450 47148
2014.05.12  10600 10600 10750 10450 42403
2014.05.13  10900 10750 11000 10700 66550
2014.05.14  11000 10900 11050 10700 49009
2014.05.15  10800 11000 11050 10700 87851
2014.05.16  10400 10750 10750 10350 127724
2014.05.19  9910 10550 10550 9900 274601
2014.05.20  9550 10000 10000 9500 148318
2014.05.21  9800 9550 9880 9550 62330
2014.05.22  9900 9740 9980 9740 40142
2014.05.23  9800 9930 10000 9800 47121
2014.05.26  9650 9890 9890 9640 72659
2014.05.27  9220 9650 9700 8840 200730
2014.05.28  9130 9140 9460 9130 71027
2014.05.29  9250 9200 9280 9120 34774
2014.05.30  8840 9240 9300 8720 103953
2014.06.02  8500 8840 8860 8400 142264
2014.06.03  8540 8410 8750 8410 78968
2014.06.05  8220 8570 8620 8130 86630
2014.06.09  8280 8230 8370 8200 35236
2014.06.10  8580 8260 8590 8260 39101
2014.06.11  8600 8700 8740 8580 34252
2014.06.12  8730 8570 8750 8520 31652
2014.06.13  8760 8730 8800 8610 27293
2014.06.16  8660 8840 8850 8650 28043
2014.06.17  8570 8750 8750 8530 43609
2014.06.18  8580 8590 8600 8470 46290
2014.06.19  8510 8600 8600 8430 38641
2014.06.20  8330 8510 8510 8330 51074
2014.06.23  8350 8400 8480 8210 55880
2014.06.24  8290 8320 8480 8060 39391
2014.06.25  8000 8200 8290 8000 101913
2014.06.26  8010 8020 8170 8000 68706
2014.06.27  7980 8030 8120 7920 138467
2014.06.30  8010 8000 8090 7990 40502
2014.07.01  8100 8120 8310 8070 137692
2014.07.02  8210 8190 8370 8100 204506
2014.07.03  8260 8310 8440 8260 102108
2014.07.04  8250 8380 8380 8190 64292
2014.07.07  8110 8280 8300 8090 65158
2014.07.08  8050 8080 8150 7970 70719
2014.07.09  8130 8010 8190 8000 71124
2014.07.10  8160 8170 8290 8120 76113
2014.07.11  7830 8140 8150 7830 138619
2014.07.14  7830 7850 8010 7820 72812
2014.07.15  7490 7740 7910 7490 187246
2014.07.16  7510 7480 7640 7420 116924
2014.07.17  7740 7580 8000 7540 158405
2014.07.18  8020 7740 8060 7740 153915
2014.07.21  8040 8140 8170 8000 107388
2014.07.22  8630 8140 8770 8100 292414
2014.07.23  9460 8750 9730 8750 958622
2014.07.24  9540 9600 9900 9330 508466
2014.07.25  9750 9500 9970 9500 451649
2014.07.28  9800 9760 10050 9670 326221
2014.07.29  9350 9760 9840 9200 179320
2014.07.30  9560 9380 9630 9040 172412
2014.07.31  9840 9660 9840 9250 146508
2014.08.01  9900 9600 10050 9600 215350
2014.08.04  10200 10150 10500 10100 350175
2014.08.05  10050 10050 10200 9970 186355
2014.08.06  10300 10200 10400 10050 327091
2014.08.07  10600 10500 10700 10300 333732
2014.08.08  10550 10650 10700 10300 199515
2014.08.11  10350 10600 10700 10200 186728
2014.08.12  10000 10450 10450 9990 168237
2014.08.13  10000 10100 10200 9940 174277
2014.08.14  10200 10150 10400 10050 201488
2014.08.18  11000 10400 11100 10250 646444
2014.08.19  11550 11000 11550 10800 525314
2014.08.20  11850 11750 12200 11650 670955
2014.08.21  12250 11950 12400 11800 431115
2014.08.22  12400 12400 12550 11950 435751
2014.08.25  12450 12500 12600 11900 354430
2014.08.26  12550 12450 12600 12250 208528
2014.08.27  12450 12750 12750 12350 198558
2014.08.28  12400 12450 12450 12000 202339
2014.08.29  12350 12400 12600 12250 148821
2014.09.01  11800 12500 12500 11750 333408
2014.09.02  12100 11800 12350 11800 213443
2014.09.03  11750 12300 12500 11750 202368
2014.09.04  12800 11950 12850 11950 402413
2014.09.05  12850 12900 13200 12600 320186
2014.09.11  12700 12850 13000 12600 162280
2014.09.12  12400 13000 13000 12250 205287
2014.09.15  12100 12250 12450 11700 294946
2014.09.16  12050 12000 12250 11750 174875
2014.09.17  12100 12100 12300 11900 138884
2014.09.18  11750 12150 12200 11700 149043
2014.09.19  12050 11900 12050 11750 125314
2014.09.22  11550 12050 12150 11550 171101
2014.09.23  11500 11450 11600 11000 221128
2014.09.24  12050 11600 12300 11500 295084
2014.09.25  12000 12100 12200 11800 170324
2014.09.26  11850 11900 12250 11650 97385
2014.09.29  11750 12150 12150 11600 115045
2014.09.30  11850 11750 11950 11650 98332
2014.10.01  11450 11700 11800 11200 256121
2014.10.02  12200 11550 12400 11550 399885
2014.10.06  12300 12150 12300 11750 156384
2014.10.07  12600 12250 12950 12150 495943
2014.10.08  13000 12550 13150 12450 402617
2014.10.10  12450 13050 13050 12400 205623
2014.10.13  11700 12200 12300 11350 440118
2014.10.14  11750 11700 12000 11550 221918
2014.10.15  11650 11700 11800 11450 198172
2014.10.16  11700 11450 11800 11150 204755
2014.10.17  11700 11700 11900 11400 187838
2014.10.20  12350 11850 12400 11600 246229
2014.10.21  12450 12250 12600 12100 252283
2014.10.22  12550 12600 12650 12400 184597
2014.10.23  13300 12450 13400 12450 648847
2014.10.24  13550 13350 13700 13300 432862
2014.10.27  13400 13700 13800 13200 235036
2014.10.28  13250 13400 13700 13250 226325
2014.10.29  13750 13450 14000 13300 483313
2014.10.30  13300 13850 13850 13200 289031
2014.10.31  13350 13450 13450 13200 148997
2014.11.03  13050 13450 13500 12800 217975
2014.11.04  12650 13000 13250 12400 273691
2014.11.05  12750 12800 13000 12500 178563
2014.11.06  13050 12950 13400 12650 354376
2014.11.07  13200 13100 13350 12900 240295
2014.11.10  12500 13300 13600 12400 345407
2014.11.11  11950 12450 12650 11950 345261
2014.11.12  12700 12150 12700 11850 301528
2014.11.13  12450 12750 12750 12400 120929
2014.11.14  12250 12500 12550 11900 174230
2014.11.17  11600 12050 12150 11300 370486
2014.11.18  11800 11600 12050 11500 186931
2014.11.19  10700 11900 12000 10100 1618680
2014.11.20  10250 10950 11000 10250 506867
2014.11.21  10500 10350 10850 10250 400682
2014.11.24  10750 10450 10850 10300 265561
2014.11.25  10650 10850 10850 10500 183641
2014.11.26  11000 10800 11300 10700 324420
2014.11.27  10600 11100 11200 10550 231214
2014.11.28  10850 10700 10950 10600 110956
2014.12.01  10400 10950 10950 10350 214337
2014.12.02  10900 10350 11050 10300 225871
2014.12.03  10900 10800 11050 10700 124451
2014.12.04  10850 11050 11350 10800 274995
2014.12.05  10500 10750 10950 10450 255532
2014.12.08  10650 10550 10750 10400 139283
2014.12.09  10650 10600 10950 10550 157622
2014.12.10  10350 10700 10750 10300 138697
2014.12.11  9780 10300 10300 9740 339314
2014.12.12  9700 9880 9890 9330 233230
2014.12.15  9810 9500 9840 9500 104705
2014.12.16  9770 9700 9810 9610 93955
2014.12.17  9540 9700 9820 9490 156306
2014.12.18  9250 9560 9650 9130 178032
2014.12.19  9420 9330 9590 9300 140888
2014.12.22  9800 9640 9830 9450 166290
2014.12.23  9680 9770 9890 9660 126929
2014.12.24  9740 9800 9800 9550 118314
2014.12.26  9810 9720 9930 9700 76833
2014.12.29  10100 9800 10200 9700 127964
2014.12.30  10000 10150 10200 9990 55874
2015.01.02  10200 10000 10250 10000 70879
2015.01.05  10250 10200 10300 10100 111391
2015.01.06  9830 10100 10200 9790 161052
2015.01.07  10350 9800 10400 9730 144367
2015.01.08  10500 10350 10500 10200 78147
2015.01.09  10250 10550 10550 10200 104299
2015.01.12  9910 10100 10200 9850 214347
2015.01.13  9670 9930 10050 9530 211581
2015.01.14  9250 9700 9760 9180 348032
2015.01.15  8800 9270 9320 8790 387232
2015.01.16  8730 8800 8910 8680 175801
2015.01.19  8800 8810 8880 8710 120302
2015.01.20  8760 8800 8900 8680 94965
2015.01.21  8900 8760 9100 8760 133447
2015.01.22  9080 8900 9170 8880 147557
2015.01.23  9020 9150 9200 8990 93620
2015.01.26  9050 9090 9100 8900 112127
2015.01.27  9130 9030 9200 9010 94884
2015.01.28  8990 9040 9170 8990 113556
2015.01.29  8660 9010 9020 8580 247659
2015.01.30  8480 8720 8720 8410 182734
2015.02.02  8170 8450 8500 8100 200407
2015.02.03  8610 8130 8610 8130 146968
2015.02.04  8630 8510 8740 8380 237601
2015.02.05  8360 8640 8670 8330 113577
2015.02.06  8420 8370 8500 8330 90229
2015.02.09  8170 8490 8490 8160 99125
2015.02.10  8190 8150 8340 8150 61613
2015.02.11  8460 8210 8530 8210 108096
2015.02.12  9490 8550 9640 8500 721764
2015.02.13  9270 9490 9520 9070 330032
2015.02.16  9280 9330 9410 9160 136207
2015.02.17  9390 9180 9450 9000 158242
2015.02.23  9840 9400 10000 9400 312191
2015.02.24  9850 9730 9930 9730 109133
2015.02.25  9680 9900 10100 9650 158894
2015.02.26  9380 9700 9710 9360 144626
2015.02.27  9950 9390 10400 9380 507255
2015.03.02  9790 9950 10050 9720 235310
2015.03.03  9710 9790 9840 9650 93903
2015.03.04  9620 9690 9860 9620 92961
2015.03.05  9680 9740 9760 9550 79826
2015.03.06  9590 9680 9680 9490 103896
2015.03.09  9720 9530 9770 9430 147964
2015.03.10  9440 9700 9700 9300 144277
2015.03.11  9640 9350 9680 9300 118506
2015.03.12  9590 9620 9670 9530 93090
2015.03.13  9900 9600 9950 9600 287064
2015.03.16  9820 9950 10100 9710 152886
2015.03.17  9950 9810 10100 9810 240819
2015.03.18  9700 9920 9920 9650 183926
2015.03.19  9920 9800 9950 9660 204059
2015.03.20  10500 10300 10600 10150 590038
2015.03.23  11600 10850 11850 10650 1045161
2015.03.24  11950 11700 12250 11450 897784
2015.03.25  11650 11750 11750 11350 496127
2015.03.26  11800 11550 12000 11000 650305
2015.03.27  11700 12000 12200 11450 358956
2015.03.30  11800 11700 11900 10950 555715
2015.03.31  12100 12350 12450 11900 594593
2015.04.01  11900 12200 12250 11500 369056
2015.04.02  11500 11850 11950 11400 289445
2015.04.03  12450 11500 12650 11500 622356
2015.04.06  12150 12350 12400 12050 248870
2015.04.07  12100 12150 12250 11950 209952
2015.04.08  11650 12050 12100 11550 320090
2015.04.09  11850 11700 12000 11650 162785
2015.04.10  11500 12000 12050 11500 283274
2015.04.13  10900 11600 11950 10850 572675
2015.04.14  10700 10900 11100 10600 341928
2015.04.15  11150 10850 11400 10600 314083
2015.04.16  12000 11300 12200 11300 841189
2015.04.17  12250 12450 12550 12100 763848
2015.04.20  12200 12250 12900 11750 652723
2015.04.21  12500 12500 12850 12200 545735
2015.04.22  13150 12700 13400 11850 1205779
2015.04.23  13050 13200 13550 12750 665067
2015.04.24  13250 13000 13450 12900 482154
2015.04.27  13150 13250 13350 13000 293198
2015.04.28  12550 12950 13050 12550 385582
2015.04.29  14350 12450 14350 12400 1502556
2015.04.30  14550 14200 14700 13850 1167032
2015.05.04  14300 14650 14900 14250 411533
2015.05.06  14500 14150 14950 14050 779462
2015.05.07  13800 14450 14450 13550 726921
2015.05.08  14300 13950 14600 13900 627538
2015.05.11  14350 14500 14950 14200 491792
2015.05.12  13950 14350 14550 13550 523737
2015.05.13  15700 13950 16000 13700 1337564
2015.05.14  15800 15750 15950 15300 614234
2015.05.15  15700 15800 16200 15400 468658
2015.05.18  15800 16150 16650 15750 819209
2015.05.19  16250 15800 16300 15100 583974
2015.05.20  15700 16400 16400 15550 429749
2015.05.21  15100 15700 15750 14900 511486
2015.05.22  14700 15100 15500 14650 442436
2015.05.26  14750 14850 15150 14550 294821
2015.05.27  13900 14750 14850 13750 504587
2015.05.28  14200 14200 14600 14050 208695
2015.05.29  14600 14250 14950 14250 219573
2015.06.01  13300 14400 14600 13200 577258
2015.06.02  13550 13800 14350 13450 432340
2015.06.03  13700 13550 14100 13150 252990
2015.06.04  13850 14050 14200 13750 177193
2015.06.05  13700 13450 13850 13450 134685
2015.06.08  14200 13700 14500 13550 257008
2015.06.09  14000 14200 14400 13700 190602
2015.06.10  13550 13900 14400 13450 330624
2015.06.11  14700 13700 14900 13500 700066
2015.06.12  14800 14600 14850 14300 367452
2015.06.15  14300 14700 15050 14250 262533
2015.06.16  15300 14450 15350 14300 739015
2015.06.17  15900 15550 16250 15300 847917
2015.06.18  14900 15900 15950 14900 432094
2015.06.19  15750 15100 15800 14950 553842
2015.06.22  16800 15750 16950 15450 1172678
2015.06.23  16200 16850 16900 16000 678669
2015.06.24  15750 16250 16300 15600 317938
2015.06.25  15450 15800 16300 15250 424928
2015.06.26  15450 15550 16050 15150 392959
2015.06.29  14900 15050 15950 14800 463350
2015.06.30  15450 14600 15450 14250 297169
2015.07.01  15600 15450 15850 15150 294749
2015.07.02  15750 15600 16250 15400 368978
2015.07.03  14900 15950 16050 14700 359334
2015.07.06  14600 14450 15100 14300 269181
2015.07.07  13800 14900 14950 13700 323405
2015.07.08  14050 13950 14200 13550 175018
2015.07.09  13650 13650 13800 13250 192874
2015.07.10  14000 13700 14000 13650 109998
2015.07.13  14500 14400 14650 14150 212492
2015.07.14  14550 14700 14700 14250 113503
2015.07.15  14350 14500 14650 14350 145927
2015.07.16  15650 14500 15750 14350 404786
2015.07.17  15350 15700 15850 15150 199191
2015.07.20  15400 15350 15950 15050 213461
2015.07.21  15100 15150 15450 14750 210161
2015.07.22  14850 14850 15600 14600 226094
2015.07.23  15900 15150 16250 15150 635878
2015.07.24  15450 15700 16000 15250 253767
2015.07.27  14100 15450 15650 14100 279148
2015.07.28  14400 14000 14850 13900 206650
2015.07.29  14300 14500 15050 14000 113174
2015.07.30  14000 14450 14850 13900 110143
2015.07.31  14100 13700 14400 13600 143372
2015.08.03  13300 14400 14400 13250 174492
2015.08.04  13700 13450 13750 13400 111052
2015.08.05  13700 13700 13800 13350 130364
2015.08.06  14000 13800 14400 13650 203512
2015.08.07  13650 13800 14050 13600 105270
2015.08.10  12000 13650 13700 12000 451222
2015.08.11  12150 12250 12650 12100 412339
2015.08.12  11100 12100 12200 10450 639143
2015.08.13  11750 11250 11850 11000 248433
2015.08.17  11300 11850 12150 11200 269015
2015.08.18  11350 11650 11700 11200 204312
2015.08.19  11300 11000 11650 10850 203648
2015.08.20  11100 11100 11650 10950 122199
2015.08.21  9600 10300 10600 9600 483765
2015.08.24  9300 9210 10000 9210 271331
2015.08.25  10400 9600 10500 9410 294344
2015.08.26  10750 10150 10850 10100 226075
2015.08.27  11050 11000 11300 10800 200122
2015.08.28  11650 11250 11850 11250 218954
2015.08.31  11300 11800 11800 11050 184216
2015.09.01  10850 11150 11600 10800 211979
2015.09.02  11100 10550 11200 10350 262332
2015.09.03  11850 11400 11900 10950 320774
2015.09.04  11450 11850 12000 11350 243336
2015.09.07  12400 11550 12600 11500 606899
2015.09.08  12150 12450 12450 11950 269752
2015.09.09  12450 12450 12650 12050 266935
2015.09.10  12600 12300 12800 12200 136142
2015.09.11  12300 12400 12600 12300 121914
2015.09.14  12350 12900 13150 12350 234334
2015.09.15  12800 12500 12950 12350 169486
2015.09.16  12750 12900 13050 12650 110480
2015.09.17  12650 12800 13250 12650 192220
2015.09.18  13000 12700 13250 12700 136724
2015.09.21  12800 13000 13000 12600 82101
2015.09.22  12500 12950 12950 12350 131442
2015.09.23  12050 12450 12600 12050 104600
2015.09.24  13150 12200 13150 12150 166974
2015.09.25  12900 13150 13150 12700 78898
2015.09.30  12900 12600 13000 12500 92525
2015.10.01  13100 12900 13400 12900 100567
2015.10.02  12700 13100 13350 12700 82590
2015.10.05  12500 12850 13000 12450 67775
2015.10.06  12600 12500 12800 12500 82173
2015.10.07  13500 12700 13800 12550 280856
2015.10.08  13600 13500 13600 13300 117453
2015.10.12  13600 13600 13700 13350 118945
2015.10.13  12800 13450 13650 12700 160938
2015.10.14  13650 12750 13700 12750 167771
2015.10.15  13800 13650 14050 13550 126852
2015.10.16  14250 13800 14600 13800 279357
2015.10.19  14550 14250 14600 13950 117555
2015.10.20  14850 14600 15000 14050 240148
2015.10.21  14850 14800 15000 14450 78655
2015.10.22  14650 14650 14950 14250 171322
2015.10.23  14550 14650 14850 14450 79107
2015.10.26  14750 14500 15050 14450 133918
2015.10.27  15150 14950 15200 14700 124635
2015.10.28  15100 15150 15500 15000 141042
2015.10.29  15500 15100 15600 15000 121416
2015.10.30  14850 15300 15550 14550 200397
2015.11.02  14650 14950 14950 14400 89128
2015.11.03  14550 14400 15100 13550 470145
2015.11.04  15300 14600 15350 14550 339924
2015.11.05  15700 15300 15750 15100 308248
2015.11.06  15700 15700 15800 15200 172456
2015.11.09  15700 16000 16800 15300 672186
2015.11.10  15900 15550 16650 15350 486489
2015.11.11  15700 15900 16300 15650 192690
2015.11.12  16500 15750 16500 15750 322228
2015.11.13  16800 16450 17000 16000 428508
2015.11.16  16050 16500 17050 16050 230326
2015.11.17  17200 16200 17200 16200 323899
2015.11.18  17350 17250 17550 17050 318157
2015.11.19  18850 17500 19850 17400 1080117
2015.11.20  19000 18700 19850 18350 705087
2015.11.23  19100 19100 19350 18500 335573
2015.11.24  17900 19250 19250 17850 475080
2015.11.25  18550 17800 18900 17600 346385
2015.11.26  19300 18850 20200 18850 751263
2015.11.27  18450 19600 19750 18250 427816
2015.11.30  17700 18200 18400 17500 501091
2015.12.01  18150 17650 18200 17600 269341
2015.12.02  17600 18200 18250 17600 218331
2015.12.03  19150 18000 19250 17950 619723
2015.12.04  19950 19000 20250 18850 640847
2015.12.07  19650 20000 20000 19150 336402
2015.12.08  20150 19700 20400 18900 410106
2015.12.09  19850 20200 20300 18950 523767
2015.12.10  19150 19600 19650 19150 158068
2015.12.11  18800 19200 19600 18700 195778
2015.12.14  18550 18300 19150 18150 150588
2015.12.15  18900 18750 19300 18550 106545
2015.12.16  19700 19100 20000 19100 411564
2015.12.17  20950 19600 21100 19600 789073
2015.12.18  21700 20950 21800 20800 486996
2015.12.21  21500 21750 21900 20950 327427
2015.12.22  20600 21550 21750 20500 377655
2015.12.23  21150 20600 22100 20600 716594
2015.12.24  21500 21150 22050 21100 356328
2015.12.28  21550 21550 21850 20850 285482
2015.12.29  22000 21350 22700 21350 252368
2015.12.30  22200 21800 22700 21750 250353
2016.01.04  22100 22400 22450 21900 215813
2016.01.05  22950 22050 22950 21750 398521
2016.01.06  22700 22750 22900 21750 853457
2016.01.07  22200 22550 23050 21850 273833
2016.01.08  22750 21750 22800 21700 253209
2016.01.11  21300 22550 22550 21150 356028
2016.01.12  20650 21300 21900 20450 403630
2016.01.13  22300 21000 22450 21000 575378
2016.01.14  26500 22300 27900 22050 2563932
2016.01.15  26200 26300 26750 25600 640095
2016.01.18  25300 25700 26200 24900 822943
2016.01.19  25000 25650 27100 24700 851265
2016.01.20  25900 25500 25900 23250 864823
2016.01.21  24600 25400 25700 24100 375784
2016.01.22  24800 25000 25250 23300 431602
2016.01.25  25000 25200 25250 24250 339389
2016.01.26  24300 24950 24950 23800 254301
2016.01.27  23100 24450 24500 22900 338840
2016.01.28  24000 23150 24150 23000 334149
2016.01.29  23250 24000 24150 23150 366879
2016.02.01  25050 23400 25250 22650 554999
2016.02.02  25000 25050 25600 24000 407852
2016.02.03  24300 25400 26100 24300 547821
2016.02.04  24850 24700 25400 24400 291617
2016.02.05  24600 24600 24850 24000 197696
2016.02.11  22650 23400 24450 22650 343944
2016.02.12  21900 22000 22550 20400 492237
2016.02.15  22250 22100 22850 21650 252988
2016.02.16  22500 22500 23200 22350 222385
2016.02.17  22750 22800 24000 22650 290376
2016.02.18  23800 23500 24900 23400 729811
2016.02.19  24400 24150 24900 23650 311499
2016.02.22  24150 24150 25250 23900 277145
2016.02.23  23400 24900 24900 23350 262354
2016.02.24  24800 23450 24850 23300 357868
2016.02.25  25800 25000 26800 25000 899683
2016.02.26  26200 25900 26700 25300 533841
2016.02.29  26250 26450 26450 25700 305225
2016.03.02  26350 26800 27200 26050 455364
2016.03.03  25400 26050 26050 24400 910182
2016.03.04  25650 25600 26300 25550 305660
2016.03.07  24350 25400 25650 24300 328084
2016.03.08  24250 24150 24900 23900 279179
2016.03.09  23600 24150 24500 23400 215810
2016.03.10  24700 23750 25400 23600 258500
2016.03.11  25200 24600 25350 23800 209516
2016.03.14  24900 25350 25350 24750 138054
2016.03.15  24800 24850 25250 24550 129206
2016.03.16  24850 25800 26000 24850 388098
2016.03.17  26250 25250 26300 25050 429910
2016.03.18  26300 26250 26450 25600 260621
2016.03.21  27600 26550 28000 26300 589092
2016.03.22  27350 27700 28950 27350 592829
2016.03.23  26800 27600 28350 26350 408330
2016.03.24  26650 26900 27200 26150 231244
2016.03.25  25750 26650 26800 25700 245379
2016.03.28  24950 25750 26350 24750 224389
2016.03.29  26550 25100 26650 25100 238141
2016.03.30  27050 26650 27600 26650 354580
2016.03.31  26450 27000 27500 26250 222692
2016.04.01  25850 26500 26850 25600 193752
2016.04.04  26400 26000 26400 25750 156434
2016.04.05  26300 26400 26500 25350 235135
2016.04.06  26100 26150 26600 25700 170533
2016.04.07  26250 26550 27100 26150 303077
2016.04.08  25700 26350 26550 25450 235096
2016.04.11  26000 25800 26500 25600 159322
2016.04.12  26050 26100 26300 25950 147522
2016.04.14  28250 26500 28300 26500 628857
2016.04.15  27750 28850 29750 27750 743080
2016.04.18  27750 28150 29000 27550 227291
2016.04.19  27700 27800 28250 27200 162478
2016.04.20  29250 27800 29300 27800 347447
2016.04.21  29500 29650 30200 29100 259035
2016.04.22  28700 29750 29750 28700 139065
2016.04.25  27950 29000 29000 27900 174077
2016.04.26  27800 28100 28100 27300 190182
2016.04.27  28000 28000 29100 27800 215131
2016.04.28  28600 28200 28950 27850 191299
2016.04.29  28700 28500 28950 28050 103542
2016.05.02  28400 28600 28700 28000 79299
2016.05.03  28450 28500 28900 28100 142282
2016.05.04  28250 28450 28900 27850 138998
2016.05.09  27600 28250 28400 27550 74419
2016.05.10  29300 27900 29300 27650 193499
2016.05.11  29100 29300 29350 28750 121752
2016.05.12  30450 29100 30450 28900 358613
2016.05.13  29350 30450 30600 29350 206650
2016.05.16  29900 29350 30250 29200 142205
2016.05.17  29950 30050 30050 29250 104642
2016.05.18  28850 29950 29950 28700 246010
2016.05.19  26800 28950 28950 25400 667085
2016.05.20  25850 26300 26600 24900 456953
2016.05.23  26450 26200 26950 25450 212153
2016.05.24  27700 26350 28000 26350 394171
2016.05.25  28000 27850 28300 27500 187185
2016.05.26  27800 28000 28150 27250 206894
2016.05.27  27200 27950 28200 27150 99797
2016.05.30  27300 27250 27800 26850 99181
2016.05.31  28050 27100 28150 27100 115906
2016.06.01  28000 27850 28500 27800 112063
2016.06.02  27200 28050 28150 26900 178812
2016.06.03  26200 27250 27250 25950 280158
2016.06.07  26350 26450 26900 25900 115326
2016.06.08  26300 26200 26650 26100 94961
2016.06.09  25200 26350 26400 24700 272316
2016.06.10  25800 25250 25900 25050 81363
2016.06.13  24500 25300 25350 24400 166085
2016.06.14  24500 24400 24850 23950 112205
2016.06.15  24800 24450 25150 24100 135087
2016.06.16  24200 25450 25600 24100 142909
2016.06.17  23600 24500 25100 23500 170713
2016.06.20  24000 23800 24700 23800 119607
2016.06.21  24050 24350 24350 23700 74006
2016.06.22  24100 24050 24250 23950 66907
2016.06.23  23100 24200 24200 23000 151653
2016.06.24  20350 23350 23700 20300 754633
2016.06.27  20850 19750 21200 19200 528197
2016.06.28  21900 20500 21900 20350 423782
2016.06.29  22750 22300 23000 22250 275234
2016.06.30  23650 23200 24150 23150 367524
2016.07.01  25100 24000 26350 24000 528789
2016.07.04  24800 25150 25250 24700 165603
2016.07.05  24750 25000 25050 24400 135191
2016.07.06  25000 24450 25050 24000 156014
2016.07.07  25050 25300 25400 24600 121296
2016.07.08  24850 25000 25150 24300 121756
2016.07.11  25100 24550 25850 24500 158735
2016.07.12  25150 25350 25800 24800 171127
2016.07.13  25200 25200 25500 25000 117906
2016.07.14  25650 25200 25800 25200 190213
2016.07.15  25150 26200 26200 25150 172102
2016.07.18  24800 25150 25300 24450 96880
2016.07.19  24800 24600 25350 24550 102505
2016.07.20  24300 24800 25250 24100 167409
2016.07.21  24800 24850 25500 24650 247064
2016.07.22  24700 25000 25000 24400 91939
2016.07.25  24850 24750 25450 24650 108790
2016.07.26  25100 24850 25500 24850 150054
2016.07.27  26500 25750 27800 25550 891480
2016.07.28  25800 26150 26600 25800 263783
2016.07.29  27400 26050 27400 25400 372999
2016.08.01  28550 27500 28650 27300 449961
2016.08.02  29200 28800 29300 28150 377932
2016.08.03  29550 28900 29950 28800 374388
2016.08.04  28700 29700 29800 28550 364338
2016.08.05  28400 29000 29700 27900 345674
2016.08.08  27200 28600 28650 27200 333248
2016.08.09  28250 27200 28550 26850 282329
2016.08.10  28450 28500 28750 28000 177002
2016.08.11  27300 28400 28400 27150 242566
2016.08.12  27700 27300 27950 27200 115671
2016.08.16  26650 27700 29300 26350 441716
2016.08.17  26950 27000 27150 26050 179289
2016.08.18  27350 26950 27350 25950 285919
2016.08.19  26800 27350 27500 26550 151280
2016.08.22  26700 26800 27250 26700 111335
2016.08.23  26900 26700 27300 26500 113680
2016.08.24  27850 27350 28150 27300 361355
2016.08.25  27700 28000 28000 27300 140391
2016.08.26  27000 27700 27700 26950 98670
2016.08.29  26500 25850 27300 25850 205802
2016.08.30  27100 26650 27400 26650 136171
2016.08.31  26300 27000 27250 25900 169111
2016.09.01  27050 26350 27350 26350 156967
2016.09.02  27950 27350 28150 26800 261390
2016.09.05  27350 28450 28600 27150 241537
2016.09.06  26550 27350 27600 26500 196729
2016.09.07  25650 26750 26750 25650 234545
2016.09.08  26050 25550 26500 25550 290133
2016.09.09  26150 26050 26250 25350 126621
2016.09.12  25150 25350 26050 25100 88438
2016.09.13  26050 25200 26050 25150 137261
2016.09.19  26500 25900 26550 25800 107340
2016.09.20  26000 26450 26450 25800 106059
2016.09.21  25950 25900 26300 25850 76056
2016.09.22  27600 26400 27800 26150 443004
2016.09.23  27600 27700 27850 27150 190589
2016.09.26  27700 27600 27900 27100 178466
2016.09.27  27500 27700 28050 27300 202875
2016.09.28  27250 27900 28100 27200 269184
2016.09.29  28100 27350 28300 27200 320441
2016.09.30  27950 28100 28250 27500 234176
2016.10.04  26850 28250 28300 26850 294673
2016.10.05  26250 26500 26600 25700 366181
2016.10.06  25850 26550 26600 25800 199323
2016.10.07  25950 26050 26050 25250 204444
2016.10.10  25650 25950 26250 25500 145935
2016.10.11  25550 25300 25850 25300 119828
2016.10.12  24400 25100 25350 24300 311928
2016.10.13  21300 24350 24350 21100 2107764
2016.10.14  21500 21300 21800 21000 596284
2016.10.17  20800 21600 21700 20650 500134
2016.10.18  20250 20750 20800 19850 601245
2016.10.19  19800 20300 20650 19800 343331
2016.10.20  18850 19900 20150 18850 636001
2016.10.21  20400 19000 21200 18300 1427889
2016.10.24  19100 20800 20800 19100 536683
2016.10.25  19000 19100 19400 18250 426149
2016.10.26  18550 18900 19000 18100 410230
2016.10.27  19750 18750 20000 18600 424464
2016.10.28  20300 19900 20750 19900 590878
2016.10.31  20150 20800 20850 19800 306291
2016.11.01  21000 20000 21000 19850 314717
2016.11.02  20850 20850 21300 20650 291965
2016.11.03  20950 20900 21250 20750 184371
2016.11.04  20800 21100 21450 20750 160066
2016.11.07  22150 20950 22200 20800 349304
2016.11.08  22000 22350 22500 21550 227001
2016.11.09  21000 22100 22200 19550 519721
2016.11.10  21150 21650 21750 21150 212637
2016.11.11  20450 20900 21150 20300 198283
2016.11.14  20000 20250 20600 19850 163568
2016.11.15  21150 19900 21350 19900 295790
2016.11.16  21700 21300 21850 21150 156606
2016.11.17  21650 21600 21850 21300 149498
2016.11.18  21900 21650 22400 21350 318187
2016.11.21  21150 21900 21950 21100 178492
2016.11.22  21500 21400 21750 21150 137149
2016.11.23  21000 21500 21500 20650 151527
2016.11.24  20750 21000 21200 20450 129825
2016.11.25  21650 20900 21700 20750 131183
2016.11.28  21400 21800 21850 21150 97641
2016.11.29  21850 21500 22050 21200 190349
2016.11.30  22050 21850 22150 21700 162375
2016.12.01  22350 22200 22750 21800 199889
2016.12.02  22500 22150 22950 22150 199940
2016.12.05  23650 22750 23850 22550 485948
2016.12.06  23700 23700 23950 23300 303170
2016.12.07  23550 23500 23650 22750 245986
2016.12.08  23650 23750 23950 23250 159587
2016.12.09  23250 23650 24000 23250 139650
2016.12.12  23900 23600 24300 23350 201207
2016.12.13  24450 24050 24750 23650 156532
2016.12.14  25300 24750 25450 24750 347223
2016.12.15  25400 25000 25650 24850 202823
2016.12.16  25200 25400 25700 25050 76052
2016.12.19  25400 25350 25900 25150 103274
2016.12.20  24500 25450 25550 24500 153605
2016.12.21  25750 24550 26200 24550 313652
2016.12.22  25500 25750 26000 25350 97567
2016.12.23  25600 25400 25800 25300 58651
2016.12.26  24950 25400 25600 24700 144622
2016.12.27  25450 24800 25550 24800 84742
2016.12.28  25150 25750 25750 25000 82159
2016.12.29  25350 25150 25550 24900 83270
2017.01.02  26250 25550 26600 25300 228099
2017.01.03  26100 26250 26500 25850 155598
2017.01.04  25450 26150 26250 25350 140079
2017.01.05  24800 25450 25600 24150 345250
2017.01.06  24400 24700 25150 24300 177310
2017.01.09  24600 24700 24900 24200 141315
2017.01.10  23450 24550 24650 23400 299432
2017.01.11  24300 23450 24400 23450 183857
2017.01.12  23650 24350 24450 23500 171196
2017.01.13  23800 23650 24350 23600 109429
2017.01.16  22300 23600 23600 22100 421682
2017.01.17  22150 22000 22550 21650 357468
2017.01.18  22700 22150 22750 22100 178264
2017.01.19  22200 22850 23300 22200 225352
2017.01.20  22750 22750 23400 22600 379785
2017.01.23  23100 23100 23600 22900 181399
2017.01.24  23350 22950 23350 22150 215841
2017.01.25  23200 23400 23650 23050 139460
2017.01.26  23250 23450 23700 23000 146625
2017.01.31  22550 23250 23400 22500 154338
2017.02.01  22100 22500 22900 21750 271210
2017.02.02  21850 22250 22850 21850 255778
2017.02.03  21950 21800 22300 21650 143656
2017.02.06  20400 22100 22200 20000 553191
2017.02.07  19400 20350 20350 19000 715020
2017.02.08  19500 19600 20000 19250 475937
2017.02.09  19550 19800 19900 19250 246503
2017.02.10  19850 19700 19900 19350 257995
2017.02.13  19850 20050 20050 19600 165704
2017.02.14  20700 20000 20900 19850 340826
2017.02.15  20750 20800 21150 20500 218488
2017.02.16  21000 20950 21200 20650 149286
2017.02.17  21100 20850 21500 20850 171555
2017.02.20  21650 21100 21700 21050 162122
2017.02.21  21300 21650 21800 20950 171938
2017.02.22  21050 21400 21450 20950 96605
2017.02.23  20350 20900 21200 20300 194688
2017.02.24  19900 20250 20600 19700 209523
2017.02.27  20700 20050 20750 20000 119438
2017.02.28  20300 20750 20750 20200 68735
2017.03.02  20800 20550 21000 20300 127236
2017.03.03  20400 20600 20800 20150 90625
2017.03.06  21400 20650 21450 20550 263438
2017.03.07  21300 21500 21500 21050 126341
2017.03.08  21600 21450 21950 21350 161235
2017.03.09  21600 21700 22000 21350 138629
2017.03.10  21600 21600 21750 20850 155922
2017.03.13  21150 21500 21600 21100 111855
2017.03.14  21100 21200 21400 20900 62904
2017.03.15  20200 20950 21150 20150 250672
2017.03.16  20350 20400 20600 20050 120439
2017.03.17  20200 20250 20350 20050 86884
2017.03.20  20100 20100 20350 20000 64971
2017.03.21  20100 20150 20300 20000 112450
2017.03.22  19750 19900 20050 19550 177986
2017.03.23  19950 19900 20450 19850 131995
2017.03.24  20350 20050 20350 20050 79928
2017.03.27  20000 20450 20500 19950 54576
2017.03.28  19850 19950 20100 19750 110661
2017.03.29  19900 20050 20100 19850 103389
2017.03.30  19850 20100 20300 19850 63284
2017.03.31  19950 19950 19950 19750 93758
2017.04.03  20350 19950 20400 19950 101561
2017.04.04  21050 20500 21050 20400 278450
2017.04.05  21500 21100 21650 20950 260508
2017.04.06  21600 21600 21850 21250 247085
2017.04.07  20950 21700 21750 20700 269489
2017.04.10  20450 21050 21150 20400 160476
2017.04.11  20100 20450 20700 19900 140459
2017.04.12  20450 20150 20650 20150 97830
2017.04.13  20450 20450 20650 20300 63308
2017.04.14  20000 20350 20450 19950 114357
2017.04.17  20450 20200 20500 20100 84073
2017.04.18  21750 20650 21750 20500 543112
2017.04.19  22800 21900 22950 21800 699857
2017.04.20  22200 22800 22850 22100 319118
2017.04.21  22250 22450 22600 22050 145393
2017.04.24  21550 22350 22400 21450 231810
2017.04.25  21900 21700 21900 21450 145243
2017.04.26  21350 21900 21950 21250 227205
2017.04.27  20900 21400 21450 20750 253888
2017.04.28  20600 21000 21000 20500 227857
2017.05.02  20600 20600 20900 20550 172269
2017.05.04  21100 20650 21250 20650 203204
2017.05.08  21000 21200 21250 20800 119598
2017.05.10  20750 21150 21200 20700 160540
2017.05.11  21400 20800 21450 20800 337677
2017.05.12  21950 21550 22450 21300 638383
2017.05.15  22150 22150 22450 21950 273465
2017.05.16  22050 22300 22500 21700 207920
2017.05.17  21750 22250 22250 21750 202119
2017.05.18  21600 21500 21700 21150 160596
2017.05.19  22800 21650 22950 21600 480891
2017.05.22  22600 22850 22950 22300 208146
2017.05.23  22450 22750 22900 22400 223007
2017.05.24  22050 22450 22850 22050 153938
2017.05.25  21450 22300 22300 21400 267494
2017.05.26  22400 21500 22500 21450 273464
2017.05.29  23350 22300 23700 22150 562232
2017.05.30  24400 23500 24700 23500 674435
2017.05.31  24500 24500 24900 24000 357617
2017.06.01  23850 24150 24350 23550 287964
2017.06.02  25700 23850 25700 23850 967924
2017.06.05  25300 25850 25850 25250 433343
2017.06.07  26500 25350 26650 25000 641773
2017.06.08  26450 26600 26700 26050 353251
2017.06.09  25950 26800 27200 25600 526228
2017.06.12  25250 25500 25500 24800 586080
2017.06.13  25550 25300 25550 24750 366702
2017.06.14  25600 25400 26100 25100 333107
2017.06.15  25200 25600 25750 24650 191649
2017.06.16  24900 25200 25600 24750 202175
2017.06.19  26150 25450 26250 24500 411565
2017.06.20  25450 26400 26400 25400 257030
2017.06.21  26050 25300 26450 25250 331118
2017.06.22  25200 26300 26700 25200 331224
2017.06.23  26000 25300 26200 25300 297646
2017.06.26  26750 26250 26750 25900 295425
2017.06.27  26300 26700 26750 26000 220137
2017.06.28  25000 25950 26250 24950 343627
2017.06.29  24850 25300 25500 24600 196892
2017.06.30  24700 24300 25100 24300 154570
2017.07.03  23000 24800 24800 23000 461952
2017.07.04  23450 23000 23850 23000 305615
2017.07.05  23700 23650 24050 23400 177539
2017.07.06  23700 24050 24150 23300 129766
2017.07.07  24400 23550 24850 23550 308750
2017.07.10  23150 23850 23900 22700 483999
2017.07.11  23950 23400 24000 23400 197980
2017.07.12  23550 24150 24350 23300 167482
2017.07.13  23400 23700 23850 23200 155956
2017.07.14  22450 23600 23600 21900 522491
2017.07.17  22600 22450 23000 22250 373664
2017.07.18  23350 22750 23350 22700 422039
2017.07.19  25000 23600 25350 23450 781343
2017.07.20  25350 25200 25800 24650 669364
2017.07.21  25400 25250 26750 25250 836789
2017.07.24  25250 25700 26150 25050 444828
2017.07.25  23600 25300 25550 23550 682662
2017.07.26  23200 24200 24400 22600 575407
2017.07.27  22700 23150 23300 22550 279364
2017.07.28  21850 22650 22650 21400 337146
2017.07.31  22000 21600 22250 21450 189888
2017.08.01  22000 21750 22350 21600 137824
2017.08.02  22350 22400 22450 22050 117781
2017.08.03  21500 22450 22500 21400 237107
2017.08.04  20350 21500 22000 19900 469472
2017.08.07  20600 20550 20750 20400 163140
2017.08.08  20300 20700 20700 20050 245174
2017.08.09  20600 20250 20900 20200 231374
2017.08.10  20100 20200 20550 19850 187901
2017.08.11  20200 19700 20350 19600 145845
2017.08.14  20700 20450 20700 20100 116352
2017.08.16  20550 20900 21300 20550 125734
2017.08.17  21100 20550 21350 20550 143882
2017.08.18  21250 20750 21450 20500 139381
2017.08.21  20250 21250 21300 20250 239323
2017.08.22  19850 20200 20550 19650 241567
2017.08.23  20750 20900 21150 20450 415709
2017.08.24  20700 20850 20950 20550 205330
2017.08.25  21350 20900 21600 20750 253951
