2013.12.24  2440 0 0 0 0
2013.12.26  2440 0 0 0 0
2013.12.27  2440 0 0 0 0
2013.12.30  2440 0 0 0 0
2014.01.02  2440 0 0 0 0
2014.01.03  2440 0 0 0 0
2014.01.06  2440 0 0 0 0
2014.01.07  2440 0 0 0 0
2014.01.08  2440 0 0 0 0
2014.01.09  2440 0 0 0 0
2014.01.10  2440 0 0 0 0
2014.01.13  2440 0 0 0 0
2014.01.14  2440 0 0 0 0
2014.01.15  2440 0 0 0 0
2014.01.16  2440 0 0 0 0
2014.01.17  2440 0 0 0 0
2014.01.20  2440 0 0 0 0
2014.01.21  2440 0 0 0 0
2014.01.22  2440 0 0 0 0
2014.01.23  2290 2290 2290 2290 500
2014.01.24  2290 0 0 0 0
2014.01.27  2290 0 0 0 0
2014.01.28  2290 0 0 0 0
2014.01.29  2290 0 0 0 0
2014.02.03  2290 0 0 0 0
2014.02.04  2290 0 0 0 0
2014.02.05  2290 0 0 0 0
2014.02.06  2290 0 0 0 0
2014.02.07  2290 0 0 0 0
2014.02.10  2290 0 0 0 0
2014.02.11  2290 0 0 0 0
2014.02.12  2290 0 0 0 0
2014.02.13  2290 0 0 0 0
2014.02.14  2290 0 0 0 0
2014.02.17  2290 0 0 0 0
2014.02.18  2290 0 0 0 0
2014.02.19  2290 0 0 0 0
2014.02.20  2290 0 0 0 0
2014.02.21  2290 0 0 0 0
2014.02.24  2320 2320 2320 2320 500
2014.02.25  2300 2300 2300 2300 500
2014.02.26  2300 2300 2300 2300 1000
2014.02.27  2300 0 0 0 0
2014.02.28  2300 0 0 0 0
2014.03.03  2300 0 0 0 0
2014.03.04  2300 0 0 0 0
2014.03.05  2300 0 0 0 0
2014.03.06  2400 2400 2400 2400 500
2014.03.07  2400 0 0 0 0
2014.03.10  2400 0 0 0 0
2014.03.11  2400 0 0 0 0
2014.03.12  2400 2400 2400 2400 500
2014.03.13  2400 0 0 0 0
2014.03.14  2400 0 0 0 0
2014.03.17  2400 0 0 0 0
2014.03.18  2400 0 0 0 0
2014.03.19  2400 0 0 0 0
2014.03.20  2400 0 0 0 0
2014.03.21  2400 0 0 0 0
2014.03.24  2400 0 0 0 0
2014.03.25  2400 0 0 0 0
2014.03.26  2400 0 0 0 0
2014.03.27  2400 0 0 0 0
2014.03.28  2400 0 0 0 0
2014.03.31  2400 0 0 0 0
2014.04.01  2400 0 0 0 0
2014.04.02  2400 0 0 0 0
2014.04.03  2400 0 0 0 0
2014.04.04  2400 0 0 0 0
2014.04.07  2400 0 0 0 0
2014.04.08  2400 0 0 0 0
2014.04.09  2400 0 0 0 0
2014.04.10  2400 0 0 0 0
2014.04.11  2400 0 0 0 0
2014.04.14  2400 0 0 0 0
2014.04.15  2400 0 0 0 0
2014.04.16  2400 0 0 0 0
2014.04.17  2400 0 0 0 0
2014.04.18  2400 0 0 0 0
2014.04.21  2400 0 0 0 0
2014.04.22  2500 0 0 0 0
2014.04.23  2500 0 0 0 0
2014.04.24  2500 0 0 0 0
2014.04.25  2500 0 0 0 0
2014.04.28  2600 0 0 0 0
2014.04.29  2740 2740 2740 2740 100
2014.04.30  2740 0 0 0 0
2014.05.02  2740 0 0 0 0
2014.05.07  2740 0 0 0 0
2014.05.08  2740 0 0 0 0
2014.05.09  2740 0 0 0 0
2014.05.12  3050 3050 3050 3050 100
2014.05.13  3050 0 0 0 0
2014.05.14  3050 0 0 0 0
2014.05.15  3050 0 0 0 0
2014.05.16  3050 0 0 0 0
2014.05.19  3050 0 0 0 0
2014.05.20  3050 0 0 0 0
2014.05.21  3050 0 0 0 0
2014.05.22  3000 0 0 0 0
2014.05.23  3000 0 0 0 0
2014.05.26  3000 0 0 0 0
2014.05.27  3000 0 0 0 0
2014.05.28  3000 0 0 0 0
2014.05.29  3400 3400 3400 3400 100
2014.05.30  3400 3400 3400 3400 300
2014.06.02  3900 3900 3900 3900 100
2014.06.03  3900 3900 3900 3900 10000
2014.06.05  3900 0 0 0 0
2014.06.09  4350 3900 4350 3900 1300
2014.06.10  4300 0 0 0 0
2014.06.11  4500 4500 4500 4500 1000
2014.06.12  4320 4320 4320 4320 400
2014.06.13  4320 0 0 0 0
2014.06.16  4300 4300 4300 4300 2500
2014.06.17  4500 4500 4500 4500 3300
2014.06.18  4520 4520 4520 4520 9900
2014.06.19  4520 0 0 0 0
2014.06.20  4450 0 0 0 0
2014.06.23  4400 4400 4400 4400 300
2014.06.24  4350 4350 4350 4350 0
2014.06.25  4200 4200 4200 4200 300
2014.06.26  4220 4220 4220 4220 3100
2014.06.27  4220 4220 4220 4220 0
2014.06.30  4070 4070 4070 4070 300
2014.07.01  4210 4210 4210 4210 4500
2014.07.02  4210 4210 4210 4210 0
2014.07.03  4210 4210 4210 4210 0
2014.07.04  4200 4200 4200 4200 0
2014.07.07  4200 4200 4200 4200 0
2014.07.08  4200 4200 4200 4200 0
2014.07.09  4180 4180 4180 4180 0
2014.07.10  4180 4180 4180 4180 0
2014.07.11  4200 4200 4200 4200 5500
2014.07.14  4185 4185 4185 4185 0
2014.07.15  4200 4200 4200 4200 3700
2014.07.16  4150 4150 4150 4150 0
2014.07.17  4000 4000 4000 4000 2500
2014.07.18  4000 4000 4000 4000 0
2014.07.21  4000 4000 4000 4000 0
2014.07.22  4040 4040 4040 4040 100
2014.07.23  4040 4040 4040 4040 0
2014.07.24  4055 4040 4055 4040 28000
2014.07.25  4060 4060 4060 4060 9700
2014.07.28  3850 3850 3850 3850 300
2014.07.29  4400 4340 4400 4330 25000
2014.07.30  4200 4200 4200 4200 29900
2014.07.31  4390 4390 4390 4390 16000
2014.08.01  4150 4200 4200 4150 1300
2014.08.04  4000 4390 4390 4000 5100
2014.08.05  4050 4050 4050 4050 100
2014.08.06  3700 3800 3800 3700 6700
2014.08.07  3830 3830 3830 3830 0
2014.08.08  3800 3800 3800 3800 300
2014.08.11  3790 3790 3790 3790 300
2014.08.12  3600 3600 3600 3600 300
2014.08.13  3400 3400 3400 3400 300
2014.08.14  3400 3400 3400 3400 0
2014.08.18  3320 3320 3320 3320 400
2014.08.19  3500 3500 3500 3500 100
2014.08.20  3100 3200 3200 3100 20000
2014.08.21  3200 3200 3200 3200 100
2014.08.22  3020 3020 3020 3020 400
2014.08.25  3020 3020 3020 3020 0
2014.08.26  3020 3020 3020 3020 0
2014.08.27  2880 2880 2880 2880 400
2014.08.28  3000 3000 3000 3000 100
2014.08.29  2840 2840 2840 2840 400
2014.09.01  3200 3200 3200 3200 1000
2014.09.02  3000 3200 3200 3000 3400
2014.09.03  3400 3400 3400 3400 100
2014.09.04  3200 3200 3200 3200 0
2014.09.05  3030 3030 3030 3030 400
2014.09.11  3100 3100 3100 3100 500
2014.09.12  2980 2980 2980 2980 500
2014.09.15  3100 3000 3100 3000 1200
2014.09.16  3100 3100 3100 3100 0
2014.09.17  2980 2980 2980 2980 400
2014.09.18  2840 2900 2900 2840 900
2014.09.19  2900 2840 3000 2840 1200
2014.09.22  2900 2900 2900 2900 0
2014.09.23  3000 3000 3000 3000 1000
2014.09.24  3450 3450 3450 3450 100
2014.09.25  3260 3260 3260 3260 400
2014.09.26  3400 3400 3400 3400 0
2014.09.29  3500 3500 3500 3500 1400
2014.09.30  3600 3600 3600 3600 100
2014.10.01  3600 3600 3600 3600 0
2014.10.02  3600 3600 3600 3600 0
2014.10.06  3400 3400 3400 3400 300
2014.10.07  3210 3210 3210 3210 400
2014.10.08  3300 3300 3300 3300 3100
2014.10.10  3300 3300 3300 3300 0
2014.10.13  3300 3300 3300 3300 0
2014.10.14  3300 3300 3300 3300 0
2014.10.15  3300 3300 3300 3300 0
2014.10.16  3300 3300 3300 3300 0
2014.10.17  3340 3340 3340 3340 100
2014.10.20  3340 3340 3340 3340 0
2014.10.21  3550 3550 3550 3550 100
2014.10.22  3550 3550 3550 3550 0
2014.10.23  3550 3550 3550 3550 0
2014.10.24  3550 3550 3550 3550 0
2014.10.27  3550 3550 3550 3550 0
2014.10.28  3550 3550 3550 3550 0
2014.10.29  3800 3700 3800 3700 600
2014.10.30  3800 3800 3800 3800 0
2014.10.31  3800 3800 3800 3800 0
2014.11.03  3800 3800 3800 3800 0
2014.11.04  3800 3800 3800 3800 0
2014.11.05  4100 4000 4100 4000 4400
2014.11.06  4100 4100 4100 4100 0
2014.11.07  4095 4095 4095 4095 0
2014.11.10  4095 4095 4095 4095 0
2014.11.11  4095 4095 4095 4095 0
2014.11.12  4095 4095 4095 4095 0
2014.11.13  4095 4095 4095 4095 0
2014.11.14  4095 4095 4095 4095 0
2014.11.17  4000 4000 4000 4000 0
2014.11.18  4000 4000 4000 4000 0
2014.11.19  4100 4100 4100 4100 2000
2014.11.20  4000 4000 4000 4000 0
2014.11.21  4000 4000 4000 4000 0
2014.11.24  4000 4000 4000 4000 0
2014.11.25  4000 4000 4000 4000 0
2014.11.26  4000 4000 4000 4000 0
2014.11.27  4000 4000 4000 4000 13000
2014.11.28  4050 4050 4050 4050 14500
2014.12.01  4100 4100 4100 4100 25600
2014.12.02  4050 4050 4050 4050 0
2014.12.03  4050 4050 4050 4050 0
2014.12.04  4050 4050 4050 4050 0
2014.12.05  4050 4050 4050 4050 0
2014.12.08  4050 4050 4050 4050 0
2014.12.09  4050 4050 4050 4050 0
2014.12.10  4050 4050 4050 4050 0
2014.12.11  4050 4050 4050 4050 0
2014.12.12  4050 4050 4050 4050 0
2014.12.15  4050 4050 4050 4050 0
2014.12.16  4050 4050 4050 4050 0
2014.12.17  4050 4050 4050 4050 0
2014.12.18  4100 4100 4100 4100 10
2014.12.19  3800 3800 3800 3800 0
2014.12.22  4000 4000 4000 4000 300
2014.12.23  4000 4000 4000 4000 0
2014.12.24  4000 4000 4000 4000 0
2014.12.26  4000 4000 4000 4000 0
2014.12.29  4000 4000 4000 4000 0
2014.12.30  4000 4000 4000 4000 0
2015.01.02  3900 3900 3900 3900 0
2015.01.05  3900 3900 3900 3900 0
2015.01.06  3900 3900 3900 3900 0
2015.01.07  4000 4000 4000 4000 10
2015.01.08  4000 4000 4000 4000 0
2015.01.09  4000 4000 4000 4000 0
2015.01.12  3950 3950 3950 3950 0
2015.01.13  3950 3950 3950 3950 0
2015.01.14  3950 3950 3950 3950 0
2015.01.15  3950 3950 3950 3950 0
2015.01.16  3820 3820 3820 3820 300
2015.01.19  3820 3820 3820 3820 0
2015.01.20  3790 3790 3790 3790 300
2015.01.21  3685 3890 3890 3685 601
2015.01.22  3580 3690 3690 3580 700
2015.01.23  3580 3580 3580 3580 0
2015.01.26  3580 3580 3580 3580 0
2015.01.27  3510 3510 3510 3510 300
2015.01.28  3700 3700 3700 3700 100
2015.01.29  3590 3590 3590 3590 300
2015.01.30  3590 3590 3590 3590 0
2015.02.02  3590 3590 3590 3590 0
2015.02.03  3680 3500 3680 3500 1010
2015.02.04  3680 3680 3680 3680 0
2015.02.05  3690 3450 3690 3400 6320
2015.02.06  3690 3690 3690 3690 0
2015.02.09  3500 3500 3500 3500 300
2015.02.10  3690 3690 3690 3690 1
2015.02.11  3690 3500 3690 3500 301
2015.02.12  3690 3690 3690 3690 0
2015.02.13  3690 3690 3690 3690 0
2015.02.16  3690 3690 3690 3690 0
2015.02.17  3690 3690 3690 3690 0
2015.02.23  3660 3660 3660 3660 300
2015.02.24  3690 3600 3690 3600 301
2015.02.25  3690 3690 3690 3690 0
2015.02.26  3690 3690 3690 3690 2000
2015.02.27  3690 3690 3690 3690 0
2015.03.02  3500 3500 3500 3500 300
2015.03.03  3500 3500 3500 3500 0
2015.03.04  3500 3500 3500 3500 0
2015.03.05  3600 3700 3700 3600 6
2015.03.06  3500 3500 3500 3500 300
2015.03.09  3500 3500 3500 3500 300
2015.03.10  3485 3485 3485 3485 1
2015.03.11  3485 3485 3485 3485 300
2015.03.12  3485 3485 3485 3485 0
2015.03.13  3355 3355 3355 3355 0
2015.03.16  3260 3260 3260 3260 300
2015.03.17  3260 3260 3260 3260 400
2015.03.18  3260 3260 3260 3260 0
2015.03.19  3230 3230 3230 3230 400
2015.03.20  3250 3250 3250 3250 400
2015.03.23  3160 3160 3160 3160 400
2015.03.24  3070 3070 3070 3070 400
2015.03.25  3070 3070 3070 3070 0
2015.03.26  2985 2985 2985 2985 400
2015.03.27  2905 2905 2905 2905 0
2015.03.30  2825 2825 2825 2825 400
2015.03.31  2745 2745 2745 2745 400
2015.04.01  2670 2670 2670 2670 100
2015.04.02  2570 2570 2570 2570 400
2015.04.03  2450 2450 2450 2450 400
2015.04.06  2450 2450 2450 2450 0
2015.04.07  2450 2450 2450 2450 0
2015.04.08  2385 2385 2385 2385 0
2015.04.09  2385 2385 2385 2385 0
2015.04.10  2400 2400 2400 2400 0
2015.04.13  2340 2340 2340 2340 0
2015.04.14  2340 2340 2340 2340 0
2015.04.15  2340 2340 2340 2340 0
2015.04.16  2340 2340 2340 2340 0
2015.04.17  2350 2350 2350 2350 0
2015.04.20  2350 2350 2350 2350 0
2015.04.21  2290 2290 2290 2290 0
2015.04.22  2230 2230 2230 2230 0
2015.04.23  2500 2500 2500 2500 1
2015.04.24  2600 2600 2600 2600 1
2015.04.27  2750 2750 2750 2750 1
2015.04.28  2750 2750 2750 2750 0
2015.04.29  2750 2750 2750 2750 0
2015.04.30  2700 2700 2700 2700 0
2015.05.04  2700 2700 2700 2700 0
2015.05.06  2700 2700 2700 2700 0
2015.05.07  2700 2700 2700 2700 0
2015.05.08  2700 2700 2700 2700 0
2015.05.11  2700 2700 2700 2700 0
2015.05.12  2700 2700 2700 2700 0
2015.05.13  3000 3000 3000 3000 10
2015.05.14  3000 3000 3000 3000 0
2015.05.15  3000 3000 3000 3000 0
2015.05.18  3000 3000 3000 3000 0
2015.05.19  3200 3090 3200 3090 20
2015.05.20  3480 3300 3480 3300 20
2015.05.21  3200 3200 3200 3200 300
2015.05.22  3500 3500 3500 3500 10
2015.05.26  3690 3690 3690 3690 10
2015.05.27  3800 3800 3800 3800 10
2015.05.28  3800 3800 3800 3800 0
2015.05.29  3690 3690 3690 3690 300
2015.06.01  3750 3750 3750 3750 10
2015.06.02  3645 3645 3645 3645 300
2015.06.03  4000 3900 4000 3900 20
2015.06.04  4600 4600 4600 4600 1
2015.06.05  4200 4200 4200 4200 300
2015.06.08  4830 4830 4830 4830 1
2015.06.09  4690 4690 4690 4690 300
2015.06.10  4450 4450 4450 4450 300
2015.06.11  4250 4250 4250 4250 300
2015.06.12  4130 4130 4130 4130 300
2015.06.15  4010 4010 4010 4010 300
2015.06.16  4010 4010 4010 4010 0
2015.06.17  4010 4010 4010 4010 0
2015.06.18  4010 4010 4010 4010 0
2015.06.19  4500 4500 4500 4500 1
2015.06.22  4900 4900 4900 4900 1
2015.06.23  4630 4630 4630 4630 300
2015.06.24  4370 4370 4370 4370 300
2015.06.25  4790 4790 4790 4790 1
2015.06.26  4520 4520 4520 4520 300
2015.06.29  4270 4270 4270 4270 300
2015.06.30  4900 4900 4900 4900 5
2015.07.01  5500 5500 5500 5500 1
2015.07.02  5200 5200 5200 5200 200
2015.07.03  5000 5000 5000 5000 200
2015.07.06  4720 4720 4720 4720 300
2015.07.07  4460 4460 4460 4460 300
2015.07.08  4175 4175 4175 4175 300
2015.07.09  3895 3895 3895 3895 300
2015.07.10  4200 4475 4475 4200 301
2015.07.13  3800 3800 3800 3800 300
2015.07.14  3590 3590 3590 3590 300
2015.07.15  3400 3400 3400 3400 300
2015.07.16  3210 3210 3210 3210 400
2015.07.17  3120 3120 3120 3120 400
2015.07.20  3120 3120 3120 3120 0
2015.07.21  3120 3120 3120 3120 0
2015.07.22  3120 3120 3120 3120 0
2015.07.23  3120 3120 3120 3120 0
2015.07.24  3120 3120 3120 3120 0
2015.07.27  3120 3120 3120 3120 0
2015.07.28  3120 3120 3120 3120 0
2015.07.29  3120 3120 3120 3120 0
2015.07.30  3120 3120 3120 3120 0
2015.07.31  3120 3120 3120 3120 0
2015.08.03  3490 3490 3490 3490 1
2015.08.04  3490 3490 3490 3490 0
2015.08.05  3900 3900 3900 3900 1
2015.08.06  3900 3680 3900 3680 301
2015.08.07  4200 4200 4200 4200 1
2015.08.10  4200 3970 4200 3970 301
2015.08.11  4500 4500 4500 4500 5
2015.08.12  4500 4500 4500 4500 1
2015.08.13  4250 4250 4250 4250 300
2015.08.17  4020 4020 4020 4020 300
2015.08.18  3500 3500 3500 3500 300
2015.08.19  3170 3170 3170 3170 400
2015.08.20  3000 3000 3000 3000 1800
2015.08.21  3000 3000 3000 3000 0
2015.08.24  3000 3000 3000 3000 0
2015.08.25  3000 3000 3000 3000 0
2015.08.26  3000 3000 3000 3000 0
2015.08.27  2915 2915 2915 2915 400
2015.08.28  2915 2915 2915 2915 0
2015.08.31  2915 2915 2915 2915 0
2015.09.01  2835 2835 2835 2835 10
2015.09.02  2835 2835 2835 2835 0
2015.09.03  2835 2835 2835 2835 0
2015.09.04  2835 2835 2835 2835 0
2015.09.07  2835 2835 2835 2835 0
2015.09.08  3260 3260 3260 3260 10
2015.09.09  3260 3260 3260 3260 0
2015.09.10  3260 3260 3260 3260 0
2015.09.11  3120 3120 3120 3120 400
2015.09.14  3120 3120 3120 3120 0
2015.09.15  3030 3030 3030 3030 400
2015.09.16  3030 3030 3030 3030 0
2015.09.17  3030 3030 3030 3030 0
2015.09.18  3030 3030 3030 3030 0
2015.09.21  3030 3030 3030 3030 0
2015.09.22  3030 3030 3030 3030 0
2015.09.23  3030 3030 3030 3030 0
2015.09.24  3030 3030 3030 3030 0
2015.09.25  3030 3030 3030 3030 0
2015.09.30  3030 3030 3030 3030 0
2015.10.01  3030 3030 3030 3030 0
2015.10.02  2945 2945 2945 2945 400
2015.10.05  2945 2945 2945 2945 0
2015.10.06  2945 2945 2945 2945 0
2015.10.07  2945 2945 2945 2945 0
2015.10.08  2945 2945 2945 2945 0
2015.10.12  2945 2945 2945 2945 0
2015.10.13  2945 2945 2945 2945 0
2015.10.14  2945 2945 2945 2945 0
2015.10.15  2900 2900 2900 2900 0
2015.10.16  2900 2900 2900 2900 0
2015.10.19  2900 2900 2900 2900 0
2015.10.20  2900 2900 2900 2900 0
2015.10.21  2900 2900 2900 2900 0
2015.10.22  2900 2900 2900 2900 0
2015.10.23  2900 2900 2900 2900 0
2015.10.26  2900 2900 2900 2900 0
2015.10.27  2900 2900 2900 2900 0
2015.10.28  2900 2900 2900 2900 0
2015.10.29  2900 2900 2900 2900 0
2015.10.30  2900 2900 2900 2900 0
2015.11.02  2900 2900 2900 2900 0
2015.11.03  2900 2900 2900 2900 0
2015.11.04  2900 2900 2900 2900 0
2015.11.05  2900 2900 2900 2900 0
2015.11.06  2900 2900 2900 2900 0
2015.11.09  2850 2850 2850 2850 0
2015.11.10  2800 2800 2800 2800 0
2015.11.11  2800 2800 2800 2800 0
2015.11.12  2740 2740 2740 2740 400
2015.11.13  2740 2740 2740 2740 0
2015.11.16  2740 2740 2740 2740 0
2015.11.17  2740 2740 2740 2740 0
2015.11.18  2665 2665 2665 2665 400
2015.11.19  2665 2665 2665 2665 0
2015.11.20  2665 2665 2665 2665 400
2015.11.23  2665 2665 2665 2665 0
2015.11.24  2650 2650 2650 2650 400
2015.11.25  2650 2650 2650 2650 0
2015.11.26  2650 2650 2650 2650 400
2015.11.27  2650 2650 2650 2650 400
2015.11.30  2650 2650 2650 2650 400
2015.12.01  2575 2575 2575 2575 400
2015.12.02  2575 2575 2575 2575 0
2015.12.03  2575 2575 2575 2575 0
2015.12.04  2575 2575 2575 2575 0
2015.12.07  2550 2550 2550 2550 0
2015.12.08  2550 2550 2550 2550 0
2015.12.09  2550 2550 2550 2550 0
2015.12.10  2550 2550 2550 2550 400
2015.12.11  2550 2550 2550 2550 0
2015.12.14  2550 2550 2550 2550 0
2015.12.15  2500 2500 2500 2500 0
2015.12.16  2500 2500 2500 2500 0
2015.12.17  2500 2500 2500 2500 0
2015.12.18  2500 2500 2500 2500 0
2015.12.21  2500 2500 2500 2500 0
2015.12.22  2500 2500 2500 2500 0
2015.12.23  2500 2500 2500 2500 0
2015.12.24  2500 2500 2500 2500 0
2015.12.28  2500 2500 2500 2500 0
2015.12.29  2500 2500 2500 2500 0
2015.12.30  2500 2500 2500 2500 0
2016.01.04  2500 2500 2500 2500 0
2016.01.05  2500 2500 2500 2500 0
2016.01.06  2500 2500 2500 2500 0
2016.01.07  2500 2500 2500 2500 0
2016.01.08  2500 2500 2500 2500 0
2016.01.11  2500 2500 2500 2500 0
2016.01.12  2500 2500 2500 2500 0
2016.01.13  2500 2500 2500 2500 0
2016.01.14  2500 2500 2500 2500 0
2016.01.15  2500 2500 2500 2500 0
2016.01.18  2500 2500 2500 2500 0
2016.01.19  2500 2500 2500 2500 0
2016.01.20  2500 2500 2500 2500 0
2016.01.21  2500 2500 2500 2500 0
2016.01.22  2500 2500 2500 2500 0
2016.01.25  2500 2500 2500 2500 0
2016.01.26  2500 2500 2500 2500 0
2016.01.27  2500 2500 2500 2500 0
2016.01.28  2130 2130 2130 2130 2
2016.01.29  1820 1820 1820 1820 2
2016.02.01  1600 1555 1600 1555 103
2016.02.02  1365 1650 1750 1365 401
2016.02.03  1170 1170 1170 1170 501
2016.02.04  1000 1000 1000 1000 874
2016.02.05  1085 1150 1150 1085 901
2016.02.11  926 926 1000 926 315
2016.02.12  990 1000 1045 990 1501
2016.02.15  1075 1135 1135 1075 901
2016.02.16  916 916 916 916 10
2016.02.17  991 1050 1050 991 1001
2016.02.18  1135 1135 1135 1135 900
2016.02.19  1305 1305 1305 1305 2
2016.02.22  1500 1500 1500 1115 791
2016.02.23  1725 1280 1725 1280 34
2016.02.24  1980 1980 1980 1980 1
2016.02.25  2260 2260 2260 2260 3
2016.02.26  2220 2220 2220 2220 500
2016.02.29  2220 2220 2220 2220 500
2016.03.02  2160 2160 2160 2160 500
2016.03.03  2160 2160 2160 2160 500
2016.03.04  2160 2160 2160 2160 500
2016.03.07  2100 2100 2100 2100 500
2016.03.08  2040 2040 2040 2040 500
2016.03.09  2020 2020 2020 2020 500
2016.03.10  1725 2110 2110 1725 536
2016.03.11  1800 1475 1800 1475 7
2016.03.14  1755 1860 1860 1755 543
2016.03.15  1755 2010 2010 1755 3
2016.03.16  2015 1800 2015 1500 519
2016.03.17  2300 2300 2300 2300 60
2016.03.18  2500 2500 2500 2500 11
2016.03.21  2700 2700 2700 2700 11
2016.03.22  2700 2550 2700 2550 401
2016.03.23  2700 2550 2700 2550 401
2016.03.24  3100 3100 3100 3100 3
2016.03.25  3560 3560 3560 3560 4
2016.03.28  3500 3360 3500 3360 301
2016.03.29  3500 2975 3500 2975 301
2016.03.30  2975 2975 2975 2975 300
2016.03.31  3000 2835 3000 2835 361
2016.04.01  3000 2850 3000 2850 370
2016.04.04  3000 2840 3000 2840 406
2016.04.05  2900 2900 2900 2900 350
2016.04.06  2820 2820 2820 2820 360
2016.04.07  2670 2670 2670 2670 380
2016.04.08  3070 2275 3070 2275 8
2016.04.11  3500 2610 3500 2610 108
2016.04.12  3495 3495 3495 3495 0
2016.04.14  3395 3395 3395 3395 0
2016.04.15  3395 3395 3395 3395 0
2016.04.18  2890 2890 2890 2890 0
2016.04.19  2890 2890 2890 2890 6
2016.04.20  2480 2465 3320 2465 30
2016.04.21  2115 2550 2550 2115 451
2016.04.22  1805 1805 2430 1805 186
2016.04.25  1650 1650 1650 1650 1
2016.04.26  1570 1410 1570 1410 3
2016.04.27  1340 1340 1805 1340 562
2016.04.28  1540 1330 1540 1330 10001
2016.04.29  1770 1540 1770 1310 15107
2016.05.02  2030 2030 2030 2030 1
2016.05.03  2330 2200 2330 2200 461
2016.05.04  2670 2670 2670 2670 1
2016.05.09  2670 2670 2670 2670 0
2016.05.10  2275 2275 2275 2275 0
2016.05.11  1935 2600 2600 1935 2
2016.05.12  1650 1650 1650 1650 651
2016.05.13  1410 1410 1410 1410 1
2016.05.16  1620 1205 1620 1205 442
2016.05.17  1790 1860 1860 1700 703
2016.05.18  1600 1600 1600 1600 300
2016.05.19  1360 1840 1840 1360 1402
2016.05.20  1560 1165 1560 1165 2510
2016.05.23  1500 1330 1580 1330 6
2016.05.24  1510 1595 1595 1510 2
2016.05.25  1510 1590 1735 1510 2009
2016.05.26  1500 1285 1600 1285 606
2016.05.27  1460 1455 1725 1275 5002
2016.05.30  1450 1245 1675 1245 3
2016.05.31  1460 1460 1460 1460 0
2016.06.01  1675 1250 1675 1250 2
2016.06.02  1920 1920 1920 1920 1
2016.06.03  2200 2200 2200 2200 1
2016.06.07  1875 2200 2200 1875 6
2016.06.08  1700 1700 1700 1700 0
2016.06.09  1445 1445 1445 1445 0
2016.06.10  1460 1660 1660 1460 611
2016.06.13  1460 1245 1675 1245 3
2016.06.14  1460 1470 1470 1460 1001
2016.06.15  1460 1675 1675 1245 602
2016.06.16  1250 1470 1500 1250 31003
2016.06.17  1420 1435 1435 1420 701
2016.06.20  1460 1630 1630 1460 616
2016.06.21  1675 1670 1675 1670 930
2016.06.22  1460 1460 1460 1460 1
2016.06.23  1675 1675 1675 1675 700
2016.06.24  1925 1925 1925 1925 2
2016.06.27  1925 1640 1925 1640 24001
2016.06.28  2210 2210 2210 2210 41
2016.06.29  1880 2540 2540 1880 2
2016.06.30  1720 2160 2160 1600 23
2016.07.01  1510 1465 1510 1465 2032
2016.07.04  1410 1410 1410 1410 0
2016.07.05  1405 1405 1405 1405 10000
2016.07.06  1195 1405 1405 1195 14999
2016.07.07  1370 1370 1370 1370 730
2016.07.08  1575 1575 1575 1575 1
2016.07.11  1350 1350 1350 1350 1
2016.07.12  1470 1470 1470 1470 685
2016.07.13  1650 1650 1650 1650 5
2016.07.14  1500 1500 1500 1500 3000
2016.07.15  1350 1350 1350 1350 1
2016.07.18  1450 1450 1450 1450 1
2016.07.19  1500 1500 1500 1500 67
2016.07.20  1725 1725 1725 1725 580
2016.07.21  1980 1800 1980 1800 101
2016.07.22  2270 1690 2270 1690 1001
2016.07.25  1930 1930 1930 1930 0
2016.07.26  1650 1650 1650 1650 1000
2016.07.27  1500 1610 1610 1500 1001
2016.07.28  1455 1500 1515 1455 5000
2016.07.29  1455 1605 1670 1455 1675
2016.08.01  1400 1455 1460 1400 10001
2016.08.02  1420 1420 1420 1420 0
2016.08.03  1605 1500 1605 1500 101
2016.08.04  1365 1365 1365 1365 1
2016.08.05  1450 1365 1450 1365 20471
2016.08.08  1410 1450 1450 1410 114
2016.08.09  1410 1410 1410 1410 100
2016.08.10  1395 1410 1415 1215 11397
2016.08.11  1425 1355 1425 1355 10003
2016.08.12  1385 1390 1390 1380 7077
2016.08.16  1360 1415 1590 1360 1630
2016.08.17  1385 1560 1560 1385 645
2016.08.18  1400 1400 1400 1400 100
2016.08.19  1310 1410 1410 1300 87418
2016.08.22  1270 1275 1310 1270 49531
2016.08.23  1250 1270 1270 1250 6300
2016.08.24  1215 1215 1215 1215 10000
2016.08.25  1210 1395 1395 1210 718
2016.08.26  1210 1390 1390 1210 721
2016.08.29  1220 1245 1245 1220 901
2016.08.30  1240 1220 1240 1220 201
2016.08.31  1250 1420 1420 1250 2
2016.09.01  1260 1285 1285 1260 901
2016.09.02  1230 1295 1295 1230 901
2016.09.05  1220 1240 1400 1220 31298
2016.09.06  1220 1230 1230 1040 12201
2016.09.07  1230 1230 1230 1230 14100
2016.09.08  1220 1400 1410 1220 1011
2016.09.09  1230 1230 1230 1230 8300
2016.09.12  1055 1055 1055 1055 0
2016.09.13  951 951 951 951 0
2016.09.19  1090 1090 1090 1090 1
2016.09.20  1200 1200 1200 930 16001
2016.09.21  1300 1200 1300 1200 40704
2016.09.22  1110 1400 1495 1110 2057
2016.09.23  1275 1275 1275 1275 785
2016.09.26  1400 1400 1400 1400 1
2016.09.27  1400 1400 1400 1400 0
2016.09.28  1600 1600 1600 1600 1
2016.09.29  1830 1400 1830 1360 1952
2016.09.30  1700 1700 1700 1700 0
2016.10.04  1445 1445 1445 1445 0
2016.10.05  1660 1400 1660 1400 10001
2016.10.06  1420 1420 1420 1420 40001
2016.10.07  1220 1220 1220 1220 1
2016.10.10  1040 1040 1300 1040 12
2016.10.11  1195 1195 1195 1195 3
2016.10.12  1250 1250 1250 1250 300
2016.10.13  1250 1285 1285 1250 1780
2016.10.14  1250 1285 1285 1250 780
2016.10.17  1250 1285 1285 1250 780
2016.10.18  1070 1305 1305 1070 19600
2016.10.19  1000 1070 1070 910 59001
2016.10.20  1020 1000 1150 1000 28901
2016.10.21  900 1020 1020 900 80
2016.10.24  955 910 1035 910 4611
2016.10.25  928 983 983 928 1083
2016.10.26  955 955 955 955 1110
2016.10.27  991 991 991 991 1080
2016.10.28  995 1010 1010 995 1011
2016.10.31  1140 846 1140 846 602
2016.11.01  970 970 1005 970 12660
2016.11.02  1000 1000 1000 1000 1602
2016.11.03  1005 1025 1025 1005 1031
2016.11.04  976 1030 1030 976 1001
2016.11.07  980 840 980 840 45
2016.11.08  1125 1005 1125 1005 1052
2016.11.09  1160 1160 1160 1160 914
2016.11.10  1000 1130 1130 1000 1602
2016.11.11  1000 1025 1025 1000 1031
2016.11.14  1000 1025 1025 1000 1031
2016.11.15  1000 1025 1025 1000 981
2016.11.16  971 1030 1030 971 1001
2016.11.17  1000 1005 1005 1000 1001
2016.11.18  1030 1030 1030 1030 1220
2016.11.21  1180 880 1180 880 3
2016.11.22  1355 1200 1355 1200 2
2016.11.23  1395 1320 1395 1320 761
2016.11.24  1395 1200 1395 1200 6
2016.11.25  1435 1355 1435 1355 741
2016.11.28  1650 1650 1650 1650 1
2016.11.29  1650 1605 1650 1605 625
2016.11.30  1650 1605 1650 1605 626
2016.12.01  1700 1605 1700 1605 626
2016.12.02  1700 1445 1700 1445 6
2016.12.05  1700 1655 1700 1655 606
2016.12.06  1700 1655 1700 1655 606
2016.12.07  1955 1955 1955 1955 1
2016.12.08  1895 1895 1895 1895 527
2016.12.09  1840 1840 1840 1840 544
2016.12.12  1825 1790 1825 1565 562
2016.12.13  2000 2000 2000 2000 1
2016.12.14  2200 2200 2200 2200 1
2016.12.15  2200 2140 2200 2140 471
2016.12.16  2140 2140 2140 2140 470
2016.12.19  2140 2080 2140 1820 483
2016.12.20  2450 2450 2450 2450 1
2016.12.21  2350 2345 2350 2085 423
2016.12.22  2350 2285 2350 2000 441
2016.12.23  2350 2285 2350 2000 441
2016.12.26  2345 2285 2345 2000 450
2016.12.27  2280 2280 2280 2280 439
2016.12.28  2595 1940 2595 1940 2
2016.12.29  2520 2520 2520 2520 397
2017.01.02  2515 2450 2515 2145 411
2017.01.03  2885 2885 2885 2885 1
2017.01.04  2870 2805 2870 2805 359
2017.01.05  2845 2790 2845 2790 361
2017.01.06  2840 2420 2840 2420 11
2017.01.09  2760 2760 2760 2760 363
2017.01.10  2745 2680 2745 2680 375
2017.01.11  2735 2670 2735 2670 376
2017.01.12  2730 2660 2730 2325 380
2017.01.13  2600 2600 2600 2600 377
2017.01.16  2495 2495 2495 2495 397
2017.01.17  2125 2125 2125 2125 6
2017.01.18  2435 1810 2435 1810 3
2017.01.19  2200 2200 2200 2200 423
2017.01.20  2440 2440 2440 2440 1
2017.01.23  2195 2195 2195 2195 422
2017.01.24  2190 2135 2190 2135 470
2017.01.25  2190 2130 2190 2130 471
2017.01.26  2180 2130 2180 2130 471
2017.01.31  2170 2120 2170 2120 473
2017.02.01  2170 2110 2170 2110 475
2017.02.02  2495 2495 2495 2495 1
2017.02.03  2490 2425 2490 2425 414
2017.02.06  2855 2120 2855 2120 6
2017.02.07  2825 2775 2825 2775 362
2017.02.08  2815 2745 2815 2745 366
2017.02.09  2795 2735 2795 2735 367
2017.02.10  2775 2715 2775 2715 370
2017.02.13  2500 2500 2500 2500 372
2017.02.14  2500 2430 2500 2430 413
2017.02.15  2430 2430 2430 2430 412
2017.02.16  2400 2360 2400 2360 425
2017.02.17  2400 2335 2400 2335 430
2017.02.20  2040 2040 2040 2040 5
2017.02.21  2340 2035 2340 2035 2
2017.02.22  2335 2275 2335 2275 441
2017.02.23  2330 2270 2330 2270 442
2017.02.24  2315 1985 2315 1985 443
2017.02.27  1995 1995 1995 1995 445
2017.02.28  2280 1700 2280 1700 763
2017.03.02  2280 2215 2280 2215 453
2017.03.03  2275 1940 2275 1940 32
2017.03.06  2265 2210 2265 2210 454
2017.03.07  2495 2495 2495 2495 1
2017.03.08  2495 2425 2495 2425 414
2017.03.09  2125 2125 2490 2125 577
2017.03.10  2125 1810 2125 1810 501
2017.03.13  2435 1810 2435 1810 301
2017.03.14  2435 2350 2435 2350 425
2017.03.15  2795 2070 2795 2070 7
2017.03.16  2705 2705 2705 2705 369
2017.03.17  2300 2300 2300 2300 5
2017.03.20  2300 2235 2300 2235 450
2017.03.21  2300 2235 2300 2235 449
2017.03.22  2290 2215 2290 2215 449
2017.03.23  2220 1950 2290 1950 452
2017.03.24  2495 2495 2495 2495 1
2017.03.27  2480 2425 2480 2425 415
2017.03.28  2110 2110 2110 2110 5
2017.03.29  2150 2050 2150 2050 501
2017.03.30  2150 2090 2150 2090 480
2017.03.31  2300 2300 2300 2300 1
2017.04.03  2235 2235 2235 2235 448
2017.04.04  2235 2170 2235 2170 467
2017.04.05  1900 1900 1900 1900 5
2017.04.06  2160 2185 2185 1615 302
2017.04.07  2155 1840 2155 1840 478
2017.04.10  2095 1835 2095 1835 479
2017.04.11  2090 1785 2090 1785 493
2017.04.12  2080 1780 2080 1780 494
2017.04.13  2080 2020 2080 2020 498
2017.04.14  2080 2020 2080 2020 497
2017.04.17  2385 2385 2385 2385 1
2017.04.18  2730 2730 2730 2300 2181
2017.04.19  2325 2325 2325 2325 5
2017.04.20  2320 2260 2320 2260 444
2017.04.21  2300 2255 2300 2255 445
2017.04.24  2300 2235 2300 2235 449
2017.04.25  2300 2000 2300 2000 2501
2017.04.26  2635 2640 2640 1955 7
2017.04.27  3020 3020 3020 3020 1
2017.04.28  3330 3330 3330 3330 1
2017.05.02  3330 3235 3330 3230 313
2017.05.04  3330 3235 3330 3235 316
2017.05.08  2835 2835 2835 2835 15
2017.05.10  2495 2495 2495 2495 363
2017.05.11  2495 2425 2495 2425 414
2017.05.12  2495 2425 2495 2425 414
2017.05.15  2495 2495 2495 2495 4000
2017.05.16  2425 2425 2425 2425 413
2017.05.17  2425 2200 2425 2200 1819
2017.05.18  2420 2355 2420 2355 426
2017.05.19  2420 2350 2420 2350 427
2017.05.22  2420 2060 2420 2060 501
2017.05.23  2420 2420 2420 2420 0
2017.05.24  2410 2410 2410 2410 0
2017.05.25  2410 2410 2410 2410 0
2017.05.26  2410 2410 2410 2410 0
2017.05.29  2405 2405 2405 2405 0
2017.05.30  2400 2400 2400 2400 0
2017.05.31  2040 2040 2040 2040 0
2017.06.01  1735 1735 1735 1735 16
2017.06.02  1475 1475 1475 1475 202
2017.06.05  1680 1255 1690 1255 2003
2017.06.07  1430 1430 1430 1430 1
2017.06.08  1220 1220 1220 1220 1
2017.06.09  1395 1395 1395 1395 1
2017.06.12  1190 1190 1400 1190 15043
2017.06.13  1115 1300 1300 1110 1510
2017.06.14  1005 1280 1280 1005 13
2017.06.15  1150 1150 1150 1150 394
2017.06.16  1320 1320 1320 1320 1
2017.06.19  1130 1125 1495 1125 33445
2017.06.20  1205 1290 1290 1205 10
2017.06.21  1200 1205 1380 1200 3182
2017.06.22  1295 1295 1295 1295 4
2017.06.23  1445 1450 1450 1445 2
2017.06.26  1495 1495 1495 1495 1
2017.06.27  1280 1280 1400 1280 2930
2017.06.28  1400 1400 1400 1200 4
2017.06.29  1395 1395 1395 1395 0
2017.06.30  1390 1390 1390 1390 0
2017.07.03  1390 1390 1390 1390 0
2017.07.04  1385 1385 1385 1385 0
2017.07.05  1385 1385 1385 1385 0
2017.07.06  1380 1380 1380 1380 0
2017.07.07  1380 1380 1380 1380 0
2017.07.10  1380 1380 1380 1380 50
2017.07.11  1380 1380 1380 1380 50
2017.07.12  1375 1380 1380 1200 1051
2017.07.13  1375 1375 1375 1375 50
2017.07.14  1170 1380 1380 1170 7969
2017.07.17  1240 1010 1240 1000 7501
2017.07.18  1055 1375 1375 1055 7826
2017.07.19  1200 1210 1210 1055 2202
2017.07.20  1100 1245 1245 1035 22551
2017.07.21  1060 1100 1150 1060 2268
2017.07.24  1065 1215 1215 1010 1111
2017.07.25  1100 915 1100 915 3507
2017.07.26  1265 935 1265 935 2
2017.07.27  1355 1360 1360 1355 55
2017.07.28  1380 1380 1380 1380 50
2017.07.31  1495 1380 1495 1175 251
2017.08.01  1380 1380 1380 1380 50
2017.08.02  1380 1380 1380 1380 50
2017.08.03  1330 1175 1330 1175 2002
2017.08.04  1495 1310 1495 1135 101
2017.08.07  1455 1380 1455 1380 51
2017.08.08  1660 1660 1660 1660 1
2017.08.09  1415 1415 1415 1415 0
2017.08.10  1300 1205 1300 1205 3034
2017.08.11  1110 1110 1110 1110 0
2017.08.14  1270 945 1270 945 2
2017.08.16  1105 1105 1105 1105 0
2017.08.17  1270 1135 1270 1110 3932
2017.08.18  1090 1090 1090 1090 1
2017.08.21  1250 1120 1250 1120 945
2017.08.22  1435 1435 1435 1435 1
2017.08.23  1650 1650 1650 1650 1
