2014.11.06   31050 27000 31050 27000 904539
2014.11.07   34700 32650 35700 28250 1302435
2014.11.10   39900 35500 39900 34000 401658
2014.11.11   38800 41500 44150 35850 681043
2014.11.12   35200 40000 40400 35200 253818
2014.11.13   34100 34750 37700 33800 248350
2014.11.14   37750 33900 38900 32500 429539
2014.11.17   34450 36400 40800 34150 377303
2014.11.18   37200 34850 38300 34650 223068
2014.11.19   37300 36500 39800 36400 162693
2014.11.20   36400 38000 39650 35850 200314
2014.11.21   37500 36000 39500 35000 202172
2014.11.24   37550 38200 39800 36600 140881
2014.11.25   36700 38200 38450 35800 79620
2014.11.26   35000 36650 37000 35000 74769
2014.11.27   34350 34300 35300 33500 57310
2014.11.28   32000 34350 34600 32000 52589
2014.12.01   30500 31400 31800 30500 33941
2014.12.02   30850 30500 31300 29300 35697
2014.12.03   31400 29950 31900 29850 27984
2014.12.04   30850 31600 31900 30700 19408
2014.12.05   30100 30900 30900 29400 26328
2014.12.08   27250 28000 29000 27150 179751
2014.12.09   25150 27400 27400 24850 109165
2014.12.10   25500 24950 27000 24300 134810
2014.12.11   23100 25650 26000 23000 165929
2014.12.12   21450 23250 23550 21400 138462
2014.12.15   21250 20700 21900 20400 68363
2014.12.16   22400 21250 23450 20900 177613
2014.12.17   21350 22600 22650 21100 65728
2014.12.18   20000 21700 21700 19200 102853
2014.12.19   23000 20450 23000 20100 199549
2014.12.22   24300 23800 25250 23150 337460
2014.12.23   27900 23900 27900 23700 261782
2014.12.24   28700 28700 31300 27400 339616
2014.12.26   27000 28900 29250 27000 94590
2014.12.29   26600 26650 27100 25650 100082
2014.12.30   26700 26300 27000 25900 50939
2015.01.02   30700 26500 30700 26300 126948
2015.01.05   29600 30700 32400 29200 156154
2015.01.06   29500 29200 31350 28850 72499
2015.01.07   28100 29650 29800 28100 71595
2015.01.08   28100 28500 31000 27300 132659
2015.01.09   29500 28750 30150 27900 110068
2015.01.12   28800 30200 30900 28800 87944
2015.01.13   31500 29200 31750 29150 178081
2015.01.14   30400 32600 32650 29850 240913
2015.01.15   31300 30550 32150 29550 188502
2015.01.16   31400 31000 32250 30900 138178
2015.01.19   32100 32000 33650 31750 119087
2015.01.20   31750 32450 32450 30800 98188
2015.01.21   33250 31800 34050 31000 239151
2015.01.22   31150 33400 33500 31050 104348
2015.01.23   30200 31250 31450 29650 142024
2015.01.26   28500 30350 30600 28350 119346
2015.01.27   30100 28750 30150 28350 89363
2015.01.28   29900 29900 30600 29500 47342
2015.01.29   30450 30100 31650 29950 105607
2015.01.30   29400 30450 30600 28550 99095
2015.02.02   29150 29400 30550 29150 60067
2015.02.03   28500 29300 29500 28200 60842
2015.02.04   28400 28250 29700 28200 74413
2015.02.05   27500 28550 29050 26850 138566
2015.02.06   27050 28000 28400 26700 90742
2015.02.09   28200 27300 29200 25000 267512
2015.02.10   32400 29300 32400 28000 393828
2015.02.11   32100 34500 35900 30850 486256
2015.02.12   30800 32400 32600 30300 152530
2015.02.13   33750 30850 35400 30450 456292
2015.02.16   34600 33150 36450 33000 204811
2015.02.17   34300 34850 35600 33300 96650
2015.02.23   36500 34500 38300 34400 224087
2015.02.24   36500 36800 38000 35650 167883
2015.02.25   39050 37600 41700 36600 335102
2015.02.26   39550 39450 39950 37900 124386
2015.02.27   40000 39400 40650 38950 78353
2015.03.02   36100 40100 40800 35900 139768
2015.03.03   34800 36250 36500 34100 128862
2015.03.04   35150 35150 35650 34550 62605
2015.03.05   34350 35000 35700 34100 62831
2015.03.06   36600 34350 37250 33850 196592
2015.03.09   35150 36600 37150 35150 56109
2015.03.10   33550 35500 36500 33400 99079
2015.03.11   33400 33100 34300 32800 42907
2015.03.12   35750 34150 37500 33300 132180
2015.03.13   36700 36250 37400 36000 49538
2015.03.16   36400 36950 36950 35600 43180
2015.03.17   35950 36900 37050 35500 57100
2015.03.18   34300 36100 36700 34050 69681
2015.03.19   34950 34450 35200 32800 63638
2015.03.20   35700 34950 37300 34200 95212
2015.03.23   34600 35800 36000 34450 55643
2015.03.24   36300 34600 36700 34100 66072
2015.03.25   39300 36700 39500 36350 212011
2015.03.26   37200 38500 38800 36650 118658
2015.03.27   36250 37000 37700 35550 54528
2015.03.30   36300 36600 36650 34900 43915
2015.03.31   36050 36500 37050 35850 56712
2015.04.01   35950 36100 36400 35100 42438
2015.04.02   36100 35600 37800 35600 90557
2015.04.03   38600 36150 39850 36150 235813
2015.04.06   38500 39000 39250 37700 57037
2015.04.07   38950 38600 40850 38600 128539
2015.04.08   38300 38700 39250 37100 109704
2015.04.09   40650 38500 41050 38500 134457
2015.04.10   41400 40200 43450 39750 210069
2015.04.13   44300 41500 44300 41000 171691
2015.04.14   40150 44200 45500 40150 174155
2015.04.15   39000 40500 41100 38850 95122
2015.04.16   39000 39500 40400 38850 53344
2015.04.17   41950 39000 42100 39000 82411
2015.04.20   41700 41700 43000 40800 74746
2015.04.21   42750 42200 42750 41000 59529
2015.04.22   41000 42550 44450 36950 184059
2015.04.23   37500 41500 41500 37000 127584
2015.04.24   37250 37200 38000 36000 64219
2015.04.27   38000 37650 38450 36800 36290
2015.04.28   36850 37900 38150 36850 49554
2015.04.29   37750 37100 37750 35200 53929
2015.04.30   38150 37200 38150 36300 40059
2015.05.04   36800 37950 37950 35350 67780
2015.05.06   34150 35600 35900 34150 49959
2015.05.07   35100 34500 35600 33700 17809
2015.05.08   35300 35150 36200 34850 20104
2015.05.11   35700 35500 36500 34850 22810
2015.05.12   35450 35700 36150 35200 13277
2015.05.13   36000 35500 36150 35000 21489
2015.05.14   37450 36400 37850 35900 50454
2015.05.15   38400 37900 39000 37500 60090
2015.05.18   38550 39500 40000 38200 62256
2015.05.19   38000 38600 39000 37750 23480
2015.05.20   38400 38050 40000 37900 51452
2015.05.21   39400 38650 39800 37600 60417
2015.05.22   42650 40100 43900 39400 198175
2015.05.26   39400 42700 44500 39250 126536
2015.05.27   37050 38700 39000 36700 51928
2015.05.28   39150 37700 39200 37650 47972
2015.05.29   40500 39000 42450 38100 68618
2015.06.01   41350 40500 42600 39500 81248
2015.06.02   41300 41700 42900 40000 57569
2015.06.03   41300 41700 42650 40750 52095
2015.06.04   40950 41300 41700 40700 22404
2015.06.05   39500 40900 41300 39000 40729
2015.06.08   41000 40100 41000 39800 46835
2015.06.09   40100 41200 41200 39700 29234
2015.06.10   39900 39900 42000 39850 51028
2015.06.11   39200 40300 40650 38900 27693
2015.06.12   38500 38650 39700 37800 42906
2015.06.15   38550 37850 39250 37300 31064
2015.06.16   38200 38200 38900 36200 47740
2015.06.17   37800 38500 38500 37200 19589
2015.06.18   37450 38000 39000 37200 46770
2015.06.19   36500 37500 38100 36200 57516
2015.06.22   36200 36500 37000 36000 28352
2015.06.23   37300 36400 37400 36050 23878
2015.06.24   37100 37600 38000 36600 39690
2015.06.25   38600 37100 39900 36500 68159
2015.06.26   39700 38650 41200 38600 109560
2015.06.29   38850 39000 39650 38000 43722
2015.06.30   39350 38400 39350 37200 37252
2015.07.01   39450 39450 40450 38700 52604
2015.07.02   46300 39800 47550 39600 296659
2015.07.03   45650 47750 48500 44150 145185
2015.07.06   45100 44800 46650 44200 82591
2015.07.07   41500 46500 48350 39750 214147
2015.07.08   39500 40350 42000 37500 90407
2015.07.09   40500 37900 40500 37150 66510
2015.07.10   39000 40450 40500 38100 42600
2015.07.13   38000 38800 39350 37150 54593
2015.07.14   39200 38500 40450 38000 62024
2015.07.15   39300 39450 39900 38800 22968
2015.07.16   38600 39350 39350 38500 21883
2015.07.17   38850 38600 39450 37900 20694
2015.07.20   40000 39200 41850 39000 71840
2015.07.21   39100 40500 41050 38650 41310
2015.07.22   39100 39200 40400 38500 42314
2015.07.23   39350 39100 39900 38850 25571
2015.07.24   39600 39550 40050 38800 27999
2015.07.27   37600 39900 39900 37600 42641
2015.07.28   36600 36000 37250 35400 47128
2015.07.29   34700 37100 37100 34650 37351
2015.07.30   32200 34400 35250 32000 52801
2015.07.31   33250 31400 33550 31400 37300
2015.08.03   32400 32700 33350 31900 17520
2015.08.04   33000 31750 33000 31750 14991
2015.08.05   33100 33000 33500 32550 18789
2015.08.06   33300 33250 34000 32700 21668
2015.08.07   33050 33300 33300 32650 12683
2015.08.10   31950 33050 33050 31500 27426
2015.08.11   31250 32100 32300 30900 16985
2015.08.12   29750 31100 31100 27650 47393
2015.08.13   30600 29150 30750 28500 28911
2015.08.17   28200 30700 30850 27650 41186
2015.08.18   26900 28200 28400 26900 18768
2015.08.19   25100 25550 26900 24350 48705
2015.08.20   25000 24350 26150 24150 25401
2015.08.21   22200 23750 24200 22000 52646
2015.08.24   20900 22200 22900 20700 53425
2015.08.25   23600 21800 23750 20750 57727
2015.08.26   23900 23500 24900 23000 31928
2015.08.27   24500 24400 25550 24000 47428
2015.08.28   25100 25500 26250 25000 27501
2015.08.31   25350 25050 26100 24850 19636
2015.09.01   24200 25700 25700 24200 23680
2015.09.02   24200 23350 24500 23050 18355
2015.09.03   25800 24700 26150 24400 37226
2015.09.04   23500 25800 25800 23250 33776
2015.09.07   23950 24200 24950 23000 19606
2015.09.08   23600 23350 24300 22850 22047
2015.09.09   24950 25300 25300 24250 21629
2015.09.10   25700 24900 26100 24300 22954
2015.09.11   25650 25800 26450 25100 15301
2015.09.14   24650 25200 25750 24550 14606
2015.09.15   24750 24650 25000 24450 10342
2015.09.16   25900 25000 26500 24900 28063
2015.09.17   25400 26700 26700 25150 17105
2015.09.18   26600 25950 26600 25400 35436
2015.09.21   30700 26400 33400 25900 441638
2015.09.22   31100 30900 31100 29000 96287
2015.09.23   29700 30550 31150 29550 42418
2015.09.24   29050 29750 30350 28950 30502
2015.09.25   29400 28700 29950 28350 22799
2015.09.30   28400 28300 29000 28000 28469
2015.10.01   27600 28550 29000 27500 33448
2015.10.02   26850 27600 28050 26800 40443
2015.10.05   28000 27150 28300 26950 32657
2015.10.06   27600 28300 28500 27600 20757
2015.10.07   27200 27950 27950 26600 21815
2015.10.08   26750 27350 27850 26250 22931
2015.10.12   26150 26400 26750 25900 16211
2015.10.13   26150 26050 26750 25800 11651
2015.10.14   26300 26100 26500 26000 8139
2015.10.15   27800 26450 27950 26450 25914
2015.10.16   27850 28000 28300 27350 14025
2015.10.19   28100 27850 28500 27750 12104
2015.10.20   28000 27800 28100 27650 10624
2015.10.21   29150 27800 31950 27800 95878
2015.10.22   27700 29100 29100 27650 20365
2015.10.23   28350 28200 28500 27600 13976
2015.10.26   27800 28350 28750 27600 32415
2015.10.27   27700 28000 28100 27250 8688
2015.10.28   28400 28000 28600 27700 25177
2015.10.29   28050 28650 28650 27900 9508
2015.10.30   27650 28200 28400 27600 11652
2015.11.02   27200 27100 27650 26600 14200
2015.11.03   27150 27600 27750 26850 7771
2015.11.04   27600 27150 27750 26800 8406
2015.11.05   28100 27450 28600 27450 20703
2015.11.06   29000 28800 29500 28000 29530
2015.11.09   27800 29150 29200 27500 11908
2015.11.10   27350 27850 28150 26700 15536
2015.11.11   28650 27500 28900 27500 16733
2015.11.12   28400 28200 29150 27950 21200
2015.11.13   28550 28100 28550 27650 16760
2015.11.16   27300 28250 28250 27250 17561
2015.11.17   27500 27400 27900 27300 15690
2015.11.18   27700 27550 28450 27400 12980
2015.11.19   28950 28350 29500 27900 28123
2015.11.20   28250 29000 29000 28100 15768
2015.11.23   28450 28500 28600 28200 12556
2015.11.24   28450 28450 31500 28100 172188
2015.11.25   27950 28900 29400 27950 43487
2015.11.26   28550 27950 28850 27950 21654
2015.11.27   28350 28400 29450 28200 14560
2015.11.30   27750 28350 28450 27750 11656
2015.12.01   27850 27800 28350 27800 11194
2015.12.02   28300 28050 28600 28000 15567
2015.12.03   28000 28300 28300 27800 11917
2015.12.04   27950 27900 28050 27200 10403
2015.12.07   27500 28000 28150 27300 15289
2015.12.08   26750 27150 27450 26200 23671
2015.12.09   26350 26600 27250 26300 8875
2015.12.10   26050 26250 26700 25650 9851
2015.12.11   25350 26500 26500 25350 5709
2015.12.14   24000 25050 25050 24000 17074
2015.12.15   25150 25000 27300 24650 45406
2015.12.16   25700 25800 25900 25000 12199
2015.12.17   26200 26100 26350 25700 12245
2015.12.18   26700 26200 26750 25900 11013
2015.12.21   26600 26250 27100 26250 12164
2015.12.22   26300 26900 26900 26200 7192
2015.12.23   26600 26350 26850 26300 7546
2015.12.24   26650 26500 26900 25700 7615
2015.12.28   26250 26500 26750 26150 4099
2015.12.29   26800 26250 27300 26100 17094
2015.12.30   27000 27200 27300 26750 9544
2016.01.04   26650 27000 27350 26500 7994
2016.01.05   26550 26300 26750 26000 10798
2016.01.06   27700 26650 28000 26450 25213
2016.01.07   27050 27700 28500 26950 16857
2016.01.08   27450 26500 28150 26050 32561
2016.01.11   27950 27400 28500 27150 34406
2016.01.12   29550 28100 30000 28050 60511
2016.01.13   30500 29600 30950 28700 62550
2016.01.14   30300 30000 30450 29100 22689
2016.01.15   29000 30850 30850 28650 46136
2016.01.18   28850 28200 29400 28200 13871
2016.01.19   28400 28650 29050 27800 30804
2016.01.20   27400 28400 28950 27000 27682
2016.01.21   26800 27200 27600 26600 19834
2016.01.22   26700 26900 27450 26400 21785
2016.01.25   26900 26750 27350 26550 21071
2016.01.26   27000 27050 27050 26550 14677
2016.01.27   26300 27150 27500 26000 27234
2016.01.28   26100 26150 26500 25900 21236
2016.01.29   26150 26300 26400 25900 16837
2016.02.01   26150 26300 26800 26000 21246
2016.02.02   25850 26150 26300 25800 20441
2016.02.03   26800 25600 27150 25600 24189
2016.02.04   26950 26950 27700 26550 20369
2016.02.05   26800 27250 27250 26250 19521
2016.02.11   25000 26000 26150 24800 21874
2016.02.12   23200 24200 24950 22000 62039
2016.02.15   22650 23000 23500 22150 34232
2016.02.16   23650 22800 23800 22800 14781
2016.02.17   23500 23650 25200 23150 50614
2016.02.18   23800 23650 24300 23650 6128
2016.02.19   23900 23550 24100 23500 8715
2016.02.22   23950 23750 24250 23500 7173
2016.02.23   23950 24050 24450 23800 10279
2016.02.24   23800 23800 24250 23600 4736
2016.02.25   23900 24000 24150 23800 5398
2016.02.26   24000 24100 24100 23750 8499
2016.02.29   23800 24100 24150 23500 7142
2016.03.02   24400 24050 25150 23900 23395
2016.03.03   25000 24350 25350 24350 19143
2016.03.04   25550 24900 25800 24650 13370
2016.03.07   25450 25550 25850 25150 11163
2016.03.08   24900 25450 25550 24650 16221
2016.03.09   24800 24500 25100 24500 10206
2016.03.10   24800 25000 25200 24550 9446
2016.03.11   24900 25050 25050 24600 8919
2016.03.14   24800 24800 25200 24700 7113
2016.03.15   24400 24600 25050 24300 11316
2016.03.16   25650 24600 28500 24200 162651
2016.03.17   25200 25800 25900 24700 32367
2016.03.18   25000 25450 25800 24800 21542
2016.03.21   25150 25200 25300 24750 16585
2016.03.22   25050 25000 25150 24750 18779
2016.03.23   24350 25100 25200 24250 24553
2016.03.24   24500 24400 24650 23850 16869
2016.03.25   24150 24250 24600 24000 14064
2016.03.28   24250 24350 26850 23750 105737
2016.03.29   24250 24350 24400 24000 20274
2016.03.30   24500 24250 25300 24250 26892
2016.03.31   26050 24550 26050 24550 37247
2016.04.01   26350 26100 27400 25800 48843
2016.04.04   26050 26350 27200 25500 28400
2016.04.05   26000 26250 26350 25500 22948
2016.04.06   26000 25900 26450 24800 32500
2016.04.07   26100 25800 26350 25800 8946
2016.04.08   26300 25750 26350 25750 9038
2016.04.11   26700 26300 27250 26300 17846
2016.04.12   26700 26700 27000 26350 12171
2016.04.14   26300 26700 26950 26100 9560
2016.04.15   26750 26550 27200 26250 25412
2016.04.18   27100 26450 28000 26450 38083
2016.04.19   27200 27350 27650 27100 15874
2016.04.20   26200 26850 27200 26200 24916
2016.04.21   26750 26650 26900 26200 14976
2016.04.22   27000 26900 27300 26750 19421
2016.04.25   27400 27000 27550 26750 19334
2016.04.26   27500 27400 28450 27100 32766
2016.04.27   26900 27600 27750 26900 22979
2016.04.28   26400 26900 27200 26400 19070
2016.04.29   26650 26400 26700 25900 25664
2016.05.02   28700 27200 31800 27000 313297
2016.05.03   28150 28900 28900 27550 65021
2016.05.04   27500 27750 28200 27200 35180
2016.05.09   28400 27500 28450 27250 30387
2016.05.10   28750 28550 28950 28000 56695
2016.05.11   28750 29000 29150 28550 45655
2016.05.12   29000 28850 29350 28450 26987
2016.05.13   28750 29000 29000 28500 20934
2016.05.16   28700 28600 28950 28550 27303
2016.05.17   28150 28800 28800 27950 30014
2016.05.18   27100 28250 28300 26700 34095
2016.05.19   27500 27450 27950 27000 15016
2016.05.20   28000 27550 28050 27400 16141
2016.05.23   27750 28000 28300 27650 18556
2016.05.24   27900 27850 28650 27500 25600
2016.05.25   28400 28250 28450 27750 27114
2016.05.26   27700 28600 29400 27700 63315
2016.05.27   28750 27750 29300 27600 60969
2016.05.30   29050 28650 30150 28650 59668
2016.05.31   29400 29050 29650 29000 25947
2016.06.01   30350 29400 30850 28850 55218
2016.06.02   30550 30350 30650 29700 25848
2016.06.03   31100 30550 31950 30000 55873
2016.06.07   32200 31600 32350 31100 35632
2016.06.08   31750 32600 32650 31250 43196
2016.06.09   31400 32000 33200 30750 63941
2016.06.10   31350 31450 31750 30750 24869
2016.06.13   30950 31500 31500 30400 24295
2016.06.14   30400 30700 30950 29750 41363
2016.06.15   36250 30650 38950 30000 241518
2016.06.16   34700 36400 36400 33500 152516
2016.06.17   37150 35150 41450 35050 447801
2016.06.20   37800 37150 38750 36650 98909
2016.06.21   37000 38000 38450 36700 60267
2016.06.22   36000 36700 36900 34850 99284
2016.06.23   36350 36000 36500 34000 75385
2016.06.24   32550 36550 37350 32450 188188
2016.06.27   33300 30900 34750 30750 127277
2016.06.28   34050 32600 34500 32300 55114
2016.06.29   35050 34550 35600 34100 47710
2016.06.30   35700 36200 36900 35450 64440
2016.07.01   35400 35850 36100 34700 27886
2016.07.04   36900 35400 36900 35100 29813
2016.07.05   39000 37300 44100 37300 498021
2016.07.06   40400 38750 42400 38050 175634
2016.07.07   41000 41100 42400 40450 83148
2016.07.08   41650 41000 43200 40400 112019
2016.07.11   44450 43000 45450 42000 179345
2016.07.12   43400 44600 45200 43050 117696
2016.07.13   45700 44800 47000 43950 213238
2016.07.14   45700 46000 46900 44500 86416
2016.07.15   45500 46100 46150 44800 79079
2016.07.18   45600 46900 47500 45200 101173
2016.07.19   42800 45500 45700 42250 131587
2016.07.20   43650 42700 44850 42050 91138
2016.07.21   42800 43500 44400 42800 37413
2016.07.22   49400 42700 49500 42350 307974
2016.07.25   49450 50100 51000 48700 112260
2016.07.26   49000 49700 50000 48500 57261
2016.07.27   54200 49050 56700 49000 306400
2016.07.28   57100 54300 60500 53200 273755
2016.07.29   65000 57300 65000 57200 305884
2016.08.01   71400 67100 81900 63500 658422
2016.08.02   70500 73600 77300 66500 499110
2016.08.03   71500 70100 74400 69300 199970
2016.08.04   79100 74500 79100 72500 354063
2016.08.05   62700 80900 90200 62000 1701794
2016.08.08   61000 62100 66900 59100 558620
2016.08.09   60700 62400 62500 57000 468482
2016.08.10   60400 60700 62600 59700 247557
2016.08.11   61800 62600 64000 61000 273751
2016.08.12   59200 62000 62200 58900 177418
2016.08.16   58500 59000 60700 58500 119057
2016.08.17   53700 57700 58200 53100 226682
2016.08.18   54000 53800 58000 53800 213146
2016.08.19   52500 54500 55700 52500 105303
2016.08.22   55400 53500 56600 51700 118029
2016.08.23   54400 55900 59400 54300 246698
2016.08.24   59500 54400 60000 54400 202179
2016.08.25   59100 59000 61400 57700 141669
2016.08.26   58800 59500 60000 58500 56002
2016.08.29   53200 58500 58800 52900 122124
2016.08.30   53400 53800 56700 53100 85718
2016.08.31   52600 53300 53900 50500 105631
2016.09.01   51600 52100 53200 50900 57212
2016.09.02   53800 51800 54500 51500 69407
2016.09.05   52100 54100 54600 52100 68480
2016.09.06   52400 51800 53800 51700 43283
2016.09.07   52500 52800 53700 51400 53475
2016.09.08   51100 52300 53000 50800 56133
2016.09.09   51200 50700 52100 50200 49237
2016.09.12   47800 49150 50700 47800 78384
2016.09.13   50700 48900 51600 48000 66853
2016.09.19   52300 50900 52900 50300 48089
2016.09.20   54000 51800 54700 50800 57276
2016.09.21   54100 54300 57300 53600 129485
2016.09.22   53800 55000 55700 53800 38849
2016.09.23   54300 53700 55400 52800 55253
2016.09.26   52700 54500 54800 52400 40663
2016.09.27   53300 52300 53900 51800 37686
2016.09.28   52500 52900 53900 52400 21759
2016.09.29   51900 52900 53500 51500 35592
2016.09.30   49900 52000 52100 49500 60953
2016.10.04   50000 49000 51300 48500 34282
2016.10.05   49150 49750 50800 48800 24051
2016.10.06   48400 49800 49800 48400 24239
2016.10.07   45250 48300 48800 44850 78635
2016.10.10   46050 45250 46650 43000 35182
2016.10.11   45750 45800 46750 44900 32296
2016.10.12   51500 45450 54300 45450 256113
2016.10.13   48600 51500 51700 48500 57871
2016.10.14   48900 48850 49500 47450 40417
2016.10.17   48600 49650 49900 48400 26872
2016.10.18   45700 48500 49100 45000 66134
2016.10.19   49050 45700 51600 45700 137827
2016.10.20   48350 50000 50600 48350 43126
2016.10.21   50300 48800 52700 48400 85232
2016.10.24   48600 50300 51300 48400 47669
2016.10.25   47300 48500 48800 46850 41028
2016.10.26   47000 46800 47550 45500 36344
2016.10.27   48000 47150 48450 46900 24431
2016.10.28   46100 47600 48250 46100 25684
2016.10.31   44550 45500 46700 44450 21696
2016.11.01   43950 44100 45200 42850 25276
2016.11.02   40150 43850 44650 40150 46008
2016.11.03   47050 39450 51500 39450 280957
2016.11.04   47050 48200 50700 46850 140465
2016.11.07   48650 46750 50500 46250 129256
2016.11.08   48950 48550 49250 47950 45500
2016.11.09   52500 49250 57200 47500 717877
2016.11.10   56300 56500 58300 54500 259279
2016.11.11   57000 56700 58900 55500 128208
2016.11.14   59000 57500 59000 55800 106759
2016.11.15   56600 58500 59000 56600 81382
2016.11.16   55500 56400 57500 55400 56624
2016.11.17   54800 56100 56800 54800 44461
2016.11.18   52000 54900 55600 51600 87145
2016.11.21   53000 51400 54000 50600 81249
2016.11.22   50100 53800 53800 50100 42459
2016.11.23   47900 50200 51000 47900 79964
2016.11.24   48100 47300 49100 46100 42880
2016.11.25   47900 47500 48900 46900 21402
2016.11.28   45800 47900 48100 45650 50802
2016.11.29   46700 45050 48600 45050 47615
2016.11.30   46250 46900 47050 45750 19447
2016.12.01   46500 46050 47650 45000 30339
2016.12.02   45550 46900 47200 45550 20196
2016.12.05   45000 45450 46200 45000 17209
2016.12.06   45600 45050 46850 45050 26614
2016.12.07   45600 46000 46350 44000 27354
2016.12.08   47450 46050 48000 45500 39024
2016.12.09   48000 47850 48700 47450 27852
2016.12.12   50100 48600 50600 48300 36940
2016.12.13   49900 49800 50800 49150 25535
2016.12.14   51900 50300 52500 50000 56395
2016.12.15   52000 51600 52500 51200 25167
2016.12.16   51600 52600 52800 51500 20025
2016.12.19   49500 51200 51500 49200 44676
2016.12.20   49000 49000 50100 48950 19031
2016.12.21   48200 49050 49500 48200 30371
2016.12.22   48200 47950 49500 47900 31699
2016.12.23   47650 48200 48900 47450 24717
2016.12.26   47000 47400 48150 46950 19734
2016.12.27   47800 47000 48500 47000 21843
2016.12.28   49100 48000 49100 48000 22562
2016.12.29   50800 49100 51000 48050 31086
2017.01.02   49500 51200 51700 49400 20979
2017.01.03   50100 49650 50700 49300 28526
2017.01.04   54300 50600 54600 50500 136209
2017.01.05   53500 54700 55100 52600 58692
2017.01.06   54800 53500 55200 52500 45441
2017.01.09   52700 54800 54800 52700 36095
2017.01.10   52600 52700 53500 50800 37008
2017.01.11   52200 52600 53400 52000 19371
2017.01.12   52300 52300 53700 51500 26273
2017.01.13   53500 51900 53500 51500 26328
2017.01.16   53500 53600 54600 52700 39424
2017.01.17   53100 53900 54400 52700 30083
2017.01.18   55300 53200 55700 52800 71138
2017.01.19   54700 55500 55900 54700 29888
2017.01.20   56600 54400 58100 54400 84722
2017.01.23   55600 56600 57300 55400 37634
2017.01.24   54800 55600 56500 54400 30247
2017.01.25   53600 54800 55100 53300 30036
2017.01.26   54100 53700 55300 53400 24934
2017.01.31   53700 54200 54800 53600 18355
2017.02.01   54800 54200 54800 53600 22140
2017.02.02   52000 54300 54800 52000 41459
2017.02.03   49300 52000 52400 49300 173514
2017.02.06   52700 50200 53100 49500 70460
2017.02.07   51900 51800 53100 51600 30194
2017.02.08   49750 51300 51900 49400 54248
2017.02.09   49150 49250 50200 49100 33247
2017.02.10   48650 49650 49750 48500 30790
2017.02.13   49650 48850 50200 48850 14806
2017.02.14   49450 49650 50100 49050 13660
2017.02.15   50200 49800 50800 49450 25347
2017.02.16   50000 51000 51000 49850 19406
2017.02.17   49300 50100 50500 49150 20345
2017.02.20   49700 49500 49950 48800 13393
2017.02.21   50300 49700 50600 49650 17625
2017.02.22   49700 50400 50600 49700 15643
2017.02.23   49350 49550 50100 49350 9898
2017.02.24   48750 49850 49850 48750 20122
2017.02.27   48950 48800 49400 48750 8650
2017.02.28   48450 49900 49900 48450 15372
2017.03.02   47000 48900 48900 46750 41911
2017.03.03   46400 46750 47400 46100 16650
2017.03.06   46800 46400 48500 45800 19593
2017.03.07   46850 46200 47800 46200 14924
2017.03.08   46600 47150 47500 46500 16866
2017.03.09   47050 46500 48000 46450 15134
2017.03.10   48350 46800 48450 46500 15890
2017.03.13   47500 48700 48700 47500 11042
2017.03.14   47150 47850 47950 46800 16227
2017.03.15   46500 47000 47350 46500 17350
2017.03.16   46200 47000 47100 45850 19857
2017.03.17   46600 46350 46600 45600 23449
2017.03.20   45450 46600 46700 45250 27897
2017.03.21   44900 45250 45850 44700 21785
2017.03.22   44900 44900 45500 44500 14023
2017.03.23   46450 44750 46450 44750 15234
2017.03.24   48400 46500 49200 46500 51865
2017.03.27   48200 48750 49400 47500 24791
2017.03.28   48300 48200 48550 47450 16829
2017.03.29   51900 48600 54400 48500 104560
2017.03.30   51200 52400 52400 50800 24553
2017.03.31   51500 51200 51800 50600 25146
2017.04.03   53400 51800 54200 51800 56814
2017.04.04   53400 53500 53900 52500 26147
2017.04.05   53000 53700 54000 52100 23116
2017.04.06   51800 52800 53400 51400 17605
2017.04.07   51800 51800 53900 51600 29152
2017.04.10   49500 52000 52300 48800 51173
2017.04.11   50700 49500 50900 49250 20280
2017.04.12   50100 50700 50900 49900 9601
2017.04.13   50100 50100 51200 49900 15655
2017.04.14   49400 50300 51100 49150 19973
2017.04.17   50200 50200 51400 49500 19480
2017.04.18   51400 51000 52000 50100 27277
2017.04.19   50700 51900 52000 50600 18889
2017.04.20   50300 50500 51000 50000 14312
2017.04.21   50700 50700 50700 49600 20477
2017.04.24   49750 50700 51100 49750 19471
2017.04.25   51000 50200 51500 49900 16640
2017.04.26   50300 51000 51500 50300 12277
2017.04.27   49500 50300 50600 49450 28090
2017.04.28   49350 49500 50000 49250 13246
2017.05.02   50100 49600 50300 49300 13582
2017.05.04   50200 50100 51000 50100 11728
2017.05.08   52400 50700 52600 50200 41154
2017.05.10   51500 52900 53000 51500 21213
2017.05.11   51700 51900 52500 51700 18296
2017.05.12   51500 51600 52100 51100 12672
2017.05.15   50500 51400 51400 50000 28836
2017.05.16   49900 50100 50700 49700 15390
2017.05.17   50200 49950 50300 49500 15332
2017.05.18   49850 49550 50300 49500 15434
2017.05.19   50500 49850 50700 49850 15096
2017.05.22   50500 50500 50800 49900 12817
2017.05.23   51000 50700 51900 50100 22899
2017.05.24   52300 51100 53000 51100 38996
2017.05.25   51800 52600 53300 51700 18727
2017.05.26   54400 52100 54500 51900 56232
2017.05.29   53700 54900 55100 53400 27455
2017.05.30   55700 53700 57000 53600 58157
2017.05.31   56400 55700 56900 55200 24677
2017.06.01   58800 56300 59100 55400 59786
2017.06.02   58700 58500 60000 58200 36410
2017.06.05   60100 59300 60700 58800 31587
2017.06.07   60500 60100 61000 58800 43075
2017.06.08   64100 60800 64300 60800 71987
2017.06.09   69500 64400 70800 63600 169304
2017.06.12   72200 70900 73200 69100 95745
2017.06.13   73100 73000 74700 71100 77246
2017.06.14   71700 73000 73400 69000 96710
2017.06.15   79800 72200 80900 72200 228896
2017.06.16   88100 80300 90500 79100 216925
2017.06.19   87100 87700 92800 81300 234779
2017.06.20   89400 89100 93500 85300 168048
2017.06.21   72200 90100 96900 69000 794847
2017.06.22   70700 71600 73900 69500 414395
2017.06.23   73000 71300 73000 70600 191590
2017.06.26   65900 72700 73000 65500 295517
2017.06.27   67000 66000 68700 66000 121716
2017.06.28   66100 67900 68800 64700 102614
2017.06.29   66200 67300 67300 65000 49878
2017.06.30   67900 65700 69100 65400 86987
2017.07.03   68500 68000 69900 67500 64039
2017.07.04   70300 68500 70500 66500 106636
2017.07.05   74300 70800 75000 70300 163026
2017.07.06   78300 74400 78400 73500 163655
2017.07.07   79300 77500 80300 76400 94847
2017.07.10   73900 79900 82800 72000 299557
2017.07.11   77000 73100 77000 72800 89746
2017.07.12   77900 77500 80000 75600 164508
2017.07.13   80600 78000 80600 77500 95622
2017.07.14   79900 80800 81500 78100 69373
2017.07.17   77400 79900 80400 77400 52106
2017.07.18   75300 77100 77700 73400 102078
2017.07.19   77100 75800 77600 73500 47202
2017.07.20   78600 77000 80100 76700 68523
2017.07.21   78000 79300 80500 77600 54877
2017.07.24   76000 78000 78400 75400 44554
2017.07.25   78800 76000 80000 75700 80538
2017.07.26   77700 79300 79600 77200 43940
2017.07.27   76800 78200 78700 76500 35646
2017.07.28   73300 76600 76800 72300 85665
2017.07.31   74200 72600 74700 71200 31388
2017.08.01   75600 73800 77000 73600 39414
2017.08.02   78300 75200 79100 75200 46056
2017.08.03   75500 78600 78600 75300 41142
2017.08.04   75800 75900 78000 75400 27640
2017.08.07   77900 76800 78600 76200 37005
2017.08.08   77300 78200 78300 76500 24529
2017.08.09   74800 77300 77500 74100 35290
2017.08.10   74300 74500 76400 71600 49706
2017.08.11   72100 72200 73800 72000 40390
2017.08.14   72400 72300 73500 72100 27341
2017.08.16   75600 73000 76400 72900 49310
2017.08.17  76000 76300 77200 75200 17790
2017.08.18  73900 75900 75900 73300 50334
2017.08.21  74400 73700 75000 73200 19035
2017.08.22  74700 74500 75300 74300 18295
2017.08.23  73900 74800 75200 73500 26207
2017.08.24  75000 74000 75000 73100 19742
2017.08.25  75500 75000 75900 74600 19279
2017.08.28  82900 75900 83200 75200 131278
2017.08.29  82700 82000 84800 80500 105772
2017.08.30  83200 82700 84100 82100 48300
