2014.12.17   2015 2015 2040 2005 198756
2014.12.18   2045 2020 2120 2020 77683
2014.12.19   2085 2040 2120 2040 24978
2014.12.22   2055 2110 2110 2055 10641
2014.12.23   2065 2060 2100 2060 16042
2014.12.24   2060 2050 2100 2050 3076
2014.12.26   2045 2060 2100 2045 43359
2014.12.29   2110 2110 2110 2070 7
2014.12.30   2100 2110 2120 2100 14612
2015.01.02   2090 2080 2100 2080 5912
2015.01.05   2100 2120 2120 2100 6583
2015.01.06   2115 2100 2120 2100 12770
2015.01.07   2130 2100 2180 2095 34198
2015.01.08   2185 2150 2235 2150 56868
2015.01.09   2270 2200 2345 2200 54360
2015.01.12   2270 2430 2430 2270 35600
2015.01.13   2300 2340 2590 2275 132796
2015.01.14   2300 2355 2355 2285 8129
2015.01.15   2270 2290 2390 2270 93572
2015.01.16   2265 2270 2320 2260 19156
2015.01.19   2280 2300 2300 2155 4033
2015.01.20   2270 2280 2300 2210 16052
2015.01.21   2245 2270 2270 2210 23218
2015.01.22   2225 2265 2265 2225 1606
2015.01.23   2270 2270 2270 2245 9557
2015.01.26   2230 2115 2250 2115 19459
2015.01.27   2180 2230 2245 2165 33069
2015.01.28   2185 2170 2215 2170 3157
2015.01.29   2165 2175 2185 2150 15753
2015.01.30   2260 2160 2300 2155 2929
2015.02.02   2240 2250 2260 2165 5582
2015.02.03   2250 2220 2400 2150 18566
2015.02.04   2270 2380 2380 2170 21031
2015.02.05   2280 2300 2345 2210 19492
2015.02.06   2275 2290 2300 2275 6465
2015.02.09   2255 2300 2300 2250 1028
2015.02.10   2290 2255 2290 2215 12207
2015.02.11   2280 2290 2295 2245 8812
2015.02.12   2205 2280 2280 2175 15347
2015.02.13   2205 2205 2225 2170 17462
2015.02.16   2240 2180 2300 2150 7933
2015.02.17   2215 2240 2240 2150 31879
2015.02.23   2255 2215 2295 2190 21576
2015.02.24   2310 2265 2310 2165 18509
2015.02.25   2350 2365 2370 2310 20756
2015.02.26   2400 2350 2400 2330 19976
2015.02.27   2405 2500 2500 2400 16329
2015.03.02   2410 2415 2485 2400 25524
2015.03.03   2360 2550 2550 2360 25285
2015.03.04   2345 2345 2490 2300 20391
2015.03.05   2420 2345 2445 2345 1554
2015.03.06   2510 2480 2780 2450 110678
2015.03.09   2425 2465 2530 2365 102575
2015.03.10   2410 2455 2675 2320 39729
2015.03.11   2410 0 0 0 0
2015.03.12   2410 0 0 0 0
2015.03.13   2410 0 0 0 0
2015.03.16   2410 0 0 0 0
2015.03.17   2410 0 0 0 0
2015.03.18   2410 0 0 0 0
2015.03.19   2410 0 0 0 0
2015.03.20   2410 0 0 0 0
2015.03.23   2410 0 0 0 0
2015.03.24   2410 0 0 0 0
2015.03.25   2410 0 0 0 0
2015.03.26   2410 0 0 0 0
2015.03.27   2410 0 0 0 0
2015.03.30   2410 0 0 0 0
2015.03.31   2410 0 0 0 0
2015.04.01   2410 0 0 0 0
2015.04.02   2410 0 0 0 0
2015.04.03   2410 0 0 0 0
2015.04.06   2410 0 0 0 0
2015.04.07   2410 0 0 0 0
2015.04.08   2410 0 0 0 0
2015.04.09   2410 0 0 0 0
2015.04.10   2410 0 0 0 0
2015.04.13   2410 0 0 0 0
2015.04.14   2410 0 0 0 0
2015.04.15   2410 0 0 0 0
2015.04.16   2410 0 0 0 0
2015.04.17   2410 0 0 0 0
2015.04.20   2410 0 0 0 0
2015.04.21   2410 0 0 0 0
2015.04.22   2410 0 0 0 0
2015.04.23   2410 0 0 0 0
2015.04.24   2410 0 0 0 0
2015.04.27   2410 0 0 0 0
2015.04.28   2410 0 0 0 0
2015.04.29   2410 0 0 0 0
2015.04.30   2410 0 0 0 0
2015.05.04   2410 0 0 0 0
2015.05.06   2410 0 0 0 0
2015.05.07   2410 0 0 0 0
2015.05.08   2410 0 0 0 0
2015.05.11   2410 0 0 0 0
2015.05.12   2410 0 0 0 0
2015.05.13   2410 0 0 0 0
2015.05.14   2410 0 0 0 0
2015.05.15   2410 0 0 0 0
2015.05.18   2410 0 0 0 0
2015.05.19   2410 0 0 0 0
2015.05.20   2410 0 0 0 0
2015.05.21   2410 0 0 0 0
2015.05.22   2410 0 0 0 0
2015.05.26   2200 2230 2230 2180 363681
2015.05.27   2200 2200 2205 2190 153808
2015.05.28   2195 2200 2200 2190 45506
2015.05.29   2205 2195 2210 2195 32050
2015.06.01   2205 2205 2205 2200 30552
2015.06.02   2210 2210 2220 2195 24914
2015.06.03   2210 2210 2215 2200 37018
2015.06.04   2225 2210 2230 2210 29231
2015.06.05   2240 2210 2270 2210 17660
2015.06.08   2240 2210 2245 2200 8329
2015.06.09   2215 2220 2230 2215 48008
2015.06.10   2255 2220 2285 2210 44737
2015.06.11   2245 2220 2245 2215 16934
2015.06.12   2235 2180 2235 2180 8282
2015.06.15   2225 2205 2225 2200 7601
2015.06.16   2185 2200 2200 2185 35813
2015.06.17   2185 2190 2190 2110 3932
2015.06.18   2180 2190 2195 2070 5709
2015.06.19   2210 2180 2210 2135 42
2015.06.22   2180 2125 2180 2125 671
2015.06.23   2180 2180 2180 2160 216
2015.06.24   2200 2265 2265 2200 8
2015.06.25   2205 2255 2255 2205 985
2015.06.26   2230 2125 2230 2125 16860
2015.06.29   2225 2230 2230 2190 4002
2015.06.30   2220 2225 2225 2180 3188
2015.07.01   2390 2220 2390 2205 10119
2015.07.02   2240 2405 2405 2220 7982
2015.07.03   2250 2160 2250 2160 24618
2015.07.06   2265 2250 2275 2200 3679
2015.07.07   2320 2335 2335 2265 817
2015.07.08   2315 2295 2330 2290 1824
2015.07.09   2295 2170 2305 2170 4952
2015.07.10   2285 2335 2335 2265 7828
2015.07.13   2275 2285 2285 2220 4713
2015.07.14   2300 2340 2340 2275 24790
2015.07.15   2300 2250 2310 2250 6348
2015.07.16   2255 2365 2365 2200 14510
2015.07.17   2295 2255 2365 2250 6637
2015.07.20   2300 2335 2335 2270 8666
2015.07.21   2280 2370 2370 2280 12522
2015.07.22   2300 2260 2365 2260 9950
2015.07.23   2285 2300 2365 2285 12010
2015.07.24   2330 2360 2360 2290 2949
2015.07.27   2325 2325 2325 2300 2467
2015.07.28   2320 2310 2330 2295 2471
2015.07.29   2325 2330 2330 2315 674
2015.07.30   2325 2330 2330 2310 10198
2015.07.31   2320 2330 2390 2320 43708
2015.08.03   2340 2430 2430 2335 4981
2015.08.04   2345 2355 2355 2325 17248
2015.08.05   2355 2390 2390 2275 5474
2015.08.06   3060 2395 3060 2395 2917552
2015.08.07   2840 3360 3870 2705 3667605
2015.08.10   2590 2855 2970 2535 821041
2015.08.11   2415 2605 2605 2410 397874
2015.08.12   2300 2425 2475 2285 217460
2015.08.13   2315 2340 2400 2255 196163
2015.08.17   2260 2320 2415 2260 155713
2015.08.18   2255 2275 2335 2205 201899
2015.08.19   2285 2255 2285 2225 106005
2015.08.20   2255 2310 2350 2245 37210
2015.08.21   2225 2170 2250 2170 150718
2015.08.24   2220 2165 2315 2165 12393
2015.08.25   2345 2205 2700 2205 775027
2015.08.26   2275 2330 2445 2250 205712
2015.08.27   2270 2275 2280 2255 60151
2015.08.28   2300 2275 2300 2230 43590
2015.08.31   2260 2355 2355 2250 21676
2015.09.01   2250 2285 2290 2225 70464
2015.09.02   2270 2210 2270 2210 44269
2015.09.03   2290 2250 2430 2240 24968
2015.09.04   2225 2280 2280 2200 60950
2015.09.07   2275 2260 2370 2230 9245
2015.09.08   2245 2275 2275 2210 18011
2015.09.09   2215 2210 2270 2200 24037
2015.09.10   2230 2240 2255 2200 18801
2015.09.11   2230 2300 2300 2200 19584
2015.09.14   2200 2205 2255 2200 8273
2015.09.15   2200 2230 2230 2200 6230
2015.09.16   2215 2200 2220 2190 23533
2015.09.17   2215 2195 2220 2175 8857
2015.09.18   2220 2215 2300 2190 40423
2015.09.21   2200 2300 2300 2180 18825
2015.09.22   2190 2180 2215 2150 7499
2015.09.23   2185 2255 2255 2140 13506
2015.09.24   2185 2185 2215 2130 13638
2015.09.25   2190 2215 2215 2120 7102
2015.09.30   2170 2165 2215 2150 3774
2015.10.01   2175 2160 2200 2160 5531
2015.10.02   2180 2235 2235 2135 1642
2015.10.05   2160 2130 2215 2130 6297
2015.10.06   2130 2135 2185 2120 21729
2015.10.07   2145 2130 2190 2120 14694
2015.10.08   2150 2145 2165 2125 14025
2015.10.12   2150 2150 2150 2120 8845
2015.10.13   2140 2130 2150 2120 6553
2015.10.14   2140 2145 2145 2120 496
2015.10.15   2125 2115 2130 2100 17563
2015.10.16   2115 2120 2125 2100 32139
2015.10.19   2110 2115 2155 2100 22675
2015.10.20   2115 2105 2130 2100 16854
2015.10.21   2110 2105 2115 2100 24470
2015.10.22   2110 2100 2110 2090 55567
2015.10.23   2110 2145 2145 2100 25457
2015.10.26   2100 2100 2140 2100 1238
2015.10.27   2115 2120 2120 2100 9669
2015.10.28   2115 2115 2135 2095 6328
2015.10.29   2090 2095 2115 2090 31367
2015.10.30   2100 2090 2115 2090 3721
2015.11.02   2085 2080 2100 2070 19999
2015.11.03   2075 2080 2095 2070 14919
2015.11.04   2090 2110 2110 2060 15469
2015.11.05   2075 2090 2090 2050 11289
2015.11.06   2050 2005 2070 2005 77340
2015.11.09   2060 2060 2065 2025 31607
2015.11.10   2025 2020 2095 2020 20500
2015.11.11   2050 2055 2055 2025 134
2015.11.12   2020 2070 2070 2020 12324
2015.11.13   2035 2015 2055 2005 43059
2015.11.16   2020 2020 2040 2020 11710
2015.11.17   2030 2005 2055 2005 14587
2015.11.18   2025 2030 2030 2010 3032
2015.11.19   2000 2010 2025 2000 36352
2015.11.20   2015 2020 2025 2000 4574
2015.11.23   2010 2015 2015 2000 15434
2015.11.24   2035 2060 2060 2010 6747
2015.11.25   2030 2035 2035 2005 261
2015.11.26   2030 2050 2050 2015 29269
2015.11.27   2040 2030 2045 2015 180
2015.11.30   2025 2005 2055 2005 723
2015.12.01   2015 2000 2020 2000 5759
2015.12.02   1990 2015 2015 1980 43951
2015.12.03   2005 2000 2030 1990 11463
2015.12.04   2005 2005 2030 2000 8196
2015.12.07   2010 2005 2035 2005 4504
2015.12.08   2020 2005 2045 1995 22008
2015.12.09   1990 2020 2020 1985 13437
2015.12.10   2005 1990 2050 1990 6697
2015.12.11   2010 2000 2015 1995 6311
2015.12.14   1995 2010 2010 1980 6382
2015.12.15   1995 2000 2000 1995 10802
2015.12.16   1995 2045 2045 1995 8530
2015.12.17   1995 1995 2000 1985 7165
2015.12.18   1985 2000 2000 1970 46113
2015.12.21   1985 1985 2075 1980 11237
2015.12.22   1995 1985 2000 1980 833
2015.12.23   2005 1990 2005 1990 16910
2015.12.24   2000 2005 2005 1990 6604
2015.12.28   2000 0 0 0 0
2015.12.29   2000 0 0 0 0
2015.12.30   2000 0 0 0 0
2016.01.04   2000 0 0 0 0
2016.01.05   2000 0 0 0 0
2016.01.06   2000 0 0 0 0
2016.01.07   2000 0 0 0 0
2016.01.08   2000 0 0 0 0
2016.01.11   2000 0 0 0 0
2016.01.12   2000 0 0 0 0
2016.01.13   2000 0 0 0 0
2016.01.14   2000 0 0 0 0
2016.01.15   2000 0 0 0 0
2016.01.18   2000 0 0 0 0
2016.01.19   2000 0 0 0 0
2016.01.20   2000 0 0 0 0
2016.01.21   2000 0 0 0 0
2016.01.22   2000 0 0 0 0
2016.01.25   2000 0 0 0 0
2016.01.26   2000 0 0 0 0
2016.01.27   2000 0 0 0 0
2016.01.28   2000 0 0 0 0
2016.01.29   2000 0 0 0 0
2016.02.01   2000 0 0 0 0
2016.02.02   2000 0 0 0 0
2016.02.03   2000 0 0 0 0
2016.02.04   2000 0 0 0 0
2016.02.05   2000 0 0 0 0
2016.02.11   2000 0 0 0 0
2016.02.12   2000 0 0 0 0
2016.02.15   2000 0 0 0 0
2016.02.16   2000 0 0 0 0
2016.02.17   2000 0 0 0 0
2016.02.18   2000 0 0 0 0
2016.02.19   2000 0 0 0 0
2016.02.22   2000 0 0 0 0
2016.02.23   2000 0 0 0 0
2016.02.24   2000 0 0 0 0
2016.02.25   2000 0 0 0 0
2016.02.26   1980 2070 2070 1975 63257
2016.02.29   2000 1980 2000 1960 12695
2016.03.02   2000 1990 2005 1985 1932
2016.03.03   1960 2000 2000 1940 24269
2016.03.04   1990 1965 1995 1950 5174
2016.03.07   1990 1990 1995 1975 6161
2016.03.08   1990 1990 1990 1975 483
2016.03.09   1985 1990 1990 1960 2639
2016.03.10   1985 1990 1990 1960 10033
2016.03.11   1990 1985 1990 1985 1511
2016.03.14   1995 1990 1995 1960 8868
2016.03.15   1985 1995 2000 1985 18380
2016.03.16   1995 1985 1995 1975 3776
2016.03.17   1995 1985 1995 1980 2444
2016.03.18   1970 1995 1995 1970 17722
2016.03.21   1995 1970 1995 1970 416
2016.03.22   1980 1995 1995 1940 17129
2016.03.23   1985 1985 1985 1940 15926
2016.03.24   1995 1990 1995 1990 11851
2016.03.25   1995 1960 1995 1960 3969
2016.03.28   1990 1985 1995 1985 14714
2016.03.29   1995 2000 2000 1985 3551
2016.03.30   1995 2000 2000 1990 5401
2016.03.31   1995 1995 2000 1995 4542
2016.04.01   2040 2000 2050 2000 21599
2016.04.04   2025 2040 2040 2000 6383
2016.04.05   2005 2050 2050 2005 13026
2016.04.06   2035 2000 2035 1980 9556
2016.04.07   2030 2000 2030 2000 8486
2016.04.08   2035 2005 2035 2005 5339
2016.04.11   2045 2060 2060 2010 2583
2016.04.12   2025 2050 2050 2000 18590
2016.04.14   2025 2035 2035 1990 8152
2016.04.15   1985 2025 2025 1980 19898
2016.04.18   1995 1975 2025 1975 6881
2016.04.19   2010 2010 2010 1995 9326
2016.04.20   2025 1980 2025 1980 392
2016.04.21   2060 1995 2065 1995 26151
2016.04.22   2060 2080 2080 2050 47197
2016.04.25   2100 2085 2110 2065 67190
2016.04.26   2100 2085 2125 2050 76857
2016.04.27   2145 2075 2155 2075 32091
2016.04.28   2100 2150 2150 2050 33980
2016.04.29   2135 2120 2135 2100 16763
2016.05.02   2145 2135 2150 2120 13518
2016.05.03   2100 2035 2170 2035 12765
2016.05.04   2145 2115 2145 2060 7622
2016.05.09   2185 2145 2210 2125 48906
2016.05.10   2165 2185 2185 2155 21777
2016.05.11   2160 2140 2165 2125 29739
2016.05.12   2170 2165 2185 2160 24797
2016.05.13   2200 2170 2220 2170 41615
2016.05.16   2180 2230 2230 2180 15211
2016.05.17   2180 2215 2215 2150 16869
2016.05.18   2150 2120 2175 2120 8624
2016.05.19   2165 2150 2165 2125 35788
2016.05.20   2160 2165 2165 2120 23599
2016.05.23   2165 2185 2185 2125 4636
2016.05.24   2165 2175 2175 2125 14533
2016.05.25   2165 2205 2205 2145 5221
2016.05.26   2075 2165 2170 2055 78550
2016.05.27   2090 2100 2135 2055 78559
2016.05.30   2130 2140 2180 2090 42979
2016.05.31   2140 2100 2210 2100 22268
2016.06.01   2185 2095 2200 2095 12462
2016.06.02   2190 2190 2205 2140 2748
2016.06.03   2065 2190 2190 2020 103069
2016.06.07   2100 2060 2175 2035 10739
2016.06.08   2150 2140 2160 2100 12660
2016.06.09   2170 2155 2190 2150 24834
2016.06.10   2165 2170 2185 2145 6870
2016.06.13   2175 2180 2180 2150 875
2016.06.14   2170 2155 2170 2110 17952
2016.06.15   2230 2250 2260 2165 25521
2016.06.16   2325 2250 2600 2210 124246
2016.06.17   2440 2330 2540 2330 149062
2016.06.20   2595 2440 2670 2410 359818
2016.06.21   2395 2595 2600 2330 216126
2016.06.22   2390 2400 2515 2305 122442
2016.06.23   2325 2330 2430 2280 102907
2016.06.24   2215 2365 2365 2070 147725
2016.06.27   2440 2105 2460 2105 98966
2016.06.28   2590 2435 2690 2330 224124
2016.06.29   3365 2505 3365 2500 2524628
2016.06.30   3610 3500 4250 3165 20982045
2016.07.01   3660 3600 3815 3500 5430400
2016.07.04   3405 3670 3730 3375 1775066
2016.07.05   3385 3465 3780 3280 5213222
2016.07.06   3290 3400 3465 3220 1150956
2016.07.07   3170 3290 3370 3170 1230859
2016.07.08   3090 3195 3250 3050 831656
2016.07.11   3160 3075 3320 3075 1436749
2016.07.12   3220 3385 3695 3195 3676726
2016.07.13   3075 3260 3300 3050 1097661
2016.07.14   2995 3070 3150 2880 716925
2016.07.15   2820 2995 3015 2820 401558
2016.07.18   2815 2820 2945 2800 220982
2016.07.19   2755 2815 2850 2710 231141
2016.07.20   2730 2785 2825 2725 172646
2016.07.21   2775 2730 3280 2690 4413716
2016.07.22   2685 2780 2825 2630 475250
2016.07.25   2740 2680 2770 2635 246489
2016.07.26   2805 2740 3195 2710 3226878
2016.07.27   2775 2855 2885 2730 587228
2016.07.28   2855 2800 2935 2775 682232
2016.07.29   2800 2865 2900 2740 423000
2016.08.01   2790 2800 2835 2765 130360
2016.08.02   2825 2800 2945 2700 304190
2016.08.03   2865 2840 2940 2765 432632
2016.08.04   3060 2870 3140 2835 1046023
2016.08.05   3005 3065 3070 2960 432012
2016.08.08   2845 3015 3020 2845 272402
2016.08.09   2730 2855 2860 2705 271617
2016.08.10   2725 2755 2790 2700 125665
2016.08.11   2760 2750 2760 2715 97239
2016.08.12   2715 2755 2755 2665 91949
2016.08.16   2650 2715 2735 2630 155921
2016.08.17   2540 2660 2675 2525 166217
2016.08.18   2550 2550 2600 2550 43986
2016.08.19   2560 2550 2590 2530 46205
2016.08.22   2525 2550 2565 2475 89283
2016.08.23   2475 2525 2530 2460 83439
2016.08.24   2540 2495 2540 2425 79177
2016.08.25   2520 2515 2635 2515 85188
2016.08.26   2565 2520 2580 2470 113835
2016.08.29   2500 2535 2585 2485 74943
2016.08.30   2585 2510 2680 2490 185527
2016.08.31   2510 2550 2575 2500 73451
2016.09.01   2530 2490 2580 2465 50131
2016.09.02   2505 2520 2560 2385 68225
2016.09.05   2500 2510 2530 2485 35591
2016.09.06   2470 2480 2525 2460 50636
2016.09.07   2465 2450 2490 2440 66248
2016.09.08   2355 2450 2500 2320 119504
2016.09.09   2295 2320 2345 2245 155257
2016.09.12   2175 2200 2255 2130 133232
2016.09.13   2250 2160 2380 2160 112351
2016.09.19   2270 2220 2330 2220 29513
2016.09.20   2285 2280 2310 2250 33587
2016.09.21   2280 2300 2310 2250 46136
2016.09.22   2330 2300 2340 2280 73256
2016.09.23   2395 2365 2425 2300 105094
2016.09.26   2355 2400 2405 2310 32447
2016.09.27   2265 2335 2370 2260 61221
2016.09.28   2455 2265 2940 2265 3197360
2016.09.29   2395 2405 2435 2330 418750
2016.09.30   2320 2395 2415 2285 309376
2016.10.04   2265 2305 2345 2265 130100
2016.10.05   2345 2320 2395 2290 155696
2016.10.06   2420 2370 2545 2300 274221
2016.10.07   2410 2390 2475 2390 153957
2016.10.10   2445 2470 2510 2410 129054
2016.10.11   2430 2455 2485 2400 103698
2016.10.12   2430 2425 2455 2380 58342
2016.10.13   2430 2445 2485 2425 65514
2016.10.14   2435 2425 2475 2405 60681
2016.10.17   2410 2405 2435 2385 80994
2016.10.18   2450 2410 2475 2380 82348
2016.10.19   2470 2450 2480 2420 88923
2016.10.20   2410 2485 2485 2410 79002
2016.10.21   2305 2400 2435 2265 138756
2016.10.24   2300 2305 2345 2290 61475
2016.10.25   2240 2290 2320 2210 198808
2016.10.26   2270 2230 2275 2205 78290
2016.10.27   2335 2250 2380 2250 60836
2016.10.28   2315 2370 2370 2295 36561
2016.10.31   2245 2305 2340 2205 64385
2016.11.01   2260 2160 2260 2160 36894
2016.11.02   2275 2210 2335 2205 32036
2016.11.03   2255 2205 2300 2205 30480
2016.11.04   2355 2315 2370 2270 15473
2016.11.07   2360 2395 2395 2280 26463
2016.11.08   2370 2400 2400 2330 7733
2016.11.09   2245 2340 2380 2150 192590
2016.11.10   2315 2250 2330 2250 32879
2016.11.11   2350 2270 2360 2270 27503
2016.11.14   2345 2375 2375 2300 48850
2016.11.15   2380 2345 2400 2310 96322
2016.11.16   2520 2395 2890 2360 4496369
2016.11.17   2460 2460 2485 2410 600481
2016.11.18   2600 2495 3000 2490 6790976
2016.11.21   2835 2570 3000 2540 4579480
2016.11.22   3685 2835 3685 2785 15249948
2016.11.23   3590 3730 3790 3470 7876993
2016.11.24   3905 3470 4500 3455 20144022
2016.11.25   3950 3905 4050 3705 4626119
2016.11.28   3630 3870 3940 3560 2126939
2016.11.29   3565 3550 3680 3395 2630446
2016.11.30   3610 3540 3805 3470 2627253
2016.12.01   3460 3680 4045 3460 5364221
2016.12.02   3660 3505 3675 3305 1752492
2016.12.05   3850 3590 3850 3510 1521773
2016.12.06   3890 3820 4160 3750 2973781
2016.12.07   3930 3850 4060 3810 1596464
2016.12.08   3980 3895 3985 3785 937965
2016.12.09   3905 3935 3945 3750 856240
2016.12.12   3915 3985 3985 3760 992737
2016.12.13   3640 3890 3910 3580 1260007
2016.12.14   3390 3625 3725 3370 977578
2016.12.15   3355 3405 3455 3295 517050
2016.12.16   3175 3350 3360 3120 731839
2016.12.19   3210 3170 3230 3085 434670
2016.12.20   3080 3170 3210 3050 303414
2016.12.21   4000 3090 4000 3090 8619501
2016.12.22   3880 3970 4330 3830 7469056
2016.12.23   5040 3970 5040 3950 18698818
2016.12.26   5650 5100 6290 4700 19553795
2016.12.27   5650 5610 6280 5480 8020764
2016.12.28   5670 6050 6360 5580 5308470
2016.12.29   5200 5700 6150 5110 4794016
2017.01.02   5210 5150 5340 5070 2612970
2017.01.03   4925 5010 5030 4820 5364835
2017.01.04   4675 4900 4940 4660 4089883
2017.01.05   4400 4530 4600 4350 7089186
2017.01.06   4225 4335 4550 4210 6972496
2017.01.09   4170 4250 4450 4120 5933351
2017.01.10   4230 4225 4590 4185 15540716
2017.01.11   4010 4190 4190 3985 6455765
2017.01.12   3760 4015 4080 3690 5822098
2017.01.13   3810 3780 3860 3580 4013829
2017.01.16   3635 3810 4145 3635 10009552
2017.01.17   3800 3780 4100 3720 15008433
2017.01.18   3785 3970 4000 3750 5903173
2017.01.19   3815 3780 3910 3745 3267782
2017.01.20   3575 3705 3765 3575 2374567
2017.01.23   3350 3575 3780 3250 4136747
2017.01.24   3425 3350 3535 3315 2300040
2017.01.25   3350 3430 3585 3350 2397430
2017.01.26   3420 3300 3485 3285 1163757
2017.01.31   3185 3375 3410 3165 1309193
2017.02.01   3265 3150 3340 3150 1290368
2017.02.02   2870 3310 3345 2870 2711218
2017.02.03   2870 2875 2965 2750 1499551
2017.02.06   2895 2880 3025 2845 1299906
2017.02.07   2835 2890 3000 2800 911968
2017.02.08   2750 2830 2855 2650 1565634
2017.02.09   3575 3060 3575 3040 16213282
2017.02.10   3440 3790 3835 3350 19230770
2017.02.13   3335 3405 3440 3180 5739882
2017.02.14   3130 3320 3375 3130 5171396
2017.02.15   3050 3120 3420 3005 11386282
2017.02.16   3030 3095 3175 3020 3747500
2017.02.17   2950 3050 3125 2900 2173473
2017.02.20   2920 2965 3065 2875 1677438
2017.02.21   2970 2940 3050 2930 2248675
2017.02.22   2905 2985 3035 2890 1407069
2017.02.23   2890 2940 2965 2890 783546
2017.02.24   2785 2885 2900 2765 981342
2017.02.27   2725 2800 2815 2710 689353
2017.02.28   2790 2725 3090 2725 10302403
2017.03.02   2820 2840 2940 2815 2392360
2017.03.03   2680 2850 2850 2620 1406134
2017.03.06   2675 2655 2750 2595 1252419
2017.03.07   2685 2705 2755 2670 721204
2017.03.08   2685 2710 2740 2675 557296
2017.03.09   2740 2715 2785 2695 1302141
2017.03.10   2780 2765 2980 2390 2981585
2017.03.13   2820 2855 2925 2810 1545327
2017.03.14   2830 2825 2900 2770 1110223
2017.03.15   2705 2865 2870 2700 636089
2017.03.16   2760 2710 2945 2675 3007650
2017.03.17   2715 2755 2790 2700 520738
2017.03.20   2610 2705 2730 2605 583098
2017.03.21   2650 2640 2700 2630 428879
2017.03.22   2595 2615 2665 2575 303305
2017.03.23   2610 2640 2860 2610 4364412
2017.03.24   2515 2615 2635 2500 787793
2017.03.27   2470 2515 2580 2470 869993
2017.03.28   2320 2365 2390 2300 1419024
2017.03.29   2295 2345 2360 2295 737296
2017.03.30   2280 2275 2335 2275 589585
2017.03.31   2265 2310 2310 2220 695088
2017.04.03   2265 2250 2320 2225 683263
2017.04.04   2210 2260 2270 2200 686571
2017.04.05   2275 2215 2285 2195 485089
2017.04.06   2265 2285 2305 2230 401194
2017.04.07   2275 2265 2290 2230 301886
2017.04.10   2195 2310 2310 2185 552825
2017.04.11   2200 2190 2235 2165 305339
2017.04.12   2180 2185 2225 2170 198805
2017.04.13   2160 2180 2195 2140 321064
2017.04.14   2170 2160 2285 2135 1034244
2017.04.17   2240 2200 2255 2175 406047
2017.04.18   2235 2240 2255 2215 180243
2017.04.19   2290 2225 2345 2220 758903
2017.04.20   2350 2290 2445 2290 1626976
2017.04.21   2355 2340 2420 2310 639959
2017.04.24   2250 2355 2360 2250 486769
2017.04.25   2310 2260 2340 2260 209211
2017.04.26   2435 2310 2440 2285 822673
2017.04.27   2445 2415 2505 2385 931910
2017.04.28   2440 2450 2500 2385 539747
2017.05.02   2390 2440 2480 2390 311823
2017.05.04   2370 2350 2415 2320 186321
2017.05.08   2410 2410 2450 2345 301881
2017.05.10   2395 2435 2460 2375 266620
2017.05.11   2405 2385 2410 2320 378214
2017.05.12   2395 2440 2440 2385 241887
2017.05.15   2475 2390 2540 2370 985614
2017.05.16   2405 2465 2470 2365 519555
2017.05.17   2485 2430 2515 2395 849688
2017.05.18   2650 2435 2740 2435 5154444
2017.05.19   2710 2670 2765 2635 1894328
2017.05.22   2800 2715 2985 2705 5216692
2017.05.23   2780 2830 2835 2760 937369
2017.05.24   2755 2770 2835 2750 822157
2017.05.25   2655 2740 2760 2625 968825
2017.05.26   2705 2645 2810 2620 1039245
2017.05.29   2790 2720 2900 2720 2613516
2017.05.30   2780 2805 2855 2755 887349
2017.05.31   2890 2820 2945 2805 2379302
2017.06.01   2965 2930 3030 2900 2486414
2017.06.02   2895 2955 2970 2870 874246
2017.06.05   2830 2810 2925 2715 1630951
2017.06.07   2715 2845 2850 2715 1064302
2017.06.08   2600 2725 2745 2585 1251702
2017.06.09   2695 2600 2760 2555 1175356
2017.06.12   2620 2660 2685 2600 368638
2017.06.13   2660 2625 2670 2620 222672
2017.06.14   2700 2660 2725 2635 398347
2017.06.15   2700 2715 2725 2660 258545
2017.06.16   2650 2700 2700 2635 207439
2017.06.19   2640 2665 2680 2625 213976
2017.06.20   2545 2640 2660 2510 315560
2017.06.21   2550 2545 2590 2530 114308
2017.06.22   2545 2550 2595 2490 278517
2017.06.23   2600 2545 2615 2530 142433
2017.06.26   2585 2600 2645 2535 178622
2017.06.27   2685 2560 2750 2540 527293
2017.06.28   2690 2660 2745 2640 340934
2017.06.29   2710 2690 2785 2690 320697
2017.06.30   2700 2695 2740 2675 123926
2017.07.03   2640 2700 2720 2635 162507
2017.07.04   2600 2640 2650 2540 282914
2017.07.05   2645 2610 2675 2590 244124
2017.07.06   2725 2650 2735 2640 445487
2017.07.07   2825 2725 2955 2700 3219325
2017.07.10   2975 2890 3095 2825 4775573
2017.07.11   3045 2990 3070 2890 1670583
2017.07.12   2965 3035 3040 2950 867128
2017.07.13   2865 2935 2980 2820 759597
2017.07.14   3040 2865 3075 2830 1117962
2017.07.17   3040 3095 3160 3000 1170102
2017.07.18   3000 3040 3040 2935 545706
2017.07.19   2990 3010 3095 2960 499909
2017.07.20   3090 3010 3160 3000 1949932
2017.07.21   3025 3080 3165 3025 880716
2017.07.24   2920 3015 3015 2885 620731
2017.07.25   2815 2905 2960 2815 417014
2017.07.26   2800 2810 2840 2735 402738
2017.07.27   2925 2800 2925 2790 368086
2017.07.28   2840 2910 2940 2805 373790
2017.07.31   2890 2845 2910 2825 197850
2017.08.01   2920 2890 2950 2870 238139
2017.08.02   3030 2910 3130 2875 1291764
2017.08.03   3070 3045 3080 2955 549291
2017.08.04   3225 3055 3225 3020 1968796
2017.08.07   3250 3260 3285 3195 1099793
2017.08.08   3200 3250 3250 3135 806139
2017.08.09   3130 3200 3210 3090 532992
2017.08.10   3340 3110 3420 3105 3439691
2017.08.11   3310 3265 3540 3215 3469118
2017.08.14   3210 3380 3420 3135 2315607
2017.08.18  3125 3050 3150 3025 736812
2017.08.21  3095 3120 3150 3045 567338
2017.08.22  3170 3095 3170 3070 475488
2017.08.23  3295 3200 3300 3175 1536949
2017.08.24  3325 3295 3440 3230 1158904
2017.08.25  3410 3330 3450 3280 877176
2017.08.28  3370 3445 3475 3350 772023
2017.08.29  3425 3340 3450 3255 661133
2017.08.30  3350 3480 3625 3340 1213089
2017.08.31  3575 3390 3585 3350 2143817
