2009.12.23  3650 3710 4265 3530 20415430
2009.12.24  3370 3710 3795 3235 3728532
2009.12.28  3370 3330 3490 3245 1987712
2009.12.29  3300 3355 3450 3300 1124723
2009.12.30  3300 3280 3360 3185 1964120
2010.01.04  3505 3315 3590 3315 1208960
2010.01.05  3500 3505 3560 3360 632863
2010.01.06  3705 3690 3970 3650 2791741
2010.01.07  3640 3760 3805 3555 908522
2010.01.08  3605 3640 3735 3570 457868
2010.01.11  3635 3605 3795 3605 689434
2010.01.12  3630 3655 3780 3620 447190
2010.01.13  3440 3610 3630 3440 513096
2010.01.14  3430 3440 3475 3340 381710
2010.01.15  3725 3440 3770 3440 950921
2010.01.18  3850 3795 3865 3675 693792
2010.01.19  3860 3900 3940 3765 703142
2010.01.20  3835 3950 3970 3780 959298
2010.01.21  3750 3805 3850 3690 510445
2010.01.22  3665 3710 3720 3480 408041
2010.01.25  3530 3580 3750 3485 388770
2010.01.26  3320 3620 3620 3250 321952
2010.01.27  3445 3330 3450 3260 265568
2010.01.28  3390 3480 3480 3340 129828
2010.01.29  3260 3315 3375 3250 129101
2010.02.01  2930 3340 3340 2810 638989
2010.02.02  2940 2955 3005 2865 497858
2010.02.03  3000 2980 3030 2930 196583
2010.02.04  3070 2980 3070 2840 521611
2010.02.05  2970 3000 3000 2860 274774
2010.02.08  2970 2990 3050 2930 172838
2010.02.09  2965 2970 2975 2850 203079
2010.02.10  2995 3025 3060 2945 301559
2010.02.11  3105 3000 3180 3000 406102
2010.02.12  3130 3150 3150 3060 146199
2010.02.16  3140 3130 3140 3080 117507
2010.02.17  3290 3165 3310 3130 364258
2010.02.18  3270 3310 3345 3250 201550
2010.02.19  3350 3270 3390 3255 546997
2010.02.22  3355 3355 3410 3330 327862
2010.02.23  3410 3385 3435 3270 208193
2010.02.24  3430 3410 3450 3240 1537582
2010.02.25  3435 3450 3525 3380 331051
2010.02.26  3420 3435 3435 3365 81197
2010.03.02  3485 3475 3510 3420 215812
2010.03.03  3470 3490 3510 3450 131909
2010.03.04  3470 3510 3510 3385 123751
2010.03.05  3375 3435 3465 3345 246337
2010.03.08  3385 3370 3385 3305 236992
2010.03.09  3460 3385 3470 3335 117210
2010.03.10  3465 3460 3490 3410 80019
2010.03.11  3465 3465 3520 3430 264703
2010.03.12  3595 3500 3600 3495 276079
2010.03.15  3580 3620 3620 3530 169105
2010.03.16  3540 3580 3595 3515 156761
2010.03.17  3535 3580 3590 3480 181432
2010.03.18  3520 3535 3575 3460 194299
2010.03.19  3500 3450 3535 3450 80343
2010.03.22  3470 3500 3500 3440 82308
2010.03.23  3530 3480 3530 3425 174881
2010.03.24  3525 3565 3565 3460 112692
2010.03.25  3490 3500 3535 3450 158192
2010.03.26  3495 3455 3505 3390 128246
2010.03.29  3490 3485 3525 3440 109921
2010.03.30  3600 3510 3710 3480 404174
2010.03.31  3605 3630 3685 3540 455442
2010.04.01  3620 3605 3645 3540 104387
2010.04.02  3560 3630 3645 3560 115216
2010.04.05  3500 3520 3560 3390 167944
2010.04.06  3470 3460 3520 3420 69552
2010.04.07  3425 3470 3500 3390 154162
2010.04.08  3435 3450 3450 3350 115978
2010.04.09  3480 3450 3490 3415 54421
2010.04.12  3545 3530 3560 3440 164921
2010.04.13  3545 3575 3605 3520 158915
2010.04.14  3575 3550 3580 3510 45133
2010.04.15  3590 3590 3610 3540 37162
2010.04.16  3500 3590 3590 3450 103471
2010.04.19  3450 3495 3500 3450 55312
2010.04.20  3470 3490 3495 3420 52123
2010.04.21  3495 3515 3515 3430 115081
2010.04.22  3510 3530 3530 3470 51779
2010.04.23  3485 3510 3515 3465 118571
2010.04.26  3490 3495 3510 3400 69269
2010.04.27  3490 3490 3500 3440 70116
2010.04.28  3440 3480 3480 3370 50561
2010.04.29  3395 3480 3480 3375 27705
2010.04.30  3500 3390 3500 3300 156717
2010.05.03  3450 3500 3500 3375 82421
2010.05.04  3450 3450 3465 3380 17780
2010.05.06  3425 3360 3450 3360 30549
2010.05.07  3395 3350 3405 3230 58505
2010.05.10  3475 3340 3505 3320 83854
2010.05.11  3465 3600 3600 3435 145214
2010.05.12  3400 3480 3480 3360 94936
2010.05.13  3345 3430 3430 3320 95431
2010.05.14  3325 3320 3370 3300 64020
2010.05.17  3305 3305 3360 3250 31139
2010.05.18  3300 3305 3305 3235 48543
2010.05.19  3345 3250 3380 3150 39273
2010.05.20  3340 3345 3370 3290 51608
2010.05.24  3280 3340 3340 3230 163822
2010.05.25  3140 3330 3330 3010 45574
2010.05.26  3190 3175 3320 3095 43022
2010.05.27  3190 3150 3260 3120 13386
2010.05.28  3305 3190 3375 3190 60684
2010.05.31  3330 3375 3375 3285 24607
2010.06.01  3330 3380 3380 3270 41744
2010.06.03  3325 3340 3380 3290 88720
2010.06.04  3320 3300 3345 3295 35698
2010.06.07  3330 3320 3500 3240 46980
2010.06.08  3320 3370 3370 3245 87120
2010.06.09  3310 3320 3320 3210 17431
2010.06.10  3295 3240 3320 3235 33567
2010.06.11  3300 3305 3350 3245 42293
2010.06.14  3290 3305 3350 3245 20556
2010.06.15  3260 3290 3300 3245 57642
2010.06.16  3285 3300 3310 3245 36551
2010.06.17  3245 3320 3320 3235 39987
2010.06.18  3245 3280 3280 3180 56880
2010.06.21  3250 3250 3255 3200 46077
2010.06.22  3230 3270 3310 3215 146789
2010.06.23  3195 3230 3260 3180 209423
2010.06.24  3210 3230 3250 3170 78147
2010.06.25  3230 3180 3230 3170 89397
2010.06.28  3265 3240 3265 3190 75332
2010.06.29  3190 3265 3275 3130 62144
2010.06.30  3200 3215 3215 3135 21652
2010.07.01  3190 3150 3235 3150 6673
2010.07.02  3170 3205 3205 3140 18057
2010.07.05  3200 3150 3200 3140 28623
2010.07.06  3200 3210 3210 3135 17261
2010.07.07  3190 3200 3200 3150 8784
2010.07.08  3130 3200 3200 3075 81765
2010.07.09  3125 3180 3180 3065 36769
2010.07.12  3060 3145 3145 3045 44946
2010.07.13  3100 3060 3135 3050 48192
2010.07.14  3130 3170 3190 3060 27773
2010.07.15  3135 3130 3150 3095 16769
2010.07.16  3085 3145 3145 3055 19383
2010.07.19  3010 3085 3085 2625 47094
2010.07.20  2955 3010 3130 2920 39538
2010.07.21  2910 3000 3000 2895 51638
2010.07.22  2915 2980 2980 2790 68314
2010.07.23  2925 2900 2950 2870 25546
2010.07.26  2900 2915 2925 2835 23844
2010.07.27  2880 2900 2900 2850 8767
2010.07.28  2860 2850 2860 2780 38309
2010.07.29  2815 2895 2895 2810 16175
2010.07.30  2920 2800 3000 2800 73092
2010.08.02  2925 2920 2980 2880 12150
2010.08.03  2900 2900 2935 2860 17671
2010.08.04  2885 2940 2940 2815 32238
2010.08.05  2875 2900 2935 2840 66013
2010.08.06  2860 2845 2885 2820 53764
2010.08.09  2880 2895 2895 2820 16956
2010.08.10  2850 2910 2910 2835 7264
2010.08.11  2855 2850 2900 2800 27733
2010.08.12  2890 2855 2890 2700 74671
2010.08.13  2880 2885 2890 2830 15328
2010.08.16  2840 2845 2900 2800 73891
2010.08.17  2820 2860 2860 2790 40548
2010.08.18  2845 2845 2860 2745 45042
2010.08.19  2845 2825 2865 2785 73320
2010.08.20  2840 2855 2855 2800 11957
2010.08.23  2785 2800 2820 2725 102906
2010.08.24  2785 2800 2800 2750 38956
2010.08.25  2785 2780 2800 2700 65049
2010.08.26  2785 2830 2830 2750 29572
2010.08.27  2780 2755 2850 2740 77414
2010.08.30  2760 2780 2800 2750 50962
2010.08.31  2650 2770 2775 2550 271448
2010.09.01  2640 2660 2720 2590 513396
2010.09.02  2640 2645 2690 2620 70714
2010.09.03  2625 2660 2680 2585 138342
2010.09.06  2540 2640 2640 2525 257499
2010.09.07  2620 2540 2625 2500 222126
2010.09.08  2550 2600 2640 2495 229407
2010.09.09  2600 2570 2600 2530 50407
2010.09.10  2570 2600 2630 2555 69585
2010.09.13  2570 2565 2620 2535 72217
2010.09.14  2535 2570 2590 2485 149281
2010.09.15  2490 2545 2555 2465 68024
2010.09.16  2480 2520 2520 2450 51557
2010.09.17  2530 2480 2530 2440 63872
2010.09.20  2500 2545 2545 2490 17212
2010.09.24  2490 2500 2505 2460 33241
2010.09.27  2495 2495 2555 2460 78352
2010.09.28  2525 2495 2555 2480 106188
2010.09.29  2545 2525 2545 2500 90830
2010.09.30  2550 2545 2560 2515 57543
2010.10.01  2600 2525 2600 2525 88972
2010.10.04  2620 2640 2670 2590 100090
2010.10.05  2635 2620 2655 2585 57607
2010.10.06  2680 2680 2695 2610 85993
2010.10.07  2675 2680 2705 2600 31196
2010.10.08  2640 2670 2695 2605 21520
2010.10.11  2645 2625 2660 2610 29448
2010.10.12  2600 2645 2670 2590 36120
2010.10.13  2595 2580 2635 2580 26748
2010.10.14  2605 2610 2650 2570 61115
2010.10.15  2640 2600 2640 2590 28276
2010.10.18  2685 2640 2695 2620 187967
2010.10.19  2675 2660 2705 2650 75503
2010.10.20  2880 2645 2880 2645 161838
2010.10.21  2885 2900 3030 2825 212789
2010.10.22  2885 2840 2900 2820 137343
2010.10.25  2845 2950 2975 2840 110796
2010.10.26  2835 2880 2880 2800 33500
2010.10.27  2755 2835 2835 2695 125140
2010.10.28  2780 2710 2815 2710 77057
2010.10.29  2780 2795 2800 2730 61309
2010.11.01  2910 2770 2985 2755 367291
2010.11.02  2920 2945 2945 2830 118039
2010.11.03  2825 2965 2965 2825 107941
2010.11.04  2830 2790 2870 2780 40919
2010.11.05  2800 2820 2880 2785 95791
2010.11.08  2655 2800 2800 2655 96382
2010.11.09  2615 2630 2690 2595 118636
2010.11.10  2660 2620 2695 2615 112755
2010.11.11  2625 2640 2680 2615 59814
2010.11.12  2475 2670 2670 2465 141649
2010.11.15  2360 2495 2495 2350 127028
2010.11.16  2345 2315 2370 2300 146982
2010.11.17  2280 2305 2440 2280 119986
2010.11.18  2290 2300 2335 2260 32342
2010.11.19  2310 2290 2340 2285 43852
2010.11.22  2355 2315 2450 2300 48647
2010.11.23  2410 2350 2500 2330 73587
2010.11.24  2345 2270 2370 2270 86770
2010.11.25  2325 2355 2395 2315 61020
2010.11.26  2320 2335 2335 2295 103391
2010.11.29  2300 2320 2375 2285 19757
2010.11.30  2300 2300 2320 2260 49787
2010.12.01  2310 2300 2320 2270 19281
2010.12.02  2330 2315 2395 2305 55931
2010.12.03  2360 2325 2375 2280 127518
2010.12.06  2330 2355 2355 2295 40413
2010.12.07  2300 2360 2360 2285 38350
2010.12.08  2255 2300 2300 2255 42228
2010.12.09  2220 2285 2285 2215 48539
2010.12.10  2240 2220 2265 2220 23028
2010.12.13  2260 2265 2265 2225 18621
2010.12.14  2260 2280 2280 2250 21589
2010.12.15  2300 2280 2350 2215 26770
2010.12.16  2260 2320 2320 2255 13237
2010.12.17  2230 2260 2280 2230 56358
2010.12.20  2180 2215 2220 2150 33976
2010.12.21  2140 2215 2230 2120 115685
2010.12.22  2070 2155 2155 2060 111054
2010.12.23  1970 2075 2075 1930 197496
2010.12.24  1915 1915 1965 1905 142419
2010.12.27  1860 1955 1955 1855 145576
2010.12.28  1885 1860 1950 1860 117251
2010.12.29  1850 1885 1885 1815 128303
2010.12.30  1915 1860 1915 1830 37167
2011.01.03  1900 1920 1935 1845 170710
2011.01.04  1925 1910 1940 1890 89586
2011.01.05  1940 1940 1950 1910 235571
2011.01.06  1960 1975 1975 1920 212528
2011.01.07  1965 1960 1965 1910 58365
2011.01.10  1930 1935 1965 1920 96594
2011.01.11  1930 1930 1945 1880 119108
2011.01.12  1880 1940 1940 1880 76286
2011.01.13  1850 1905 1905 1840 110346
2011.01.14  1820 1855 1860 1815 92319
2011.01.17  1790 1845 1870 1790 134779
2011.01.18  1810 1790 1845 1760 100143
2011.01.19  1805 1850 1850 1790 61620
2011.01.20  1795 1820 1830 1790 38981
2011.01.21  1815 1790 1845 1790 49816
2011.01.24  1835 1835 1840 1790 151287
2011.01.25  1840 1950 2005 1820 429025
2011.01.26  1870 1840 1920 1835 76944
2011.01.27  1855 1890 1890 1840 51540
2011.01.28  1895 1855 1895 1840 66691
2011.01.31  1970 1880 2070 1875 309826
2011.02.01  1905 1980 1980 1905 134164
2011.02.07  1950 1950 2000 1925 204616
2011.02.08  1925 1950 1985 1920 235575
2011.02.09  1870 1940 1940 1860 136434
2011.02.10  1900 1860 1905 1830 112182
2011.02.11  1870 1910 1940 1845 141367
2011.02.14  1830 1870 1895 1815 43843
2011.02.15  1815 1830 1850 1790 61670
2011.02.16  1860 1815 1875 1815 107998
2011.02.17  1850 1870 1870 1820 74629
2011.02.18  1900 1860 1920 1855 48421
2011.02.21  2000 1910 2005 1880 201100
2011.02.22  1995 1970 2040 1950 105466
2011.02.23  1995 1995 2025 1975 74007
2011.02.24  1945 1950 1975 1910 89755
2011.02.25  1965 1945 1980 1920 23582
2011.02.28  1950 1965 1985 1935 53342
2011.03.02  1945 1950 1990 1935 32105
2011.03.03  1960 1965 1970 1940 35187
2011.03.04  1980 1965 2050 1960 124109
2011.03.07  1940 2000 2030 1940 88908
2011.03.08  1895 1940 1955 1860 152872
2011.03.09  1900 1885 1900 1865 72891
2011.03.10  1890 1880 1890 1865 71117
2011.03.11  1870 1880 1880 1845 84198
2011.03.14  1870 1860 1870 1795 113898
2011.03.15  1855 1875 1875 1760 154128
2011.03.16  1875 1805 1890 1805 53585
2011.03.17  1865 1870 1870 1810 41412
2011.03.18  1860 1865 1880 1845 79312
2011.03.21  1870 1850 1885 1840 91852
2011.03.22  1865 1895 1895 1855 66284
2011.03.23  1840 1855 1860 1835 75063
2011.03.24  1835 1840 1840 1815 49280
2011.03.25  1840 1830 1860 1810 23057
2011.03.28  1815 1840 1840 1785 108248
2011.03.29  1810 1800 1825 1740 117005
2011.03.30  1800 1800 1840 1780 159633
2011.03.31  1810 1825 1825 1785 20532
2011.04.01  1815 1825 1835 1800 46569
2011.04.04  1840 1815 1855 1805 85475
2011.04.05  1945 1850 1990 1850 264374
2011.04.06  1945 1980 2030 1940 174060
2011.04.07  1915 1990 1990 1865 79583
2011.04.08  1985 1915 1985 1900 139717
2011.04.11  1990 1970 2020 1925 165137
2011.04.12  1930 1975 2005 1920 79113
2011.04.13  1950 1940 2035 1930 114835
2011.04.14  2035 1980 2040 1950 215688
2011.04.15  2180 2045 2190 2000 600125
2011.04.18  2105 2155 2185 2070 252188
2011.04.19  2165 2105 2190 2080 261707
2011.04.20  2115 2195 2250 2090 311905
2011.04.21  1970 2100 2140 1970 269141
2011.04.22  1985 1970 2020 1940 189485
2011.04.25  1990 1945 2005 1945 92156
2011.04.26  1845 1950 2000 1835 225676
2011.04.27  2100 1850 2120 1850 455963
2011.04.28  2025 2090 2125 2025 156337
2011.04.29  1970 2040 2070 1970 138761
2011.05.02  2000 1955 2045 1955 51308
2011.05.03  1995 2000 2005 1960 42585
2011.05.04  2000 2000 2010 1965 35724
2011.05.06  2030 2000 2030 1970 81538
2011.05.09  2015 2110 2200 2005 237114
2011.05.11  1985 2025 2085 1965 67153
2011.05.12  1980 1990 2015 1960 77622
2011.05.13  1990 1975 2065 1975 54579
2011.05.16  1975 1990 2015 1975 36547
2011.05.17  1920 1975 1980 1915 64637
2011.05.18  1845 1920 1945 1830 122357
2011.05.19  1740 1845 1860 1740 114432
2011.05.20  1730 1740 1810 1730 92719
2011.05.23  1595 1730 1780 1580 149762
2011.05.24  1600 1550 1650 1535 70830
2011.05.25  1620 1630 1645 1560 23656
2011.05.26  1605 1585 1635 1585 29316
2011.05.27  1605 1605 1655 1590 45701
2011.05.30  1620 1645 1670 1605 31649
2011.05.31  1645 1640 1650 1585 60855
2011.06.01  1620 1645 1645 1590 62202
2011.06.02  1570 1600 1610 1530 75851
2011.06.03  1565 1575 1585 1530 51076
2011.06.07  1465 1550 1565 1430 168120
2011.06.08  1530 1450 1535 1445 72732
2011.06.09  1565 1530 1590 1525 41951
2011.06.10  1535 1585 1585 1510 10314
2011.06.13  1500 1530 1530 1380 54011
2011.06.14  1490 1465 1500 1430 20894
2011.06.15  1485 1505 1710 1450 190544
2011.06.16  1410 1480 1550 1395 282487
2011.06.17  1300 1415 1430 1295 229545
2011.06.20  1255 1300 1330 1240 100681
2011.06.21  1270 1265 1290 1260 91524
2011.06.22  1365 1295 1430 1280 184790
2011.06.23  1350 1380 1380 1330 52020
2011.06.24  1365 1350 1395 1320 76428
2011.06.27  1370 1355 1385 1350 44145
2011.06.28  1420 1385 1440 1385 32427
2011.06.29  1435 1470 1475 1415 25826
2011.06.30  1430 1405 1445 1390 86105
2011.07.01  1455 1440 1480 1425 37933
2011.07.04  1500 1475 1510 1455 46797
2011.07.05  1490 1500 1505 1470 30443
2011.07.06  1480 1510 1510 1455 30925
2011.07.07  1460 1510 1515 1455 23295
2011.07.08  1460 1460 1470 1435 9876
2011.07.11  1420 1460 1460 1420 49019
2011.07.12  1370 1385 1420 1370 44337
2011.07.13  1400 1365 1400 1360 34313
2011.07.14  1420 1425 1435 1385 19203
2011.07.15  1425 1435 1455 1400 45821
2011.07.18  1420 1435 1460 1400 48058
2011.07.19  1400 1455 1455 1400 60378
2011.07.20  1425 1410 1435 1405 42952
2011.07.21  1450 1425 1480 1420 39418
2011.07.22  1455 1490 1490 1445 47561
2011.07.25  1480 1435 1490 1435 60663
2011.07.26  1525 1495 1525 1465 53141
2011.07.27  1550 1495 1585 1495 62757
2011.07.28  1540 1550 1570 1510 34702
2011.07.29  1560 1550 1580 1525 48167
2011.08.01  1560 1580 1580 1535 62996
2011.08.02  1530 1560 1565 1490 92439
2011.08.03  1500 1495 1530 1450 54493
2011.08.04  1480 1485 1530 1450 66494
2011.08.05  1390 1485 1485 1365 104334
2011.08.08  1185 1360 1490 1185 251083
2011.08.09  1045 1140 1140 1010 285077
2011.08.10  1090 1070 1130 1060 151932
2011.08.11  1080 1050 1130 1000 140902
2011.08.12  1140 1110 1165 1090 185565
2011.08.16  1160 1155 1190 1140 153838
2011.08.17  1200 1165 1235 1160 127626
2011.08.18  1150 1200 1230 1120 118739
2011.08.19  1025 1100 1120 1005 224218
2011.08.22  1050 1035 1080 997 69170
2011.08.23  1090 1040 1130 1040 104312
2011.08.24  1065 1090 1120 1060 81589
2011.08.25  1085 1085 1120 1065 58868
2011.08.26  1090 1070 1120 1070 40815
2011.08.29  1120 1120 1140 1095 70673
2011.08.30  1100 1120 1140 1075 133290
2011.08.31  1265 1180 1265 1160 332519
2011.09.01  1170 1240 1275 1130 575007
2011.09.02  1150 1170 1190 1145 131913
2011.09.05  1105 1150 1165 1100 98400
2011.09.06  1100 1075 1110 1035 173316
2011.09.07  1095 1090 1135 1080 58964
2011.09.08  1095 1110 1125 1090 126714
2011.09.09  1090 1080 1090 1070 79374
2011.09.14  1080 1100 1100 1035 84770
2011.09.15  1065 1105 1105 1000 28076
2011.09.16  1065 1055 1090 1050 70048
2011.09.19  1090 1065 1090 1045 29721
2011.09.20  1085 1090 1100 1060 131882
2011.09.21  1075 1075 1095 1070 37855
2011.09.22  1090 1085 1115 1050 79510
2011.09.23  1025 1070 1085 1000 55332
2011.09.26  1000 1020 1040 940 117917
2011.09.27  1015 1020 1020 987 63704
2011.09.28  1015 1000 1020 985 55504
2011.09.29  1020 1015 1060 991 50537
2011.09.30  1050 1020 1100 1020 115599
2011.10.04  1000 1040 1060 990 78008
2011.10.05  967 1020 1025 940 198935
2011.10.06  970 974 990 969 43994
2011.10.07  1040 971 1050 971 35796
2011.10.10  1090 1045 1120 1040 148207
2011.10.11  1140 1100 1190 1090 251786
2011.10.12  1160 1130 1230 1120 1196840
2011.10.13  1155 1180 1180 1140 148004
2011.10.14  1110 1170 1170 1090 171056
2011.10.17  1150 1110 1150 1100 122019
2011.10.18  1150 1110 1150 1110 61207
2011.10.19  1120 1140 1160 1120 77716
2011.10.20  1125 1125 1160 1100 68636
2011.10.21  1135 1135 1135 1100 86711
2011.10.24  1165 1140 1180 1125 182249
2011.10.25  1160 1155 1190 1145 146478
2011.10.26  1175 1165 1185 1140 249022
2011.10.27  1210 1185 1275 1175 485632
2011.10.28  1230 1240 1300 1210 227401
2011.10.31  1185 1235 1245 1165 135319
2011.11.01  1225 1160 1225 1145 136743
2011.11.02  1190 1185 1220 1170 82194
2011.11.03  1185 1195 1220 1175 103880
2011.11.04  1210 1190 1230 1175 202606
2011.11.07  1245 1210 1270 1205 376614
2011.11.08  1260 1245 1285 1215 124978
2011.11.09  1260 1255 1280 1240 262217
2011.11.10  1235 1215 1330 1210 304419
2011.11.11  1295 1240 1350 1240 755743
2011.11.14  1295 1300 1340 1280 586902
2011.11.15  1325 1295 1330 1280 348788
2011.11.16  1340 1345 1395 1295 319274
2011.11.17  1295 1320 1355 1240 392492
2011.11.18  1270 1280 1300 1260 137525
2011.11.21  1270 1275 1340 1260 117446
2011.11.22  1235 1295 1295 1200 236267
2011.11.23  1155 1230 1270 1115 470189
2011.11.24  1110 1140 1150 1090 290812
2011.11.25  1150 1115 1175 1115 122938
2011.11.28  1155 1160 1160 1135 76136
2011.11.29  1145 1165 1165 1135 82665
2011.11.30  1180 1140 1200 1140 96109
2011.12.01  1220 1185 1230 1180 83204
2011.12.02  1215 1215 1240 1190 40976
2011.12.05  1225 1215 1250 1210 143528
2011.12.06  1215 1220 1275 1175 354599
2011.12.07  1260 1220 1295 1220 162828
2011.12.08  1255 1260 1285 1220 269692
2011.12.09  1310 1270 1310 1205 168837
2011.12.12  1325 1315 1360 1290 248513
2011.12.13  1320 1335 1335 1275 95707
2011.12.14  1270 1305 1335 1265 111282
2011.12.15  1250 1265 1290 1250 60552
2011.12.16  1240 1260 1320 1230 99316
2011.12.19  1180 1225 1260 1055 191727
2011.12.20  1200 1170 1280 1160 77679
2011.12.21  1240 1225 1255 1210 91194
2011.12.22  1325 1230 1325 1210 201030
2011.12.23  1450 1355 1500 1325 1362142
2011.12.26  1430 1450 1485 1395 222098
2011.12.27  1475 1435 1475 1400 287587
2011.12.28  1460 1470 1470 1365 195843
2011.12.29  1430 1460 1460 1400 105030
2012.01.02  1305 1395 1430 1300 319173
2012.01.03  1300 1330 1350 1285 159212
2012.01.04  1315 1300 1325 1280 135477
2012.01.05  1315 1345 1345 1300 96571
2012.01.06  1290 1300 1330 1270 110018
2012.01.09  1330 1295 1345 1260 161241
2012.01.10  1345 1370 1370 1320 89028
2012.01.11  1305 1345 1350 1305 72747
2012.01.12  1315 1290 1340 1285 163764
2012.01.13  1300 1315 1345 1270 152640
2012.01.16  1270 1300 1305 1260 128983
2012.01.17  1300 1265 1320 1265 106298
2012.01.18  1330 1350 1350 1310 151954
2012.01.19  1325 1320 1350 1310 66224
2012.01.20  1330 1330 1345 1300 100995
2012.01.25  1325 1350 1350 1305 40564
2012.01.26  1310 1330 1345 1285 85870
2012.01.27  1315 1320 1330 1290 44336
2012.01.30  1280 1300 1320 1260 121947
2012.01.31  1280 1280 1300 1270 52904
2012.02.01  1290 1290 1325 1275 79307
2012.02.02  1320 1300 1325 1285 210072
2012.02.03  1350 1320 1420 1320 464853
2012.02.06  1305 1350 1370 1300 129729
2012.02.07  1295 1305 1330 1290 82194
2012.02.08  1290 1300 1305 1275 138383
2012.02.09  1305 1300 1305 1270 108712
2012.02.10  1310 1350 1350 1295 94015
2012.02.13  1295 1300 1305 1270 93526
2012.02.14  1330 1305 1340 1295 179909
2012.02.15  1305 1340 1355 1295 208794
2012.02.16  1295 1305 1310 1290 71160
2012.02.17  1310 1305 1330 1290 59109
2012.02.20  1340 1315 1360 1315 304613
2012.02.21  1350 1340 1395 1340 271697
2012.02.22  1345 1355 1355 1320 108280
2012.02.23  1445 1345 1495 1340 978481
2012.02.24  1465 1465 1545 1430 582777
2012.02.27  1445 1460 1500 1405 289795
2012.02.28  1445 1455 1455 1375 242064
2012.02.29  1485 1445 1485 1410 182411
2012.03.02  1460 1485 1560 1440 605549
2012.03.05  1415 1460 1490 1400 174653
2012.03.06  1430 1420 1435 1390 120714
2012.03.07  1420 1420 1425 1395 39440
2012.03.08  1550 1425 1630 1410 1130643
2012.03.09  1510 1550 1590 1475 361812
2012.03.12  1520 1510 1575 1505 252094
2012.03.13  1575 1525 1595 1480 297443
2012.03.14  1635 1585 1665 1550 468088
2012.03.15  1635 1635 1715 1615 459518
2012.03.16  1655 1640 1690 1615 163655
2012.03.19  1695 1645 1695 1635 186207
2012.03.20  1695 1690 1740 1670 240956
2012.03.21  1655 1700 1710 1620 180975
2012.03.22  1660 1635 1680 1600 208446
2012.03.23  1695 1650 1700 1640 85281
2012.03.26  1700 1710 1740 1675 134946
2012.03.27  1590 1700 1720 1570 275036
2012.03.28  1555 1575 1605 1430 264150
2012.03.29  1565 1555 1585 1525 59470
2012.03.30  1730 1555 1730 1525 56530
2012.04.02  1655 1680 1680 1625 48033
2012.04.03  1645 1655 1670 1615 44504
2012.04.04  1600 1680 1680 1585 36415
2012.04.05  1590 1600 1620 1550 51270
2012.04.06  1590 1600 1615 1550 63124
2012.04.09  1550 1600 1600 1535 48857
2012.04.10  1515 1520 1545 1480 125069
2012.04.12  1485 1520 1535 1470 40886
2012.04.13  1510 1500 1545 1475 51012
2012.04.16  1550 1510 1555 1510 38478
2012.04.17  1565 1550 1585 1500 58176
2012.04.18  1540 1570 1570 1535 18272
2012.04.19  1495 1540 1545 1490 47700
2012.04.20  1405 1500 1500 1370 124564
2012.04.23  1400 1400 1445 1400 45905
2012.04.24  1400 1375 1420 1360 34481
2012.04.25  1400 1400 1410 1370 54651
2012.04.26  1395 1430 1430 1370 26960
2012.04.27  1350 1405 1430 1330 46937
2012.04.30  1325 1300 1380 1300 105955
2012.05.02  1345 1330 1350 1305 120182
2012.05.03  1345 1335 1395 1325 46679
2012.05.04  1360 1345 1400 1330 25928
2012.05.07  1395 1355 1395 1330 45122
2012.05.08  1390 1395 1410 1370 55896
2012.05.09  1390 1390 1400 1375 43310
2012.05.10  1390 1440 1440 1355 39685
2012.05.11  1365 1370 1395 1320 47592
2012.05.14  1320 1335 1370 1295 47636
2012.05.15  1345 1305 1345 1265 23121
2012.05.16  1340 1305 1345 1290 11575
2012.05.17  1285 1295 1355 1285 52836
2012.05.18  1190 1285 1305 1095 109580
2012.05.21  1160 1200 1290 1120 35516
2012.05.22  1250 1145 1250 1145 51440
2012.05.23  1255 1245 1260 1210 8777
2012.05.24  1185 1255 1255 1185 17435
2012.05.25  1255 1190 1270 1190 15220
2012.05.29  1255 1255 1280 1235 31840
2012.05.30  1255 1270 1270 1240 9223
2012.05.31  1215 1260 1260 1205 35003
2012.06.01  1245 1220 1245 1220 31672
2012.06.04  1200 1225 1225 1155 32233
2012.06.05  1185 1180 1235 1135 54915
2012.06.07  1175 1190 1205 1165 56445
2012.06.08  1195 1180 1200 1145 122785
2012.06.11  1190 1210 1225 1175 53450
2012.06.12  1190 1195 1195 1165 25940
2012.06.13  1190 1180 1190 1150 51609
2012.06.14  1170 1190 1190 1150 26367
2012.06.15  1175 1170 1190 1155 23352
2012.06.18  1350 1200 1350 1175 586051
2012.06.19  1330 1345 1360 1290 449633
2012.06.20  1335 1320 1355 1300 125046
2012.06.21  1325 1330 1350 1310 53747
2012.06.22  1300 1325 1325 1255 68958
2012.06.25  1300 1300 1300 1275 25153
2012.06.26  1300 1300 1320 1275 21692
2012.06.27  1275 1300 1300 1250 45499
2012.06.28  1280 1285 1300 1260 56892
2012.06.29  1265 1285 1290 1250 61417
2012.07.02  1280 1275 1280 1250 44864
2012.07.03  1280 1285 1290 1265 20467
2012.07.04  1310 1285 1315 1270 82029
2012.07.05  1305 1305 1330 1280 36030
2012.07.06  1300 1310 1310 1265 70554
2012.07.09  1295 1300 1305 1270 22719
2012.07.10  1270 1290 1290 1255 51533
2012.07.11  1250 1280 1280 1230 41689
2012.07.12  1255 1265 1265 1235 30271
2012.07.13  1240 1260 1270 1200 35750
2012.07.16  1235 1245 1255 1220 23032
2012.07.17  1225 1220 1240 1205 17273
2012.07.18  1225 1245 1245 1205 10225
2012.07.19  1220 1230 1240 1200 16077
2012.07.20  1220 1235 1235 1200 42188
2012.07.23  1105 1225 1225 1040 88157
2012.07.24  1105 1080 1200 1080 46633
2012.07.25  1115 1105 1130 1090 20606
2012.07.26  1115 1125 1125 1085 14726
2012.07.27  1105 1130 1130 1090 46445
2012.07.30  1100 1110 1120 1090 19300
2012.07.31  1115 1085 1120 1080 54449
2012.08.01  1115 1110 1115 1085 15850
2012.08.02  1085 1110 1110 1085 14808
2012.08.03  1110 1100 1110 1070 11753
2012.08.06  1100 1145 1145 1090 30570
2012.08.07  1095 1110 1110 1085 27917
2012.08.08  1095 1110 1130 1095 50695
2012.08.09  1110 1095 1120 1080 30423
2012.08.10  1100 1115 1125 1060 62820
2012.08.13  1100 1115 1120 1090 25009
2012.08.14  1110 1080 1110 1080 27624
2012.08.16  1110 1115 1115 1085 58854
2012.08.17  1130 1120 1185 1110 62460
2012.08.20  1115 1130 1130 1095 66817
2012.08.21  1110 1145 1165 1110 60768
2012.08.22  1105 1110 1110 1085 57917
2012.08.23  1090 1110 1110 1090 44042
2012.08.24  1080 1095 1100 1065 73850
2012.08.27  1075 1065 1080 1055 20056
2012.08.28  1090 1080 1095 1065 31735
2012.08.29  1080 1095 1095 1080 11462
2012.08.30  1075 1090 1090 1060 28175
2012.08.31  1070 1085 1085 1060 40829
2012.09.03  1060 1085 1085 1045 29318
2012.09.04  1055 1055 1060 1015 66158
2012.09.05  1035 1050 1050 1020 30477
2012.09.06  1035 1040 1040 1020 35207
2012.09.07  1080 1035 1125 1025 250239
2012.09.10  1085 1085 1090 1065 66074
2012.09.11  1090 1095 1115 1075 97456
2012.09.12  1090 1095 1095 1075 30589
2012.09.13  1065 1080 1080 1060 37245
2012.09.14  1075 1080 1080 1060 31670
2012.09.17  1065 1070 1075 1050 32381
2012.09.18  1095 1070 1110 1060 85729
2012.09.19  1130 1095 1140 1080 108031
2012.09.20  1115 1130 1140 1100 64018
2012.09.21  1115 1125 1140 1085 34776
2012.09.24  1105 1120 1120 1095 41700
2012.09.25  1090 1105 1105 1060 74489
2012.09.26  1055 1070 1085 1045 98862
2012.09.27  1065 1065 1070 1045 41405
2012.09.28  1065 1065 1075 1060 37457
2012.10.02  1075 1065 1095 1055 88535
2012.10.04  1150 1080 1200 1075 234386
2012.10.05  1165 1165 1200 1140 103281
2012.10.08  1160 1175 1190 1145 41582
2012.10.09  1150 1155 1180 1140 41891
2012.10.10  1165 1145 1180 1130 29036
2012.10.11  1165 1150 1175 1140 42433
2012.10.12  1145 1180 1180 1140 49253
2012.10.15  1140 1165 1165 1115 24217
2012.10.16  1140 1145 1145 1120 16610
2012.10.17  1140 1140 1140 1115 37534
2012.10.18  1150 1145 1185 1135 73392
2012.10.19  1135 1165 1165 1135 29699
2012.10.22  1305 1305 1305 1305 171112
2012.10.23  1420 1500 1500 1345 2496760
2012.10.24  1395 1420 1630 1390 3330469
2012.10.25  1330 1370 1375 1270 1052531
2012.10.26  1300 1345 1345 1240 416151
2012.10.29  1230 1315 1390 1200 984034
2012.10.30  1315 1250 1390 1215 792928
2012.10.31  1385 1370 1510 1330 1783306
2012.11.01  1360 1375 1395 1325 262685
2012.11.02  1420 1370 1500 1325 915144
2012.11.05  1340 1420 1425 1270 384944
2012.11.06  1330 1340 1355 1250 273668
2012.11.07  1345 1320 1360 1290 176819
2012.11.08  1355 1290 1385 1285 124134
2012.11.09  1365 1335 1365 1320 100334
2012.11.12  1565 1370 1565 1370 1566192
2012.11.13  1575 1505 1630 1500 1261448
2012.11.14  1485 1595 1640 1445 663234
2012.11.15  1470 1435 1480 1400 179620
2012.11.16  1460 1470 1510 1415 182289
2012.11.19  1450 1460 1495 1410 274018
2012.11.20  1430 1435 1470 1425 192284
2012.11.21  1475 1420 1520 1420 173321
2012.11.22  1505 1470 1550 1465 179252
2012.11.23  1505 1530 1535 1475 119711
2012.11.26  1485 1545 1560 1455 174840
2012.11.27  1495 1460 1500 1390 251163
2012.11.28  1450 1465 1495 1430 110865
2012.11.29  1430 1480 1485 1370 125832
2012.11.30  1420 1435 1445 1370 71493
2012.12.03  1370 1420 1420 1370 58390
2012.12.04  1330 1355 1425 1260 109204
2012.12.05  1370 1315 1370 1280 98928
2012.12.06  1345 1395 1395 1305 39119
2012.12.07  1315 1350 1360 1305 48478
2012.12.10  1305 1230 1310 1200 153615
2012.12.11  1250 1325 1325 1230 80173
2012.12.12  1260 1275 1275 1240 24492
2012.12.13  1275 1260 1325 1260 11779
2012.12.14  1280 1285 1330 1280 35191
2012.12.17  1305 1340 1340 1290 27669
2012.12.18  1310 1325 1360 1285 60816
2012.12.20  1280 1345 1345 1280 42859
2012.12.21  1270 1280 1300 1260 38223
2012.12.24  1290 1270 1320 1250 32975
2012.12.26  1250 1315 1340 1250 83742
2012.12.27  1225 1210 1265 1205 23522
2012.12.28  1220 1240 1240 1215 19761
2013.01.02  1220 1245 1245 1200 41468
2013.01.03  1230 1245 1245 1200 31365
2013.01.04  1215 1220 1240 1195 43799
2013.01.07  1230 1225 1250 1210 17209
2013.01.08  1240 1240 1245 1225 19498
2013.01.09  1255 1245 1260 1230 16179
2013.01.10  1245 1265 1270 1235 26819
2013.01.11  1270 1280 1280 1230 39701
2013.01.14  1230 1240 1270 1220 30402
2013.01.15  1225 1260 1260 1200 45084
2013.01.16  1210 1225 1260 1200 31725
2013.01.17  1215 1260 1260 1200 17902
2013.01.18  1220 1210 1220 1160 104712
2013.01.21  1190 1215 1220 1170 34559
2013.01.22  1180 1200 1200 1170 22665
2013.01.23  1215 1190 1255 1165 69650
2013.01.24  1220 1230 1250 1210 25493
2013.01.25  1235 1225 1245 1215 5400
2013.01.28  1230 1245 1245 1210 24845
2013.01.29  1225 1235 1280 1200 57283
2013.01.30  1230 1230 1230 1215 31204
2013.01.31  1220 1245 1245 1215 22571
2013.02.01  1230 1215 1240 1215 43681
2013.02.04  1235 1225 1260 1225 68137
2013.02.05  1270 1230 1280 1225 140228
2013.02.06  1270 1260 1295 1255 68547
2013.02.07  1270 1275 1275 1250 47226
2013.02.08  1300 1265 1315 1265 144817
2013.02.12  1285 1280 1300 1270 41307
2013.02.13  1295 1295 1300 1275 99956
2013.02.14  1275 1285 1295 1270 50086
2013.02.15  1275 1280 1290 1265 66801
2013.02.18  1275 1285 1285 1260 54913
2013.02.19  1275 1285 1285 1265 50167
2013.02.20  1275 1285 1290 1265 46099
2013.02.21  1280 1270 1290 1270 38095
2013.02.22  1325 1290 1375 1285 247786
2013.02.25  1520 1390 1520 1330 1698273
2013.02.26  1495 1540 1585 1455 1281430
2013.02.27  1500 1520 1540 1460 761223
2013.02.28  1430 1500 1515 1410 514509
2013.03.04  1455 1430 1460 1410 329200
2013.03.05  1445 1455 1455 1415 229962
2013.03.06  1420 1430 1455 1380 196265
2013.03.07  1385 1415 1415 1365 103695
2013.03.08  1395 1400 1415 1370 150294
2013.03.11  1350 1390 1400 1295 164429
2013.03.12  1335 1350 1350 1310 85259
2013.03.13  1320 1345 1345 1290 130897
2013.03.14  1350 1340 1355 1300 146329
2013.03.15  1335 1365 1365 1320 77037
2013.03.18  1340 1335 1360 1310 97229
2013.03.19  1345 1345 1355 1330 48791
2013.03.20  1390 1350 1395 1325 149674
2013.03.21  1400 1395 1405 1360 156245
2013.03.22  1370 1400 1420 1350 94612
2013.03.25  1330 1360 1370 1310 114727
2013.03.26  1315 1330 1335 1300 113950
2013.03.27  1295 1335 1335 1290 105121
2013.03.28  1335 1295 1345 1290 109237
2013.03.29  1330 1340 1345 1320 51985
2013.04.01  1340 1320 1350 1320 96259
2013.04.02  1345 1330 1350 1325 70201
2013.04.03  1320 1350 1400 1305 283978
2013.04.04  1305 1320 1325 1210 70144
2013.04.05  1280 1295 1320 1270 27722
2013.04.08  1250 1280 1285 1230 107759
2013.04.09  1200 1265 1265 1195 57926
2013.04.10  1215 1205 1220 1195 53971
2013.04.11  1215 1235 1235 1200 74897
2013.04.12  1185 1225 1235 1170 80277
2013.04.15  1205 1185 1205 1180 29210
2013.04.16  1200 1200 1205 1155 60665
2013.04.17  1195 1185 1210 1175 31968
2013.04.18  1205 1195 1225 1175 14468
2013.04.19  1205 1215 1220 1190 33174
2013.04.22  1205 1190 1230 1190 34417
2013.04.23  1215 1210 1230 1200 54486
2013.04.24  1225 1220 1235 1200 96880
2013.04.25  1220 1230 1230 1210 25660
2013.04.26  1225 1220 1245 1215 63708
2013.04.29  1225 1225 1225 1190 78083
2013.04.30  1240 1225 1250 1220 98989
2013.05.02  1240 1220 1250 1220 80267
2013.05.03  1245 1245 1270 1240 55326
2013.05.06  1245 1250 1270 1235 87612
2013.05.07  1235 1250 1255 1215 73519
2013.05.08  1265 1235 1395 1225 824479
2013.05.09  1270 1280 1300 1265 174616
2013.05.10  1265 1280 1285 1250 111156
2013.05.13  1275 1265 1290 1260 70178
2013.05.14  1260 1270 1290 1260 82127
2013.05.15  1260 1280 1285 1255 94130
2013.05.16  1250 1260 1270 1250 99802
2013.05.20  1250 1260 1270 1235 72511
2013.05.21  1260 1255 1280 1240 72614
2013.05.22  1270 1260 1290 1260 59219
2013.05.23  1265 1265 1280 1250 63485
2013.05.24  1255 1270 1270 1240 63325
2013.05.27  1240 1245 1255 1235 82054
2013.05.28  1245 1250 1250 1230 95072
2013.05.29  1260 1250 1275 1240 103618
2013.05.30  1255 1260 1275 1255 124192
2013.05.31  1240 1250 1260 1225 107894
2013.06.03  1210 1240 1245 1200 99913
2013.06.04  1210 1210 1220 1195 60544
2013.06.05  1175 1200 1200 1170 107678
2013.06.07  1195 1175 1200 1160 63925
2013.06.10  1200 1205 1210 1180 64515
2013.06.11  1190 1195 1200 1165 48053
2013.06.12  1195 1175 1195 1175 13623
2013.06.13  1195 1205 1205 1180 16238
2013.06.14  1190 1210 1210 1170 36306
2013.06.17  1200 1170 1200 1170 27106
2013.06.18  1190 1200 1205 1175 48788
2013.06.19  1180 1190 1195 1180 21567
2013.06.20  1160 1190 1190 1150 47053
2013.06.21  1160 1165 1165 1100 41161
2013.06.24  1145 1160 1160 1100 45152
2013.06.25  1060 1150 1150 1035 96636
2013.06.26  1050 1085 1085 1020 75759
2013.06.27  1070 1055 1095 1055 29191
2013.06.28  1085 1080 1105 1075 31004
2013.07.01  1110 1075 1155 1075 111427
2013.07.02  1175 1130 1200 1120 378373
2013.07.03  1140 1175 1175 1125 199999
2013.07.04  1155 1125 1170 1120 141560
2013.07.05  1145 1165 1165 1125 69582
2013.07.08  1140 1150 1150 1125 10984
2013.07.09  1150 1150 1165 1125 59090
2013.07.10  1150 1145 1150 1125 13241
2013.07.11  1140 1160 1160 1110 98720
2013.07.12  1140 1135 1140 1130 8308
2013.07.15  1130 1125 1140 1115 32412
2013.07.16  1135 1135 1140 1115 15460
2013.07.17  1160 1140 1175 1130 40613
2013.07.18  1150 1160 1170 1145 26210
2013.07.19  1145 1165 1170 1135 54932
2013.07.22  1135 1155 1155 1135 16645
2013.07.23  1150 1150 1160 1135 18776
2013.07.24  1140 1150 1160 1130 45152
2013.07.25  1145 1140 1165 1140 15868
2013.07.26  1145 1150 1150 1125 43237
2013.07.29  1125 1145 1145 1105 60707
2013.07.30  1125 1120 1135 1120 10656
2013.07.31  1135 1135 1135 1120 36757
2013.08.01  1140 1135 1140 1125 13082
2013.08.02  1145 1140 1160 1140 30994
2013.08.05  1190 1150 1200 1140 149405
2013.08.06  1175 1170 1190 1170 25528
2013.08.07  1180 1180 1190 1150 54260
2013.08.08  1180 1185 1200 1170 67590
2013.08.09  1165 1190 1190 1155 17486
2013.08.12  1145 1165 1175 1140 31128
2013.08.13  1150 1155 1160 1140 14102
2013.08.14  1170 1155 1170 1150 9713
2013.08.16  1155 1175 1185 1155 10414
2013.08.19  1195 1160 1200 1145 67803
2013.08.20  1165 1200 1225 1145 71899
2013.08.21  1135 1170 1170 1125 80926
2013.08.22  1135 1140 1150 1125 16566
2013.08.23  1145 1120 1145 1120 24682
2013.08.26  1165 1140 1165 1135 12203
2013.08.27  1160 1160 1165 1140 10030
2013.08.28  1155 1155 1160 1130 13639
2013.08.29  1140 1155 1155 1125 18726
2013.08.30  1135 1130 1150 1115 39146
2013.09.02  1155 1125 1160 1125 16984
2013.09.03  1155 1155 1155 1130 29401
2013.09.04  1160 1155 1160 1125 35187
2013.09.05  1140 1155 1155 1130 25446
2013.09.06  1135 1160 1160 1125 39931
2013.09.09  1140 1150 1150 1125 31118
2013.09.10  1150 1140 1150 1125 28974
2013.09.11  1165 1145 1175 1125 95078
2013.09.12  1170 1160 1185 1155 75252
2013.09.13  1165 1170 1175 1155 9086
2013.09.16  1160 1195 1245 1150 32784
2013.09.17  1155 1160 1170 1140 26464
2013.09.23  1145 1140 1165 1135 13972
2013.09.24  1120 1150 1150 1115 71337
2013.09.25  1120 1120 1145 1115 21808
2013.09.26  1125 1120 1135 1100 46412
2013.09.27  1125 1125 1125 1100 38027
2013.09.30  1120 1125 1125 1100 25672
2013.10.01  1115 1105 1120 1090 30623
2013.10.02  1090 1115 1120 1090 37004
2013.10.04  1085 1080 1100 1070 15023
2013.10.07  1090 1085 1100 1075 8367
2013.10.08  1075 1090 1090 1065 29776
2013.10.10  1090 1080 1090 1050 25473
2013.10.11  1080 1090 1090 1060 36323
2013.10.14  1060 1075 1110 1040 69310
2013.10.15  1070 1065 1085 1055 23054
2013.10.16  1080 1075 1085 1060 25690
2013.10.17  1065 1080 1080 1065 16794
2013.10.18  1075 1085 1085 1050 14719
2013.10.21  1080 1085 1085 1060 11924
2013.10.22  1080 1085 1085 1050 28764
2013.10.23  1065 1080 1080 1065 10063
2013.10.24  1070 1075 1075 1060 24899
2013.10.25  1065 1070 1080 1060 22720
2013.10.28  1100 1070 1100 1070 87379
2013.10.29  1085 1100 1100 1080 9504
2013.10.30  1090 1100 1100 1080 14010
2013.10.31  1080 1085 1100 1065 15021
2013.11.01  1080 1080 1120 1070 205105
2013.11.04  1125 1090 1170 1090 460971
2013.11.05  1090 1125 1140 1085 117691
2013.11.06  1125 1090 1140 1085 223298
2013.11.07  1110 1150 1285 1110 1589071
2013.11.08  1115 1125 1130 1085 121845
2013.11.11  1050 1115 1115 1050 111014
2013.11.12  1080 1065 1090 1045 44814
2013.11.13  1055 1080 1110 1055 51924
2013.11.14  1060 1075 1080 1025 39271
2013.11.15  1070 1070 1095 1050 21396
2013.11.18  1065 1095 1095 1060 6634
2013.11.19  1065 1060 1090 1040 23985
2013.11.20  1055 1075 1075 1010 14552
2013.11.21  1025 1060 1060 1025 14373
2013.11.22  1035 1050 1050 1000 41400
2013.11.25  1015 1035 1035 1005 54230
2013.11.26  1025 1000 1030 1000 17938
2013.11.27  1020 1025 1030 1005 8525
2013.11.28  1030 1020 1030 1010 6137
2013.11.29  1035 1070 1070 1030 19294
2013.12.02  1045 1045 1045 1025 6667
2013.12.03  1035 1050 1050 1000 36722
2013.12.04  1020 1035 1040 1000 59427
2013.12.05  1025 1030 1030 1000 41243
2013.12.06  1060 1035 1070 1000 101427
2013.12.09  1055 1050 1060 1010 53546
2013.12.10  1035 1050 1075 1000 103515
2013.12.11  1010 1050 1050 999 76139
2013.12.12  1020 1015 1020 998 8532
2013.12.13  1000 1015 1035 1000 33188
2013.12.16  1010 1010 1015 980 12273
2013.12.17  1015 1010 1025 994 8517
2013.12.18  1010 1000 1010 995 8531
2013.12.19  1000 1010 1015 1000 8162
2013.12.20  1000 1010 1010 1000 16458
2013.12.23  1015 1010 1020 990 19822
2013.12.24  1020 1005 1020 1005 8248
2013.12.26  1055 1020 1080 1015 66514
2013.12.27  1050 1015 1070 1015 26618
2013.12.30  1035 1050 1065 1000 40406
2014.01.02  1025 1040 1045 1010 5840
2014.01.03  1010 1025 1025 1000 21903
2014.01.06  1005 1010 1010 997 21390
2014.01.07  1005 1010 1010 994 16147
2014.01.08  1000 1010 1010 995 17031
2014.01.09  1000 1000 1010 995 8466
2014.01.10  1000 1005 1005 990 10089
2014.01.13  998 1005 1005 988 73999
2014.01.14  979 998 998 979 45706
2014.01.15  994 979 999 966 98457
2014.01.16  990 988 990 978 17373
2014.01.17  994 996 996 986 28617
2014.01.20  989 996 998 988 16006
2014.01.21  998 989 998 983 29052
2014.01.22  1035 1000 1145 994 600038
2014.01.23  1050 1045 1075 1020 70868
2014.01.24  1030 1065 1065 996 160079
2014.01.27  1015 1040 1040 1000 38573
2014.01.28  1015 997 1025 997 10954
2014.01.29  1000 1015 1015 990 21828
2014.02.03  1005 1010 1025 998 58622
2014.02.04  999 1015 1015 995 4736
2014.02.05  1010 1000 1015 997 10280
2014.02.06  1010 1025 1035 1005 25825
2014.02.07  1000 1005 1040 1000 71848
2014.02.10  1025 1010 1035 1005 66581
2014.02.11  1010 1030 1030 1010 35998
2014.02.12  1020 1025 1025 1010 16134
2014.02.13  1010 1025 1025 1005 21252
2014.02.14  1025 1015 1050 1010 51808
2014.02.17  1020 1030 1045 1015 31098
2014.02.18  1030 1015 1040 1015 16252
2014.02.19  1030 1030 1050 1020 30103
2014.02.20  1015 1040 1040 1015 30209
2014.02.21  1030 1030 1035 1015 10831
2014.02.24  1035 1030 1045 1015 19782
2014.02.25  1040 1050 1050 1030 17134
2014.02.26  1040 1040 1060 1030 34591
2014.02.27  1020 1035 1045 1015 28659
2014.02.28  1025 1020 1030 1000 55677
2014.03.03  1025 1035 1035 1005 8047
2014.03.04  1030 1030 1035 1005 24808
2014.03.05  1040 1035 1040 1020 35596
2014.03.06  1030 1040 1040 1020 10688
2014.03.07  1030 1030 1035 1015 42949
2014.03.10  1020 1030 1030 1005 24394
2014.03.11  1025 1020 1025 1010 13577
2014.03.12  1005 1025 1025 999 53232
2014.03.13  1005 993 1015 993 19077
2014.03.14  1000 1005 1015 995 4769
2014.03.17  995 1015 1015 995 6853
2014.03.18  1000 1010 1010 995 11773
2014.03.19  1000 998 1010 997 19097
2014.03.20  1000 998 1005 988 17112
2014.03.21  1005 1005 1020 997 42725
2014.03.24  998 1005 1005 991 12765
2014.03.25  999 999 1000 990 11970
2014.03.26  998 999 1015 991 36961
2014.03.27  1000 1010 1010 990 7593
2014.03.28  1015 1000 1050 995 18947
2014.03.31  1015 1025 1025 990 78817
2014.04.01  998 1005 1005 981 70670
2014.04.02  996 1000 1000 990 15319
2014.04.03  992 996 998 986 14063
2014.04.04  990 988 995 979 59016
2014.04.07  992 986 992 980 17079
2014.04.08  995 992 996 980 12377
2014.04.09  988 987 990 980 31092
2014.04.10  982 985 992 982 67761
2014.04.11  988 987 990 981 41508
2014.04.14  983 985 989 958 114648
2014.04.15  981 980 988 970 25984
2014.04.16  978 981 986 971 20570
2014.04.17  980 979 985 970 21449
2014.04.18  983 990 994 971 38244
2014.04.21  989 983 991 981 49489
2014.04.22  980 983 992 979 59809
2014.04.23  977 989 989 970 84500
2014.04.24  970 972 980 960 111086
2014.04.25  965 970 973 932 203278
2014.04.28  965 977 1045 951 667850
2014.04.29  958 965 972 925 208473
2014.04.30  948 960 960 928 97976
2014.05.02  948 931 952 931 27711
2014.05.07  933 936 948 920 75918
2014.05.08  890 933 933 880 159164
2014.05.09  870 898 898 867 103205
2014.05.12  869 880 890 851 75468
2014.05.13  891 866 897 865 213780
2014.05.14  891 895 901 885 40343
2014.05.15  884 890 898 882 59190
2014.05.16  885 895 895 869 57368
2014.05.19  880 885 894 857 219181
2014.05.20  870 880 886 855 70518
2014.05.21  835 873 875 835 172305
2014.05.22  821 830 839 815 123101
2014.05.23  820 821 835 806 164335
2014.05.26  821 816 830 800 136682
2014.05.27  821 821 825 800 158885
2014.05.28  820 820 825 805 70059
2014.05.29  820 820 825 811 30700
2014.05.30  830 817 849 815 45032
2014.06.02  836 830 850 825 59924
2014.06.03  839 840 840 820 17389
2014.06.05  830 834 834 807 95100
2014.06.09  820 823 830 802 53816
2014.06.10  810 818 825 799 65285
2014.06.11  815 810 825 803 20788
2014.06.12  820 815 825 802 60244
2014.06.13  826 820 850 814 40466
2014.06.16  835 821 847 820 120508
2014.06.17  844 845 858 829 63274
2014.06.18  839 844 852 837 15492
2014.06.19  835 839 848 831 32072
2014.06.20  839 835 868 830 36993
2014.06.23  829 847 847 821 92178
2014.06.24  820 820 829 806 99206
2014.06.25  814 814 825 810 8146
2014.06.26  815 814 822 805 59094
2014.06.27  817 810 820 808 35687
2014.06.30  827 817 837 811 75296
2014.07.01  824 829 829 816 71898
2014.07.02  828 824 832 816 28784
2014.07.03  830 835 847 823 64123
2014.07.04  837 830 843 824 113307
2014.07.07  836 835 847 828 132443
2014.07.08  832 836 841 827 31009
2014.07.09  832 834 844 826 28162
2014.07.10  833 825 839 825 43112
2014.07.11  831 830 841 826 62488
2014.07.14  836 832 841 824 218554
2014.07.15  836 841 849 835 146786
2014.07.16  834 838 844 830 52028
2014.07.17  833 832 840 828 104258
2014.07.18  834 830 837 826 47948
2014.07.21  832 836 836 826 101057
2014.07.22  834 830 837 829 53240
2014.07.23  833 832 840 832 68009
2014.07.24  845 832 845 831 160078
2014.07.25  869 838 887 838 307530
2014.07.28  861 870 912 859 199405
2014.07.29  863 861 880 855 96872
2014.07.30  875 863 887 861 128069
2014.07.31  877 875 884 863 127208
2014.08.01  872 851 884 850 53831
2014.08.04  870 864 875 857 56668
2014.08.05  864 864 874 857 79951
2014.08.06  870 864 874 860 49232
2014.08.07  891 871 909 864 192990
2014.08.08  890 887 902 875 135089
2014.08.11  929 897 978 876 503002
2014.08.12  922 930 955 916 123116
2014.08.13  905 936 937 905 93668
2014.08.14  890 905 910 889 58434
2014.08.18  891 890 918 890 49590
2014.08.19  892 900 905 881 111097
2014.08.20  890 892 895 876 40814
2014.08.21  889 885 895 863 41093
2014.08.22  878 889 889 862 71197
2014.08.25  878 873 880 860 64221
2014.08.26  876 871 883 870 30789
2014.08.27  870 871 880 868 46222
2014.08.28  865 874 876 850 123851
2014.08.29  864 868 890 850 68954
2014.09.01  835 867 867 821 85249
2014.09.02  834 835 870 812 99134
2014.09.03  823 840 840 813 82063
2014.09.04  830 823 833 817 28392
2014.09.05  830 830 840 825 30033
2014.09.11  829 827 839 827 33277
2014.09.12  828 830 838 827 21055
2014.09.15  822 837 837 822 11021
2014.09.16  835 829 840 817 36853
2014.09.17  831 838 838 824 21926
2014.09.18  830 831 838 822 43696
2014.09.19  834 830 848 829 46162
2014.09.22  839 834 848 832 21094
2014.09.23  835 838 838 828 4402
2014.09.24  830 835 835 810 52218
2014.09.25  828 825 838 820 30271
2014.09.26  823 821 825 812 50793
2014.09.29  811 820 826 726 104711
2014.09.30  811 792 816 772 51898
2014.10.01  807 814 815 780 54382
2014.10.02  806 800 809 787 28516
2014.10.06  805 808 813 796 19848
2014.10.07  804 805 808 793 29294
2014.10.08  802 807 807 792 18988
2014.10.10  799 793 801 771 38160
2014.10.13  789 800 804 780 34615
2014.10.14  788 780 794 770 7719
2014.10.15  790 783 805 783 40415
2014.10.16  800 802 808 785 43900
2014.10.17  807 795 809 795 28539
2014.10.20  800 807 815 797 23202
2014.10.21  814 800 818 791 121734
2014.10.22  828 820 832 803 44332
2014.10.23  861 819 865 819 88698
2014.10.24  869 870 874 860 66816
2014.10.27  862 881 881 862 25366
2014.10.28  865 862 875 777 59801
2014.10.29  885 865 900 865 37754
2014.10.30  884 889 904 855 62288
2014.10.31  885 885 897 874 7427
2014.11.03  890 903 903 878 20167
2014.11.04  893 894 898 854 36810
2014.11.05  878 895 895 867 41354
2014.11.06  899 892 900 857 50909
2014.11.07  885 900 920 885 22890
2014.11.10  905 890 914 876 36626
2014.11.11  940 905 944 900 98292
2014.11.12  935 931 942 926 24620
2014.11.13  928 935 935 912 45178
2014.11.14  949 928 951 916 31260
2014.11.17  940 946 946 925 11891
2014.11.18  918 934 934 895 42756
2014.11.19  1055 915 1055 915 934047
2014.11.20  1095 1075 1200 1025 2332656
2014.11.21  1030 1075 1090 1000 1093511
2014.11.24  1180 1035 1180 1030 2073199
2014.11.25  1090 1140 1165 1055 2843522
2014.11.26  1055 1105 1125 1025 1087440
2014.11.27  1010 1030 1040 998 712711
2014.11.28  987 1020 1040 981 395607
2014.12.01  933 993 999 930 472208
2014.12.02  909 928 942 900 246318
2014.12.03  922 911 930 911 173133
2014.12.04  960 930 963 918 182906
2014.12.05  971 964 977 945 108768
2014.12.08  962 967 975 960 84853
2014.12.09  1105 975 1105 962 2154080
2014.12.10  1100 1065 1205 1060 2728580
2014.12.11  1265 1145 1265 1140 2452822
2014.12.12  1350 1435 1450 1080 9479209
2014.12.15  1550 1385 1550 1305 2988331
2014.12.16  1780 1650 1780 1450 8976233
2014.12.17  1780 0 0 0 0
2014.12.18  1630 1515 1955 1515 2077992
2014.12.19  1390 1590 1590 1390 1108604
2014.12.22  1400 1430 1460 1300 1245284
2014.12.23  1250 1390 1390 1200 3418196
2014.12.24  1200 1260 1260 1150 1974209
2014.12.26  1130 1220 1345 1130 5205767
2014.12.29  1070 1125 1160 1035 1860270
2014.12.30  1055 1080 1080 1020 1007275
2015.01.02  1090 1065 1090 1035 1038510
2015.01.05  1075 1090 1090 1035 684708
2015.01.06  1110 1085 1170 1060 1990221
2015.01.07  1080 1120 1125 1060 635351
2015.01.08  1085 1085 1095 1060 515841
2015.01.09  1115 1090 1180 1080 1111028
2015.01.12  1140 1100 1190 1100 1038710
2015.01.13  1185 1145 1235 1115 1797379
2015.01.14  1100 1180 1185 1100 887958
2015.01.15  1265 1090 1265 1085 2178475
2015.01.16  1180 1275 1285 1150 2337134
2015.01.19  1155 1180 1255 1135 1430802
2015.01.20  1160 1155 1170 1135 447447
2015.01.21  1185 1155 1220 1155 631702
2015.01.22  1150 1200 1220 1145 624787
2015.01.23  1170 1150 1200 1140 483486
2015.01.26  1165 1170 1185 1140 443579
2015.01.27  1120 1155 1160 1120 378536
2015.01.28  1280 1120 1285 1105 4007420
2015.01.29  1215 1225 1300 1190 1689788
2015.01.30  1225 1215 1245 1170 870997
2015.02.02  1405 1245 1405 1225 3501698
2015.02.03  1615 1460 1615 1410 3012516
2015.02.04  1645 1740 1825 1575 4981562
2015.02.05  1615 1675 1710 1535 4110815
2015.02.06  1480 1590 1645 1435 4044329
2015.02.09  1385 1490 1610 1360 4961704
2015.02.10  1410 1405 1465 1360 1566544
2015.02.11  1360 1430 1460 1335 1376086
2015.02.12  1320 1360 1365 1275 1429863
2015.02.13  1315 1325 1350 1280 1161285
2015.02.16  1300 1315 1340 1280 517247
2015.02.17  1285 1305 1305 1270 361640
2015.02.23  1305 1285 1320 1280 359883
2015.02.24  1335 1310 1350 1310 820154
2015.02.25  1320 1350 1350 1315 421298
2015.02.26  1360 1325 1435 1250 2708501
2015.02.27  1320 1360 1370 1310 628378
2015.03.02  1175 1330 1390 1130 2428572
2015.03.03  1185 1165 1230 1150 841343
2015.03.04  1185 1185 1195 1155 216291
2015.03.05  1205 1190 1215 1180 291803
2015.03.06  1195 1210 1225 1180 332810
2015.03.09  1180 1205 1205 1170 308616
2015.03.10  1185 1175 1210 1165 418627
2015.03.11  1180 1180 1190 1150 221138
2015.03.12  1250 1185 1270 1180 828841
2015.03.13  1260 1270 1290 1205 534402
2015.03.16  1245 1245 1285 1240 327942
2015.03.17  1310 1255 1335 1245 884619
2015.03.18  1255 1310 1315 1250 413886
2015.03.19  1215 1250 1260 1190 360724
2015.03.20  1200 1215 1225 1185 191116
2015.03.23  1290 1200 1290 1180 379340
2015.03.24  1290 1290 1290 1245 375852
2015.03.25  1480 1405 1480 1355 1402853
2015.03.26  1425 1480 1570 1410 2724483
2015.03.27  1340 1445 1450 1295 959150
2015.03.30  1360 1340 1370 1315 262526
2015.03.31  1390 1355 1415 1330 369202
2015.04.01  1460 1365 1460 1365 500258
2015.04.02  1435 1500 1500 1395 423602
2015.04.03  1440 1420 1440 1380 265448
2015.04.06  1450 1455 1480 1430 242881
2015.04.07  1485 1470 1535 1455 523542
2015.04.08  1335 1320 1440 1305 706664
2015.04.09  1330 1315 1375 1285 298672
2015.04.10  1355 1325 1355 1315 161148
2015.04.13  1340 1370 1370 1315 284760
2015.04.14  1325 1325 1370 1290 500030
2015.04.15  1325 1340 1340 1310 121087
2015.04.16  1320 1335 1340 1300 167502
2015.04.17  1310 1320 1335 1300 106755
2015.04.20  1350 1315 1360 1290 237347
2015.04.21  1380 1370 1400 1350 169742
2015.04.22  1330 1415 1415 1300 293760
2015.04.23  1525 1330 1525 1315 559901
2015.04.24  1500 1620 1735 1450 1305563
2015.04.27  1670 1505 1710 1405 1178207
2015.04.28  1525 1585 1615 1450 954774
2015.04.29  1460 1485 1510 1435 338863
2015.04.30  1375 1445 1450 1350 363532
2015.05.04  1395 1375 1435 1365 211423
2015.05.06  1390 1380 1400 1350 167617
2015.05.07  1350 1400 1400 1335 248959
2015.05.08  1395 1380 1465 1350 252379
2015.05.11  1470 1415 1490 1400 309159
2015.05.12  1460 1485 1495 1430 265107
2015.05.13  1600 1460 1670 1440 859209
2015.05.14  1620 1620 1640 1580 327636
2015.05.15  1590 1645 1645 1580 222177
2015.05.18  1625 1615 1750 1600 661391
2015.05.19  1695 1655 1765 1630 1101189
2015.05.20  1690 1720 1735 1650 474231
2015.05.21  1940 1690 1940 1690 2234127
2015.05.22  1960 1995 2000 1825 1012941
2015.05.26  1965 1995 2070 1900 948262
2015.05.27  1985 1990 2070 1960 702284
2015.05.28  1880 1970 1985 1860 582806
2015.05.29  2020 1880 2085 1830 580557
2015.06.01  1960 2040 2040 1900 283004
2015.06.02  1950 1975 1975 1890 276995
2015.06.03  1925 1910 1965 1825 174741
2015.06.04  1925 1925 1975 1900 90357
2015.06.05  1905 1920 1950 1880 132296
2015.06.08  1920 1930 1935 1880 108516
2015.06.09  1980 1945 2030 1925 323182
2015.06.10  2275 1985 2275 1970 969203
2015.06.11  2290 2370 2380 2190 650003
2015.06.12  2405 2300 2580 2250 958993
2015.06.15  2695 2405 2750 2400 650401
2015.06.16  2690 2600 2720 2520 378309
2015.06.17  3205 2725 3205 2725 799056
2015.06.18  3100 3205 3510 2945 886682
2015.06.19  3130 3190 3350 2975 424049
2015.06.22  3315 3140 3550 3130 644285
2015.06.23  3285 3225 3420 3225 215714
2015.06.24  3000 3385 3470 3000 645526
2015.06.25  2890 3060 3160 2875 728096
2015.06.26  2725 2975 2975 2650 896612
2015.06.29  2460 2725 2725 2400 925543
2015.06.30  2595 2420 2690 2415 680873
2015.07.01  2670 2560 2745 2560 436981
2015.07.02  2715 2730 2800 2645 266795
2015.07.03  2800 2745 2825 2690 278382
2015.07.06  2840 2800 2840 2600 313951
2015.07.07  2785 2870 2880 2620 183692
2015.07.08  2680 2785 2790 2315 315559
2015.07.09  2620 2600 2660 2450 123597
2015.07.10  2600 2680 2680 2540 130043
2015.07.13  2915 2530 2935 2525 182545
2015.07.14  2985 2970 3070 2875 229737
2015.07.15  2910 2995 3070 2900 109635
2015.07.16  3010 2950 3135 2925 388250
2015.07.17  3005 3050 3090 2970 165358
2015.07.20  3065 3265 3265 3065 166449
2015.07.21  3000 2990 3125 2930 139006
2015.07.22  3145 3030 3145 2980 110650
2015.07.23  3140 3240 3240 3100 162968
2015.07.24  3105 3240 3240 3105 171056
2015.07.27  3000 3105 3140 2900 111415
2015.07.28  2915 2990 3000 2855 114655
2015.07.29  2950 3140 3140 2900 122275
2015.07.30  2945 2995 3010 2890 40550
2015.07.31  2985 2975 3090 2915 22920
2015.08.03  2975 3000 3000 2910 98814
2015.08.04  2975 3010 3010 2945 42156
2015.08.05  2925 3000 3000 2860 53906
2015.08.06  3255 2970 3315 2915 328979
2015.08.07  3690 3290 3945 3220 1332376
2015.08.10  3880 3855 4010 3700 903527
2015.08.11  4000 3970 4100 3815 717384
2015.08.12  3840 4000 4000 3290 514773
2015.08.13  3845 3900 3900 3600 135082
2015.08.17  3675 3845 3850 3605 157347
2015.08.18  3475 3730 3730 3310 204074
2015.08.19  3625 3500 3625 3200 306077
2015.08.20  3700 3775 3950 3400 313998
2015.08.21  3750 3420 3860 3415 214690
2015.08.24  3760 3700 3840 3665 163789
2015.08.25  3825 3850 3850 3675 127290
2015.08.26  3850 3875 3880 3680 121083
2015.08.27  3845 3875 3875 3715 85647
2015.08.28  3970 3835 3970 3835 178433
2015.08.31  3955 3970 4090 3925 157772
2015.09.01  3880 4030 4030 3715 140737
2015.09.02  3900 3860 3900 3500 180469
2015.09.03  3950 3930 3985 3850 67549
2015.09.04  3960 3995 4000 3800 152715
2015.09.07  3835 3960 3960 3805 67388
2015.09.08  3780 3835 3935 3695 71470
2015.09.09  3715 3770 3805 3670 87229
2015.09.10  3700 3660 3760 3580 141489
2015.09.11  3660 3740 3755 3625 66686
2015.09.14  3450 3700 3750 3450 55515
2015.09.15  3430 3400 3500 3290 200850
2015.09.16  3690 3430 3690 3310 129973
2015.09.17  3630 3750 3770 3570 69407
2015.09.18  3550 3680 3680 3525 80274
2015.09.21  3520 3550 3550 3350 112143
2015.09.22  3500 3530 3560 3450 96530
2015.09.23  3450 3500 3505 3400 85762
2015.09.24  3700 3500 3745 3500 165324
2015.09.25  3625 3745 3895 3625 419172
2015.09.30  3805 3570 3990 3570 346604
2015.10.01  3800 3950 3960 3795 88798
2015.10.02  3960 3800 3990 3780 341832
2015.10.05  3970 3960 4040 3865 196881
2015.10.06  4030 3970 4050 3930 196001
2015.10.07  3935 4030 4050 3855 189555
2015.10.08  3850 3935 4085 3835 189930
2015.10.12  3915 3895 3950 3820 174690
2015.10.13  3890 3915 3940 3800 146390
2015.10.14  3795 3900 3945 3650 196583
2015.10.15  3880 3770 3895 3600 79392
2015.10.16  3740 3880 3880 3590 238866
2015.10.19  3815 3800 3835 3695 141021
2015.10.20  3785 3880 3880 3650 149124
2015.10.21  3710 3775 3830 3700 60441
2015.10.22  3605 3680 3780 3580 122005
2015.10.23  3570 3600 3645 3440 131117
2015.10.26  3670 3600 3700 3570 59058
2015.10.27  3770 3800 3800 3585 88851
2015.10.28  3700 3770 3795 3670 110383
2015.10.29  3610 3700 3770 3585 60055
2015.10.30  3610 3600 3700 3540 108541
2015.11.02  3715 3690 3740 3630 82563
2015.11.03  3740 3740 3800 3675 159180
2015.11.04  3750 3800 3835 3690 190829
2015.11.05  3760 3715 3790 3695 57088
2015.11.06  3705 3790 3790 3690 157351
2015.11.09  3700 3790 3790 3630 84896
2015.11.10  3590 3740 3740 3450 99142
2015.11.11  3600 3645 3680 3550 27176
2015.11.12  3610 3650 3670 3495 51260
2015.11.13  3540 3645 3645 3480 37568
2015.11.16  3490 3500 3570 3405 15713
2015.11.17  3440 3450 3560 3390 61205
2015.11.18  3310 3400 3450 3310 94700
2015.11.19  3395 3360 3450 3105 147120
2015.11.20  3400 3395 3520 3355 58365
2015.11.23  3370 3580 3580 3345 47267
2015.11.24  3375 3450 3450 3340 40998
2015.11.25  3380 3400 3630 3365 74330
2015.11.26  3340 3435 3435 3330 40799
2015.11.27  3345 3445 3445 3280 71279
2015.11.30  3285 3390 3390 3250 62838
2015.12.01  3285 3250 3335 3150 63268
2015.12.02  3170 3305 3350 3150 60525
2015.12.03  3170 3170 3170 2860 216962
2015.12.04  3445 3200 3445 3020 109430
2015.12.07  3450 3445 3495 3300 73503
2015.12.08  3370 3450 3450 3250 65390
2015.12.09  3245 3370 3370 3175 57541
2015.12.10  3290 3395 3395 3130 36039
2015.12.11  3305 3330 3350 3255 43310
2015.12.14  3190 3160 3340 3150 54126
2015.12.15  3300 3005 3390 3005 127761
2015.12.16  3195 3300 3400 3020 90488
2015.12.17  3200 3200 3200 3030 79446
2015.12.18  3165 3195 3245 3120 41419
2015.12.21  3090 3200 3200 3030 55433
2015.12.22  2990 3105 3105 2965 54548
2015.12.23  2950 3045 3045 2840 85069
2015.12.24  3065 2910 3075 2830 497378
2015.12.28  3025 3050 3150 3015 231984
2015.12.29  3050 2850 3200 2850 152591
2015.12.30  3120 2960 3135 2955 54324
2016.01.04  3125 3120 3140 2950 41447
2016.01.05  3075 3135 3180 3005 14947
2016.01.06  3005 3130 3130 2950 48475
2016.01.07  2900 2935 3060 2850 45040
2016.01.08  2845 2900 2930 2750 72920
2016.01.11  2750 2860 2895 2715 48757
2016.01.12  2795 2750 3090 2715 34234
2016.01.13  2815 2910 2910 2780 21433
2016.01.14  2790 2810 2810 2740 24733
2016.01.15  2760 2835 2835 2690 28672
2016.01.18  2705 2760 2780 2620 46198
2016.01.19  2625 2800 2800 2580 83070
2016.01.20  2675 2650 2790 2535 113206
2016.01.21  2785 2750 2910 2665 71611
2016.01.22  2820 2975 2975 2720 24625
2016.01.25  2735 2960 2960 2690 32963
2016.01.26  2695 2735 2765 2610 13173
2016.01.27  2695 2785 2785 2630 15652
2016.01.28  2635 2630 2760 2620 14274
2016.01.29  2685 2635 2730 2530 36215
2016.02.01  2665 2670 2675 2605 16517
2016.02.02  2515 2615 2665 2515 35029
2016.02.03  2410 2460 2510 2310 43078
2016.02.04  2300 2410 2520 2255 44172
2016.02.05  2455 2360 2800 2215 213838
2016.02.11  2375 2410 2410 2260 42290
2016.02.12  2205 2395 2395 2105 54425
2016.02.15  2145 2205 2205 2015 107076
2016.02.16  2140 2205 2205 2100 29962
2016.02.17  2145 2170 2170 2105 21720
2016.02.18  2300 2145 2300 2125 92195
2016.02.19  2335 2350 2350 2250 15547
2016.02.22  2275 2390 2390 2160 81654
2016.02.23  2240 2300 2305 2190 27948
2016.02.24  2150 2235 2235 2100 100487
2016.02.25  2075 2150 2150 2035 76006
2016.02.26  2080 2050 2105 1980 65182
2016.02.29  2090 2030 2100 2030 17593
2016.03.02  2085 2090 2125 2030 24489
2016.03.03  2055 2100 2100 2015 29023
2016.03.04  2120 2065 2135 2030 76251
2016.03.07  2140 2120 2175 2100 50658
2016.03.08  2160 2150 2180 2115 44429
2016.03.09  2305 2190 2590 2150 343659
2016.03.10  2400 2350 2440 2335 75428
2016.03.11  2400 2440 2450 2370 24037
2016.03.14  2500 2420 2500 2400 44766
2016.03.15  2920 2500 2970 2500 414973
2016.03.16  2740 3000 3000 2670 154748
2016.03.17  2845 2730 2985 2705 56294
2016.03.18  2795 2945 2945 2655 77721
2016.03.21  2770 2795 2875 2700 36363
2016.03.22  2720 2835 2835 2655 37865
2016.03.23  2575 2650 2800 2575 26700
2016.03.24  2630 2650 2650 2555 15783
2016.03.25  2625 2695 2695 2575 28672
2016.03.28  2660 2650 2660 2485 112558
2016.03.29  2660 2665 2690 2565 24570
2016.03.30  2515 2665 2680 2500 49612
2016.03.31  2510 2545 2545 2500 20562
2016.04.01  2465 2550 2550 2405 26247
2016.04.04  2450 2500 2500 2360 12315
2016.04.05  2400 2490 2500 2325 40952
2016.04.06  2390 2445 2445 2350 12260
2016.04.07  2445 2430 2445 2320 37396
2016.04.08  2395 2445 2445 2310 27256
2016.04.11  2410 2420 2420 2290 46679
2016.04.12  2330 2355 2450 2290 68810
2016.04.14  2385 2330 2395 2275 54875
2016.04.15  2450 2400 2460 2330 67447
2016.04.18  2400 2490 2490 2335 58523
2016.04.19  2610 2450 2670 2450 180884
2016.04.20  2640 2610 2645 2540 77888
2016.04.21  2635 2690 2700 2565 64481
2016.04.22  2600 2630 2670 2565 42880
2016.04.25  2550 2635 2640 2550 70256
2016.04.26  2555 2550 2605 2530 44678
2016.04.27  2555 2555 2600 2500 64397
2016.04.28  2560 2590 2590 2515 40061
2016.04.29  2520 2560 2575 2470 117899
2016.05.02  2390 2545 2545 2355 74429
2016.05.03  2440 2430 2440 2350 30625
2016.05.04  2610 2450 2630 2410 148001
2016.05.09  2650 2650 2700 2580 69796
2016.05.10  2630 2650 2650 2540 53575
2016.05.11  2650 2675 2675 2575 32849
2016.05.12  2565 2650 2690 2540 89634
2016.05.13  2700 2650 2700 2550 111287
2016.05.16  2695 2730 2775 2645 69343
2016.05.17  2665 2695 2700 2655 58777
2016.05.18  2635 2655 2670 2560 16421
2016.05.19  2545 2685 2685 2450 77973
2016.05.20  2535 2580 2580 2455 102951
2016.05.23  2600 2535 2600 2490 138675
2016.05.24  2780 2600 2780 2500 176023
2016.05.25  2860 2905 3195 2760 1116205
2016.05.26  2855 3010 3070 2855 580794
2016.05.27  2750 2850 2850 2750 58951
2016.05.30  2620 2750 2760 2610 73096
2016.05.31  2615 2620 2625 2575 40751
2016.06.01  2585 2665 2665 2565 28910
2016.06.02  2530 2595 2595 2530 43647
2016.06.03  2465 2530 2565 2440 57849
2016.06.07  2435 2500 2500 2415 25592
2016.06.08  2395 2480 2480 2395 39910
2016.06.09  2320 2365 2395 2280 75654
2016.06.10  2470 2315 2490 2260 83534
2016.06.13  2540 2450 2540 2400 36395
2016.06.14  2480 2475 2545 2450 78425
2016.06.15  2420 2510 2510 2340 31256
2016.06.16  2310 2420 2445 2310 38609
2016.06.17  2310 2365 2380 2290 50291
2016.06.20  2360 2350 2385 2310 28333
2016.06.21  2360 2360 2425 2320 57849
2016.06.22  2280 2345 2365 2260 96711
2016.06.23  2220 2310 2310 2200 35040
2016.06.24  2030 2285 2285 1985 107641
2016.06.27  1890 2010 2010 1795 731358
2016.06.28  1905 1895 1910 1805 146336
2016.06.29  1980 1895 1995 1895 160776
2016.06.30  1910 1980 1990 1910 86808
2016.07.01  1945 1920 1955 1875 47485
2016.07.04  1955 1945 2010 1910 123438
2016.07.05  1985 1985 1990 1955 59086
2016.07.06  1940 1985 1985 1925 44876
2016.07.07  2000 1940 2050 1920 121785
2016.07.08  2005 2020 2020 1970 36027
2016.07.11  1935 2005 2015 1925 74885
2016.07.12  1970 1935 2000 1930 21601
2016.07.13  1945 1965 1970 1905 35573
2016.07.14  1930 1960 1960 1900 28655
2016.07.15  1890 1930 1955 1885 62051
2016.07.18  1900 1910 1920 1840 63616
2016.07.19  1890 1900 1905 1875 14878
2016.07.20  1835 1890 1890 1830 54424
2016.07.21  1765 1820 1845 1765 94396
2016.07.22  1790 1785 1795 1745 159039
2016.07.25  1805 1790 1850 1775 59969
2016.07.26  1840 1805 1845 1785 71194
2016.07.27  1810 1835 1835 1730 32395
2016.07.28  1845 1810 1845 1785 41666
2016.07.29  1815 1845 1865 1800 64192
2016.08.01  1785 1800 1800 1750 28999
2016.08.02  1775 1785 1790 1730 82982
2016.08.03  1745 1775 1775 1700 150489
2016.08.04  1710 1735 1745 1680 92705
2016.08.05  1795 1705 1875 1660 305449
2016.08.08  1830 1810 1860 1790 186833
2016.08.09  1800 1830 1830 1740 115101
2016.08.10  1810 1805 1815 1760 98508
2016.08.11  1765 1810 1810 1740 64302
2016.08.12  1820 1760 1835 1760 79861
2016.08.16  2365 1830 2365 1825 1685237
2016.08.17  2440 2350 2655 2190 5682446
2016.08.18  2320 2460 2490 2270 1210117
2016.08.19  2195 2320 2335 2175 726063
2016.08.22  2180 2230 2245 2080 636491
2016.08.23  2155 2160 2200 2125 293933
2016.08.24  2170 2160 2215 2130 395949
2016.08.25  2120 2160 2210 2070 268196
2016.08.26  2055 2120 2125 2025 205593
2016.08.29  2060 2040 2070 2015 155551
2016.08.30  2065 2085 2085 1940 312848
2016.08.31  2095 2010 2095 1955 158002
2016.09.01  2095 2105 2110 2010 166776
2016.09.02  2055 2085 2085 2035 83363
2016.09.05  2050 2050 2080 2040 50415
2016.09.06  2000 2065 2065 1970 106560
2016.09.07  1955 1965 2000 1910 259603
2016.09.08  2055 1955 2055 1810 319533
2016.09.09  2045 2055 2055 1970 105419
2016.09.12  1990 2005 2005 1925 101518
2016.09.13  2030 1990 2050 1960 97428
2016.09.19  1990 2010 2015 1970 80514
2016.09.20  1990 1950 2020 1950 49998
2016.09.21  1990 2005 2005 1960 77520
2016.09.22  2005 2000 2050 2000 110790
2016.09.23  2035 2030 2040 1985 99551
2016.09.26  2015 2035 2035 1985 57116
2016.09.27  2015 2010 2065 1985 56428
2016.09.28  2005 2025 2035 1975 86192
2016.09.29  2050 2005 2120 1990 567917
2016.09.30  2080 2030 2100 2005 291829
2016.10.04  2105 2100 2170 2035 563120
2016.10.05  2080 2105 2140 2050 413879
2016.10.06  2015 2080 2090 2015 173536
2016.10.07  2010 2000 2025 1965 136254
2016.10.10  2000 2025 2025 1970 91265
2016.10.11  1990 2000 2020 1950 61805
2016.10.12  1990 1960 2015 1925 100845
2016.10.13  1990 1990 2000 1950 81708
2016.10.14  2035 1990 2035 1950 81272
2016.10.17  2000 2035 2040 1960 103492
2016.10.18  1970 1990 2005 1955 66278
2016.10.19  1920 1985 1995 1920 61160
2016.10.20  2005 1920 2015 1895 78777
2016.10.21  2025 2000 2030 1935 64150
2016.10.24  1975 2020 2025 1965 80868
2016.10.25  1950 1940 1975 1930 33522
2016.10.26  1960 1950 1960 1890 67261
2016.10.27  1975 1960 1985 1960 37827
2016.10.28  1980 1975 1985 1950 26863
2016.10.31  1890 1980 1985 1890 52147
2016.11.01  1870 1890 1920 1830 74768
2016.11.02  1790 1870 1900 1700 198805
2016.11.03  1840 1800 1850 1765 66162
2016.11.04  1840 1840 1850 1820 11948
2016.11.07  1840 1840 1840 1820 31299
2016.11.08  1850 1850 1855 1805 53933
2016.11.09  1900 1840 1900 1660 171508
2016.11.10  1880 1900 1915 1820 46472
2016.11.11  1910 1880 1950 1855 210073
2016.11.14  1920 1910 1970 1855 131002
2016.11.15  1890 1920 1925 1845 126097
2016.11.16  1890 1890 1900 1855 87438
2016.11.17  2000 1890 2075 1855 626632
2016.11.18  1965 1975 1995 1950 63606
2016.11.21  1900 1985 1985 1875 56451
2016.11.22  1905 1880 1935 1860 57932
2016.11.23  1855 1900 1905 1855 38896
2016.11.24  1910 1885 1910 1840 67966
2016.11.25  1885 1900 1900 1860 25672
2016.11.28  1915 1885 1980 1870 220199
2016.11.29  1910 1915 1925 1865 81962
2016.11.30  1860 1910 1910 1860 42329
2016.12.01  1835 1855 1880 1825 52576
2016.12.02  1825 1835 1870 1800 45136
2016.12.05  1830 1825 1840 1745 96008
2016.12.06  1815 1790 1835 1785 28728
2016.12.07  1765 1845 1845 1710 83720
2016.12.08  1820 1765 1850 1760 175151
2016.12.09  1775 1820 1825 1750 137510
2016.12.12  1880 1775 1880 1775 161408
2016.12.13  1895 1875 1900 1855 69028
2016.12.14  1925 1870 2220 1840 1952065
2016.12.15  1970 1930 1970 1875 334466
2016.12.16  1965 1980 1980 1950 230542
2016.12.19  1975 1960 1985 1815 288871
2016.12.20  1980 1975 2015 1965 131742
2016.12.21  1985 1995 2000 1960 113020
2016.12.22  2030 1990 2040 1960 125291
2016.12.23  2005 2025 2030 1980 94415
2016.12.26  2000 2030 2030 1965 71906
2016.12.27  2000 1995 2055 1960 358856
2016.12.28  1990 1995 2020 1970 90448
2016.12.29  2005 2010 2010 1965 70259
2017.01.02  2005 2015 2015 1990 88695
2017.01.03  2000 2025 2025 1985 110637
2017.01.04  1980 2010 2010 1975 89257
2017.01.05  2010 1980 2010 1965 124904
2017.01.06  2050 2000 2195 2000 1398233
2017.01.09  2045 2035 2050 2010 128718
2017.01.10  2040 2055 2055 2005 164347
2017.01.11  2015 2040 2075 2000 113425
2017.01.12  2030 2005 2040 2000 104503
2017.01.13  2035 2030 2145 2010 966302
2017.01.16  2055 2055 2075 2025 368077
2017.01.17  2080 2060 2130 2045 638338
2017.01.18  2130 2090 2135 2075 581893
2017.01.19  2110 2130 2150 2100 337606
2017.01.20  2070 2110 2130 2045 199524
2017.01.23  2075 2050 2100 2005 196466
2017.01.24  2015 2075 2095 2015 65692
2017.01.25  2000 2025 2060 1960 155822
2017.01.26  2035 1995 2070 1995 72097
2017.01.31  2065 2050 2075 2030 135313
2017.02.01  2055 2065 2070 2040 74731
2017.02.02  2020 2055 2075 2005 90255
2017.02.03  2020 2020 2050 2005 82600
2017.02.06  2015 2020 2060 1995 41218
2017.02.07  2050 2055 2060 2030 214388
2017.02.08  2155 2050 2175 2020 761401
2017.02.09  2165 2170 2300 2155 1029901
2017.02.10  2260 2185 2280 2165 616008
2017.02.13  2320 2275 2375 2230 891713
2017.02.14  2335 2295 2415 2245 336550
2017.02.15  2305 2335 2400 2295 176361
2017.02.16  2305 2310 2310 2190 495322
2017.02.17  2270 2245 2305 2150 281190
2017.02.20  2135 2270 2275 2135 420886
2017.02.21  2135 2135 2190 2085 235936
2017.02.22  2160 2135 2175 2110 149207
2017.02.23  2130 2160 2170 2105 107124
2017.02.24  2035 2130 2180 2030 425223
2017.02.27  2020 2055 2055 1960 294802
2017.02.28  2030 1990 2075 1985 332292
2017.03.02  1990 2020 2025 1935 305064
2017.03.03  1990 1990 2020 1935 178513
2017.03.06  1935 1950 1990 1885 250756
2017.03.07  1935 1935 2020 1895 472317
2017.03.08  1925 1930 1995 1880 233096
2017.03.09  1910 1925 1935 1870 236243
2017.03.10  1880 1910 1920 1810 150514
2017.03.13  1885 1880 1895 1860 122262
2017.03.14  1905 1885 1910 1860 115948
2017.03.15  1900 1890 1910 1875 119215
2017.03.16  1880 1900 1935 1875 137883
2017.03.17  1890 1880 1905 1870 114662
2017.03.20  1920 1890 1945 1890 132391
2017.03.21  1925 1920 1930 1900 90409
2017.03.22  1915 1925 1930 1885 173882
2017.03.23  1870 1915 1915 1870 96338
2017.03.24  1845 1870 1890 1800 179800
2017.03.27  1855 1820 1860 1800 128225
2017.03.28  1815 1850 1850 1755 311135
2017.03.29  1800 1815 1825 1745 315181
2017.03.30  1775 1790 1790 1700 349446
2017.03.31  1730 1770 1770 1700 170944
2017.04.03  1715 1730 1735 1690 264988
2017.04.04  1730 1715 1755 1685 83925
2017.04.05  1690 1725 1725 1685 210143
2017.04.06  1780 1690 1855 1675 761187
2017.04.07  1740 1780 1785 1715 258167
2017.04.10  1655 1740 1745 1655 210367
2017.04.11  1740 1680 1770 1650 635525
2017.04.12  1695 1735 1755 1690 141308
2017.04.13  1685 1690 1700 1640 162877
2017.04.14  1695 1680 1695 1660 78445
2017.04.17  1685 1695 1695 1640 130969
2017.04.18  1695 1685 1710 1670 80780
2017.04.19  1730 1680 1760 1680 188070
2017.04.20  1770 1730 1790 1725 264899
2017.04.21  1720 1770 1770 1710 89900
2017.04.24  1715 1730 1730 1670 52368
2017.04.25  1710 1690 1715 1690 120323
2017.04.26  1715 1710 1740 1705 86460
2017.04.27  1710 1715 1720 1685 70154
2017.04.28  1680 1700 1715 1665 123939
2017.05.02  1680 1680 1685 1645 81269
2017.05.04  1695 1680 1695 1665 22406
2017.05.08  1705 1695 1705 1675 45421
2017.05.10  1695 1705 1710 1635 265528
2017.05.11  1695 1675 1695 1660 82778
2017.05.12  1680 1690 1690 1660 16430
2017.05.15  1680 1680 1680 1660 48615
2017.05.16  1700 1680 1770 1680 646425
2017.05.17  1705 1710 1715 1695 107054
2017.05.18  1700 1685 1700 1665 75506
2017.05.19  1700 1700 1705 1675 50102
2017.05.22  1695 1710 1710 1685 79261
2017.05.23  1685 1690 1700 1680 64704
2017.05.24  1695 1690 1700 1680 38484
2017.05.25  1705 1695 1715 1680 151701
2017.05.26  1700 1710 1720 1690 91823
2017.05.29  1690 1700 1705 1675 95386
2017.05.30  1670 1680 1685 1660 120372
2017.05.31  1660 1670 1680 1650 87043
2017.06.01  1680 1660 1680 1620 223222
2017.06.02  1680 1680 1680 1625 262007
2017.06.05  1670 1675 1680 1640 151403
2017.06.07  1645 1670 1670 1630 138176
2017.06.08  1615 1640 1660 1615 191702
2017.06.09  1620 1620 1630 1590 222947
2017.06.12  1585 1615 1615 1570 139368
2017.06.13  1585 1580 1600 1565 129197
2017.06.14  1550 1585 1590 1525 250072
2017.06.15  1455 1505 1520 1440 835810
2017.06.16  1470 1475 1490 1450 141521
2017.06.19  1460 1475 1475 1415 110638
2017.06.20  1430 1465 1465 1415 153423
2017.06.21  1455 1420 1460 1405 115667
2017.06.22  1455 1460 1470 1420 138340
2017.06.23  1445 1450 1460 1425 102325
2017.06.26  1445 1445 1455 1430 67146
2017.06.27  1435 1435 1445 1390 283468
2017.06.28  1435 1435 1445 1415 47583
2017.06.29  1490 1420 1490 1375 195344
2017.06.30  1470 1475 1490 1445 79997
2017.07.03  1480 1470 1480 1425 81336
2017.07.04  1475 1490 1490 1440 164477
2017.07.05  1480 1465 1485 1445 136914
2017.07.06  1450 1475 1480 1450 87039
2017.07.07  1450 1450 1490 1440 108428
2017.07.10  1450 1445 1460 1430 88774
2017.07.11  1455 1445 1465 1430 51035
2017.07.12  1490 1440 1495 1430 133711
2017.07.13  1460 1480 1480 1435 131009
2017.07.14  1445 1450 1475 1410 377598
2017.07.17  1430 1440 1440 1405 223365
2017.07.18  1425 1415 1435 1390 282537
2017.07.19  1390 1415 1425 1385 289446
2017.07.20  1390 1390 1400 1375 106938
2017.07.21  1335 1395 1395 1335 293950
2017.07.24  1330 1335 1365 1320 100016
2017.07.25  1345 1325 1400 1315 205211
2017.07.26  1335 1335 1360 1315 175069
2017.07.27  1335 1335 1340 1310 94996
2017.07.28  1320 1320 1335 1300 191728
2017.07.31  1315 1320 1320 1275 135113
2017.08.01  1325 1315 1325 1305 104529
2017.08.02  1310 1325 1325 1300 86428
2017.08.03  1265 1310 1310 1210 411625
2017.08.04  1240 1250 1260 1205 191289
2017.08.07  1240 1240 1240 1200 130304
2017.08.08  1250 1240 1270 1225 141242
2017.08.09  1250 1245 1250 1225 56937
2017.08.10  1220 1250 1260 1185 286526
2017.08.11  1195 1185 1215 1170 112628
2017.08.14  1145 1170 1190 1120 403802
2017.08.16  1095 1145 1165 1090 247557
2017.08.17  1095 1085 1105 1060 364939
2017.08.18  1100 1080 1100 1070 73045
2017.08.21  1310 1100 1420 1100 6874250
2017.08.22  1240 1280 1320 1220 2107928
2017.08.23  1315 1280 1515 1270 14012335
