2010.04.21  12750 15000 17250 12750 2186517
2010.04.22  10850 10850 10850 10850 47396
2010.04.23  9280 9470 10800 9250 5960215
2010.04.26  10650 9560 10650 9510 2521236
2010.04.27  9510 11300 11600 9430 3643891
2010.04.28  9060 9310 9450 8880 1128033
2010.04.29  8500 9230 9330 8420 1033966
2010.04.30  8400 8550 9200 8310 1394248
2010.05.03  8380 8480 8800 8340 421179
2010.05.04  8200 8510 8630 8200 446191
2010.05.06  7500 7900 8000 7300 594680
2010.05.07  7070 7100 7340 6950 382606
2010.05.10  7320 7200 7650 7200 471074
2010.05.11  8410 7430 8410 7070 1964900
2010.05.12  8300 8600 9320 8300 3059511
2010.05.13  8170 8340 8700 8100 1149695
2010.05.14  7510 8290 8410 7500 770520
2010.05.17  7120 7400 7650 7120 339489
2010.05.18  7190 7250 7450 7130 359840
2010.05.19  6920 7150 7150 6900 306442
2010.05.20  6100 7000 7090 5900 314500
2010.05.24  6260 6000 6790 5820 622447
2010.05.25  5820 6110 6420 5500 313732
2010.05.26  5870 5880 6050 5790 149052
2010.05.27  6010 5800 6200 5790 203801
2010.05.28  6350 6200 6910 6170 1031313
2010.05.31  6350 6400 6520 6230 278382
2010.06.01  6510 6450 6790 6360 434554
2010.06.03  6550 6550 6840 6510 313508
2010.06.04  6450 6710 6790 6430 284899
2010.06.07  6130 6110 6190 6030 175200
2010.06.08  6170 6120 6280 6060 142460
2010.06.09  6140 6230 6360 6140 195637
2010.06.10  6100 6150 6210 6060 123602
2010.06.11  6330 6500 7010 6330 1039678
2010.06.14  6670 6400 6960 6270 781635
2010.06.15  6660 6670 6750 6590 224949
2010.06.16  6760 6810 7300 6750 592834
2010.06.17  6570 6810 6900 6550 218605
2010.06.18  6430 6640 6760 6430 156918
2010.06.21  6380 6530 6590 6370 139368
2010.06.22  6400 6380 6510 6360 81982
2010.06.23  6220 6300 6400 6220 136028
2010.06.24  6220 6220 6290 6200 80438
2010.06.25  6140 6190 6200 6070 91416
2010.06.28  6170 6250 6260 6150 46361
2010.06.29  6020 6170 6210 6020 106824
2010.06.30  5870 5740 5970 5700 85141
2010.07.01  5820 5890 5930 5770 75301
2010.07.02  5780 5710 5880 5690 104635
2010.07.05  5800 5770 5830 5700 58748
2010.07.06  5810 5790 5830 5670 85320
2010.07.07  5690 5820 5830 5660 81707
2010.07.08  5850 5820 6380 5720 462133
2010.07.09  5770 5980 6050 5770 140276
2010.07.12  5870 5870 6010 5810 94209
2010.07.13  5830 5960 6060 5830 129509
2010.07.14  5960 5980 6140 5890 233135
2010.07.15  5850 6000 6000 5810 94906
2010.07.16  6040 5900 6200 5820 366617
2010.07.19  6040 6000 6160 5930 106112
2010.07.20  6100 6100 6450 6060 376697
2010.07.21  6000 6220 6220 5910 132998
2010.07.22  5750 6000 6080 5750 108185
2010.07.23  5780 6000 6000 5740 120594
2010.07.26  5710 5860 5860 5690 104079
2010.07.27  5700 5750 5780 5630 82450
2010.07.28  5560 5630 5710 5560 68972
2010.07.29  5500 5570 5670 5500 71495
2010.07.30  5330 5510 5510 5330 86342
2010.08.02  5350 5340 5490 5310 59838
2010.08.03  5010 5440 5440 4955 182773
2010.08.04  4970 5010 5160 4935 95218
2010.08.05  4970 5010 5100 4920 51221
2010.08.06  5250 5010 5330 5000 153819
2010.08.09  5270 5320 5440 5260 83174
2010.08.10  5240 5280 5350 5130 53593
2010.08.11  5070 5250 5270 5020 42996
2010.08.12  4800 5010 5010 4410 98233
2010.08.13  4880 4930 4970 4810 30530
2010.08.16  5110 4800 5250 4735 80739
2010.08.17  5130 5150 5220 5040 41100
2010.08.18  5050 5150 5160 5040 28979
2010.08.19  5120 5140 5380 5020 98385
2010.08.20  5060 5190 5350 4975 79340
2010.08.23  5080 5190 5200 5060 59284
2010.08.24  4910 5060 5090 4910 58471
2010.08.25  4715 4795 4895 4710 87277
2010.08.26  4560 4740 4840 4555 56740
2010.08.27  4480 4570 4635 4330 28854
2010.08.30  4460 4500 4600 4460 31349
2010.08.31  4415 4500 4500 4320 43359
2010.09.01  4550 4445 4580 4400 36210
2010.09.02  4500 4580 4580 4500 17708
2010.09.03  4495 4500 4575 4460 24609
2010.09.06  4470 4550 4550 4440 36889
2010.09.07  4445 4500 4530 4425 22497
2010.09.08  4380 4445 4495 4345 26787
2010.09.09  4400 4385 4510 4350 38464
2010.09.10  4390 4395 4455 4380 26865
2010.09.13  4435 4410 4500 4330 71290
2010.09.14  4350 4480 4490 4350 24904
2010.09.15  4135 4360 4385 4000 110390
2010.09.16  4130 4140 4320 4110 59119
2010.09.17  4145 4160 4210 4115 33615
2010.09.20  4335 4200 4480 4200 105583
2010.09.24  4380 4335 4635 4335 82184
2010.09.27  4410 4400 4545 4380 55984
2010.09.28  4260 4380 4450 4240 44493
2010.09.29  4240 4340 4340 4225 29086
2010.09.30  4220 4205 4280 4200 23333
2010.10.01  4280 4230 4305 4225 27806
2010.10.04  4275 4250 4420 4240 28475
2010.10.05  4215 4240 4315 4170 33052
2010.10.06  4280 4255 4325 4250 25124
2010.10.07  4400 4310 4575 4280 101566
2010.10.08  4360 4490 4490 4360 30363
2010.10.11  4460 4480 4570 4360 85854
2010.10.12  4410 4415 4500 4380 36170
2010.10.13  4465 4415 4510 4400 56714
2010.10.14  4410 4480 4500 4400 51135
2010.10.15  4470 4410 4530 4405 54629
2010.10.18  4590 4540 4660 4490 80209
2010.10.19  4485 4650 4670 4485 60098
2010.10.20  4430 4475 4535 4380 48163
2010.10.21  4460 4475 4490 4410 25598
2010.10.22  4440 4415 4465 4350 56610
2010.10.25  4610 4450 4680 4420 109264
2010.10.26  4600 4605 4660 4520 61777
2010.10.27  5290 4650 5290 4650 397621
2010.10.28  5350 5690 5890 5320 774902
2010.10.29  5450 5400 5490 5220 259634
2010.11.01  5370 5530 5970 5280 582904
2010.11.02  5200 5220 5300 5000 204780
2010.11.03  4960 5280 5280 4960 168500
2010.11.04  4910 5040 5090 4855 155537
2010.11.05  4800 4940 4945 4800 90624
2010.11.08  4905 4810 5040 4810 114088
2010.11.09  4905 4895 4985 4850 64969
2010.11.10  5100 4945 5330 4945 265141
2010.11.11  4955 5180 5250 4955 85354
2010.11.12  4600 5010 5050 4490 137331
2010.11.15  4415 4610 4680 4355 60336
2010.11.16  4205 4415 4495 4195 63562
2010.11.17  4270 4085 4270 4025 45773
2010.11.18  4350 4270 4370 4260 26707
2010.11.19  4350 4350 4390 4245 28179
2010.11.22  4320 4430 4430 4255 23522
2010.11.23  4165 4280 4345 4165 41764
2010.11.24  4040 3750 4075 3750 48039
2010.11.25  4040 4060 4195 4000 37423
2010.11.26  3825 4060 4060 3825 37673
2010.11.29  3815 3910 3955 3800 27353
2010.11.30  3800 3820 3935 3770 44320
2010.12.01  3950 3845 3990 3810 28823
2010.12.02  4040 4045 4110 3970 19666
2010.12.03  4040 4050 4090 3950 27403
2010.12.06  4030 4040 4085 4000 9344
2010.12.07  4000 4030 4120 3940 17710
2010.12.08  3950 4020 4045 3915 16197
2010.12.09  3995 4000 4005 3925 15866
2010.12.10  3950 4000 4000 3920 17961
2010.12.13  3930 3920 4010 3875 25924
2010.12.14  3905 3970 4020 3880 25447
2010.12.15  4490 4220 4490 4120 138214
2010.12.16  4145 4505 4600 4135 274168
2010.12.17  3990 4155 4210 3980 67307
2010.12.20  3885 3950 3975 3775 71993
2010.12.21  3935 3900 4000 3900 33228
2010.12.22  4035 3940 4160 3920 54863
2010.12.23  4070 4050 4080 3965 32559
2010.12.24  4080 4165 4510 4030 184915
2010.12.27  4050 4055 4125 4045 18370
2010.12.28  3970 4030 4120 3950 26881
2010.12.29  3995 4060 4060 3950 19007
2010.12.30  4100 3970 4105 3960 18846
2011.01.03  4170 4100 4180 4100 21765
2011.01.04  4165 4150 4200 4120 25447
2011.01.05  4110 4165 4180 4050 47412
2011.01.06  4170 4155 4255 4065 71111
2011.01.07  4190 4200 4250 4155 19652
2011.01.10  4275 4210 4325 4190 39517
2011.01.11  4160 4315 4360 4160 26161
2011.01.12  4055 4200 4230 4055 49126
2011.01.13  4090 4060 4130 4005 29243
2011.01.14  3980 4040 4120 3980 33127
2011.01.17  4000 3945 4055 3930 37488
2011.01.18  3960 3965 4020 3900 26295
2011.01.19  3970 3960 4010 3920 9386
2011.01.20  3945 3970 4060 3935 19513
2011.01.21  3860 3945 4010 3800 41672
2011.01.24  3870 3925 3925 3855 14976
2011.01.25  3795 3870 3915 3750 29405
2011.01.26  3760 3845 3845 3715 33055
2011.01.27  3740 3700 3915 3700 14302
2011.01.28  3620 3745 3790 3610 49143
2011.01.31  3550 3550 3635 3510 22629
2011.02.01  3650 3560 3675 3510 35844
2011.02.07  3750 3650 3765 3570 35817
2011.02.08  3700 3710 3775 3680 18167
2011.02.09  3705 3740 3935 3685 36905
2011.02.10  3655 3700 3790 3645 7707
2011.02.11  3690 3600 3735 3565 30252
2011.02.14  3650 3555 3745 3555 22992
2011.02.15  3590 3615 3690 3585 23463
2011.02.16  3455 3550 3585 3455 40837
2011.02.17  3360 3445 3500 3280 48315
2011.02.18  3400 3300 3465 3300 33937
2011.02.21  3550 3400 3615 3400 23098
2011.02.22  3405 3440 3550 3370 8954
2011.02.23  3415 3400 3475 3320 15732
2011.02.24  3185 3255 3380 3140 53616
2011.02.25  3120 3165 3240 3115 17627
2011.02.28  3120 3125 3270 2970 33410
2011.03.02  3000 2980 3095 2980 32043
2011.03.03  3000 2985 3100 2985 43027
2011.03.04  3050 3005 3140 3000 27244
2011.03.07  3090 3030 3125 3030 22161
2011.03.08  3120 3090 3170 3065 21979
2011.03.09  3160 3150 3230 3115 8737
2011.03.10  3130 3200 3200 3050 18839
2011.03.11  3150 3065 3150 3005 23325
2011.03.14  3100 3055 3150 2965 45391
2011.03.15  2960 3100 3130 2775 40166
2011.03.16  2945 2860 3140 2860 21676
2011.03.17  2905 2775 2970 2775 11289
2011.03.18  3020 2970 3120 2900 18647
2011.03.21  3170 3020 3195 3010 24069
2011.03.22  3105 3155 3195 3050 25259
2011.03.23  3010 3105 3145 3010 9059
2011.03.24  3085 3060 3190 3010 53935
2011.03.25  3105 3090 3190 3050 30053
2011.03.28  3085 3045 3170 3045 15177
2011.03.29  3110 2985 3110 2985 10979
2011.03.30  3130 3090 3160 3060 23881
2011.03.31  3210 3180 3300 3130 42017
2011.04.01  3135 3250 3250 3135 29189
2011.04.04  3020 3160 3200 2980 69826
2011.04.05  2965 3030 3080 2955 45065
2011.04.06  2980 2965 3080 2960 22902
2011.04.07  3110 3065 3200 3040 63901
2011.04.08  3115 3110 3155 3045 13257
2011.04.11  3165 3120 3275 3120 46218
2011.04.12  3085 3200 3240 3085 24174
2011.04.13  3100 3010 3170 3010 19460
2011.04.14  3055 3185 3185 3050 25432
2011.04.15  3070 3055 3150 3035 10696
2011.04.18  3120 3100 3145 3015 26228
2011.04.19  3090 3030 3120 3010 19602
2011.04.20  3220 3050 3240 3045 67934
2011.04.21  3165 3220 3250 3130 32865
2011.04.22  3590 3160 3620 3140 441066
2011.04.25  3450 3645 3650 3400 161237
2011.04.26  2935 3450 3450 2935 381885
2011.04.27  2655 2940 2940 2645 228657
2011.04.28  2705 2695 2890 2650 89372
2011.04.29  2705 2770 2905 2700 295485
2011.05.02  2730 2735 2820 2705 41767
2011.05.03  2745 2750 2845 2730 21331
2011.05.04  2700 2770 2785 2695 27247
2011.05.06  2700 2705 2730 2640 20596
2011.05.09  2665 2655 2715 2630 16466
2011.05.11  2740 2680 2850 2680 19453
2011.05.12  2740 2750 2800 2710 5197
2011.05.13  2750 2780 2780 2650 51023
2011.05.16  2775 2970 2980 2770 80536
2011.05.17  2775 2760 2850 2740 11818
2011.05.18  2770 2775 2820 2670 30589
2011.05.19  2600 2775 2775 2500 44548
2011.05.20  2550 2680 2680 2450 28208
2011.05.23  2420 2500 2540 2410 16483
2011.05.24  2340 2330 2485 2290 23258
2011.05.25  2405 2290 2430 2290 6762
2011.05.26  2520 2430 2520 2400 4809
2011.05.27  2605 2510 2660 2480 13914
2011.05.30  2500 2610 2800 2450 35077
2011.05.31  2555 2500 2645 2490 6140
2011.06.01  2500 2555 2585 2480 8450
2011.06.02  2295 2450 2450 2250 26228
2011.06.03  2065 2300 2550 2000 155624
2011.06.07  2020 2000 2260 1995 28061
2011.06.08  2090 2025 2100 1975 44645
2011.06.09  2065 2115 2120 2030 9068
2011.06.10  2030 2100 2100 2015 19209
2011.06.13  2000 2025 2060 1995 7201
2011.06.14  2015 2010 2070 1980 6102
2011.06.15  2000 2020 2080 1985 24016
2011.06.16  1955 2035 2035 1955 15519
2011.06.17  1970 1960 1995 1925 11783
2011.06.20  1930 1865 1940 1855 53151
2011.06.21  2000 1935 2080 1930 27946
2011.06.22  2040 2040 2100 1980 23237
2011.06.23  2035 2010 2055 2005 9872
2011.06.24  2040 2170 2180 2035 22605
2011.06.27  2080 1960 2085 1950 23253
2011.06.28  2035 2080 2110 2005 21360
2011.06.29  2130 2030 2165 2030 20024
2011.06.30  2150 2145 2175 2100 8908
2011.07.01  2310 2130 2310 2130 73789
2011.07.04  2340 2300 2365 2280 17324
2011.07.05  2275 2270 2360 2270 13426
2011.07.06  2425 2280 2470 2280 43653
2011.07.07  2420 2445 2495 2350 19621
2011.07.08  2405 2400 2430 2310 4073
2011.07.11  2355 2360 2410 2290 19666
2011.07.12  2380 2355 2385 2250 10744
2011.07.13  2405 2400 2495 2280 9820
2011.07.14  2365 2400 2410 2315 7597
2011.07.15  2345 2365 2390 2280 14744
2011.07.18  2285 2365 2380 2250 21057
2011.07.19  2270 2270 2300 2220 10610
2011.07.20  2175 2285 2290 2175 42351
2011.07.21  2125 2180 2205 2125 20681
2011.07.22  2165 2175 2180 2110 7384
2011.07.25  2090 2165 2165 2065 17372
2011.07.26  2095 2135 2160 2050 16407
2011.07.27  2100 2120 2195 2065 14668
2011.07.28  2150 2120 2160 2045 46461
2011.07.29  2100 2175 2230 2100 18512
2011.08.01  2195 2100 2195 2045 10252
2011.08.02  2175 2150 2195 2010 16703
2011.08.03  2130 2110 2150 2085 6559
2011.08.04  2140 2140 2220 2060 15616
2011.08.05  2000 2085 2115 1955 16915
2011.08.08  1800 1835 1955 1710 46200
2011.08.09  1550 1600 1625 1530 52526
2011.08.10  1760 1565 1780 1565 55794
2011.08.11  1800 1700 1890 1645 19109
2011.08.12  1860 1830 1905 1750 14407
2011.08.16  1965 1885 2130 1885 32082
2011.08.17  1975 2040 2040 1905 13937
2011.08.18  1900 1925 2000 1850 8301
2011.08.19  1795 1900 1900 1720 43525
2011.08.22  1800 2000 2060 1775 67580
2011.08.23  1810 1800 1855 1770 12206
2011.08.24  1825 1800 1830 1760 18031
2011.08.25  1805 1835 1840 1735 14504
2011.08.26  1745 1780 1805 1725 9603
2011.08.29  1800 1760 1820 1760 6721
2011.08.30  1760 1805 1840 1750 16062
2011.08.31  1780 1770 1825 1760 6181
2011.09.01  1805 1800 1835 1770 14119
2011.09.02  1820 1805 1820 1770 6023
2011.09.05  1765 1800 1820 1765 10380
2011.09.06  1800 1770 1810 1750 3687
2011.09.07  1860 1800 2000 1800 39755
2011.09.08  1900 1860 1950 1825 35534
2011.09.09  1895 1900 1955 1845 11637
2011.09.14  1780 1895 1905 1775 10649
2011.09.15  1750 1785 1855 1730 13197
2011.09.16  1805 1785 1825 1770 13044
2011.09.19  1800 1770 1820 1750 7684
2011.09.20  1805 1790 1820 1675 23674
2011.09.21  1820 1810 1830 1730 4008
2011.09.22  1755 1750 1840 1735 4095
2011.09.23  1660 1695 1725 1650 21412
2011.09.26  1570 1680 1685 1570 6751
2011.09.27  1635 1555 1650 1555 5461
2011.09.28  1630 1650 1660 1610 9165
2011.09.29  1735 1630 1740 1590 8488
2011.09.30  1645 1700 1785 1575 27244
2011.10.04  1550 1630 1630 1535 22235
2011.10.05  1445 1570 1630 1410 57383
2011.10.06  1550 1375 1660 1375 36800
2011.10.07  1545 1560 1625 1520 8929
2011.10.10  1585 1550 1595 1500 22143
2011.10.11  1630 1585 1645 1570 24184
2011.10.12  1630 1630 1665 1605 9925
2011.10.13  1695 1675 1720 1630 39914
2011.10.14  1785 1640 1840 1625 23825
2011.10.17  1845 1805 1880 1800 12513
2011.10.18  1885 1800 1900 1725 35341
2011.10.19  1860 1890 1930 1805 28991
2011.10.20  1770 1860 1900 1730 44104
2011.10.21  1840 1745 1840 1745 10793
2011.10.24  1895 1835 1900 1790 20901
2011.10.25  1920 1865 1970 1865 31528
2011.10.26  2130 2000 2170 1950 86155
2011.10.27  2260 2155 2285 2050 102551
2011.10.28  2255 2300 2330 2200 28466
2011.10.31  2260 2255 2310 2155 15943
2011.11.01  2250 2235 2340 2200 20736
2011.11.02  2090 2160 2200 1960 38505
2011.11.03  2150 2150 2165 2050 15638
2011.11.04  2280 2140 2300 2105 22852
2011.11.07  2205 2340 2340 2205 12101
2011.11.08  2280 2205 2300 2205 14123
2011.11.09  2390 2300 2410 2270 20687
2011.11.10  2370 2385 2385 2220 13738
2011.11.11  2370 2380 2430 2330 22759
2011.11.14  2285 2330 2405 2245 49432
2011.11.15  2275 2285 2440 2235 19337
2011.11.16  2140 2345 2345 2110 23272
2011.11.17  2110 2140 2150 2070 5158
2011.11.18  2065 2090 2115 2045 7581
2011.11.21  2030 2065 2065 2005 7986
2011.11.22  2030 2050 2070 1995 4809
2011.11.23  1920 2000 2020 1920 9762
2011.11.24  2010 1995 2100 1860 16962
2011.11.25  1990 2010 2040 1920 3719
2011.11.28  1920 2000 2000 1920 6014
2011.11.29  1960 1995 1995 1910 3365
2011.11.30  2055 2035 2090 1920 10729
2011.12.01  2150 2070 2175 2025 28119
2011.12.02  2270 2225 2360 2140 13827
2011.12.05  2375 2300 2435 2275 34442
2011.12.06  2350 2325 2450 2310 10831
2011.12.07  2210 2350 2445 2190 25681
2011.12.08  2205 2210 2270 2150 10315
2011.12.09  2240 2205 2275 2150 3940
2011.12.12  2265 2300 2300 2190 4871
2011.12.13  2270 2275 2275 2160 3063
2011.12.14  2255 2270 2270 2240 3332
2011.12.15  2245 2260 2260 2155 5738
2011.12.16  2270 2200 2275 2200 7888
2011.12.19  2170 2285 2285 1985 4685
2011.12.20  2200 2265 2265 2005 3972
2011.12.21  2245 2290 2290 2050 8877
2011.12.22  2235 2245 2245 2180 3311
2011.12.23  2190 2235 2235 2150 3561
2011.12.26  2185 2230 2230 2140 1071
2011.12.27  2035 2235 2235 2015 8564
2011.12.28  2030 2075 2075 1945 4965
2011.12.29  1965 1950 2035 1925 4249
2012.01.02  2010 1965 2200 1935 3756
2012.01.03  2045 2190 2195 1985 9559
2012.01.04  2060 2010 2115 2005 6526
2012.01.05  2005 2060 2060 2000 7258
2012.01.06  2005 2065 2065 2000 2473
2012.01.09  2015 2045 2045 1970 463
2012.01.10  2020 2015 2080 1960 9361
2012.01.11  2015 2045 2070 1995 14605
2012.01.12  2030 2040 2040 1980 5808
2012.01.13  2030 2025 2050 1990 3479
2012.01.16  1975 2000 2035 1950 1473
2012.01.17  1960 1985 2000 1880 34142
2012.01.18  1920 1980 1990 1905 18905
2012.01.19  1930 1930 1950 1895 14948
2012.01.20  1915 1935 1935 1890 22371
2012.01.25  1920 1920 1945 1900 1954
2012.01.26  1880 1940 1940 1875 9265
2012.01.27  1930 1880 1970 1865 22048
2012.01.30  1870 1940 1980 1865 28830
2012.01.31  1910 1860 1955 1860 13178
2012.02.01  1915 1910 1940 1905 7591
2012.02.02  1920 1940 1950 1915 8733
2012.02.03  1975 1930 2000 1930 13197
2012.02.06  1995 1980 2150 1970 32122
2012.02.07  2010 2045 2045 1980 3524
2012.02.08  2045 2040 2050 2010 7832
2012.02.09  2000 2060 2080 1965 14942
2012.02.10  2015 1965 2150 1965 12747
2012.02.13  2015 2050 2050 1915 19135
2012.02.14  1985 2020 2020 1950 28247
2012.02.15  2000 1995 2060 1985 20734
2012.02.16  2030 2015 2050 1990 12884
2012.02.17  2330 2040 2330 2010 389318
2012.02.20  2345 2360 2675 2305 312409
2012.02.21  2290 2380 2390 2250 76252
2012.02.22  2220 2295 2475 2220 85546
2012.02.23  2200 2220 2285 2100 53815
2012.02.24  2260 2220 2260 2190 30668
2012.02.27  2280 2280 2320 2220 36507
2012.02.28  2255 2295 2295 2200 65659
2012.02.29  2310 2260 2460 2260 92270
2012.03.02  2350 2400 2430 2290 44320
2012.03.05  2295 2395 2395 2290 34446
2012.03.06  2160 2320 2320 2160 47415
2012.03.07  2170 2165 2210 2115 7908
2012.03.08  2170 2205 2215 2135 14014
2012.03.09  2240 2215 2265 2140 10671
2012.03.12  2240 2240 2280 2205 12943
2012.03.13  2245 2295 2295 2210 1594
2012.03.14  2250 2265 2265 2210 6258
2012.03.15  2230 2255 2260 2200 19591
2012.03.16  2280 2255 2280 2230 13311
2012.03.19  2250 2280 2285 2230 6825
2012.03.20  2265 2250 2290 2240 10172
2012.03.21  2340 2270 2420 2215 78318
2012.03.22  2265 2395 2395 2265 17284
2012.03.23  2235 2240 2300 2140 23062
2012.03.26  2220 2250 2470 2150 20852
2012.03.27  2485 2255 2550 2200 558091
2012.03.28  2420 2500 2500 2350 119482
2012.03.29  2530 2560 2660 2375 83128
2012.03.30  2240 2600 2600 2240 102606
2012.04.02  2245 2250 2290 2205 58519
2012.04.03  2240 2210 2295 2175 50433
2012.04.04  2575 2220 2575 2200 397307
2012.04.05  2515 2455 2525 2375 222800
2012.04.06  2410 2550 2740 2410 167240
2012.04.09  2275 2460 2465 2255 63050
2012.04.10  2230 2220 2320 2210 46333
2012.04.12  2270 2180 2310 2180 27603
2012.04.13  2225 2285 2365 2175 56850
2012.04.16  2230 2195 2260 2190 35375
2012.04.17  2270 2230 2275 2200 26885
2012.04.18  2200 2280 2320 2185 58714
2012.04.19  2205 2195 2230 2175 26325
2012.04.20  2220 2220 2230 2190 10251
2012.04.23  2005 2225 2225 2000 85777
2012.04.24  1970 1955 2025 1930 24903
2012.04.25  1980 1940 2050 1940 10048
2012.04.26  2020 1985 2030 1950 17746
2012.04.27  2035 2050 2050 1960 13116
2012.04.30  2030 1990 2030 1945 23714
2012.05.02  2000 2010 2050 1970 25537
2012.05.03  1995 2035 2035 1965 11293
2012.05.04  2290 2000 2290 1980 280670
2012.05.07  2050 2200 2220 2050 263672
2012.05.08  2030 2075 2110 2025 58021
2012.05.09  2180 2065 2320 2025 283818
2012.05.10  2280 2170 2285 2065 89586
2012.05.11  2200 2230 2345 2170 62237
2012.05.14  2530 2250 2530 2150 371947
2012.05.15  2565 2580 2860 2365 543725
2012.05.16  2230 2510 2555 2230 145134
2012.05.17  2330 2290 2380 2230 29032
2012.05.18  2075 2275 2275 1985 99168
2012.05.21  2040 2045 2070 2020 16720
2012.05.22  2090 2055 2120 2035 28057
2012.05.23  2100 2130 2130 2030 13243
2012.05.24  2085 2120 2145 2050 32763
2012.05.25  2020 2065 2120 2010 31938
2012.05.29  2055 1995 2055 1995 12682
2012.05.30  2065 2035 2115 2005 15550
2012.05.31  2130 2065 2145 1995 17104
2012.06.01  2090 2155 2155 2045 11362
2012.06.04  2025 2055 2090 2020 8557
2012.06.05  2325 2080 2325 2050 185144
2012.06.07  2340 2395 2395 2235 186750
2012.06.08  2305 2330 2395 2255 54080
2012.06.11  2350 2305 2350 2265 60624
2012.06.12  2300 2340 2360 2260 33190
2012.06.13  2270 2315 2335 2220 28855
2012.06.14  2255 2285 2285 2195 21507
2012.06.15  2330 2270 2505 2255 97646
2012.06.18  2375 2345 2440 2330 27177
2012.06.19  2250 2400 2640 2250 169084
2012.06.20  2230 2265 2320 2225 31144
2012.06.21  2300 2250 2345 2210 25448
2012.06.22  2175 2290 2340 2170 40502
2012.06.25  2150 2220 2220 2140 18593
2012.06.26  2255 2130 2295 2085 34172
2012.06.27  2215 2315 2315 2195 16797
2012.06.28  2375 2260 2375 2170 35723
2012.06.29  2200 2360 2445 2200 71686
2012.07.02  2250 2210 2265 2170 24750
2012.07.03  2340 2350 2470 2285 69321
2012.07.04  2690 2400 2690 2350 561358
2012.07.05  2630 2720 2745 2540 265492
2012.07.06  2725 2580 2725 2540 148090
2012.07.09  2545 2690 2845 2545 161200
2012.07.10  2500 2585 2585 2400 73419
2012.07.11  2530 2500 2590 2420 46095
2012.07.12  2905 2530 2905 2430 204845
2012.07.13  3340 3045 3340 2920 655816
2012.07.16  3170 3230 3375 3145 378207
2012.07.17  3170 3150 3235 3035 204137
2012.07.18  2880 3230 3565 2855 442900
2012.07.19  2710 2860 2920 2645 208697
2012.07.20  2710 2770 2885 2630 211604
2012.07.23  2800 2725 2905 2675 157332
2012.07.24  2760 2860 2860 2690 80720
2012.07.25  2510 2775 2775 2415 108456
2012.07.26  2540 2430 2590 2430 76757
2012.07.27  2580 2620 2620 2525 32809
2012.07.30  2510 2580 2580 2500 14206
2012.07.31  2665 2550 2735 2500 63235
2012.08.01  2730 2625 2800 2560 32172
2012.08.02  2750 2760 2760 2660 24284
2012.08.03  2655 2745 2790 2525 27189
2012.08.06  2610 2655 2705 2555 19392
2012.08.07  2550 2555 2560 2495 39175
2012.08.08  2500 2525 2590 2475 25657
2012.08.09  2500 2510 2565 2475 31601
2012.08.10  2560 2490 2560 2450 24878
2012.08.13  2450 2555 2570 2450 61600
2012.08.14  2410 2460 2480 2410 29776
2012.08.16  2430 2400 2450 2370 22026
2012.08.17  2395 2425 2440 2370 25208
2012.08.20  2480 2440 2510 2400 31649
2012.08.21  2550 2480 2600 2435 49704
2012.08.22  2520 2500 2545 2495 28286
2012.08.23  2495 2585 2585 2490 24666
2012.08.24  2360 2455 2515 2210 77333
2012.08.27  2315 2340 2350 2265 36200
2012.08.28  2265 2330 2360 2230 37291
2012.08.29  2245 2280 2320 2205 37791
2012.08.30  2270 2230 2290 2210 12701
2012.08.31  2285 2240 2330 2240 26856
2012.09.03  2295 2410 2410 2295 20012
2012.09.04  2290 2305 2360 2285 14731
2012.09.05  2300 2290 2350 2260 12577
2012.09.06  2285 2265 2315 2250 15476
2012.09.07  2330 2300 2355 2295 20353
2012.09.10  2310 2345 2345 2300 9295
2012.09.11  2225 2280 2325 2205 43510
2012.09.12  2215 2255 2255 2115 60910
2012.09.13  2150 2205 2235 2130 27496
2012.09.14  2130 2155 2195 2130 23193
2012.09.17  2160 2095 2180 2090 17663
2012.09.18  2170 2160 2200 2120 9674
2012.09.19  2195 2180 2205 2165 15330
2012.09.20  2175 2200 2210 2150 5280
2012.09.21  2200 2180 2215 2160 16133
2012.09.24  2170 2200 2200 2130 31964
2012.09.25  2160 2170 2210 2135 15942
2012.09.26  2165 2170 2180 2155 11606
2012.09.27  2150 2190 2195 2110 18206
2012.09.28  2150 2150 2185 2130 8311
2012.10.02  2145 2150 2175 2130 18734
2012.10.04  2270 2175 2445 2130 253040
2012.10.05  2310 2280 2310 2215 31839
2012.10.08  2265 2305 2305 2220 22458
2012.10.09  2265 2285 2290 2240 13850
2012.10.10  2240 2195 2280 2190 16768
2012.10.11  2285 2180 2285 2180 39321
2012.10.12  2265 2320 2320 2225 49490
2012.10.15  2400 2260 2410 2260 100984
2012.10.16  2400 2410 2420 2340 24792
2012.10.17  2305 2360 2485 2305 24532
2012.10.18  2355 2420 2530 2275 187879
2012.10.19  2355 2365 2375 2165 46697
2012.10.22  2270 2290 2330 2220 20513
2012.10.23  2255 2280 2330 2175 31685
2012.10.24  2165 2265 2265 2155 23402
2012.10.25  2205 2195 2205 2135 17313
2012.10.26  2225 2205 2250 2155 3902
2012.10.29  2180 2225 2240 2105 11280
2012.10.30  2155 2175 2185 2125 6964
2012.10.31  2170 2150 2185 2115 10151
2012.11.01  2070 2170 2190 2070 14546
2012.11.02  2050 2075 2100 1990 35008
2012.11.05  2020 1995 2045 1975 33000
2012.11.06  2040 2040 2065 1980 7593
2012.11.07  2055 2010 2180 2010 10597
2012.11.08  2050 2055 2085 2005 7571
2012.11.09  2060 2055 2095 1995 9923
2012.11.12  2065 2060 2090 2045 10431
2012.11.13  2045 2115 2115 2010 9310
2012.11.14  2020 2070 2070 1960 21430
2012.11.15  1970 2080 2080 1935 23967
2012.11.16  1950 2010 2015 1925 8689
2012.11.19  1950 1940 2005 1900 2491
2012.11.20  2240 1955 2240 1850 281486
2012.11.21  1955 2245 2320 1950 313728
2012.11.22  1830 1985 1985 1830 55872
2012.11.23  1775 1835 1865 1750 46884
2012.11.26  1800 1780 1820 1770 15675
2012.11.27  1800 1885 1885 1800 6526
2012.11.28  1810 1820 1845 1755 8113
2012.11.29  1835 1825 1905 1825 18437
2012.11.30  1880 1850 1890 1830 6633
2012.12.03  1900 1880 1945 1870 27594
2012.12.04  1995 1880 2010 1880 32657
2012.12.05  1925 2100 2100 1910 8751
2012.12.06  1985 1925 2185 1910 98733
2012.12.07  1980 2000 2000 1925 8866
2012.12.10  1975 1980 1980 1880 4185
2012.12.11  2025 1980 2265 1930 164531
2012.12.12  2000 2145 2145 1960 25624
2012.12.13  1995 2020 2040 1935 30020
2012.12.14  2000 1995 2030 1725 40940
2012.12.17  2035 2025 2055 1955 2457
2012.12.18  2085 2010 2095 2000 13225
2012.12.20  2225 2120 2245 2090 21123
2012.12.21  2170 2200 2250 2125 10069
2012.12.24  2200 2170 2200 2030 12130
2012.12.26  2275 2225 2295 2180 23576
2012.12.27  2280 2295 2320 2150 13271
2012.12.28  2245 2250 2370 2235 9685
2013.01.02  2185 2250 2370 2180 11654
2013.01.03  2195 2175 2250 2020 11715
2013.01.04  2225 2210 2240 2135 2203
2013.01.07  2235 2185 2250 2185 2173
2013.01.08  2235 2190 2250 2190 1526
2013.01.09  2240 2230 2250 2195 1943
2013.01.10  2190 2240 2250 2190 2495
2013.01.11  2180 2225 2240 2100 15637
2013.01.14  2190 2220 2220 2140 7509
2013.01.15  2195 2160 2240 2160 9475
2013.01.16  2195 2230 2230 2150 1722
2013.01.17  2200 2165 2235 2150 10613
2013.01.18  2295 2200 2300 2180 22448
2013.01.21  2295 2295 2340 2225 13414
2013.01.22  2315 2260 2350 2260 17213
2013.01.23  2310 2320 2330 2050 3975
2013.01.24  2310 2360 2470 2210 16015
2013.01.25  2300 2310 2310 2200 10485
2013.01.28  2290 2300 2300 2140 30251
2013.01.29  2250 2260 2280 2210 2549
2013.01.30  2210 2250 2255 2155 3882
2013.01.31  2220 2230 2230 2155 876
2013.02.01  2215 2300 2300 2180 1512
2013.02.04  2200 2140 2200 2125 4757
2013.02.05  2300 2165 2300 2150 5773
2013.02.06  2295 2250 2330 2200 6335
2013.02.07  2270 2265 2300 2230 2819
2013.02.08  2280 2290 2290 2200 1789
2013.02.12  2220 2295 2295 2180 4887
2013.02.13  2190 2220 2230 2145 8729
2013.02.14  2120 2190 2190 2110 16072
2013.02.15  2165 2120 2400 2120 5661
2013.02.18  2185 2165 2200 2120 5847
2013.02.19  2190 2200 2200 2170 1773
2013.02.20  2205 2215 2230 2165 5372
2013.02.21  2185 2185 2225 2170 2633
2013.02.22  2190 2210 2210 2160 1071
2013.02.25  2150 2190 2215 2110 11483
2013.02.26  2120 2150 2200 2100 26796
2013.02.27  2100 2120 2145 2100 22886
2013.02.28  2130 2170 2170 2120 2778
2013.03.04  2115 2140 2180 2100 5493
2013.03.05  2110 2160 2165 2110 2603
2013.03.06  2170 2200 2200 2140 2910
2013.03.07  2240 2195 2285 2170 43171
2013.03.08  2245 2280 2280 2195 4612
2013.03.11  2270 2300 2300 2205 1061
2013.03.12  2275 2300 2300 2230 20054
2013.03.13  2285 2275 2300 2200 8482
2013.03.14  2265 2290 2295 2215 7427
2013.03.15  2280 2265 2340 2230 20960
2013.03.18  2205 2300 2360 2205 20492
2013.03.19  2285 2290 2290 2220 10218
2013.03.20  2270 2285 2285 2220 3486
2013.03.21  2325 2275 2395 2270 38492
2013.03.22  2540 2315 2540 2290 61152
2013.03.25  2455 2540 2665 2430 33127
2013.03.26  2505 2430 2570 2430 12182
2013.03.27  2415 2510 2510 2365 14106
2013.03.28  2355 2425 2460 2325 11917
2013.03.29  2275 2365 2395 2275 25696
2013.04.01  2280 2280 2310 2250 16141
2013.04.02  2180 2320 2340 2180 25632
2013.04.03  2400 2230 2400 2180 60045
2013.04.04  2500 2335 2600 2335 61368
2013.04.05  2605 2470 2730 2470 98206
2013.04.08  2440 2525 2670 2440 35093
2013.04.09  2500 2500 2555 2300 44045
2013.04.10  2570 2550 2590 2505 12134
2013.04.11  2450 2575 2600 2440 16277
2013.04.12  2590 2450 2695 2430 48522
2013.04.15  2975 2570 2975 2570 271465
2013.04.16  3135 3095 3295 2940 295650
2013.04.17  3300 3125 3300 3030 80330
2013.04.18  3085 3430 3430 3085 44349
2013.04.19  2910 3080 3085 2865 86695
2013.04.22  3035 3140 3140 2960 34315
2013.04.23  2950 3100 3160 2940 56440
2013.04.24  2920 2960 3085 2875 60330
2013.04.25  2990 2880 3020 2860 38984
2013.04.26  3435 3100 3435 3090 786419
2013.04.29  3305 3500 3770 3250 572065
2013.04.30  3155 3450 3450 3080 222275
2013.05.02  3195 3200 3215 3040 72361
2013.05.03  3210 3150 3240 3120 44773
2013.05.06  3405 3280 3600 3225 127300
2013.05.07  3325 3460 3460 3310 72393
2013.05.08  3300 3305 3370 3230 66471
2013.05.09  3420 3315 3510 3270 72836
2013.05.10  3570 3425 3700 3400 165765
2013.05.13  3620 3540 3800 3540 137103
2013.05.14  1810 1990 2000 1800 191097
2013.05.15  1670 1815 1855 1670 81531
2013.05.16  1580 1680 1680 1580 96432
2013.05.20  1575 1580 1595 1505 51459
2013.05.21  1635 1575 1700 1550 44536
2013.05.22  1700 1625 1745 1625 52658
2013.05.23  1690 1700 1720 1650 28939
2013.05.24  1725 1695 1835 1695 84999
2013.05.27  1820 1750 1870 1730 53191
2013.05.28  1845 1920 1920 1780 41756
2013.05.29  2120 1875 2120 1840 401529
2013.05.30  2390 2130 2425 2105 692746
2013.05.31  2135 2210 2325 2120 270336
2013.06.03  2000 2100 2100 1950 141212
2013.06.04  1930 1990 2025 1910 62331
2013.06.05  1930 1880 1950 1765 113842
2013.06.07  1820 1865 1900 1795 52196
2013.06.10  1780 1850 1850 1750 31547
2013.06.11  1600 1700 1700 1520 247461
2013.06.12  1600 1575 1680 1570 73311
2013.06.13  1565 1600 1670 1565 70269
2013.06.14  1535 1580 1630 1520 53294
2013.06.17  1420 1565 1565 1405 92947
2013.06.18  1630 1495 1630 1425 186220
2013.06.19  1700 1715 1860 1640 876725
2013.06.20  1730 1650 1765 1605 206844
2013.06.21  1705 1665 1735 1630 121996
2013.06.24  1625 1765 1765 1590 86394
2013.06.25  1470 1585 1625 1430 151115
2013.06.26  1485 1505 1555 1460 49618
2013.06.27  1500 1500 1565 1490 52497
2013.06.28  1580 1515 1595 1500 59694
2013.07.01  1560 1555 1620 1550 47463
2013.07.02  1595 1550 1600 1550 20628
2013.07.03  1510 1560 1575 1510 43334
2013.07.04  1510 1510 1545 1455 33967
2013.07.05  1500 1500 1530 1480 35568
2013.07.08  1480 1460 1550 1460 31611
2013.07.09  1530 1480 1545 1480 28638
2013.07.10  1500 1555 1555 1485 32609
2013.07.11  1495 1500 1510 1455 53616
2013.07.12  1495 1485 1510 1475 35757
2013.07.15  1495 1495 1520 1450 30223
2013.07.16  1535 1500 1565 1480 75172
2013.07.17  1530 1560 1560 1505 25186
2013.07.18  1570 1545 1570 1525 39208
2013.07.19  1625 1575 1640 1555 68176
2013.07.22  1750 1655 1850 1610 413415
2013.07.23  1685 1720 1820 1665 273808
2013.07.24  1605 1690 1695 1575 136816
2013.07.25  1650 1645 1650 1605 80553
2013.07.26  1650 1695 1695 1605 69876
2013.07.29  1605 1645 1690 1590 55190
2013.07.30  1575 1625 1625 1565 38261
2013.07.31  1580 1580 1590 1525 31375
2013.08.01  1605 1580 1625 1560 32647
2013.08.02  1615 1640 1640 1590 24094
2013.08.05  1620 1605 1650 1595 25146
2013.08.06  1570 1610 1645 1570 59414
2013.08.07  1590 1555 1610 1555 26620
2013.08.08  1595 1590 1605 1560 22641
2013.08.09  1585 1590 1595 1565 6970
2013.08.12  1555 1600 1600 1550 32368
2013.08.13  1535 1555 1585 1500 45821
2013.08.14  1545 1540 1585 1520 10727
2013.08.16  1545 1575 1575 1495 27107
2013.08.19  1535 1580 1580 1520 38119
2013.08.20  1515 1530 1540 1490 38189
2013.08.21  1465 1505 1515 1425 31541
2013.08.22  1400 1435 1445 1380 34274
2013.08.23  1410 1410 1440 1390 16151
2013.08.26  1400 1420 1425 1390 32069
2013.08.27  1405 1385 1465 1375 14876
2013.08.28  1370 1375 1405 1360 26455
2013.08.29  1415 1400 1490 1380 76109
2013.08.30  1400 1450 1470 1400 40002
2013.09.02  1370 1450 1450 1360 35659
2013.09.03  1425 1375 1520 1375 31468
2013.09.04  1455 1420 1460 1410 15853
2013.09.05  1450 1460 1500 1450 16263
2013.09.06  1450 1450 1530 1430 44915
2013.09.09  1430 1480 1480 1405 10808
2013.09.10  1380 1445 1470 1365 90335
2013.09.11  1410 1400 1410 1365 8770
2013.09.12  1500 1390 1590 1365 123535
2013.09.13  1480 1510 1550 1450 41179
2013.09.16  1475 1475 1520 1400 97199
2013.09.17  1440 1465 1475 1425 7140
2013.09.23  1440 1420 1445 1420 11038
2013.09.24  1395 1430 1435 1380 58998
2013.09.25  1355 1405 1405 1340 53657
2013.09.26  1405 1365 1405 1340 22385
2013.09.27  1390 1400 1430 1365 24787
2013.09.30  1380 1385 1400 1365 10948
2013.10.01  1360 1380 1380 1300 47090
2013.10.02  1360 1360 1390 1360 6571
2013.10.04  1360 1360 1365 1300 25262
2013.10.07  1305 1355 1355 1300 23378
2013.10.08  1300 1315 1315 1265 18280
2013.10.10  1495 1280 1495 1210 473518
2013.10.11  1710 1715 1715 1550 2744534
2013.10.14  1670 1650 1695 1600 675780
2013.10.15  1800 1650 1915 1650 1608939
2013.10.16  2070 1840 2070 1695 2305797
2013.10.17  1985 2150 2170 1970 1512518
2013.10.18  1935 1930 1980 1840 682337
2013.10.21  1860 1955 1955 1845 298204
2013.10.22  1855 1875 1960 1845 653247
2013.10.23  1950 1885 1950 1850 319927
2013.10.24  1885 1945 2030 1855 202338
2013.10.25  1920 1865 1920 1860 90188
2013.10.28  1920 1910 1940 1865 127623
2013.10.29  1820 1900 2140 1815 1286243
2013.10.30  1785 1845 1930 1785 367854
2013.10.31  1225 1290 1365 1200 1233039
2013.11.01  1230 1255 1260 1170 294353
2013.11.04  1190 1230 1240 1170 122373
2013.11.05  1175 1200 1255 1175 177146
2013.11.06  1100 1205 1205 1010 444436
2013.11.07  1125 1100 1140 1080 99143
2013.11.08  1095 1125 1130 1080 102144
2013.11.11  1030 1085 1100 975 114042
2013.11.12  1130 1080 1175 1000 304714
2013.11.13  1120 1120 1150 1085 72729
2013.11.14  1125 1135 1140 1075 64894
2013.11.15  1110 1115 1125 1075 53516
2013.11.18  1075 1130 1130 1050 81845
2013.11.19  1060 1075 1080 1020 73535
2013.11.20  1030 1070 1070 1020 32710
2013.11.21  1030 1025 1045 1000 47349
2013.11.22  972 1000 1015 962 217677
2013.11.25  982 970 1005 960 80414
2013.11.26  960 978 992 947 134255
2013.11.27  999 958 1040 941 194927
2013.11.28  1055 1025 1055 998 109224
2013.11.29  1015 1040 1060 1015 64645
2013.12.02  984 1000 1005 970 69150
2013.12.03  983 970 1000 950 72334
2013.12.04  982 961 1000 953 53874
2013.12.05  953 963 980 951 98056
2013.12.06  923 950 965 920 126126
2013.12.09  906 923 929 904 103911
2013.12.10  842 905 905 828 407601
2013.12.11  825 838 853 821 78705
2013.12.12  821 819 846 813 29687
2013.12.13  825 822 830 814 59523
2013.12.16  807 821 836 800 52640
2013.12.17  795 809 814 791 70199
2013.12.18  804 789 808 789 70696
2013.12.19  770 801 804 770 115970
2013.12.20  775 772 798 770 52351
2013.12.23  792 762 855 762 593326
2013.12.24  910 800 910 794 1536002
2013.12.26  860 919 940 858 836214
2013.12.27  840 876 876 831 310484
2013.12.30  811 850 885 806 328429
2014.01.02  795 818 831 786 304090
2014.01.03  803 795 808 783 96835
2014.01.06  796 804 818 789 112666
2014.01.07  786 803 803 780 243740
2014.01.08  800 788 809 785 236716
2014.01.09  828 807 828 786 168731
2014.01.10  827 818 835 803 187218
2014.01.13  842 827 868 827 149848
2014.01.14  842 838 849 815 147805
2014.01.15  844 849 850 832 83853
2014.01.16  767 840 845 758 600039
2014.01.17  776 765 781 765 237223
2014.01.20  730 776 778 700 325827
2014.01.21  748 739 785 720 344073
2014.01.22  739 748 759 734 149189
2014.01.23  738 740 749 735 113413
2014.01.24  730 755 755 727 71045
2014.01.27  709 715 730 705 138607
2014.01.28  710 709 714 702 52147
2014.01.29  714 710 720 708 19868
2014.02.03  698 706 708 696 111056
2014.02.04  684 698 698 683 100716
2014.02.05  696 685 733 685 199467
2014.02.06  690 698 739 689 417859
2014.02.07  716 690 725 690 178616
2014.02.10  736 723 738 709 170879
2014.02.11  720 740 740 700 61228
2014.02.12  723 730 733 718 77017
2014.02.13  721 730 730 711 77028
2014.02.14  730 717 737 717 43282
2014.02.17  728 724 733 723 35407
2014.02.18  733 738 748 721 211107
2014.02.19  739 735 744 727 36597
2014.02.20  740 746 746 730 33640
2014.02.21  737 748 748 731 26781
2014.02.24  739 745 755 732 346581
2014.02.25  765 750 788 743 308256
2014.02.26  753 765 775 743 97269
2014.02.27  746 763 763 740 48032
2014.02.28  729 763 763 720 68201
2014.03.03  729 747 747 714 70438
2014.03.04  729 728 729 711 44014
2014.03.05  734 724 734 722 24847
2014.03.06  726 735 735 719 52993
2014.03.07  734 740 740 723 16080
2014.03.10  743 741 743 723 53783
2014.03.11  739 740 742 723 67094
2014.03.12  729 741 741 700 78123
2014.03.13  730 737 737 700 47186
2014.03.14  722 720 728 714 50714
2014.03.17  704 715 728 700 65957
2014.03.18  717 712 728 700 49584
2014.03.19  721 723 726 710 28329
2014.03.20  719 727 727 711 11392
2014.03.21  723 724 724 707 38300
2014.03.24  719 726 726 713 31359
2014.03.25  712 727 727 704 102817
2014.03.26  707 705 720 699 60526
2014.03.27  707 711 712 700 29218
2014.03.28  713 708 715 701 30561
2014.03.31  716 715 720 700 47207
2014.04.01  714 719 719 701 29422
2014.04.02  714 715 717 708 37892
2014.04.03  717 719 719 702 22667
2014.04.04  717 717 719 709 22726
2014.04.07  715 719 719 705 27584
2014.04.08  719 707 720 701 91555
2014.04.09  703 722 722 700 211548
2014.04.10  697 709 709 690 110069
2014.04.11  697 696 710 694 93172
2014.04.14  635 699 699 607 1682855
2014.04.15  616 637 641 612 536075
2014.04.16  524 524 524 524 45162
2014.04.17  462 446 500 446 3789349
2014.04.18  395 471 471 393 3065067
2014.04.21  408 385 433 380 3245444
2014.04.22  412 411 431 407 1378357
2014.04.23  473 409 473 403 685976
2014.04.24  500 500 543 488 1236543
2014.04.25  463 488 499 463 321781
2014.04.28  499 462 515 462 446591
2014.04.29  484 513 519 475 283299
2014.04.30  482 484 495 482 206358
2014.05.02  488 482 489 462 189475
2014.05.07  459 483 489 459 182036
2014.05.08  437 458 458 421 195951
2014.05.09  433 432 440 432 125610
2014.05.12  435 425 436 425 127977
2014.05.13  434 448 448 432 66919
2014.05.14  449 434 450 423 167560
2014.05.15  487 460 500 460 245304
2014.05.16  471 489 489 470 49958
2014.05.19  463 472 488 460 65669
2014.05.20  465 464 465 426 76012
2014.05.21  473 480 480 471 87437
2014.05.22  436 473 473 436 139798
2014.05.23  448 442 449 436 64946
2014.05.26  440 450 450 436 186059
2014.05.27  426 435 436 426 109916
2014.05.28  489 434 489 434 144064
2014.05.29  558 537 560 520 791686
2014.05.30  640 526 641 483 1213993
2014.06.02  604 616 650 597 583798
2014.06.03  565 591 620 544 248572
2014.06.05  539 555 557 518 266004
2014.06.09  523 521 525 511 155198
2014.06.10  587 525 587 524 150521
2014.06.11  585 572 585 546 136226
2014.06.12  585 590 590 555 68606
2014.06.13  575 568 585 568 52583
2014.06.16  568 572 583 556 82240
2014.06.17  543 570 570 541 179070
2014.06.18  555 541 570 541 63253
2014.06.19  550 547 557 542 54122
2014.06.20  545 550 550 530 40143
2014.06.23  542 560 560 542 46265
2014.06.24  532 530 542 530 67452
2014.06.25  535 545 545 524 40724
2014.06.26  530 522 540 522 38656
2014.06.27  522 530 535 522 39396
2014.06.30  512 522 522 510 103951
2014.07.01  535 520 538 508 69932
2014.07.02  534 521 534 521 140053
2014.07.03  535 538 540 518 59945
2014.07.04  537 540 540 530 71668
2014.07.07  536 538 544 535 46035
2014.07.08  547 556 556 539 51596
2014.07.09  569 601 625 547 425019
2014.07.10  586 567 589 561 120503
2014.07.11  581 599 599 573 43367
2014.07.14  580 590 601 580 31702
2014.07.15  577 590 590 561 75958
2014.07.16  574 578 578 563 50349
2014.07.17  583 597 597 568 40447
2014.07.18  576 570 582 567 51451
2014.07.21  590 577 590 569 63450
2014.07.22  583 585 586 573 44774
2014.07.23  574 595 595 571 37588
2014.07.24  589 574 589 563 71358
2014.07.25  569 581 581 569 39950
2014.07.28  577 569 582 569 34747
2014.07.29  575 575 579 569 35258
2014.07.30  573 576 576 567 25738
2014.07.31  570 580 580 559 42020
2014.08.01  571 572 578 570 26240
2014.08.04  574 558 577 558 45480
2014.08.05  574 574 574 563 26323
2014.08.06  600 578 623 578 125464
2014.08.07  600 619 619 589 72697
2014.08.08  600 598 600 578 62510
2014.08.11  598 590 601 590 36756
2014.08.12  599 591 599 581 45832
2014.08.13  599 605 605 590 22504
2014.08.14  595 599 599 590 30455
2014.08.18  575 573 579 560 128260
2014.08.19  570 562 574 562 38376
2014.08.20  578 562 580 562 33540
2014.08.21  574 565 580 565 21468
2014.08.22  575 571 581 571 5502
2014.08.25  582 572 600 572 47913
2014.08.26  579 592 592 579 44942
2014.08.27  572 578 582 570 38222
2014.08.28  593 573 595 573 56833
2014.08.29  599 610 659 598 266641
2014.09.01  596 615 620 576 112053
2014.09.02  580 603 603 578 62402
2014.09.03  579 592 592 579 29658
2014.09.04  570 579 579 560 36650
2014.09.05  571 567 571 559 75739
2014.09.11  555 571 571 554 138123
2014.09.12  549 553 553 545 46662
2014.09.15  539 549 549 536 42509
2014.09.16  551 538 558 538 12997
2014.09.17  549 551 551 542 19752
2014.09.18  548 553 553 540 19277
2014.09.19  555 550 557 542 7864
2014.09.22  555 555 560 550 12737
2014.09.23  528 559 559 528 112900
2014.09.24  533 523 540 523 43854
2014.09.25  537 540 540 535 22743
2014.09.26  540 542 542 535 36354
2014.09.29  534 548 548 534 10190
2014.09.30  536 531 541 530 16830
2014.10.01  535 536 540 523 29074
2014.10.02  540 540 540 532 7274
2014.10.06  538 544 544 462 36256
2014.10.07  544 547 547 532 19346
2014.10.08  560 549 560 538 42625
2014.10.10  590 560 595 560 162238
2014.10.13  600 600 635 572 211698
2014.10.14  590 580 610 579 82925
2014.10.15  590 595 595 582 24789
2014.10.16  572 600 600 571 38758
2014.10.17  562 551 562 537 68167
2014.10.20  572 567 580 566 11369
2014.10.21  573 579 581 569 3457
2014.10.22  552 573 580 550 22984
2014.10.23  568 540 580 540 22730
2014.10.24  569 579 579 539 9327
2014.10.27  568 576 576 540 24466
2014.10.28  550 567 567 550 36302
2014.10.29  547 550 550 540 97137
2014.10.30  544 551 551 532 54305
2014.10.31  538 533 543 533 25660
2014.11.03  555 540 555 540 14900
2014.11.04  555 541 555 540 32965
2014.11.05  553 556 560 550 14598
2014.11.06  557 562 562 545 21061
2014.11.07  564 564 564 557 18860
2014.11.10  575 570 575 568 42351
2014.11.11  584 583 584 566 43643
2014.11.12  603 589 603 586 90721
2014.11.13  669 603 669 603 241661
2014.11.14  700 690 700 646 116800
2014.11.17  675 700 704 660 232794
2014.11.18  630 678 678 611 151545
2014.11.19  611 647 647 610 116564
2014.11.20  702 620 702 608 356564
2014.11.21  739 693 791 658 538123
2014.11.24  810 740 835 718 486731
2014.11.25  794 820 832 767 294589
2014.11.26  710 794 800 708 345420
2014.11.27  679 703 704 660 353162
2014.11.28  650 674 697 638 264273
2014.12.01  654 642 668 631 150700
2014.12.02  648 654 654 630 140746
2014.12.03  613 650 650 556 700942
2014.12.04  583 603 619 569 302072
2014.12.05  588 608 610 569 177702
2014.12.08  625 590 676 577 275866
2014.12.09  596 614 647 586 133209
2014.12.10  599 600 605 589 55862
2014.12.11  604 611 637 579 122667
2014.12.12  592 610 610 575 86615
2014.12.15  562 572 593 535 163840
2014.12.16  646 576 646 576 607779
2014.12.17  601 629 639 589 708475
2014.12.18  566 618 618 560 244932
2014.12.19  545 566 571 539 290018
2014.12.22  563 540 564 520 158292
2014.12.23  552 545 558 537 113549
2014.12.24  551 560 560 542 32737
2014.12.26  538 550 564 537 112947
2014.12.29  526 538 540 525 98338
2014.12.30  525 524 538 520 89686
2015.01.02  556 526 558 526 71922
2015.01.05  563 555 571 555 43323
2015.01.06  568 577 577 550 57385
2015.01.07  550 557 562 527 154045
2015.01.08  556 569 569 545 107370
2015.01.09  565 546 570 546 120025
2015.01.12  563 553 574 538 66328
2015.01.13  563 563 572 548 54249
2015.01.14  564 568 568 552 23097
2015.01.15  564 570 570 522 150658
2015.01.16  615 564 640 546 374784
2015.01.19  676 616 703 610 314027
2015.01.20  648 667 684 636 100474
2015.01.21  654 648 659 640 36785
2015.01.22  636 666 667 630 39332
2015.01.23  663 630 669 623 95672
2015.01.26  661 663 677 651 77386
2015.01.27  683 661 747 661 374665
2015.01.28  684 683 692 670 61671
2015.01.29  672 689 689 660 123244
2015.01.30  672 661 686 641 66076
2015.02.02  655 670 670 635 129704
2015.02.03  644 643 656 625 130709
2015.02.04  597 640 640 588 373534
2015.02.05  608 584 609 580 87408
2015.02.06  608 619 619 595 88239
2015.02.09  608 610 613 578 147099
2015.02.10  609 610 614 594 54812
2015.02.11  610 595 612 595 35566
2015.02.12  615 600 622 600 57489
2015.02.13  675 624 699 610 280560
2015.02.16  740 685 752 685 675341
2015.02.17  724 750 750 718 142553
2015.02.23  763 750 798 726 269100
2015.02.24  765 730 785 730 162572
2015.02.25  771 725 800 713 359926
2015.02.26  760 770 788 746 54162
2015.02.27  690 741 759 670 895870
2015.03.02  737 700 740 679 164925
2015.03.03  775 785 785 731 217291
2015.03.04  781 767 800 767 602346
2015.03.05  781 800 800 775 207571
2015.03.06  895 799 898 760 716720
2015.03.09  828 870 888 826 342815
2015.03.10  869 848 952 835 5305280
2015.03.11  858 947 947 818 911521
2015.03.12  850 895 909 835 252381
2015.03.13  920 849 950 830 647295
2015.03.16  917 950 990 890 1199628
2015.03.17  908 890 923 864 370136
2015.03.18  1040 945 1040 903 5889500
2015.03.19  894 1010 1040 885 7880921
2015.03.20  880 881 939 840 2044666
2015.03.23  912 884 920 879 4086705
2015.03.24  912 933 939 912 938325
2015.03.25  900 902 935 876 910862
2015.03.26  1035 916 1035 879 2624990
2015.03.27  1100 1100 1190 1045 6207583
2015.03.30  1190 1085 1265 1065 3024502
2015.03.31  1275 1165 1350 1165 2906069
2015.04.01  1225 1300 1345 1170 2738327
2015.04.02  1180 1215 1265 1045 4711300
2015.04.03  1120 1205 1210 1045 3675938
2015.04.06  1045 1130 1130 1015 3000946
2015.04.07  1060 1055 1085 1025 1308173
2015.04.08  1080 1055 1080 1015 1744043
2015.04.09  1135 1095 1215 1085 2969867
2015.04.10  1130 1135 1145 1090 973644
2015.04.13  1100 1130 1135 1095 816263
2015.04.14  1070 1105 1120 1005 1211516
2015.04.15  1230 1075 1230 1040 2408129
2015.04.16  1410 1300 1410 1280 5258046
2015.04.17  1560 1430 1590 1405 4096126
2015.04.20  1435 1605 1605 1335 5702061
2015.04.21  1595 1410 1650 1405 8482976
2015.04.22  1365 1550 1575 1360 5370688
2015.04.23  1165 1375 1400 1165 11366150
2015.04.24  1145 1105 1175 1050 6822334
2015.04.27  1115 1140 1160 1040 6042492
2015.04.28  1055 1120 1125 1035 3459233
2015.04.29  1075 1070 1095 1040 1650333
2015.04.30  1015 1120 1130 984 4187948
2015.05.04  1025 1020 1095 987 2152555
2015.05.06  1065 1040 1080 1005 1650352
2015.05.07  1070 1070 1080 1020 1200191
2015.05.08  1060 1085 1100 1045 1261215
2015.05.11  1030 1065 1065 1020 1187471
2015.05.12  1035 1040 1050 1020 877005
2015.05.13  1030 1035 1035 999 1243719
2015.05.14  1015 1010 1040 1010 548619
2015.05.15  1045 1025 1060 1015 931765
2015.05.18  1030 1060 1080 1015 1424722
2015.05.19  1015 1020 1055 1000 1226088
2015.05.20  991 1025 1025 991 1283907
2015.05.21  1135 1000 1135 1000 3651758
2015.05.22  1305 1305 1305 1305 2623066
2015.05.26  1375 1265 1445 1160 13985775
2015.05.27  1580 1360 1580 1345 12248135
2015.05.28  1580 1645 1660 1500 11832057
2015.05.29  1815 1630 1815 1575 19045446
2015.06.01  1730 1700 1865 1635 11803463
2015.06.02  1475 1630 1650 1475 8359896
2015.06.03  1410 1355 1560 1280 10018159
2015.06.04  1460 1410 1500 1305 6370200
2015.06.05  1540 1480 1660 1480 7947229
2015.06.08  1470 1540 1565 1455 3169020
2015.06.09  1440 1455 1550 1405 3282895
2015.06.10  1545 1440 1640 1420 10794588
2015.06.11  1460 1510 1530 1450 2794192
2015.06.12  1410 1440 1510 1380 2100490
2015.06.15  1275 1410 1410 1220 3001930
2015.06.16  1500 1280 1585 1245 5367253
2015.06.17  1440 1550 1595 1440 3548506
2015.06.18  1370 1405 1480 1325 3290845
2015.06.19  1380 1370 1475 1330 2373946
2015.06.22  1450 1365 1620 1350 6937924
2015.06.23  1425 1450 1475 1410 2479305
2015.06.24  1410 1420 1475 1395 1940812
2015.06.25  1405 1410 1445 1395 1937200
2015.06.26  1370 1405 1470 1360 2985169
2015.06.29  1350 1330 1425 1315 1573892
2015.06.30  1345 1405 1425 1295 1315677
2015.07.01  1360 1345 1430 1320 2771858
2015.07.02  1390 1365 1455 1335 3543304
2015.07.03  1330 1400 1410 1330 2334746
2015.07.06  1290 1330 1355 1280 1332812
2015.07.07  1220 1315 1320 1170 2361161
2015.07.08  1145 1215 1230 1100 2408925
2015.07.09  1205 1150 1265 1115 2652757
2015.07.10  1150 1190 1220 1135 1192949
2015.07.13  1160 1140 1175 1125 1071929
2015.07.14  1200 1170 1250 1160 1700674
2015.07.15  1180 1205 1205 1165 1471723
2015.07.16  1205 1170 1245 1165 1439352
2015.07.17  1160 1210 1215 1135 1226866
2015.07.20  1145 1155 1195 1145 1272502
2015.07.21  1130 1165 1170 1120 1417184
2015.07.22  1090 1130 1145 1055 2603716
2015.07.23  1085 1100 1105 1075 830950
2015.07.24  1120 1085 1145 1070 1464658
2015.07.27  1065 1105 1135 1065 895555
2015.07.28  1005 1050 1055 994 2105244
2015.07.29  998 1015 1040 995 1352132
2015.07.30  920 995 1005 915 1741955
2015.07.31  970 931 1040 903 2116229
2015.08.03  986 960 1010 955 845272
2015.08.04  1015 986 1035 970 663400
2015.08.05  1040 1005 1055 1005 566663
2015.08.06  1025 1040 1055 1015 385600
2015.08.07  1095 1025 1220 999 4410349
2015.08.10  1170 1105 1185 1085 2164329
2015.08.11  1520 1190 1520 1135 20205394
2015.08.12  1415 1520 1560 1290 19742560
2015.08.13  1370 1380 1435 1290 9405967
2015.08.17  1280 1350 1395 1230 4749789
2015.08.18  1290 1280 1450 1220 13472582
2015.08.19  1350 1290 1390 1250 6502251
2015.08.20  1340 1395 1435 1325 5864176
2015.08.21  1190 1235 1320 1155 3289207
2015.08.24  1060 1190 1255 1050 2401721
2015.08.25  1150 1105 1180 1060 2759620
2015.08.26  1170 1135 1190 1120 1339369
2015.08.27  1250 1180 1280 1155 2885194
2015.08.28  1290 1265 1430 1255 5728362
2015.08.31  1300 1315 1360 1285 1985045
2015.09.01  1260 1340 1360 1260 1879813
2015.09.02  1200 1215 1240 1165 2459840
2015.09.03  1180 1220 1250 1170 1971505
2015.09.04  1125 1180 1190 1100 1927559
2015.09.07  1460 1125 1460 1080 8593701
2015.09.08  1895 1750 1895 1660 32927788
2015.09.09  2460 2050 2460 1970 30319226
2015.09.10  3195 2515 3195 2500 23372391
2015.09.11  3600 3900 4150 3355 52154549
2015.09.14  3600 0 0 0 0
2015.09.15  4680 4655 4680 4655 2154624
2015.09.16  4510 4600 5300 4000 8289355
2015.09.17  5860 5200 5860 5000 4640551
2015.09.18  7600 6000 7600 6000 3688173
2015.09.21  6600 8200 9500 6600 4557709
2015.09.22  5590 6260 7050 5590 6137529
2015.09.23  6210 5590 6680 5170 43102896
2015.09.24  6070 6760 7100 5820 19216334
2015.09.25  5380 6030 6130 4990 14870569
2015.09.30  6990 5170 6990 4960 36607285
2015.10.01  9080 9080 9080 8420 16549654
2015.10.02  10050 9700 11500 8550 46334612
2015.10.05  10500 9800 11200 9420 17711904
2015.10.06  10500 0 0 0 0
2015.10.07  12350 11500 13650 11500 4398917
2015.10.08  12950 12950 14000 11750 3191134
2015.10.12  13950 12850 13950 12600 1835246
2015.10.13  18100 16600 18100 16600 2057504
2015.10.14  14000 20400 21300 14000 3770281
2015.10.15  18000 14450 18000 14450 2832544
2015.10.16  18450 19500 20600 16650 12177750
2015.10.19  17500 17900 18200 14600 11774887
2015.10.20  17300 17300 18900 15250 14451016
2015.10.21  16000 16700 17500 15700 8641475
2015.10.22  14300 15500 15750 12650 9349624
2015.10.23  16500 13700 17700 13250 19735034
2015.10.26  16400 17200 17500 16000 7073894
2015.10.27  14800 15200 16100 14650 6666668
2015.10.28  12600 14300 14450 10950 17602747
2015.10.29  14750 13100 15800 12700 17758620
2015.10.30  15300 15350 15700 13550 14119807
2015.11.02  14050 15300 15850 14050 5444725
2015.11.03  12600 13500 14050 12250 9834696
2015.11.04  13000 12300 13950 11750 7096946
2015.11.05  12950 13350 13700 12650 3701285
2015.11.06  12100 12550 12700 11800 4061597
2015.11.09  15700 12300 15700 11550 18040872
2015.11.10  16000 15350 17450 14350 19235886
2015.11.11  15800 16100 16750 15100 7582006
2015.11.12  14800 15350 19750 14800 20418647
2015.11.13  14050 15100 16300 13300 13625769
2015.11.16  13850 13600 14800 13300 6326505
2015.11.17  13850 14450 14500 13200 4748735
2015.11.18  14300 14000 14750 12900 6017555
2015.11.19  14800 14150 14950 13750 7353477
2015.11.20  13850 14950 16150 13650 9111833
2015.11.23  12650 13400 13450 12600 6235019
2015.11.24  11950 12450 13100 11550 7149454
2015.11.25  11800 12150 13150 11350 11472319
2015.11.26  12250 12000 12400 11700 4090544
2015.11.27  11750 12400 12400 11600 3367646
2015.11.30  11600 11450 12150 11150 4425688
2015.12.01  10850 11700 11800 10700 4661608
2015.12.02  9930 10800 10950 9810 7737078
2015.12.03  9460 9980 10250 9460 6308656
2015.12.04  9870 9490 10600 9210 11344827
2015.12.07  9740 10050 10100 9670 3202376
2015.12.08  11000 9760 11900 9630 16781964
2015.12.09  10200 10750 11050 9980 7163494
2015.12.10  9830 10300 10600 9540 3198864
2015.12.11  10300 9660 11000 9660 3841439
2015.12.14  11050 10700 11500 10500 5537183
2015.12.15  10450 10800 11400 10200 4230261
2015.12.16  10500 10400 10700 10250 1910758
2015.12.17  10550 10500 10700 10200 2133771
2015.12.18  11000 10550 11000 10350 2242763
2015.12.21  11100 12800 13300 11000 6340482
2015.12.22  9890 11450 11450 9460 9421611
2015.12.23  8970 9760 9770 8790 6091833
2015.12.24  8580 9000 9150 8520 3963931
2015.12.28  8010 8650 8800 7890 4845272
2015.12.29  8280 8140 8450 8000 2652314
2015.12.30  8410 8360 8540 8260 2258655
2016.01.04  8280 8410 8520 8200 1472706
2016.01.05  8130 8050 8140 7950 2073660
2016.01.06  8370 8170 8600 8000 3950248
2016.01.07  8360 8350 8750 8200 3787828
2016.01.08  8040 8190 8230 7950 2092590
2016.01.11  9710 7990 10250 7550 23181211
2016.01.12  8350 9460 9470 8180 9209419
2016.01.13  8130 8250 8480 7960 4847110
2016.01.14  8060 8010 8330 7920 2482904
2016.01.15  7860 8110 8340 7800 2414225
2016.01.18  7460 7630 7960 7410 2471919
2016.01.19  7210 7490 7590 7150 2527111
2016.01.20  7220 7200 7850 7100 3869700
2016.01.21  7230 7420 7580 7220 1970899
2016.01.22  7250 7240 7450 6950 2322134
2016.01.25  7450 7370 7630 7270 2423397
2016.01.26  7320 7360 7600 7290 1921413
2016.01.27  7090 7390 7560 7010 2111288
2016.01.28  7060 7150 7220 6990 1395207
2016.01.29  6700 7100 7150 6580 2590857
2016.02.01  6600 6800 7100 6270 5671136
2016.02.02  6610 6650 6810 6470 2198039
2016.02.03  6130 6470 6580 6130 2145647
2016.02.04  6350 6180 6950 6020 6084486
2016.02.05  6420 6430 6680 6370 2050996
2016.02.11  5910 6150 6390 5910 1509957
2016.02.12  5200 5790 5810 5040 2795938
2016.02.15  5830 5460 5830 5250 2036929
2016.02.16  6050 5930 6230 5740 2764295
2016.02.17  5730 6100 6420 5700 2659847
2016.02.18  7440 5880 7440 5850 9973510
2016.02.19  7740 8120 8450 7400 16846707
2016.02.22  7440 7560 7850 7300 5100757
2016.02.23  8190 7510 9300 7200 25996640
2016.02.24  8180 8050 8900 7830 10625254
2016.02.25  8030 8230 8590 7950 4806848
2016.02.26  7720 8030 8280 7610 3527360
2016.02.29  7790 7880 8140 7700 3068855
2016.03.02  8110 7920 8310 7850 4243420
2016.03.03  8030 8170 8300 7980 2459566
2016.03.04  8000 8180 8180 7940 1653429
2016.03.07  7830 8100 8190 7810 2237514
2016.03.08  7830 7720 7950 7620 1979147
2016.03.09  7880 7770 8030 7730 1538824
2016.03.10  8190 7850 8700 7800 6686452
2016.03.11  8190 8170 8460 8150 2594741
2016.03.14  8510 8220 8840 8130 6092108
2016.03.15  8680 8590 8810 8370 5149926
2016.03.16  8490 8880 9000 8430 3786340
2016.03.17  8200 8530 8640 8180 2033628
2016.03.18  7910 8400 8400 7910 2918531
2016.03.21  8100 7930 8300 7810 3318589
2016.03.22  8240 8100 8290 7910 2332244
2016.03.23  8130 8280 8410 8110 2080176
2016.03.24  7960 8170 8220 7920 1355586
2016.03.25  7850 7960 8020 7770 1091909
2016.03.28  7770 7850 7990 7700 998750
2016.03.29  7770 7750 7910 7710 1031194
2016.03.30  7300 7430 7580 7210 2554736
2016.03.31  7270 7360 7380 7230 818109
2016.04.01  7000 7330 7340 6930 1620804
2016.04.04  6790 7000 7130 6760 1146279
2016.04.05  7360 6810 7760 6800 7748237
2016.04.06  6970 7270 7270 6950 2126634
2016.04.07  7100 6630 7350 6500 4096208
2016.04.08  7020 7200 7330 6960 1544061
2016.04.11  6770 6750 6900 6620 1935751
2016.04.12  6800 6550 7260 6490 4294352
2016.04.14  6860 6830 7170 6800 1298692
2016.04.15  7420 7160 8070 7010 10064681
2016.04.18  7010 7480 7900 6920 6604158
2016.04.19  7030 7050 7230 6930 1864031
2016.04.20  7110 7050 7350 6930 2962702
2016.04.21  7070 7100 7200 7050 1585934
2016.04.22  7000 7100 7160 6990 1291326
2016.04.25  6890 7000 7000 6820 1143406
2016.04.26  6820 6940 7010 6800 1309500
2016.04.27  6740 6820 6890 6740 1158205
2016.04.28  6770 6740 6980 6660 1262969
2016.04.29  6630 6770 6880 6590 1276016
2016.05.02  6320 6570 6640 6300 1293579
2016.05.03  6310 6320 6400 6300 583471
2016.05.04  5990 6190 6190 5930 1656353
2016.05.09  5980 5800 6220 5730 1253280
2016.05.10  6140 6020 6270 5900 1216456
2016.05.11  6100 6180 6250 6060 673298
2016.05.12  6070 6020 6320 6020 937015
2016.05.13  5950 6100 6130 5910 871288
2016.05.16  5850 5920 6100 5550 1826880
2016.05.17  5910 5950 6070 5650 1334982
2016.05.18  5730 5850 5930 5730 837364
2016.05.19  5610 5730 5840 5600 702509
2016.05.20  5770 5520 5890 5520 856857
2016.05.23  6040 5900 6350 5890 1638001
2016.05.24  5930 6040 6080 5890 707073
2016.05.25  6060 5830 6370 5810 2082295
2016.05.26  6900 6060 7100 5910 11927806
2016.05.27  6410 6750 6900 6350 3901891
2016.05.30  6420 6500 6760 6240 3491039
2016.05.31  6370 6430 6550 6280 1373590
2016.06.01  6470 6310 6520 6260 1375056
2016.06.02  6280 6360 6430 6230 1107096
2016.06.03  5990 6210 6250 5990 1290976
2016.06.07  6240 5930 6420 5870 3155428
2016.06.08  6180 6130 6390 6010 2549824
2016.06.09  6110 6130 6350 6070 1705300
2016.06.10  6150 6090 6260 6080 864081
2016.06.13  6130 6190 6280 6090 710821
2016.06.14  5510 5640 5830 5220 10090281
2016.06.15  5540 5790 5870 5520 1704040
2016.06.16  5140 5570 5570 5120 1808320
2016.06.17  5050 5120 5300 5020 1072077
2016.06.20  4760 5050 5070 4745 2299924
2016.06.21  4945 4780 5060 4685 2465523
2016.06.22  4770 5050 5110 4710 1822590
2016.06.23  4645 4745 4745 4395 2004158
2016.06.24  5500 4800 5860 4340 15787672
2016.06.27  5540 5280 6150 5200 8403386
2016.06.28  7200 5400 7200 5330 23694616
2016.06.29  8120 7480 9180 6920 49453059
2016.06.30  7570 8220 8850 7200 29395530
2016.07.01  7490 7300 7930 7180 13793881
2016.07.04  7840 7390 8720 7240 24602350
2016.07.05  7900 7750 8340 7630 12760755
2016.07.06  7450 7930 8040 7390 7184375
2016.07.07  7030 7380 7860 6650 16796798
2016.07.08  7000 6980 7400 6880 7050251
2016.07.11  7100 7000 7260 7000 2775018
2016.07.12  7030 7180 7210 7000 2232080
2016.07.13  7340 7040 7440 6970 5511644
2016.07.14  8160 7360 8400 7310 20398971
2016.07.15  7690 8040 8290 7240 10549450
2016.07.18  7900 8220 8390 7840 9346259
2016.07.19  7170 8100 8180 7150 7999987
2016.07.20  6280 7070 7080 6250 12927979
2016.07.21  6220 6230 6480 5970 5543150
2016.07.22  6290 6370 6460 6200 2706472
2016.07.25  6300 6200 6490 6050 3723984
2016.07.26  6130 6260 6340 6120 1693356
2016.07.27  5860 6100 6100 5860 2343426
2016.07.28  5950 5820 6270 5820 2911935
2016.07.29  5880 5970 6270 5880 2572150
2016.08.01  5620 5820 5850 5570 2041786
2016.08.02  5680 5670 5860 5620 2133365
2016.08.03  5470 5630 5650 5400 1821452
2016.08.04  5460 5450 5620 5420 1102384
2016.08.05  5410 5470 5560 5410 933545
2016.08.08  5180 5400 5420 5160 1366826
2016.08.09  5460 5190 5860 5040 9327586
2016.08.10  5500 5500 5680 5390 2257531
2016.08.11  6670 5460 7040 5460 26371050
2016.08.12  6140 6650 6660 6050 7731267
2016.08.16  6050 6090 6380 6010 2683779
2016.08.17  5870 6110 6130 5820 2378985
2016.08.18  5730 5800 5920 5640 1886010
2016.08.19  5810 5740 5950 5700 1570103
2016.08.22  5800 5780 5900 5740 1054918
2016.08.23  5790 5820 6080 5770 2735686
2016.08.24  5700 5790 5830 5700 1056287
2016.08.25  5450 5690 5720 5450 1363508
2016.08.26  5400 5500 5650 5400 1006284
2016.08.29  5160 5320 5410 5160 1043289
2016.08.30  5350 5230 5420 5190 861524
2016.08.31  5190 5320 5410 5170 780042
2016.09.01  5280 5200 5540 5140 1196771
2016.09.02  5340 5250 5440 5230 736679
2016.09.05  5350 5360 5480 5320 767816
2016.09.06  5490 5270 5690 5200 2529831
2016.09.07  5540 5490 5730 5450 2120232
2016.09.08  5670 5610 5950 5600 3954002
2016.09.09  5440 5690 5770 5360 1546276
2016.09.12  5400 5220 5850 5220 3136866
2016.09.13  5370 5440 5550 5370 1100741
2016.09.19  5360 5330 5470 5310 925908
2016.09.20  5390 5370 5450 5330 856025
2016.09.21  5380 5350 5550 5350 1097828
2016.09.22  5440 5390 5500 5370 1027152
2016.09.23  5550 5490 5760 5400 3078718
2016.09.26  5640 5600 5790 5510 1989547
2016.09.27  5840 5680 5870 5520 2625195
2016.09.28  5400 5800 6180 5230 12702875
2016.09.29  5090 5260 5340 5050 3815853
2016.09.30  4910 5050 5120 4860 1984416
2016.10.04  4795 4790 4885 4755 1368819
2016.10.05  4940 4810 5120 4800 2099836
2016.10.06  4905 4975 4980 4900 938675
2016.10.07  4795 4905 5010 4795 1200412
2016.10.10  4730 4820 4840 4730 700389
2016.10.11  4505 4730 4780 4450 1240633
2016.10.12  4510 4440 4540 4365 750069
2016.10.13  4400 4510 4530 4395 858049
2016.10.14  4070 4315 4370 4070 2043561
2016.10.17  4180 4005 4250 4005 1053574
2016.10.18  4055 4150 4195 4055 749554
2016.10.19  4155 4055 4190 3965 977345
2016.10.20  4045 4110 4160 4020 805314
2016.10.21  3990 4050 4080 3960 736532
2016.10.24  3750 3990 4045 3750 1295615
2016.10.25  3975 3750 4330 3580 6351667
2016.10.26  3700 3935 3975 3600 1600803
2016.10.27  3750 3700 3865 3630 938233
2016.10.28  3560 3690 3780 3545 939140
2016.10.31  3330 3550 3600 3320 995636
2016.11.01  3375 3330 3525 3310 616228
2016.11.02  3190 3380 3465 3170 678033
2016.11.03  3255 3130 3295 3110 551405
2016.11.04  3570 3205 3840 3205 5066252
2016.11.07  3590 3375 3740 3360 1914084
2016.11.08  3615 3600 3785 3550 1790489
2016.11.09  3410 3590 3730 3010 3533765
2016.11.10  3880 3650 4270 3525 13689665
2016.11.11  3795 3830 3990 3720 3098750
2016.11.14  3835 3795 3950 3700 2185604
2016.11.15  3735 3780 3925 3730 1586918
2016.11.16  3800 3730 3950 3670 1987435
2016.11.17  3745 3810 3840 3740 725074
2016.11.18  3500 3775 3785 3455 1543250
2016.11.21  3365 3470 3470 3320 795405
2016.11.22  3350 3330 3435 3325 520737
2016.11.23  3130 3365 3390 3130 1207665
2016.11.24  3045 3045 3200 3020 1212219
2016.11.25  3190 3050 3460 3045 4068677
2016.11.28  3215 3170 3290 3170 862765
2016.11.29  3080 3250 3270 3050 879564
2016.11.30  3060 3085 3155 3055 571270
2016.12.01  2905 3075 3075 2900 1162742
2016.12.02  2830 2900 2985 2810 1411907
2016.12.05  2665 2840 2860 2630 1245213
2016.12.06  2680 2660 2725 2630 794820
2016.12.07  2595 2700 2730 2560 874016
2016.12.08  2725 2575 2980 2575 5550009
2016.12.09  2660 2705 2815 2645 1514468
2016.12.12  2750 2675 2890 2625 1576770
2016.12.13  2810 2770 2950 2745 2321623
2016.12.14  2860 2820 2915 2820 1273038
2016.12.15  3050 2860 3215 2825 5436037
2016.12.16  3025 3085 3085 2970 1440587
2016.12.19  2910 3010 3035 2890 1100689
2016.12.20  2935 2940 3090 2910 1362578
2016.12.21  2920 2945 2990 2900 801173
2016.12.22  2920 2885 3120 2880 1921094
2016.12.23  2935 2930 3000 2910 706908
2016.12.26  2840 2935 3005 2840 1010342
2016.12.27  2760 2850 2910 2745 839525
2016.12.28  2825 2790 2895 2750 677455
2016.12.29  2815 2850 2875 2790 565497
2017.01.02  2875 2835 2890 2805 586407
2017.01.03  3025 2885 3070 2860 1829007
2017.01.04  3150 3045 3270 2990 3067142
2017.01.05  3095 3140 3185 3060 1086792
2017.01.06  3095 3070 3165 3065 808840
2017.01.09  3020 3120 3130 2995 907752
2017.01.10  3000 3035 3120 2975 1129914
2017.01.11  3020 3030 3070 3000 641051
2017.01.12  3035 3010 3110 2990 1086430
2017.01.13  3000 3050 3050 3000 607945
2017.01.16  2900 3000 3000 2900 678209
2017.01.17  2930 2880 3020 2875 750407
2017.01.18  2915 2920 3005 2905 485423
2017.01.19  2850 2930 2960 2850 522806
2017.01.20  2780 2835 2875 2770 482740
2017.01.23  2670 2770 2775 2650 583338
2017.01.24  2640 2620 2680 2620 348486
2017.01.25  3270 2640 3430 2640 24389773
2017.01.26  3055 3170 3395 3000 8445216
2017.01.31  3500 3040 3730 2975 18088699
2017.02.01  3440 3510 3610 3345 6834439
2017.02.02  3150 3290 3300 3115 3950196
2017.02.03  3220 3150 3680 3090 11131110
2017.02.06  3335 3240 3450 3120 3789856
2017.02.07  3775 3400 3985 3380 22121536
2017.02.08  3600 3945 4040 3525 8639066
2017.02.09  3665 3620 3810 3480 5563286
2017.02.10  3465 3665 3815 3350 6292965
2017.02.13  3330 3410 3530 3320 2807594
2017.02.14  3480 3380 3600 3360 4436426
2017.02.15  3430 3415 3490 3345 2411020
2017.02.16  3480 3520 3760 3450 7915392
2017.02.17  3530 3440 3580 3380 2422814
2017.02.20  3585 3505 3630 3500 2435453
2017.02.21  3665 3620 3870 3605 7898780
2017.02.22  3580 3630 3765 3575 2754382
2017.02.23  3535 3620 3670 3490 1658506
2017.02.24  3370 3550 3555 3350 1970256
2017.02.27  3235 3370 3380 3230 1227941
2017.02.28  3280 3235 3365 3235 1003050
2017.03.02  3315 3220 3510 3150 3748603
2017.03.03  3340 3285 3450 3255 2162554
2017.03.06  3320 3300 3415 3285 1041786
2017.03.07  3360 3320 3390 3285 1432736
2017.03.08  3300 3405 3475 3295 2235008
2017.03.09  3230 3305 3355 3220 1322873
2017.03.10  3180 3240 3260 3100 1044782
2017.03.13  3240 3180 3285 3165 714924
2017.03.14  3135 3230 3265 3125 960044
2017.03.15  3005 3150 3150 2960 1252214
2017.03.16  3060 3010 3245 2995 1594552
2017.03.17  3005 3060 3145 3005 1278751
2017.03.20  3000 3000 3060 2970 542578
2017.03.21  3055 3020 3420 2995 6402716
2017.03.22  3015 3055 3095 3005 889478
2017.03.23  2910 3015 3080 2905 1144643
2017.03.24  2820 2890 2910 2785 1407582
2017.03.27  2765 2835 2840 2755 777045
2017.03.28  2805 2770 2885 2770 957323
2017.03.29  2715 2700 2760 2680 1046824
2017.03.30  2705 2745 2745 2700 517848
2017.03.31  2730 2735 2775 2685 663135
2017.04.03  2820 2750 2850 2735 961970
2017.04.04  2745 2810 2850 2745 569834
2017.04.05  2835 2750 3020 2735 2513684
2017.04.06  2835 2820 2935 2820 1328746
2017.04.07  2865 2865 2900 2800 626128
2017.04.10  2805 2885 2885 2780 509445
2017.04.11  2780 2805 2900 2750 810994
2017.04.12  2730 2770 2785 2725 566428
2017.04.13  2715 2750 2750 2670 545713
2017.04.14  2725 2730 2935 2715 3739161
2017.04.17  2780 2725 2850 2720 547323
2017.04.18  2800 2780 2875 2780 994818
2017.04.19  2785 2815 2845 2770 837325
2017.04.20  2735 2785 2800 2725 708308
2017.04.21  2845 2770 2880 2765 1803897
2017.04.24  3020 3335 3400 2985 13931396
2017.04.25  3040 3045 3110 2960 2769291
2017.04.26  3010 3090 3130 2990 1794549
2017.04.27  2910 3030 3045 2885 1760716
2017.04.28  2860 2880 2990 2855 1707367
2017.05.02  2900 2840 2960 2840 1236266
2017.05.04  2905 2930 2960 2890 509276
2017.05.08  2895 2915 2950 2885 677064
2017.05.10  2880 2900 2925 2855 791042
2017.05.11  2925 2865 2940 2865 729375
2017.05.12  2860 2940 2940 2800 1795115
2017.05.15  2445 2365 2580 2320 4413981
2017.05.16  2435 2460 2535 2405 1660218
2017.05.17  2695 2440 3070 2430 21910928
2017.05.18  2620 2645 2740 2570 4171367
2017.05.19  2660 2660 2800 2590 4154349
2017.05.22  2655 2660 2730 2635 1553643
2017.05.23  2620 2655 2720 2600 1171039
2017.05.24  2565 2640 2680 2550 1254043
2017.05.25  2510 2540 2575 2500 1010160
2017.05.26  2530 2495 2560 2495 595930
2017.05.29  2470 2540 2555 2465 797700
2017.05.30  2470 2470 2515 2425 767135
2017.05.31  2485 2470 2580 2460 889874
2017.06.01  2505 2470 2540 2455 716436
2017.06.02  2490 2485 2515 2480 317360
2017.06.05  2490 2490 2520 2465 403516
2017.06.07  2485 2480 2580 2465 635916
2017.06.08  2480 2490 2535 2480 689432
2017.06.09  2475 2485 2510 2460 466313
2017.06.12  2505 2475 2620 2475 1608079
2017.06.13  2530 2505 2550 2505 817961
2017.06.14  2560 2540 2580 2525 776070
2017.06.15  2555 2570 2605 2540 596214
2017.06.16  2335 2565 2575 2310 2972426
2017.06.19  2320 2330 2335 2250 1820451
2017.06.20  2285 2325 2375 2235 1346294
2017.06.21  2330 2290 2655 2175 9555167
2017.06.22  2255 2295 2340 2230 1689655
2017.06.23  2255 2270 2310 2230 1059584
2017.06.26  2150 2240 2265 2125 924182
2017.06.27  2165 2155 2215 2095 628343
2017.06.28  2225 2160 2370 2160 3066708
2017.06.29  2240 2210 2290 2210 925791
2017.06.30  2280 2220 2550 2175 7216119
2017.07.03  1885 1870 1955 1865 15604145
2017.07.04  1860 1895 1930 1850 3024707
2017.07.05  1895 1855 1895 1815 2713303
2017.07.06  1910 1890 1965 1875 4189787
2017.07.07  1920 1915 1940 1880 1770089
2017.07.10  1840 1930 1940 1830 2666742
2017.07.11  1800 1820 1865 1790 1741974
2017.07.12  1720 1800 1810 1710 1599323
2017.07.13  1755 1720 1765 1660 2021084
2017.07.14  1815 1780 2010 1730 17518552
2017.07.17  1780 1810 1820 1760 1746496
2017.07.18  1800 1790 1810 1760 1180471
2017.07.19  1800 1790 1835 1790 1121543
2017.07.20  1820 1815 1835 1795 1011808
2017.07.21  1800 1820 1820 1785 876236
2017.07.24  1800 1800 1810 1780 567452
2017.07.25  1755 1795 1820 1750 1127687
2017.07.26  1715 1735 1790 1715 977270
2017.07.27  1715 1720 1755 1705 860644
2017.07.28  1690 1715 1730 1670 872350
2017.07.31  1660 1680 1705 1635 863252
2017.08.01  1725 1660 1730 1630 725623
2017.08.02  1710 1710 1770 1710 831813
2017.08.03  1675 1705 1720 1645 887100
2017.08.04  1760 1655 1920 1655 15009736
2017.08.07  1760 1765 1785 1725 1986100
2017.08.08  1765 1750 1800 1740 1432240
2017.08.09  1695 1765 1790 1685 1554882
2017.08.10  1685 1680 1710 1650 1219226
2017.08.11  1650 1655 1695 1640 1016832
2017.08.14  1650 1630 1705 1620 1299248
2017.08.16  1625 1630 1685 1615 1013222
2017.08.17  1635 1620 1650 1615 536398
2017.08.18  1650 1625 1680 1615 596856
2017.08.21  1655 1670 1680 1640 585926
2017.08.22  1645 1655 1675 1640 504555
2017.08.23  1625 1645 1670 1625 547278
2017.08.24  1630 1620 1645 1615 459363
2017.08.25  1655 1635 1705 1620 1268795
