2008.07.24  44200 43000 45000 40600 719778
2008.07.25  42500 44400 44400 40850 277533
2008.07.28  42300 42500 42800 41250 75113
2008.07.29  41800 41100 42950 40250 96144
2008.07.30  41850 41950 42400 41050 55115
2008.07.31  41300 42300 42350 40700 107832
2008.08.01  43600 41350 44000 41200 253849
2008.08.04  44300 43400 44450 42900 103430
2008.08.05  44600 43500 44600 43050 55979
2008.08.06  46250 44900 46800 44650 205922
2008.08.07  46750 45900 46800 45650 157508
2008.08.08  48300 46200 48400 46200 182115
2008.08.11  48600 48850 48850 47300 126468
2008.08.12  48500 48600 48700 48000 51041
2008.08.13  49200 48700 49300 47850 142522
2008.08.14  50100 49200 50500 49150 116770
2008.08.18  50900 50100 54700 50000 145278
2008.08.19  50800 50800 51600 48950 68393
2008.08.20  51300 50300 52500 49950 88923
2008.08.21  50000 51900 51900 48950 107910
2008.08.22  48500 49500 49700 46900 67808
2008.08.25  47600 48900 49300 47350 47032
2008.08.26  47700 46800 48100 46800 80013
2008.08.27  47800 47200 48400 46600 49872
2008.08.28  48000 47900 50500 47400 69952
2008.08.29  50500 48900 51900 48600 84648
2008.09.01  44850 50500 50500 44850 104104
2008.09.02  44600 44500 46400 43200 53976
2008.09.03  47600 44100 47600 44100 49218
2008.09.04  48200 46600 48300 46600 45081
2008.09.05  48800 47250 49300 46900 53749
2008.09.08  49200 49400 49700 48000 66191
2008.09.09  48550 49350 49750 47600 32780
2008.09.10  48800 48000 49200 47150 26213
2008.09.11  49600 49100 49850 48100 58802
2008.09.12  49600 49900 50200 49000 43720
2008.09.16  46950 44100 47500 44100 23571
2008.09.17  46900 47950 47950 46900 31400
2008.09.18  46000 45300 46250 44300 42140
2008.09.19  48000 46850 48000 46850 41834
2008.09.22  47900 48500 48900 46950 21790
2008.09.23  49000 47150 49300 47150 33586
2008.09.24  51000 49500 51500 48350 59833
2008.09.25  52000 51300 53000 50400 62780
2008.09.26  51900 51900 51900 50600 39605
2008.09.29  51800 51900 52800 50800 25748
2008.09.30  54300 48100 54500 48100 74329
2008.10.01  52900 53700 55700 52500 40499
2008.10.02  53500 53300 53500 52000 38466
2008.10.06  51100 53200 53200 50700 47115
2008.10.07  51800 50800 52000 50100 56175
2008.10.08  51500 50300 53300 49800 77430
2008.10.09  52200 50600 52400 50300 29330
2008.10.10  54500 51700 56000 49000 45159
2008.10.13  53200 54400 56900 51200 51856
2008.10.14  51900 54500 54500 51200 117438
2008.10.15  52000 51000 52900 50800 29261
2008.10.16  46300 49000 50100 45000 39740
2008.10.17  46300 48450 48700 45000 40796
2008.10.20  48000 47900 48000 44100 38885
2008.10.21  48450 48500 49450 47650 40502
2008.10.22  45150 48400 48400 43200 15676
2008.10.23  44700 42300 45000 38400 76591
2008.10.24  44500 43000 44500 38000 73699
2008.10.27  42500 39100 43400 39100 57978
2008.10.28  40800 39600 44000 39250 63585
2008.10.29  38000 42600 44000 38000 48316
2008.10.30  43700 40900 43700 39200 44000
2008.10.31  46900 45000 48000 43800 43736
2008.11.03  44800 46850 48400 44750 44939
2008.11.04  45900 45300 46000 43750 30133
2008.11.05  45300 46500 47400 45300 42740
2008.11.06  41900 43700 43700 40800 20468
2008.11.07  40950 40900 42150 38100 61849
2008.11.10  40000 41000 41750 39700 51273
2008.11.11  38300 39700 40000 38150 48081
2008.11.12  37200 38500 39200 37000 67065
2008.11.13  35100 35200 36000 33500 37596
2008.11.14  40350 36500 40350 36200 114515
2008.11.17  40700 41500 41500 38850 62006
2008.11.18  38700 40100 40300 38700 19911
2008.11.19  39350 39700 39900 38600 27621
2008.11.20  35000 38000 38500 34950 27636
2008.11.21  39000 34000 39300 33500 25171
2008.11.24  38800 39000 40100 38250 15721
2008.11.25  37800 40000 40450 36700 22003
2008.11.26  38500 37750 38500 35900 31760
2008.11.27  38350 39950 39950 37600 26201
2008.11.28  39350 38750 39350 37950 25508
2008.12.01  37850 38700 39750 37600 22175
2008.12.02  35850 36350 36450 35700 28627
2008.12.03  34900 36150 36700 34850 23479
2008.12.04  34200 35450 36050 34200 14151
2008.12.05  35000 34000 36350 32600 109003
2008.12.08  34700 35950 36000 34300 225044
2008.12.09  36000 35150 36500 34600 159558
2008.12.10  35700 36350 36850 35700 113332
2008.12.11  37150 36150 37550 35700 145499
2008.12.12  35900 36850 37850 35000 62582
2008.12.15  39700 36450 39750 36450 107449
2008.12.16  40200 39650 41800 38800 120701
2008.12.17  40500 41500 41500 39200 62671
2008.12.18  39000 40200 41000 38850 50502
2008.12.19  38700 38500 39600 38200 55021
2008.12.22  38800 39400 39400 38550 33041
2008.12.23  39000 38700 39200 38050 36311
2008.12.24  37200 38950 38950 37200 22184
2008.12.26  36650 36750 37200 35750 23724
2008.12.29  36700 36250 36850 35400 21870
2008.12.30  37500 36750 38700 36750 77491
2009.01.02  39000 38300 39000 37650 37552
2009.01.05  39150 39500 39500 38600 53758
2009.01.06  42000 39300 42000 38800 132731
2009.01.07  43950 42750 44000 41550 91674
2009.01.08  45000 42700 45800 42250 49654
2009.01.09  44000 45100 45500 43150 42960
2009.01.12  42500 43500 43650 41700 25230
2009.01.13  41800 42300 42500 41600 22115
2009.01.14  43900 41600 45700 41600 77823
2009.01.15  43500 43000 45100 42300 99748
2009.01.16  47000 44500 49100 43500 145822
2009.01.19  49500 48500 51500 47200 129775
2009.01.20  50500 50900 51500 48500 125863
2009.01.21  50500 48300 51300 48300 85263
2009.01.22  49900 51000 51900 48400 113933
2009.01.23  50900 49300 51500 49300 78832
2009.01.28  51600 50700 53000 50700 65188
2009.01.29  51200 52700 53000 49000 57267
2009.01.30  51300 50000 51900 49900 44154
2009.02.02  51000 50300 51700 50100 68332
2009.02.03  49300 51800 52300 49250 113776
2009.02.04  49300 49700 50800 48500 98110
2009.02.05  48600 49200 49350 48100 56448
2009.02.06  48200 49500 49700 46250 148137
2009.02.09  47000 48200 48450 46450 48816
2009.02.10  48500 47000 48900 46250 44195
2009.02.11  52400 47200 52400 47200 135442
2009.02.12  55000 52900 56700 51200 299718
2009.02.13  63200 55000 63200 55000 221297
2009.02.16  64000 66500 71000 63300 237434
2009.02.17  62600 64700 65600 60600 240285
2009.02.18  68700 62500 70500 61000 184563
2009.02.19  65000 69000 71900 63000 144486
2009.02.20  58500 63100 65500 57500 198096
2009.02.23  63900 59400 64800 58600 105135
2009.02.24  61500 61300 66100 61300 128083
2009.02.25  61500 64500 65800 61000 63823
2009.02.26  62400 61700 63600 59100 56613
2009.02.27  60800 59700 61900 59200 174325
2009.03.02  58000 60500 60500 58000 81703
2009.03.03  58600 55700 61000 55700 56539
2009.03.04  63500 58800 66100 58500 114378
2009.03.05  66700 64200 68500 64000 90582
2009.03.06  69300 65700 70700 65400 105225
2009.03.09  71800 71000 72900 70300 47505
2009.03.10  68000 71800 72000 63400 206375
2009.03.11  67900 68400 70200 66200 115603
2009.03.12  67500 68700 69700 67300 57838
2009.03.13  68700 68100 69400 67600 49436
2009.03.16  66100 67800 69100 64800 95760
2009.03.17  65400 65300 67200 64800 84810
2009.03.18  65400 65200 66300 64100 235816
2009.03.19  63500 65700 65900 63500 95282
2009.03.20  65500 63300 67000 63300 89138
2009.03.23  66500 66500 68300 65900 71491
2009.03.24  66000 67500 67900 64700 73136
2009.03.25  67500 66000 67700 65200 71017
2009.03.26  68100 68100 69600 66800 154387
2009.03.27  66400 68900 68900 66300 119123
2009.03.30  65500 66900 66900 63600 68710
2009.03.31  66800 65200 68100 64100 99474
2009.04.01  67200 67400 68700 66500 96831
2009.04.02  72500 68600 73700 68500 154231
2009.04.03  68900 72500 72500 68900 126797
2009.04.06  69300 68900 71400 68800 66811
2009.04.07  73300 70000 73300 69400 65099
2009.04.08  79000 72500 80300 71600 119816
2009.04.09  85200 80900 90800 78300 241817
2009.04.10  84800 85300 90300 81600 166762
2009.04.13  90000 85000 90000 82100 117966
2009.04.14  86700 90000 90500 84700 115152
2009.04.15  86700 85800 88000 81000 90600
2009.04.16  85900 87900 89500 84800 62126
2009.04.17  85900 86000 87700 83200 50039
2009.04.20  86000 86600 86600 82700 56014
2009.04.21  85000 84700 85600 83800 50277
2009.04.22  91000 85500 92000 85200 90344
2009.04.23  94000 91800 95500 89000 58242
2009.04.24  93100 94100 94600 91600 35690
2009.04.27  93500 93800 95700 92100 30051
2009.04.28  92000 92600 93900 90100 36645
2009.04.29  98800 91200 98800 91200 51392
2009.04.30  99300 99400 101500 98000 34055
2009.05.04  97300 100000 100000 96100 54488
2009.05.06  94500 98400 98400 94500 47706
2009.05.07  92800 94600 96400 89700 172263
2009.05.08  94200 92800 94600 91200 82841
2009.05.11  93900 94200 94200 92500 31722
2009.05.12  98000 93500 98000 93100 55309
2009.05.13  97100 97500 99100 97100 49891
2009.05.14  98200 96300 98200 94100 41592
2009.05.15  112500 99500 112500 98200 237073
2009.05.18  112000 114500 115000 105000 162573
2009.05.19  111500 114000 120000 108000 147100
2009.05.20  115000 111000 115000 108000 64400
2009.05.21  116000 115000 122500 113000 124815
2009.05.22  113000 115000 121000 112000 108077
2009.05.25  118000 110500 120000 107000 89070
2009.05.26  127500 119000 135000 114500 177213
2009.05.27  132000 130000 140000 126500 154564
2009.05.28  128500 132000 142000 127500 147790
2009.05.29  130500 133000 137000 127500 73812
2009.06.01  135500 130500 137500 130500 65266
2009.06.02  128500 139000 139500 127000 162081
2009.06.03  123000 129000 131000 121000 102383
2009.06.04  120000 123000 129500 120000 94489
2009.06.05  124500 122500 124500 116000 92796
2009.06.08  124500 123500 125500 121500 38671
2009.06.09  122000 125500 125500 118000 65820
2009.06.10  123000 122000 123000 119000 57193
2009.06.11  120000 122500 122500 117000 101564
2009.06.12  116000 119000 120500 116000 73971
2009.06.15  114000 116000 116500 112000 68852
2009.06.16  113000 113000 117500 112000 63361
2009.06.17  114500 111500 115500 110500 56747
2009.06.18  119500 114500 122000 114500 113826
2009.06.19  123000 121500 123000 119000 80902
2009.06.22  121000 122000 123000 118500 52846
2009.06.23  118000 118000 119500 115500 40190
2009.06.24  117500 118000 119500 109000 98948
2009.06.25  117000 115500 120000 114000 77970
2009.06.26  123500 118000 127000 116000 132329
2009.06.29  126000 126500 132000 125000 92564
2009.06.30  127000 129000 129000 123000 48575
2009.07.01  130000 128000 134000 125000 135335
2009.07.02  131500 130000 134500 127500 125800
2009.07.03  132500 129500 133000 128000 60873
2009.07.06  134500 131500 136000 131500 71922
2009.07.07  140000 136500 142000 134500 111371
2009.07.08  138500 139500 145500 137500 109159
2009.07.09  134000 140000 140000 132000 129116
2009.07.10  133000 133000 133500 127000 99051
2009.07.13  125500 130500 132500 122000 97635
2009.07.14  124000 127000 127500 117000 171616
2009.07.15  124000 124000 129000 121000 109635
2009.07.16  123500 126500 127000 121000 157539
2009.07.17  124000 123500 127000 123500 87924
2009.07.20  126000 126000 126500 122000 160024
2009.07.21  129500 128000 133000 127000 254742
2009.07.22  122000 129500 130500 121500 277879
2009.07.23  116500 122500 123000 112500 408560
2009.07.24  111000 117500 122000 111000 290841
2009.07.27  121000 111500 121000 110000 404664
2009.07.28  122000 122000 125000 118500 250867
2009.07.29  125000 120500 127000 119000 334272
2009.07.30  119500 123000 123500 118500 363446
2009.07.31  123000 121500 123500 119000 310920
2009.08.03  120500 123000 124000 119000 219969
2009.08.04  116000 122000 122000 115500 332271
2009.08.05  119000 116500 122500 116000 370344
2009.08.06  121000 120000 123000 119500 179061
2009.08.07  119000 121000 121500 118000 131358
2009.08.10  120500 121000 121000 118500 109708
2009.08.11  126000 120000 126500 118000 361155
2009.08.12  130000 126500 130500 125000 484130
2009.08.13  117500 120000 122500 117500 2797076
2009.08.14  117500 119000 122000 115000 641074
2009.08.17  117500 118500 121000 116000 381902
2009.08.18  115000 118000 120000 112000 368462
2009.08.19  106500 116500 116500 106500 604086
2009.08.20  111000 109000 112000 106000 460609
2009.08.21  112500 113000 115000 110000 310722
2009.08.24  116000 115000 116500 113000 400550
2009.08.25  120500 116500 122000 115000 616411
2009.08.26  127500 122000 128000 121500 719122
2009.08.27  121000 127500 127500 120000 356964
2009.08.28  123000 124000 124500 121500 390183
2009.08.31  121000 124500 127500 121000 523347
2009.09.01  138000 124000 139000 123000 1612690
2009.09.02  152000 136000 153000 136000 1929368
2009.09.03  147000 153500 157000 145500 1005015
2009.09.04  152500 150000 156500 145000 867107
2009.09.07  160000 152500 161000 148500 757233
2009.09.08  152500 160500 162000 150000 821522
2009.09.09  142500 152000 152000 142500 659575
2009.09.10  144500 143500 148500 140500 487681
2009.09.11  144500 145500 151500 143000 561536
2009.09.14  136000 145000 145500 136000 479121
2009.09.15  148000 140000 148000 138000 474502
2009.09.16  146500 152000 152000 145000 537349
2009.09.17  142500 148000 150000 139500 638413
2009.09.18  145000 142000 147000 141000 369260
2009.09.21  141000 145000 145500 140000 219812
2009.09.22  146500 140000 147000 140000 357980
2009.09.23  148500 148000 151000 144500 489855
2009.09.24  140500 147000 147000 140000 449814
2009.09.25  144500 140000 145000 136500 369862
2009.09.28  140000 143000 148000 140000 318092
2009.09.29  138500 143500 144500 138500 332121
2009.09.30  127000 137000 139000 125500 925278
2009.10.01  117500 127500 128500 117500 593413
2009.10.05  113000 116500 118500 111500 612841
2009.10.06  114500 115500 119000 113500 492605
2009.10.07  113000 119000 120500 113000 506673
2009.10.08  123000 116000 123000 113500 447600
2009.10.09  123000 123500 124500 121000 308568
2009.10.12  123000 125000 126500 122000 186421
2009.10.13  121000 123500 123500 118500 199556
2009.10.14  127500 122500 127500 122000 307372
2009.10.15  125500 128000 128500 124500 197568
2009.10.16  120000 126000 127000 120000 195274
2009.10.19  127500 118500 127500 118500 296919
2009.10.20  130000 127500 132000 126000 451012
2009.10.21  132000 129000 132000 126500 247881
2009.10.22  128500 130000 131500 128500 133342
2009.10.23  125500 129000 129500 122000 372622
2009.10.26  125500 123500 128000 122000 224789
2009.10.27  115000 115500 119000 114000 779711
2009.10.28  108000 114000 115000 107000 519368
2009.10.29  110500 105000 110500 102500 349537
2009.10.30  108500 112500 113000 108000 194169
2009.11.02  104000 104000 107500 103500 146546
2009.11.03  103000 106000 107500 103000 140797
2009.11.04  108500 103500 108500 103000 152990
2009.11.05  104000 106500 107500 103500 138527
2009.11.06  104500 107000 107500 103500 103716
2009.11.09  96500 104500 104500 96400 728672
2009.11.10  96400 98300 98700 96400 294962
2009.11.11  97500 97300 98800 96100 236785
2009.11.12  95100 97800 98300 95000 307195
2009.11.13  89500 95100 95700 88900 675176
2009.11.16  90100 90000 91800 88300 366963
2009.11.17  87400 90800 91500 87400 426336
2009.11.18  86800 87600 89400 85000 606228
2009.11.19  91700 87300 91700 87100 593598
2009.11.20  92600 91200 93800 90500 445381
2009.11.23  93400 92600 94100 91700 259806
2009.11.24  93000 94700 94800 92400 266461
2009.11.25  94700 93500 94700 92600 194657
2009.11.26  92800 94900 95600 92800 222619
2009.11.27  86000 90000 91200 85500 275716
2009.11.30  88200 88000 89400 87700 204131
2009.12.01  82500 88000 88800 81200 607266
2009.12.02  84400 83400 85100 82300 443639
2009.12.03  91000 85600 91200 85200 613078
2009.12.04  94500 91100 95600 90500 626039
2009.12.07  95300 95800 96700 94900 257549
2009.12.08  96100 95500 96600 95500 218639
2009.12.09  93700 94400 94500 91800 381732
2009.12.10  94800 93500 95100 92600 243808
2009.12.11  100000 95000 101000 95000 477551
2009.12.14  103000 101000 104500 100000 295583
2009.12.15  100000 102000 105000 100000 305941
2009.12.16  100000 101000 102000 97700 245702
2009.12.17  98000 100000 101000 98000 214766
2009.12.18  99900 96500 100000 96500 204540
2009.12.21  99800 100000 101500 99300 139742
2009.12.22  99400 100500 101000 98300 135187
2009.12.23  98000 100000 100000 97700 224860
2009.12.24  97400 98300 99200 97300 215971
2009.12.28  95600 96600 97000 95600 186201
2009.12.29  96300 95100 98100 95000 171193
2009.12.30  99100 97000 100500 97000 303131
2010.01.04  99900 99900 100500 98200 170446
2010.01.05  109500 102000 112500 101500 1055852
2010.01.06  111000 111000 113000 108000 446831
2010.01.07  104500 112000 113500 104000 536859
2010.01.08  107500 105500 108000 102500 272254
2010.01.11  105000 109000 109000 103500 223870
2010.01.12  110000 104000 110000 104000 250667
2010.01.13  110000 108500 111000 108000 206186
2010.01.14  103500 109000 109000 102000 543378
2010.01.15  104500 105000 108000 104000 187699
2010.01.18  106000 104000 106500 103000 143900
2010.01.19  100000 105000 107000 99800 393320
2010.01.20  97100 101000 101500 97000 295485
2010.01.21  98400 97000 99200 95400 165033
2010.01.22  97600 96600 98200 96500 115462
2010.01.25  94700 96500 96600 94500 176424
2010.01.26  90200 95100 95500 89500 211116
2010.01.27  88000 90000 90200 87600 203232
2010.01.28  93000 88000 94500 87300 196338
2010.01.29  89500 91500 91600 89200 108990
2010.02.01  90400 89500 91800 89100 104631
2010.02.02  90100 91100 93400 90100 93464
2010.02.03  90700 92000 92000 90200 59950
2010.02.04  88500 90800 91000 88500 117134
2010.02.05  84600 85000 86500 84300 145632
2010.02.08  81600 85000 85200 81600 170436
2010.02.09  83800 81400 83800 81200 138453
2010.02.10  86000 84900 87000 83800 124586
2010.02.11  86500 86400 87100 84500 71692
2010.02.12  86000 86500 87300 85200 72993
2010.02.16  87600 86000 88300 85600 69743
2010.02.17  88200 89000 89100 88200 91054
2010.02.18  87900 88700 88700 87300 42739
2010.02.19  85400 87000 87900 85400 91634
2010.02.22  87100 86600 88100 86300 70668
2010.02.23  92300 87900 92600 87900 297305
2010.02.24  95000 91500 95300 91300 221615
2010.02.25  91300 95400 95700 91200 154551
2010.02.26  98600 92700 99400 92600 472022
2010.03.02  98900 99800 101000 97100 210297
2010.03.03  98900 98100 100500 97500 150166
2010.03.04  101500 99700 103000 99300 235981
2010.03.05  101000 102000 102000 99700 126307
2010.03.08  98800 102000 102000 98300 255760
2010.03.09  100500 98900 101500 97800 184828
2010.03.10  101500 101000 102000 99100 124329
2010.03.11  99400 101500 102500 99400 130587
2010.03.12  99400 99500 100000 97400 159064
2010.03.15  99400 99500 100500 98600 81668
2010.03.16  97800 98700 99500 97400 142386
2010.03.17  104000 98600 104000 98300 371493
2010.03.18  104000 104500 106500 103500 305602
2010.03.19  108500 105500 108500 104500 253016
2010.03.22  109500 108000 110500 107500 357894
2010.03.23  115000 112000 117000 111000 571097
2010.03.24  123500 118000 125000 117500 795546
2010.03.25  124000 122500 125000 119500 324416
2010.03.26  123000 124000 126000 122000 206345
2010.03.29  125000 121000 129000 121000 268170
2010.03.30  124500 127000 127500 122000 200755
2010.03.31  128500 125500 130000 124500 329909
2010.04.01  130500 128000 131500 126000 394512
2010.04.02  133500 131000 133500 129000 298047
2010.04.05  136000 134000 137000 130500 218982
2010.04.06  134500 136500 137500 134000 166004
2010.04.07  137000 135000 137000 132000 234956
2010.04.08  142000 137000 142500 136000 433690
2010.04.09  140500 141000 142000 137000 363605
2010.04.12  131500 140000 140000 131500 479385
2010.04.13  131500 132500 136000 130500 283298
2010.04.14  134500 134000 138000 133000 283984
2010.04.15  133500 135500 135500 129000 235332
2010.04.16  132500 132500 134000 131000 130698
2010.04.19  135000 130000 135500 129000 202797
2010.04.20  143000 136000 143000 135000 546496
2010.04.21  151500 144500 153500 144000 558098
2010.04.22  151000 150500 153500 150000 216018
2010.04.23  145500 149000 151000 142500 581568
2010.04.26  159500 149000 161000 149000 514053
2010.04.27  163000 160000 164000 158000 319311
2010.04.28  167000 159500 170000 158000 343005
2010.04.29  165000 169000 175000 163500 475549
2010.04.30  173000 165000 173000 162000 451273
2010.05.03  170000 173000 176000 170000 226150
2010.05.04  171000 173000 173000 166000 207985
2010.05.06  165000 165500 168000 161000 272457
2010.05.07  164500 159000 167000 154500 324939
2010.05.10  164000 167000 167500 162000 267692
2010.05.11  176000 167500 176000 167000 442677
2010.05.12  176000 178500 186500 175000 595763
2010.05.13  183000 175000 183000 173000 283148
2010.05.14  179000 185500 188000 176000 412047
2010.05.17  177500 175000 180500 173000 237517
2010.05.18  170000 179500 182000 167000 346897
2010.05.19  172500 168000 174000 161500 331693
2010.05.20  156500 172500 173500 151500 611731
2010.05.24  147500 155500 158000 135500 545850
2010.05.25  144500 145000 152500 139500 607572
2010.05.26  156500 148500 159000 141000 1467164
2010.05.27  166000 156500 166500 154000 499026
2010.05.28  164000 169500 174000 160500 352822
2010.05.31  162000 163500 166500 160500 235542
2010.06.01  157000 162500 165000 156000 236025
2010.06.03  158000 159000 162000 157000 225999
2010.06.04  166500 158000 169000 157000 363288
2010.06.07  168000 161500 168000 160000 386226
2010.06.08  173000 169500 175000 168000 390030
2010.06.09  171000 173000 175000 170500 266774
2010.06.10  168000 171000 172500 165500 398535
2010.06.11  159000 170500 171000 158000 673291
2010.06.14  160000 162000 166000 160000 370968
2010.06.15  162500 160500 164500 159500 196901
2010.06.16  162000 164500 167000 161000 249385
2010.06.17  163000 162000 165000 159500 344305
2010.06.18  166000 165000 170000 163000 369793
2010.06.21  165000 167000 169000 163500 201280
2010.06.22  164000 166500 169500 164000 245117
2010.06.23  159000 160500 163000 158500 218056
2010.06.24  156500 158500 160000 156000 202735
2010.06.25  156500 155500 160000 155500 231007
2010.06.28  163000 158500 163000 157500 155041
2010.06.29  158500 165000 167000 158500 203264
2010.06.30  162500 155000 162500 155000 230992
2010.07.01  167500 161500 168000 160000 295530
2010.07.02  159000 167500 168000 157500 268818
2010.07.05  154000 158000 159500 152500 320805
2010.07.06  158500 155000 160000 153000 235329
2010.07.07  160000 160500 163000 157000 217730
2010.07.08  161500 163000 163500 159500 166549
2010.07.09  170000 164000 170500 163500 583009
2010.07.12  180500 174000 180500 172500 603731
2010.07.13  178500 182000 185500 178500 365542
2010.07.14  180500 183000 183500 179000 254864
2010.07.15  193000 181000 195500 181000 576625
2010.07.16  189500 194000 196000 188000 372004
2010.07.19  188000 187000 191500 186000 263366
2010.07.20  180000 186000 187500 178500 531052
2010.07.21  178500 181500 183500 176000 347173
2010.07.22  172500 177000 181000 169500 569668
2010.07.23  162500 171500 173500 159000 1219856
2010.07.26  168000 162000 168500 161000 422074
2010.07.27  164000 171000 171500 164000 450182
2010.07.28  164500 168500 171000 162500 456884
2010.07.29  157500 164500 166500 156500 399950
2010.07.30  160000 157500 160500 155000 308181
2010.08.02  161000 161500 162500 158500 262021
2010.08.03  164000 164500 167500 163000 323222
2010.08.04  156500 164500 164500 155000 548651
2010.08.05  142000 158000 158500 141000 1151775
2010.08.06  138500 139500 141000 134000 1251231
2010.08.09  139000 137500 142500 137000 484487
2010.08.10  144000 141500 145500 141000 515537
2010.08.11  135000 142500 142500 135000 569166
2010.08.12  135000 131500 138000 129500 505757
2010.08.13  144000 138000 145000 136500 577333
2010.08.16  146000 143000 146000 140000 369425
2010.08.17  144000 144000 145500 141500 284941
2010.08.18  141500 145500 146000 141500 248414
2010.08.19  143500 144500 148500 141500 516652
2010.08.20  146000 143000 148000 142000 369113
2010.08.23  142500 147500 150500 142000 378025
2010.08.24  143500 141500 143500 137500 427675
2010.08.25  139500 141500 143500 139000 240543
2010.08.26  140500 142000 143000 138000 212836
2010.08.27  137000 139500 141000 135500 268682
2010.08.30  137500 140000 140000 135500 270746
2010.08.31  132000 136000 137000 130000 525287
2010.09.01  133000 132000 136000 129500 470848
2010.09.02  142500 137000 142500 136000 558635
2010.09.03  145500 145000 147500 142500 556659
2010.09.06  145500 148500 150000 144500 304767
2010.09.07  147000 146000 148000 144500 262346
2010.09.08  145500 146000 146000 141000 284144
2010.09.09  141000 144500 145500 138500 499322
2010.09.10  139500 142000 143500 138500 296024
2010.09.13  139500 140500 143000 136500 387652
2010.09.14  134000 140500 141500 133000 498340
2010.09.15  133000 132500 133500 126500 706285
2010.09.16  132500 132000 136500 131000 448048
2010.09.17  143000 135000 143000 135000 750056
2010.09.20  140500 143500 144500 138000 419334
2010.09.24  134000 137500 137500 133500 457717
2010.09.27  134000 136000 138500 133500 308163
2010.09.28  135500 133500 137500 133000 272592
2010.09.29  144000 138000 144500 137500 567371
2010.09.30  140000 144000 144000 139500 352524
2010.10.01  141000 140500 143500 138000 338849
2010.10.04  136500 142500 142500 135500 382220
2010.10.05  134500 135000 136000 133500 244802
2010.10.06  135000 137000 137000 133500 257909
2010.10.07  136500 134000 138000 134000 253990
2010.10.08  136000 137500 137500 134500 202801
2010.10.11  133000 136500 137000 131500 241478
2010.10.12  131500 132500 133500 129500 206616
2010.10.13  131500 133500 135000 130500 211309
2010.10.14  133500 131500 135500 131000 392102
2010.10.15  132500 133500 133500 130000 442486
2010.10.18  133000 132500 134500 131500 343748
2010.10.19  127500 131500 132000 127500 472707
2010.10.20  127000 125500 128000 123500 373652
2010.10.21  131500 128000 132500 126000 504138
2010.10.22  131500 131000 132000 129000 249449
2010.10.25  132000 133000 134000 130500 234853
2010.10.26  133000 132500 137000 130500 441413
2010.10.27  131000 133000 135000 130000 323168
2010.10.28  133500 131500 133500 130000 209500
2010.10.29  130500 131500 132000 128000 289200
2010.11.01  127500 130000 130000 126000 203832
2010.11.02  125000 126000 128500 125000 249900
2010.11.03  124500 125000 127500 124000 202567
2010.11.04  128000 126000 130000 125500 289582
2010.11.05  133000 130500 133000 130000 388788
2010.11.08  132500 134000 134500 129000 195147
2010.11.09  130000 131500 132500 130000 147932
2010.11.10  128500 128500 130000 126000 284406
2010.11.11  126000 127500 130500 126000 410734
2010.11.12  125500 127000 127500 122000 321773
2010.11.15  125000 124000 128000 123000 177024
2010.11.16  123000 125000 126000 122500 152817
2010.11.17  121500 120000 122500 120000 168419
2010.11.18  125500 123000 126000 121000 196102
2010.11.19  124500 125000 126500 123000 183842
2010.11.22  131000 125500 131000 125500 629839
2010.11.23  134000 130500 136000 130000 847314
2010.11.24  135500 130500 136000 130000 595440
2010.11.25  136000 138000 139000 135500 473053
2010.11.26  130500 136000 136000 129000 434842
2010.11.29  131500 130500 132500 129000 164187
2010.11.30  130000 131000 131500 127500 224202
2010.12.01  127500 130000 130000 126000 248402
2010.12.02  129500 129000 130500 128000 173450
2010.12.03  131000 131500 132500 129000 178278
2010.12.06  132000 131500 133000 130000 189785
2010.12.07  131000 132000 132500 130000 166163
2010.12.08  132500 130500 136000 130500 281366
2010.12.09  135500 133500 135500 133000 229816
2010.12.10  135000 135500 136000 133500 153589
2010.12.13  134000 135000 135500 132000 175727
2010.12.14  134500 135000 136500 133500 255615
2010.12.15  133000 134500 134500 131500 173176
2010.12.16  132000 131000 133000 131000 138771
2010.12.17  132500 132500 133000 130500 139909
2010.12.20  129500 130500 131000 128500 192044
2010.12.21  130000 131000 132500 129500 149313
2010.12.22  132000 130000 135000 129000 280695
2010.12.23  132500 133000 133000 131000 105850
2010.12.24  131500 132500 134000 130500 150848
2010.12.27  132500 131000 135500 131000 190628
2010.12.28  132000 134000 134500 132000 170279
2010.12.29  135000 132500 136000 132500 243413
2010.12.30  134000 135500 136000 133000 168693
2011.01.03  136500 135000 137000 134500 284634
2011.01.04  135500 136500 137000 134000 207206
2011.01.05  133500 135500 135500 133000 208050
2011.01.06  133500 133500 135000 132000 199503
2011.01.07  135000 133500 137500 132000 441271
2011.01.10  133500 135500 136000 132500 160642
2011.01.11  133000 133000 133500 131500 125228
2011.01.12  132000 132500 134500 131500 160715
2011.01.13  131000 133000 133000 130000 182241
2011.01.14  130000 131000 131000 128000 206730
2011.01.17  128500 129500 130000 127500 186160
2011.01.18  127500 128000 131000 127500 171455
2011.01.19  130000 128000 130500 126000 208889
2011.01.20  128500 130500 131000 128000 147494
2011.01.21  128000 128000 131500 127500 229517
2011.01.24  135500 128500 136000 128000 727359
2011.01.25  139500 137000 141000 136500 799064
2011.01.26  139500 140500 142000 138000 307732
2011.01.27  139500 141000 141500 138500 280482
2011.01.28  138500 140500 143000 138000 286342
2011.01.31  140500 136000 141000 134500 300834
2011.02.01  144000 141500 146000 141500 544589
2011.02.07  143500 147500 147500 143000 294088
2011.02.08  141000 143000 143500 139500 238699
2011.02.09  138000 142000 142000 136500 284023
2011.02.10  137500 137000 141000 137000 207217
2011.02.11  134000 138000 139000 132500 334511
2011.02.14  135000 135000 136000 133000 195908
2011.02.15  132500 134500 135000 131500 217385
2011.02.16  131000 132000 133500 130000 211951
2011.02.17  132000 132500 135500 130000 313700
2011.02.18  133500 132500 135000 131000 183066
2011.02.21  134500 134500 137000 133000 228308
2011.02.22  132000 133500 133500 130500 165329
2011.02.23  131000 131000 133000 129000 196699
2011.02.24  130000 129500 130000 128000 118915
2011.02.25  129500 130000 130500 128000 117420
2011.02.28  127500 129000 130000 127000 171046
2011.03.02  125500 125000 127000 125000 228227
2011.03.03  126500 127000 127500 125000 276226
2011.03.04  123000 126000 126500 120500 532622
2011.03.07  120000 122500 123000 118500 311017
2011.03.08  118500 119000 120000 116500 355454
2011.03.09  117000 118500 119000 115500 260079
2011.03.10  115500 117000 117000 113000 300629
2011.03.11  116500 114000 117500 114000 189342
2011.03.14  115000 115500 117000 113500 207937
2011.03.15  112000 114000 116500 105500 379703
2011.03.16  113000 113000 114500 111500 207677
2011.03.17  113000 110500 114000 110500 182536
2011.03.18  113500 113500 115000 112500 237581
2011.03.21  115000 114000 116000 113500 190149
2011.03.22  115000 116500 117000 114000 150345
2011.03.23  115500 115500 116000 112500 141375
2011.03.24  114500 116000 116500 113500 151333
2011.03.25  115000 115500 116500 114000 175096
2011.03.28  114500 115000 117000 114500 128324
2011.03.29  114000 114000 115000 113500 157129
2011.03.30  115000 114000 115000 113500 121106
2011.03.31  116500 115500 118000 115000 221582
2011.04.01  119000 117000 119000 116000 274972
2011.04.04  118000 119500 119500 117000 159022
2011.04.05  118000 117500 119000 117000 169515
2011.04.06  115500 118000 118000 115000 283429
2011.04.07  115000 115000 115000 113500 147735
2011.04.08  115500 114500 117500 113500 166814
2011.04.11  114500 116000 116500 114000 108267
2011.04.12  114500 115000 116500 114000 153293
2011.04.13  115500 115000 116000 114500 86098
2011.04.14  114500 115500 115500 113000 169764
2011.04.15  115000 114000 115000 113000 110624
2011.04.18  113000 114500 115000 112000 149080
2011.04.19  117500 112000 118500 111500 362334
2011.04.20  118000 117500 119000 115500 350641
2011.04.21  116500 120000 120500 115500 295692
2011.04.22  116000 116500 117000 113000 172620
2011.04.25  115500 116000 117000 114500 108566
2011.04.26  113500 114500 115000 113000 157160
2011.04.27  111500 113500 113500 111500 210347
2011.04.28  110500 112500 114500 108500 245383
2011.04.29  108000 109500 110000 106000 201425
2011.05.02  107000 107000 108500 105500 246573
2011.05.03  106500 106000 108500 106000 140362
2011.05.04  105500 106500 107000 105000 156968
2011.05.06  103000 104000 104500 102000 196063
2011.05.09  101000 103000 103500 100000 182708
2011.05.11  104500 100000 107000 99900 316726
2011.05.12  104500 103500 106500 103500 243348
2011.05.13  108000 106000 111000 104500 394865
2011.05.16  108000 108000 109500 107000 154828
2011.05.17  106500 107000 108000 105500 124432
2011.05.18  106000 106000 107500 105000 187987
2011.05.19  104500 106500 106500 102500 156769
2011.05.20  103000 104000 104500 102500 69842
2011.05.23  101000 102500 102500 100000 106965
2011.05.24  101500 99700 102000 99700 89139
2011.05.25  99200 101500 102000 98000 184341
2011.05.26  99400 99200 100500 98600 123617
2011.05.27  99200 99200 100500 98800 80784
2011.05.30  98900 100000 100000 96800 113108
2011.05.31  98100 98900 99700 97500 164819
2011.06.01  99900 98100 101500 98100 179010
2011.06.02  98400 98500 98600 97700 96466
2011.06.03  97000 98400 99300 96200 127218
2011.06.07  96000 96200 96500 94600 117557
2011.06.08  94600 95000 95900 94000 107835
2011.06.09  97500 95500 99600 95200 213153
2011.06.10  95700 97600 97900 95200 103433
2011.06.13  94600 94500 94900 93200 86144
2011.06.14  95100 94100 95400 94100 46254
2011.06.15  95000 95100 96600 94600 63300
2011.06.16  93800 94100 94600 92800 104212
2011.06.17  94700 93800 94700 92100 131427
2011.06.20  93200 94000 94500 92600 80173
2011.06.21  93900 92500 93900 92200 91767
2011.06.22  95000 95000 96500 94600 85551
2011.06.23  94200 94500 95800 94200 37643
2011.06.24  96500 94500 98600 94400 164619
2011.06.27  97000 96100 97400 95600 61493
2011.06.28  96000 97400 98000 95500 69643
2011.06.29  96800 96700 97600 96200 37072
2011.06.30  96400 96700 96800 95000 76323
2011.07.01  97400 97200 98200 97000 86370
2011.07.04  98700 98000 100500 97900 172116
2011.07.05  98800 98100 99400 97600 114268
2011.07.06  97700 98300 98300 96800 80810
2011.07.07  96600 97200 97700 96100 102674
2011.07.08  96100 96900 97100 95600 82664
2011.07.11  96000 96100 97300 95900 66980
2011.07.12  94200 94600 95400 93600 100034
2011.07.13  94400 94000 94600 92500 125875
2011.07.14  94200 94200 94200 92800 58493
2011.07.15  94800 93500 95500 93100 52538
2011.07.18  94000 95500 95500 93700 49055
2011.07.19  94500 93400 95600 93400 45582
2011.07.20  96300 95900 97500 95000 125081
2011.07.21  95900 96400 97000 95300 76114
2011.07.22  95400 96400 97000 95000 83278
2011.07.25  94000 95400 95400 93100 158884
2011.07.26  94400 94000 94700 93400 59295
2011.07.27  96400 94900 98400 93700 201016
2011.07.28  94100 94300 94400 93300 129945
2011.07.29  93500 94100 94300 93000 53965
2011.08.01  94000 93900 94300 93500 78657
2011.08.02  93200 93100 93200 92300 107287
2011.08.03  91500 91900 92000 90100 147539
2011.08.04  89800 91400 91500 89500 109555
2011.08.05  87500 86300 87500 85400 162473
2011.08.08  84900 86300 87100 81200 190582
2011.08.09  76000 82700 82700 72200 556335
2011.08.10  76000 78500 79500 75500 228471
2011.08.11  76600 71200 77200 71200 297837
2011.08.12  75000 78000 78500 75000 131328
2011.08.16  79400 77700 79400 76600 115950
2011.08.17  78900 78400 79900 78100 67129
2011.08.18  75400 78500 78700 74000 130184
2011.08.19  68900 72600 72900 68600 134502
2011.08.22  65800 67900 69900 65300 221763
2011.08.23  67600 65600 69000 64100 181831
2011.08.24  66400 68200 68800 66400 102607
2011.08.25  68800 68300 71200 68000 179079
2011.08.26  68200 68300 69600 67600 59168
2011.08.29  72000 69700 73600 69100 148028
2011.08.30  73000 72800 74300 72100 93922
2011.08.31  71600 73200 73200 70000 157158
2011.09.01  70700 71700 73000 69500 157758
2011.09.02  69500 69700 70700 69200 55052
2011.09.05  64400 67400 68500 64400 92965
2011.09.06  60300 62200 62800 59800 158943
2011.09.07  63100 61800 64200 61500 146289
2011.09.08  62600 64600 65300 62500 132337
2011.09.09  60800 61300 62900 60800 75019
2011.09.14  58800 59500 60900 58800 120896
2011.09.15  56800 60000 60500 56300 113454
2011.09.16  61300 58400 61500 58000 131867
2011.09.19  60400 60900 61400 59800 64265
2011.09.20  67200 59000 68800 58700 315014
2011.09.21  68700 67200 71500 66000 218000
2011.09.22  64800 66700 67600 64800 131147
2011.09.23  58800 61500 61900 58800 360380
2011.09.26  56200 60000 60600 56200 222744
2011.09.27  60800 58300 60800 58200 141169
2011.09.28  58400 61600 62000 58400 153280
2011.09.29  64200 58400 65800 58100 334177
2011.09.30  64000 64200 65700 63300 174169
2011.10.04  60700 60000 61500 58900 187175
2011.10.05  59500 61900 64700 59500 256983
2011.10.06  65500 64200 68300 62900 502552
2011.10.07  66500 67800 68000 65200 228652
2011.10.10  70000 67100 70500 67100 242261
2011.10.11  70200 71400 72200 69200 209320
2011.10.12  71000 69000 71000 68300 130317
2011.10.13  70900 72200 72400 70600 152204
2011.10.14  70100 70000 70400 69000 129640
2011.10.17  70700 70200 70900 68800 130694
2011.10.18  69200 68800 69700 67500 112864
2011.10.19  69800 69600 70200 68200 94264
2011.10.20  67200 69700 73200 67200 254820
2011.10.21  70600 69000 71900 68100 220582
2011.10.24  74300 71500 74300 70300 205633
2011.10.25  74300 74400 75900 73400 130068
2011.10.26  75200 72900 75800 72700 106269
2011.10.27  75900 75600 76500 73900 145208
2011.10.28  76600 77000 77700 75600 156887
2011.10.31  74400 76500 76800 73700 109525
2011.11.01  73600 72500 74900 72100 120851
2011.11.02  71700 71500 71900 70200 109868
2011.11.03  68500 71800 71800 62800 281530
2011.11.04  70700 68800 70900 68200 165838
2011.11.07  73100 69600 74900 68800 206440
2011.11.08  71500 74500 74500 70800 71338
2011.11.09  70100 71600 72500 69100 73439
2011.11.10  62200 67200 67300 62200 467124
2011.11.11  62600 63200 63800 60600 313180
2011.11.14  64000 63000 64300 63000 181277
2011.11.15  62300 63100 64100 61900 135041
2011.11.16  61800 62600 64600 61600 152037
2011.11.17  63300 62400 63800 61500 183390
2011.11.18  63400 62000 63800 61200 168598
2011.11.21  67900 64700 69900 64300 482094
2011.11.22  66600 67900 69100 65600 258658
2011.11.23  63300 66200 66400 62700 279880
2011.11.24  62300 63300 63400 61500 128166
2011.11.25  62300 62700 64300 61900 127297
2011.11.28  64600 63600 65800 62600 169074
2011.11.29  68000 65500 68500 64800 251949
2011.11.30  67700 67600 68800 66600 155871
2011.12.01  71000 70100 71000 69400 312650
2011.12.02  71500 70700 71500 69700 106796
2011.12.05  70100 71700 71900 69500 96421
2011.12.06  70300 70000 73300 69600 172432
2011.12.07  72600 71100 74400 71000 223605
2011.12.08  70600 72500 72500 69800 138565
2011.12.09  68100 68800 69700 68100 93638
2011.12.12  71600 69900 71800 69300 162775
2011.12.13  73100 70500 73800 70300 203463
2011.12.14  73100 73600 74700 71900 206156
2011.12.15  71600 72100 72500 70700 96692
2011.12.16  73100 72000 73900 71400 204070
2011.12.19  67500 72700 72700 65000 234119
2011.12.20  68400 68100 68600 66800 75614
2011.12.21  71000 70300 71000 69800 70529
2011.12.22  70600 70300 71000 70000 29532
2011.12.23  71100 71100 71400 70200 59021
2011.12.26  70700 71700 71900 70000 43733
2011.12.27  68100 71100 71200 67800 69729
2011.12.28  68600 67700 69400 67500 43884
2011.12.29  67800 67900 69000 65600 80725
2012.01.02  69900 67800 69900 67500 58500
2012.01.03  71000 69800 71000 69700 96420
2012.01.04  71000 72100 72200 70300 88257
2012.01.05  70100 71200 71900 70100 53295
2012.01.06  68600 70100 70600 68200 57349
2012.01.09  68000 68600 69200 67200 57299
2012.01.10  69800 68400 69800 68100 66350
2012.01.11  69000 70000 70300 68200 43082
2012.01.12  70900 69600 70900 68400 59816
2012.01.13  71500 71100 71800 70700 79957
2012.01.16  71100 70700 71100 69200 56159
2012.01.17  72200 71800 72300 71000 95090
2012.01.18  72500 71700 72900 71400 65253
2012.01.19  77100 73200 78500 72600 421239
2012.01.20  83500 78000 84100 77200 405701
2012.01.25  80500 83800 84000 79500 340163
2012.01.26  83700 81400 84900 80900 280320
2012.01.27  84400 83300 85400 81000 285530
2012.01.30  84200 83600 86600 82900 201299
2012.01.31  90000 85100 91700 85100 629672
2012.02.01  92500 90000 93200 88400 257939
2012.02.02  92000 93500 95400 91000 307199
2012.02.03  92800 92000 92800 90200 142927
2012.02.06  94000 93600 94800 92600 144180
2012.02.07  87900 94000 94000 87300 419657
2012.02.08  91000 87300 91000 86100 190284
2012.02.09  92100 90900 93800 90100 139726
2012.02.10  90700 91500 92800 89100 123260
2012.02.13  92200 90200 95000 90200 208605
2012.02.14  93100 92500 94200 91100 96536
2012.02.15  93200 93200 94700 92300 121631
2012.02.16  90100 92500 93600 90000 151951
2012.02.17  97000 91800 97900 91000 392588
2012.02.20  96400 97000 97700 95300 168576
2012.02.21  95400 96400 96700 93900 101612
2012.02.22  95900 95300 98300 94300 145722
2012.02.23  92800 95100 95600 92100 158570
2012.02.24  93800 92400 94100 91100 124833
2012.02.27  90400 93600 93600 90000 159114
2012.02.28  88900 90400 91600 88000 179645
2012.02.29  95900 90500 95900 90100 306770
2012.03.02  95000 96900 96900 93400 195257
2012.03.05  94800 93700 94800 93000 93597
2012.03.06  95000 95600 97900 94800 178217
2012.03.07  94000 92300 96000 92300 210201
2012.03.08  100500 94600 102000 94600 530013
2012.03.09  103500 102000 106500 101500 413484
2012.03.12  104000 104500 107500 104000 307185
2012.03.13  105500 105000 107000 100500 296508
2012.03.14  106000 107000 107500 103500 267787
2012.03.15  106000 105500 107000 102500 226776
2012.03.16  106500 107500 109000 105000 189582
2012.03.19  106500 107500 107500 104500 164074
2012.03.20  107000 105000 108500 104000 275203
2012.03.21  106000 106000 107500 104500 191172
2012.03.22  102000 106000 106000 100500 299902
2012.03.23  103000 100500 104000 100000 123909
2012.03.26  101000 103000 103000 99800 162078
2012.03.27  103500 103500 104000 101000 126683
2012.03.28  100500 103000 103500 100000 127726
2012.03.29  98400 99800 99800 95600 221278
2012.03.30  98600 98400 99900 97200 88450
2012.04.02  95300 98700 99600 94200 223848
2012.04.03  93900 96100 96700 93000 205091
2012.04.04  93400 94800 95500 93400 126645
2012.04.05  93000 92200 93900 90400 129608
2012.04.06  90500 91800 94200 90200 173855
2012.04.09  85900 90200 90200 84600 223084
2012.04.10  85200 86500 87500 84500 151648
2012.04.12  86100 85400 88200 84000 144772
2012.04.13  92600 87400 93100 87300 171948
2012.04.16  89700 91400 91400 88900 150811
2012.04.17  89800 89400 92700 89000 131523
2012.04.18  89000 92100 93000 88900 142479
2012.04.19  86500 89100 89400 86200 148386
2012.04.20  83400 85300 86300 82600 214383
2012.04.23  82900 83400 85600 82000 141411
2012.04.24  83500 81300 85200 81000 134526
2012.04.25  83400 85000 85900 83100 127204
2012.04.26  82600 86000 86600 82500 150217
2012.04.27  80900 82600 83600 80300 157497
2012.04.30  81400 80900 82500 77700 221053
2012.05.02  83900 81500 84700 80500 209906
2012.05.03  84200 84500 84800 83300 83611
2012.05.04  86000 84200 86900 83100 135226
2012.05.07  83500 84100 84500 83400 102369
2012.05.08  83800 84200 86500 82800 106629
2012.05.09  82100 83800 84100 81300 118291
2012.05.10  81700 83000 84200 81100 209064
2012.05.11  78900 81800 81800 78600 153861
2012.05.14  78800 78600 80500 78500 74676
2012.05.15  78400 77300 79300 75700 125947
2012.05.16  74800 77200 78800 74300 142590
2012.05.17  75800 74800 76400 74200 124728
2012.05.18  72000 74300 74300 71800 150537
2012.05.21  71500 72800 73000 71300 89171
2012.05.22  75200 73900 75900 72500 117293
2012.05.23  73200 74900 74900 72700 84602
2012.05.24  76900 73900 77600 73800 125210
2012.05.25  77200 77200 78400 75000 100024
2012.05.29  78800 77000 78800 76100 63585
2012.05.30  79800 78000 81700 77800 137195
2012.05.31  79300 78600 81500 78600 137178
2012.06.01  77600 79500 80400 77300 53410
2012.06.04  73300 75000 75500 72700 97860
2012.06.05  75500 74500 76300 73800 46276
2012.06.07  79200 77600 80700 77600 99579
2012.06.08  79400 78400 79400 77500 71565
2012.06.11  82000 80500 82000 80200 80300
2012.06.12  86200 80500 87400 80300 337959
2012.06.13  86200 86800 87200 85000 124773
2012.06.14  87300 85600 88800 85600 188720
2012.06.15  87200 87900 88200 86400 96274
2012.06.18  88800 89000 89500 88300 94221
2012.06.19  88900 89100 89400 87800 89112
2012.06.20  90600 89700 90800 88600 106438
2012.06.21  91400 90200 91600 89600 101034
2012.06.22  89700 89800 91400 88500 95497
2012.06.25  87500 89400 89700 87100 111920
2012.06.26  87000 86700 88600 86700 51788
2012.06.27  87700 87000 89200 86700 63070
2012.06.28  87100 87600 88400 85400 137823
2012.06.29  89300 86200 90900 86200 90638
2012.07.02  89800 90100 90200 88900 50696
2012.07.03  91700 90300 91800 89900 129698
2012.07.04  91900 91700 92200 91000 71385
2012.07.05  90000 91800 91800 89800 94386
2012.07.06  90800 90000 91000 89800 40039
2012.07.09  89600 90000 90800 88800 36922
2012.07.10  90000 89600 91600 89200 80345
2012.07.11  89500 90000 90900 89000 72459
2012.07.12  87000 89000 90900 86300 65488
2012.07.13  85300 87300 87400 83300 160553
2012.07.16  87000 85500 87000 84300 61116
2012.07.17  86800 86800 87800 85000 57518
2012.07.18  84700 86800 87500 84000 52578
2012.07.19  85200 85200 86800 84600 60679
2012.07.20  84900 85000 86000 84700 51832
2012.07.23  81200 83500 84000 81200 58810
2012.07.24  81000 80200 82500 80200 72274
2012.07.25  77300 79800 80600 69000 71099
2012.07.26  77400 77200 78800 76100 108420
2012.07.27  84100 80200 84500 79700 230561
2012.07.30  84700 85000 85100 82800 111775
2012.07.31  88400 84100 89400 84100 132809
2012.08.01  86600 87200 88400 85800 96893
2012.08.02  88100 86300 89700 86100 80653
2012.08.03  86400 87000 89500 86000 81238
2012.08.06  89900 88800 90600 88200 106997
2012.08.07  90000 90000 90800 89300 53040
2012.08.08  89300 89600 90600 89000 114818
2012.08.09  91200 89400 91700 89400 125171
2012.08.10  90300 90500 91700 88700 128964
2012.08.13  89300 90300 90900 88300 85490
2012.08.14  88300 89000 90000 87200 162985
2012.08.16  89700 87900 90100 87900 82967
2012.08.17  89900 90700 90700 88400 55508
2012.08.20  95400 90500 95700 90300 316758
2012.08.21  94900 95900 96200 93500 184634
2012.08.22  94200 94900 96100 93200 137890
2012.08.23  93600 94200 96000 93200 113266
2012.08.24  91200 92800 93400 90900 113172
2012.08.27  93300 95000 95900 93100 195617
2012.08.28  92600 93500 94300 91700 78067
2012.08.29  93700 93000 94500 92500 168601
2012.08.30  89900 93000 93300 89900 163431
2012.08.31  89800 90000 90600 88600 114925
2012.09.03  90300 90200 90700 88100 84458
2012.09.04  90400 89100 90400 89100 70939
2012.09.05  86900 90400 90400 86900 174121
2012.09.06  87000 87400 89200 86100 116102
2012.09.07  88500 89500 89500 87100 171366
2012.09.10  88000 88900 89200 87400 84024
2012.09.11  88600 87200 89000 87200 74537
2012.09.12  87300 88800 88900 86400 253139
2012.09.13  86600 87700 88800 85700 187471
2012.09.14  90000 88100 90000 87400 213029
2012.09.17  89900 90000 91400 89100 140656
2012.09.18  88100 89200 89500 86300 203098
2012.09.19  88900 88400 89000 86700 135023
2012.09.20  88000 88300 88900 87500 108511
2012.09.21  87500 87500 88500 86600 116352
2012.09.24  86800 87400 87500 86000 67978
2012.09.25  83000 86800 86800 83000 194908
2012.09.26  82800 82700 83000 81600 96130
2012.09.27  81700 82000 82800 81000 81511
2012.09.28  81000 83000 83100 80800 101304
2012.10.02  79600 82200 82200 79600 135003
2012.10.04  80300 79400 80800 79400 92277
2012.10.05  78800 80400 80900 78800 106603
2012.10.08  78800 79300 80200 78800 56639
2012.10.09  78800 79400 80300 78800 54085
2012.10.10  77900 78800 79400 77900 79682
2012.10.11  76800 77400 78500 76200 72463
2012.10.12  77000 76900 77900 76200 43592
2012.10.15  75600 76900 76900 75000 83129
2012.10.16  79000 76200 79900 75100 108764
2012.10.17  80700 79100 83600 79000 180683
2012.10.18  81000 80700 81800 79800 72678
2012.10.19  79700 80500 80500 79200 124731
2012.10.22  79400 78000 79900 78000 52292
2012.10.23  76200 79400 80200 76200 134072
2012.10.24  76800 74900 77700 74700 109012
2012.10.25  78400 76800 79500 76400 126550
2012.10.26  76200 77300 78200 75900 99835
2012.10.29  75600 76300 78400 74600 97019
2012.10.30  75700 75600 77200 75200 49677
2012.10.31  75300 76600 77900 75100 133760
2012.11.01  73300 75200 75200 73100 131528
2012.11.02  76800 74500 77000 73500 158912
2012.11.05  77400 76400 78100 76000 95861
2012.11.06  80700 79100 80800 78000 186426
2012.11.07  82900 81400 83700 79700 215509
2012.11.08  81600 81700 83200 80900 132096
2012.11.09  80900 81600 81600 79900 91983
2012.11.12  78900 81300 81600 78100 83832
2012.11.13  77500 79100 80300 77500 103475
2012.11.14  82300 78500 82500 78300 223411
2012.11.15  81400 81600 83300 81200 166040
2012.11.16  79500 82000 83000 79000 101540
2012.11.19  82100 80200 82500 79500 97743
2012.11.20  85400 83700 85600 83500 265279
2012.11.21  82700 85400 86400 82700 150886
2012.11.22  86400 83800 86600 83100 205057
2012.11.23  86200 86100 87500 84400 126913
2012.11.26  86300 87200 88200 85500 108446
2012.11.27  86500 87200 87400 85700 101877
2012.11.28  84300 85900 86400 83500 135291
2012.11.29  85000 84800 85100 83600 94105
2012.11.30  85500 84600 85900 83800 99185
2012.12.03  85000 86200 86200 84400 70971
2012.12.04  84000 84100 84700 83400 80898
2012.12.05  84700 84100 84900 83400 64450
2012.12.06  84700 83900 85300 83500 113359
2012.12.07  86200 85300 87500 85300 172041
2012.12.10  82800 86000 86200 82800 239640
2012.12.11  81600 82400 83400 80200 233838
2012.12.12  81300 81400 82400 80300 188346
2012.12.13  82700 80600 82700 80600 148550
2012.12.14  82600 82000 82600 81200 92187
2012.12.17  82500 81700 82600 81500 108097
2012.12.18  83500 82100 83500 81800 112271
2012.12.20  83000 83100 83800 82600 74661
2012.12.21  81800 83400 83500 81200 52654
2012.12.24  82000 82800 82800 81300 66940
2012.12.26  82300 82200 83100 81300 54453
2012.12.27  82200 82200 82200 81500 44613
2012.12.28  82300 82500 82500 81700 33857
2013.01.02  86900 82400 87100 82400 176763
2013.01.03  87900 87400 88100 86100 195971
2013.01.04  87800 87900 88000 86600 70786
2013.01.07  86900 87800 87800 86600 83738
2013.01.08  84900 86900 86900 84400 102866
2013.01.09  83300 84300 84900 83200 70896
2013.01.10  84800 83500 84800 83400 50550
2013.01.11  82500 84900 84900 82200 87737
2013.01.14  80000 81900 82000 79900 112122
2013.01.15  77900 79700 80800 77000 136683
2013.01.16  74500 77100 77300 74300 244542
2013.01.17  76100 75500 76300 75000 118580
2013.01.18  76100 76300 76600 75000 114022
2013.01.21  78100 76300 78400 76200 121963
2013.01.22  77100 78000 78000 76200 62897
2013.01.23  76000 77200 77700 76000 110090
2013.01.24  79100 75800 79500 75400 186111
2013.01.25  77300 78800 79000 77200 87018
2013.01.28  78400 77700 78400 76200 56212
2013.01.29  77900 78500 78800 77300 70576
2013.01.30  78800 78200 79500 77700 57947
2013.01.31  76500 78800 78800 76500 108624
2013.02.01  74700 75800 76600 74700 107427
2013.02.04  73100 75300 75600 73100 119381
2013.02.05  70400 72400 73000 69600 286046
2013.02.06  70000 70500 71100 69800 106169
2013.02.07  70300 69400 71200 68800 166487
2013.02.08  71600 70200 71600 69700 109152
2013.02.12  71100 71500 72200 70600 74544
2013.02.13  72500 71400 72500 71200 85046
2013.02.14  72800 72500 72800 71700 110966
2013.02.15  71900 72600 72800 71800 77966
2013.02.18  71400 71900 72000 71000 52583
2013.02.19  73000 71200 73800 71200 95073
2013.02.20  77500 73400 77500 72800 219823
2013.02.21  75200 76400 76800 75100 109863
2013.02.22  76400 75300 76900 75200 93988
2013.02.25  76300 76200 76500 75300 61291
2013.02.26  73900 75100 75200 73100 118637
2013.02.27  73300 75400 75500 73300 97832
2013.02.28  75700 74100 76200 74100 146668
2013.03.04  72500 74900 74900 72500 145438
2013.03.05  73300 72800 74200 72800 82064
2013.03.06  74500 74200 74700 73600 106361
2013.03.07  73800 74400 75300 73800 66139
2013.03.08  74300 73900 75000 73600 39775
2013.03.11  73600 74500 74800 72900 51734
2013.03.12  72100 73600 74600 72100 82847
2013.03.13  71600 72300 73000 71200 89231
2013.03.14  71600 71700 72800 71300 123393
2013.03.15  72200 72000 72600 71700 115819
2013.03.18  73000 71800 74400 71500 158958
2013.03.19  77500 73400 77500 73300 495574
2013.03.20  78600 78300 79000 76500 253333
2013.03.21  77700 78900 79000 77500 138827
2013.03.22  78200 77700 78200 76300 103319
2013.03.25  79100 78900 80000 78400 153697
2013.03.26  79100 79000 79400 77100 147984
2013.03.27  78900 79400 79400 78100 71207
2013.03.28  77900 78700 79500 77900 76294
2013.03.29  79100 77800 79800 77800 126504
2013.04.01  79100 80300 80400 78900 79674
2013.04.02  78800 80000 80400 78800 209851
2013.04.03  85700 80200 86700 80100 598136
2013.04.04  87200 85700 88800 85100 373245
2013.04.05  84700 87300 87800 84000 191558
2013.04.08  86000 85600 88500 85100 193209
2013.04.09  88100 86300 88300 84200 212947
2013.04.10  91800 88100 91900 87300 258731
2013.04.11  91200 92300 92500 89800 179253
2013.04.12  88000 91000 92500 87400 171136
2013.04.15  87200 87500 89500 87000 168871
2013.04.16  90000 86300 90000 86200 214064
2013.04.17  87800 90500 90500 87800 114678
2013.04.18  86600 86900 88700 86600 115392
2013.04.19  88500 85800 88900 85800 173984
2013.04.22  91700 88500 92000 88300 156098
2013.04.23  92900 91200 92900 90400 116200
2013.04.24  89700 92900 93000 89300 186431
2013.04.25  87200 90200 91300 86300 257946
2013.04.26  89300 88100 91000 88100 147319
2013.04.29  88400 89600 90400 88400 95607
2013.04.30  89000 89300 90900 88200 111971
2013.05.02  85600 88500 89000 85400 193294
2013.05.03  87000 86800 87700 84400 128439
2013.05.06  86800 88200 88400 86000 95691
2013.05.07  88400 87700 90400 86700 168629
2013.05.08  90600 89100 91100 88900 154350
2013.05.09  91800 89800 91800 88700 158284
2013.05.10  89600 91800 91800 89200 90550
2013.05.13  91600 89600 92600 89100 171030
2013.05.14  95600 92000 96500 91700 333663
2013.05.15  96700 96200 99000 95200 269103
2013.05.16  98200 97000 101000 96900 271434
2013.05.20  97600 98900 99700 97300 135568
2013.05.21  98200 98400 98500 96200 127720
2013.05.22  99800 99200 104000 99200 240869
2013.05.23  100000 100500 103500 100000 215993
2013.05.24  99900 101000 101000 98600 100412
2013.05.27  101500 99900 101500 99000 94279
2013.05.28  104000 101500 105500 101500 237203
2013.05.29  105000 105500 108000 104500 152704
2013.05.30  105000 105500 109000 104000 182675
2013.05.31  105500 107000 107000 104000 172302
2013.06.03  104000 104500 105000 102000 127305
2013.06.04  105000 104500 108000 104000 129136
2013.06.05  103500 105000 105500 102500 71847
2013.06.07  103000 104500 106500 101000 184816
2013.06.10  104000 103000 106500 102500 184584
2013.06.11  96500 103000 103500 94600 941323
2013.06.12  95500 95200 96600 93100 263296
2013.06.13  94600 96000 97400 93600 223120
2013.06.14  96300 95500 97100 95400 115622
2013.06.17  92600 95600 97300 91800 204911
2013.06.18  94400 93900 94800 92700 107294
2013.06.19  93700 94400 95200 93100 108150
2013.06.20  90900 92500 92900 88600 178306
2013.06.21  87600 87100 89500 86200 214037
2013.06.24  86800 88500 88500 85700 115455
2013.06.25  82700 85800 87700 80600 194763
2013.06.26  85700 84500 86200 82800 142282
2013.06.27  90600 86900 91400 86700 209213
2013.06.28  91200 90700 91200 89400 130403
2013.07.01  88500 89800 90700 87900 156524
2013.07.02  89000 89100 89800 87000 95793
2013.07.03  83900 89200 90200 82900 278409
2013.07.04  82600 84000 84900 79600 360811
2013.07.05  82600 83300 84800 80900 178521
2013.07.08  82900 82300 83700 81600 91642
2013.07.09  82300 83500 83900 81900 134492
2013.07.10  83200 82800 84600 82300 102507
2013.07.11  87500 83900 87500 83700 149481
2013.07.12  85900 87300 87300 85300 179482
2013.07.15  88400 86400 89600 85100 157938
2013.07.16  88000 88400 89300 87100 116713
2013.07.17  89900 89200 90800 89200 157533
2013.07.18  88300 89900 89900 88300 87896
2013.07.19  86900 88700 89100 86600 119432
2013.07.22  88900 87700 89700 87000 118192
2013.07.23  90500 89000 90900 87700 142746
2013.07.24  93700 91500 94800 90400 208277
2013.07.25  93000 93000 94500 91600 103669
2013.07.26  92300 93000 93000 90600 123681
2013.07.29  91300 92300 92600 90400 80278
2013.07.30  91900 91100 93100 91100 53562
2013.07.31  91500 91700 92700 91000 46334
2013.08.01  90800 92100 92400 90800 50799
2013.08.02  92200 91200 92700 90500 85745
2013.08.05  93100 92300 93600 92200 69759
2013.08.06  93100 93300 94000 92100 91725
2013.08.07  91500 93000 93100 90400 99783
2013.08.08  91200 92000 92400 90600 46500
2013.08.09  89900 91400 91400 88300 182070
2013.08.12  89100 89100 90300 88000 91967
2013.08.13  91900 89200 92300 89200 154541
2013.08.14  94400 92800 95400 92000 225815
2013.08.16  93700 93000 94200 92900 67305
2013.08.19  94500 93700 96300 93700 77102
2013.08.20  93900 93500 96300 93300 140301
2013.08.21  90800 94000 94400 89700 154615
2013.08.22  90300 89000 91800 88800 96992
2013.08.23  90700 90900 92000 90600 97202
2013.08.26  92400 91100 92400 90700 70831
2013.08.27  93100 92000 94500 91500 95765
2013.08.28  92000 91800 92900 91000 75736
2013.08.29  89400 85500 89600 83700 444613
2013.08.30  84300 89400 89900 84000 327366
2013.09.02  86500 84600 86900 84400 111880
2013.09.03  86400 86200 87100 85800 80211
2013.09.04  87000 85400 87000 85400 77878
2013.09.05  86900 87900 87900 86500 87506
2013.09.06  85500 86900 87100 85200 113461
2013.09.09  85100 86200 87100 85000 196699
2013.09.10  88900 85800 88900 85500 356722
2013.09.11  87600 88900 88900 86500 206249
2013.09.12  86600 87300 88300 86400 140103
2013.09.13  82700 86600 87800 82600 393313
2013.09.16  82400 82700 83900 81100 260202
2013.09.17  82100 82100 83300 81800 163628
2013.09.23  83700 82000 84400 82000 230354
2013.09.24  85500 84700 86900 84400 424855
2013.09.25  84400 85700 86300 84400 155892
2013.09.26  87400 85000 87400 84800 242468
2013.09.27  88500 88000 88600 86500 169403
2013.09.30  85900 87900 88100 85900 141049
2013.10.01  85100 85200 87600 85100 135805
2013.10.02  85000 86200 87400 85000 223923
2013.10.04  83200 85300 85900 82600 208336
2013.10.07  83100 83300 84300 83000 74714
2013.10.08  82100 82000 83100 81600 128696
2013.10.10  82500 82600 83900 82400 121625
2013.10.11  85100 84100 85100 83100 184262
2013.10.14  83100 84600 85300 83100 96726
2013.10.15  86100 83700 86800 83700 244485
2013.10.16  84100 86000 86300 83600 216738
2013.10.17  85200 84900 85900 84200 137260
2013.10.18  84800 85200 85400 83700 58984
2013.10.21  83600 85200 85200 83200 96224
2013.10.22  86500 84000 87200 83900 226298
2013.10.23  85500 87300 89000 85300 246539
2013.10.24  89700 86500 89900 86100 357819
2013.10.25  87100 90300 90500 87100 168462
2013.10.28  86900 87800 88500 86400 101015
2013.10.29  86900 86500 88100 85600 107036
2013.10.30  86700 87500 88100 86300 107160
2013.10.31  85700 86800 87400 85700 97955
2013.11.01  84300 85600 86100 84300 151199
2013.11.04  84700 84600 85900 84500 141248
2013.11.05  82900 84800 85500 82500 136566
2013.11.06  82200 82900 84000 81700 144540
2013.11.07  79300 82200 82200 78800 372566
2013.11.08  77300 78400 79500 76400 286218
2013.11.11  75500 77000 77300 74700 214015
2013.11.12  76200 76300 77700 75900 151561
2013.11.13  76100 78500 78600 76100 107150
2013.11.14  76300 77100 77900 76000 98883
2013.11.15  77700 76900 77900 76900 70395
2013.11.18  76100 77800 77900 75900 118529
2013.11.19  76300 75900 76600 75800 83863
2013.11.20  75400 76000 76600 75400 89328
2013.11.21  75000 75200 75500 74200 66253
2013.11.22  75200 75300 76100 75200 43985
2013.11.25  75800 75800 76700 75600 90307
2013.11.26  78200 75600 78200 75100 106678
2013.11.27  77400 77900 78000 76800 66918
2013.11.28  80900 78000 81500 77600 240938
2013.11.29  80700 80900 81000 80000 75450
2013.12.02  80500 81000 81400 79500 50243
2013.12.03  78800 79600 80500 78800 60082
2013.12.04  77600 78300 79900 77600 47463
2013.12.05  77700 77900 78600 77000 34248
2013.12.06  80200 77800 81400 77500 141052
2013.12.09  81300 80300 81600 80200 93120
2013.12.10  81800 80800 82300 79900 77521
2013.12.11  81200 80800 82500 80700 81722
2013.12.12  81300 81100 82000 80000 80298
2013.12.13  80400 81200 81300 79700 58285
2013.12.16  79900 80200 81100 79900 42504
2013.12.17  80300 80000 80500 79000 55114
2013.12.18  79900 79500 81300 79300 64694
2013.12.19  81000 81600 82000 80400 69071
2013.12.20  81200 80400 81800 80200 42294
2013.12.23  80200 81300 81600 79900 53642
2013.12.24  82800 81000 83000 81000 198754
2013.12.26  82200 82900 83600 82100 78078
2013.12.27  82400 82300 82900 81800 52422
2013.12.30  83700 82200 83800 81400 131922
2014.01.02  83100 84800 84800 82200 79409
2014.01.03  83600 82700 84000 81800 100972
2014.01.06  82900 83400 83600 82300 69660
2014.01.07  83700 82600 84200 82200 60670
2014.01.08  85100 83900 85600 82900 168929
2014.01.09  86800 85000 87200 84300 157058
2014.01.10  86800 86700 87300 85400 103990
2014.01.13  85500 86500 87000 84200 103522
2014.01.14  85500 84700 86100 84400 58546
2014.01.15  86400 86200 86700 85100 55096
2014.01.16  86700 87000 87300 86200 78245
2014.01.17  86700 87300 87400 86000 40071
2014.01.20  85800 86700 86800 85200 52376
2014.01.21  88400 85800 89100 85800 191750
2014.01.22  88600 88500 88600 87400 60357
2014.01.23  89300 89000 90300 88600 163536
2014.01.24  88900 88900 89500 87500 88939
2014.01.27  86000 87100 88300 86000 141108
2014.01.28  83500 85500 85500 82100 278666
2014.01.29  85000 84000 85100 83500 157477
2014.02.03  84700 83800 85000 82500 127978
2014.02.04  84100 82800 84600 82800 84763
2014.02.05  83300 84300 84800 82600 80500
2014.02.06  83800 83200 84900 83200 80447
2014.02.07  86500 84100 86900 84100 153498
2014.02.10  87400 87500 87900 86900 95036
2014.02.11  87800 86800 87800 86200 61612
2014.02.12  88000 87200 88100 87100 69363
2014.02.13  86500 88000 88300 86400 75783
2014.02.14  89400 86900 89700 86500 205189
2014.02.17  89400 90100 90100 88900 100749
2014.02.18  91200 89400 91300 88700 142112
2014.02.19  91100 90900 92100 90700 118808
2014.02.20  91300 90500 91600 90000 104229
2014.02.21  92000 91400 92100 90900 92670
2014.02.24  92200 92000 93000 92000 107925
2014.02.25  93000 92900 93300 91700 120528
2014.02.26  93100 92200 93500 92200 107559
2014.02.27  93100 92300 93400 91700 97982
2014.02.28  91400 92600 93100 90600 120344
2014.03.03  89500 91000 91100 88000 148800
2014.03.04  93900 89000 94000 89000 398650
2014.03.05  96500 94300 96600 93100 231844
2014.03.06  96600 96600 97800 95800 137166
2014.03.07  94900 96000 97200 94300 80442
2014.03.10  96100 95100 96800 94600 100338
2014.03.11  98700 96700 98800 95500 181973
2014.03.12  97200 97700 98700 96700 83170
2014.03.13  96400 97200 98000 95700 119608
2014.03.14  97200 96000 99200 95800 220678
2014.03.17  98100 98200 99100 97100 110429
2014.03.18  98700 98500 99300 98200 88173
2014.03.19  101500 99400 103000 99100 300690
2014.03.20  102000 101500 103000 101000 181111
2014.03.21  102000 103000 103500 101000 92084
2014.03.24  101500 102500 103000 100500 61888
2014.03.25  103000 101500 103500 100500 112642
2014.03.26  101000 103500 103500 99800 134589
2014.03.27  99100 100000 101000 98100 139284
2014.03.28  100000 99100 101000 98700 106184
2014.03.31  103000 100500 103000 99900 100821
2014.04.01  104500 103000 104500 101500 102048
2014.04.02  102000 105000 105000 102000 75659
2014.04.03  103500 102000 104000 102000 82575
2014.04.04  109500 104500 110000 104500 261298
2014.04.07  106000 108500 110000 105500 160952
2014.04.08  108000 105500 108500 104500 125005
2014.04.09  105000 108000 108500 104000 147434
2014.04.10  106000 105500 107500 104500 104208
2014.04.11  104500 104000 104500 102500 168329
2014.04.14  108000 103000 108000 103000 163081
2014.04.15  109500 108000 110000 107000 162348
2014.04.16  115000 109500 117500 108500 341774
2014.04.17  114500 115500 117500 114000 140910
2014.04.18  116000 114500 116500 113000 112235
2014.04.21  112000 116000 116500 111000 157197
2014.04.22  114500 112000 115000 111000 138306
2014.04.23  113500 114000 115000 112500 103418
2014.04.24  111500 113500 114500 109500 253947
2014.04.25  111000 110500 113500 110500 116409
2014.04.28  113500 111000 113500 111000 78980
2014.04.29  112000 113500 116000 110500 195500
2014.04.30  114000 112000 114000 111000 144532
2014.05.02  115500 113500 115500 113000 75049
2014.05.07  113500 115000 115000 111500 118244
2014.05.08  114500 113000 114500 112500 100235
2014.05.09  116000 115000 117000 114000 100618
2014.05.12  115000 116000 116500 114000 83024
2014.05.13  115500 115000 116500 114500 105542
2014.05.14  117500 115500 118500 115500 252292
2014.05.15  116000 117500 118500 115500 95127
2014.05.16  114000 115500 115500 112500 149231
2014.05.19  114000 115000 115500 112500 107910
2014.05.20  112000 114000 114500 112000 105910
2014.05.21  113000 112500 114000 112500 102002
2014.05.22  119000 113500 119000 113500 347489
2014.05.23  121000 119000 122500 119000 196632
2014.05.26  124500 121000 125000 120000 158151
2014.05.27  122000 124500 127000 121500 155275
2014.05.28  128000 123500 128000 123500 139094
2014.05.29  131500 128000 132000 126500 185859
2014.05.30  127500 132000 132000 124500 269581
2014.06.02  128500 128000 129500 124000 130018
2014.06.03  126500 126500 129000 124500 283881
2014.06.05  128000 125500 129000 125000 97494
2014.06.09  124500 128500 130000 124500 101228
2014.06.10  134000 126500 135000 126500 211556
2014.06.11  134500 135000 139000 133000 174040
2014.06.12  134500 133500 134500 131500 88004
2014.06.13  138000 133000 139000 133000 146390
2014.06.16  138000 138500 139000 136000 86176
2014.06.17  143500 138000 145000 138000 523233
2014.06.18  143000 143000 145000 141500 119377
2014.06.19  141000 143000 144500 138500 367783
2014.06.20  138500 139500 141000 138500 151493
2014.06.23  142500 140000 144000 139500 131186
2014.06.24  143500 142500 144500 141500 107487
2014.06.25  146000 143500 147500 142500 122610
2014.06.26  146500 147000 150000 145000 134537
2014.06.27  143000 147500 149000 142500 123659
2014.06.30  145000 143000 146000 141500 109215
2014.07.01  144000 145000 146500 142500 88432
2014.07.02  145000 145500 146500 144000 97656
2014.07.03  148500 145000 149000 144000 135595
2014.07.04  148000 149000 150500 148000 84974
2014.07.07  147500 149000 149000 147000 60072
2014.07.08  150000 149000 151000 148000 102794
2014.07.09  146500 148500 149000 144000 162266
2014.07.10  142000 146500 147500 139500 229377
2014.07.11  139000 141000 141500 138000 196875
2014.07.14  146000 138500 146000 138000 157273
2014.07.15  140500 147000 147000 140500 130115
2014.07.16  139500 139000 141000 132500 279967
2014.07.17  139000 141000 144000 137000 116716
2014.07.18  140500 138000 141500 137500 112838
2014.07.21  138500 141500 142000 136000 87236
2014.07.22  139500 137500 139500 137000 86980
2014.07.23  138500 140000 140500 137000 77249
2014.07.24  139500 139000 141500 136000 178022
2014.07.25  136000 139500 139500 135000 184335
2014.07.28  129000 136000 137000 128500 305042
2014.07.29  123500 128500 129000 123000 491079
2014.07.30  127000 124500 130000 123500 269771
2014.07.31  126000 127500 130000 121000 266845
2014.08.01  127500 124000 130000 124000 156659
2014.08.04  132000 128000 132000 127000 139042
2014.08.05  130000 131500 131500 128000 123896
2014.08.06  128000 129000 132000 125500 134264
2014.08.07  132000 128000 132000 126000 135210
2014.08.08  136000 134000 138000 133500 316157
2014.08.11  142000 138500 144500 138000 309235
2014.08.12  142000 142000 142500 138000 215962
2014.08.13  143000 142500 143000 139000 183916
2014.08.14  140500 142500 144000 137000 161616
2014.08.18  139500 143000 143000 138500 78773
2014.08.19  136000 140000 140500 136000 119294
2014.08.20  136500 137500 139000 134000 175695
2014.08.21  136000 136500 136500 133500 111694
2014.08.22  133500 135000 136500 131500 107093
2014.08.25  131000 133000 134500 129500 95566
2014.08.26  133000 132000 134000 128000 154033
2014.08.27  138000 135000 139500 133000 155789
2014.08.28  132000 136000 137500 131000 162432
2014.08.29  134500 134000 135500 132000 153844
2014.09.01  137500 134000 138000 134000 116436
2014.09.02  137500 137000 139000 136000 83092
2014.09.03  131000 138000 138000 131000 218202
2014.09.04  129500 130000 132500 127500 155431
2014.09.05  128500 129500 131000 128500 59006
2014.09.11  134000 131500 135000 130500 163793
2014.09.12  133500 135500 135500 131000 61252
2014.09.15  128000 132500 133500 126500 124631
2014.09.16  129000 128500 130500 127000 92848
2014.09.17  124500 128500 130000 124000 155141
2014.09.18  119500 125500 126000 119000 324155
2014.09.19  123500 120500 123500 120000 234762
2014.09.22  121500 123000 123500 120000 103394
2014.09.23  123500 120500 124500 120500 101703
2014.09.24  125500 123500 126000 122500 97613
2014.09.25  126500 126000 126500 123500 82838
2014.09.26  122500 124500 124500 117500 395130
2014.09.29  124000 123000 124000 120000 102219
2014.09.30  115000 123000 123500 114500 426609
2014.10.01  117000 115000 118500 113000 220700
2014.10.02  119500 116500 121000 116000 216324
2014.10.06  117500 118500 120000 115000 120373
2014.10.07  119000 117500 120500 116500 133926
2014.10.08  121500 118500 123000 117000 182578
2014.10.10  119000 122500 122500 118000 103690
2014.10.13  119000 118000 119000 113500 104572
2014.10.14  116500 119000 119500 115500 90565
2014.10.15  114000 117500 117500 114000 68486
2014.10.16  112000 112000 113000 106500 227549
2014.10.17  111500 113500 117500 107000 283615
2014.10.20  119500 113500 119500 113000 144023
2014.10.21  118000 121000 121500 116000 161037
2014.10.22  120000 121500 122500 117500 188680
2014.10.23  115000 118000 119000 113000 141103
2014.10.24  104000 115500 116500 100500 583446
2014.10.27  106000 104000 108000 101000 269107
2014.10.28  106000 105000 107500 103000 116577
2014.10.29  101500 107000 112500 100500 569896
2014.10.30  86600 92000 94000 86500 1385928
2014.10.31  84500 87300 87600 83300 709233
2014.11.03  82800 85300 86600 82000 432978
2014.11.04  82200 82700 84400 80100 434554
2014.11.05  84300 81500 85900 81500 441714
2014.11.06  88600 85900 88800 84800 480333
2014.11.07  88200 89000 89000 86800 202085
2014.11.10  90400 88900 90600 88200 249459
2014.11.11  93400 91100 93400 91000 306595
2014.11.12  97000 94200 101000 91500 438253
2014.11.13  99400 98000 100500 95000 199673
2014.11.14  94700 97700 98200 94600 187828
2014.11.17  96800 93300 97800 93000 132879
2014.11.18  95500 96500 98600 95000 144424
2014.11.19  96400 96500 97400 95500 126677
2014.11.20  102000 96600 102500 96600 261296
2014.11.21  108500 104500 109000 104000 429380
2014.11.24  108000 111000 111000 105500 182618
2014.11.25  108500 108500 110000 104500 201364
2014.11.26  103500 109000 109000 103000 223937
2014.11.27  100500 102500 105000 97300 392326
2014.11.28  99900 99900 101000 97600 207992
2014.12.01  103500 99900 104000 97700 247115
2014.12.02  103500 102500 103500 99900 138499
2014.12.03  99900 102500 103000 99800 147052
2014.12.04  100500 100500 101500 99800 170162
2014.12.05  102500 101000 103500 100500 145697
2014.12.08  106500 103500 107000 103500 187521
2014.12.09  103500 106500 106500 102500 167380
2014.12.10  101500 103500 105000 100500 95595
2014.12.11  99800 100500 102500 99500 134896
2014.12.12  100000 101500 102000 99500 110776
2014.12.15  100500 99000 101000 98100 98774
2014.12.16  98400 99000 100000 98300 83002
2014.12.17  100000 98400 102000 98200 111898
2014.12.18  97800 101000 101500 95300 167135
2014.12.19  97200 98500 98600 96100 88323
2014.12.22  97100 97500 97800 95500 101740
2014.12.23  108500 97000 111500 97000 407529
2014.12.24  106000 107500 109000 103500 267514
2014.12.26  104000 107000 107500 104000 83393
2014.12.29  110000 106000 112500 105000 247354
2014.12.30  112500 111000 113000 108000 190696
2015.01.02  111500 111500 114000 110000 151102
2015.01.05  114000 112000 116500 109500 171664
2015.01.06  109000 112500 116000 108500 223707
2015.01.07  107000 108500 111500 106500 138571
2015.01.08  113000 108500 113500 108000 151779
2015.01.09  111000 114000 115500 111000 124355
2015.01.12  117000 110000 118500 110000 214735
2015.01.13  115000 117500 119000 115000 213305
2015.01.14  112500 117000 119500 112000 150249
2015.01.15  115000 112500 115000 112000 88068
2015.01.16  108500 114000 114500 107500 225453
2015.01.19  106500 109500 112500 105000 205148
2015.01.20  109500 107000 109500 106500 116995
2015.01.21  111500 110500 111500 108500 113903
2015.01.22  107000 113000 113000 107000 134123
2015.01.23  107000 110000 110000 105500 124625
2015.01.26  106000 107500 108500 104500 86159
2015.01.27  107000 105500 110000 102000 303596
2015.01.28  109500 111000 111500 107500 175786
2015.01.29  104000 109000 109500 103500 324584
2015.01.30  97900 104500 104500 97200 667335
2015.02.02  98600 97500 101000 95300 240184
2015.02.03  100500 99900 101000 98500 157065
2015.02.04  99400 101000 101500 99300 162972
2015.02.05  98600 99900 101000 98400 152233
2015.02.06  97700 98900 100500 97700 145494
2015.02.09  96400 97800 99100 95600 169250
2015.02.10  94300 96500 97200 93700 172880
2015.02.11  98300 95200 99300 94600 178667
2015.02.12  95500 98600 99000 95500 141268
2015.02.13  103000 96300 104000 96200 444793
2015.02.16  103000 102000 104000 100500 162052
2015.02.17  102500 104000 105000 102000 146788
2015.02.23  102500 104000 104500 101500 115645
2015.02.24  103500 103000 104500 102500 125306
2015.02.25  105500 105000 107500 104000 220330
2015.02.26  105500 106500 107000 102500 141105
2015.02.27  105000 105500 106500 103500 138785
2015.03.02  102500 105000 105000 102000 159896
2015.03.03  104500 103000 105000 101000 160969
2015.03.04  104000 104500 106500 103000 126733
2015.03.05  107000 104000 108000 104000 195051
2015.03.06  112000 108000 112000 107500 322657
2015.03.09  109500 111500 112500 109000 161846
2015.03.10  112500 111500 114500 109500 308567
2015.03.11  111500 111000 112500 109500 172227
2015.03.12  107000 112000 112000 107000 242343
2015.03.13  104000 108000 109000 102500 339665
2015.03.16  104000 104000 106000 102500 174482
2015.03.17  111000 106000 111500 105500 279670
2015.03.18  110500 112000 114000 110000 186227
2015.03.19  110000 112000 112000 109000 120564
2015.03.20  113500 111000 115500 110500 183928
2015.03.23  113500 115500 116500 112500 125666
2015.03.24  115000 114500 116000 113500 149452
2015.03.25  111000 115000 116000 110500 173745
2015.03.26  111000 109000 112000 108500 145274
2015.03.27  114500 111000 115000 110500 174753
2015.03.30  115500 116000 116000 114000 122556
2015.03.31  116000 115500 117500 113500 247320
2015.04.01  112500 116500 118500 111500 209792
2015.04.02  112500 113000 115500 112000 163263
2015.04.03  110500 112500 113000 109500 134004
2015.04.06  112000 110000 114000 110000 129234
2015.04.07  112000 113000 113000 110500 86344
2015.04.08  108000 111000 112500 108000 234791
2015.04.09  111000 109500 112000 109000 176754
2015.04.10  110000 111000 114000 109500 188938
2015.04.13  112500 111000 112500 109000 157548
2015.04.14  113500 113500 115000 112000 251177
2015.04.15  113000 115000 115500 113000 135532
2015.04.16  111000 114000 114500 110000 158623
2015.04.17  109000 111000 111500 108500 200411
2015.04.20  106000 108000 108500 105500 285566
2015.04.21  107000 107500 108000 106000 177852
2015.04.22  105000 108000 110000 104000 279533
2015.04.23  107000 107000 109000 105000 197409
2015.04.24  105500 107500 109500 105000 202347
2015.04.27  104000 106500 107000 103500 122484
2015.04.28  105000 105500 106500 104500 126064
2015.04.29  98200 104500 105000 96700 808211
2015.04.30  100000 98000 100500 96300 254186
2015.05.04  97700 100000 100000 97500 144342
2015.05.06  94200 95600 96900 94000 229903
2015.05.07  97200 93500 97800 92300 191113
2015.05.08  99600 97200 101000 96400 161697
2015.05.11  98800 101000 102000 98200 120856
2015.05.12  97900 98200 100500 97600 88080
2015.05.13  97600 97800 98300 96700 89760
2015.05.14  99500 97100 99500 97000 77544
2015.05.15  97200 99500 99600 97100 85630
2015.05.18  95000 98500 98500 94800 138173
2015.05.19  97800 95300 98300 95300 131277
2015.05.20  99000 97800 99400 97400 125072
2015.05.21  98600 99100 99400 97000 92913
2015.05.22  101500 98800 101500 98600 160471
2015.05.26  98600 100500 101000 98100 124132
2015.05.27  95600 97400 97500 95500 154358
2015.05.28  93100 95600 96400 93000 260482
2015.05.29  95100 92400 95400 92400 217922
2015.06.01  93700 94000 94700 93000 118935
2015.06.02  97400 93500 97700 93500 174599
2015.06.03  95300 97500 97600 93400 167721
2015.06.04  94600 95000 96100 93700 88634
2015.06.05  96200 94500 97000 93700 172550
2015.06.08  96300 96300 99500 94800 158162
2015.06.09  99800 97100 99900 97100 225687
2015.06.10  99800 100500 101000 97200 199190
2015.06.11  103000 100500 103000 98400 268796
2015.06.12  103500 103500 104500 100000 285459
2015.06.15  104000 102500 104000 101000 149551
2015.06.16  102000 102500 103500 99800 181561
2015.06.17  98600 101000 102500 98600 186051
2015.06.18  105500 99600 107500 99500 350762
2015.06.19  109000 107500 109500 105000 322786
2015.06.22  109000 109500 110500 108000 158771
2015.06.23  110500 109500 110500 107500 140692
2015.06.24  107500 110500 110500 106000 161274
2015.06.25  109500 106500 110000 106000 103210
2015.06.26  106000 109500 109500 106000 110551
2015.06.29  104000 103500 105000 101500 114407
2015.06.30  100500 103000 104500 99200 242555
2015.07.01  101500 100500 102500 99000 119491
2015.07.02  105000 101500 106000 100000 146050
2015.07.03  98900 104500 105000 98500 231916
2015.07.06  97100 97900 98400 95400 222843
2015.07.07  95800 97100 98000 95800 126807
2015.07.08  95200 95900 97400 94700 122477
2015.07.09  93500 94600 95300 92900 154803
2015.07.10  94400 93600 96000 93300 144867
2015.07.13  99100 95500 99700 95200 186559
2015.07.14  95600 100000 100000 95600 230174
2015.07.15  96700 96400 97900 95700 119334
2015.07.16  96000 97000 97200 95400 118458
2015.07.17  93800 95600 96000 93400 180072
2015.07.20  93300 94400 94500 92900 115381
2015.07.21  96900 93200 97300 93200 196283
2015.07.22  91500 96300 96800 91100 488204
2015.07.23  87300 91600 92300 87200 417304
2015.07.24  84100 87500 88800 83900 284738
2015.07.27  84800 81200 86400 78600 402336
2015.07.28  83100 82200 84500 80600 224529
2015.07.29  80600 83200 83600 80600 259075
2015.07.30  79400 80500 81900 79400 201326
2015.07.31  81600 79900 81600 79600 144814
2015.08.03  79000 82700 82700 78900 165474
2015.08.04  83000 79200 83900 78900 275458
2015.08.05  83600 83000 85100 83000 120407
2015.08.06  82700 84400 84400 82400 133246
2015.08.07  81200 82500 83500 80600 127732
2015.08.10  82900 81200 83400 80700 96033
2015.08.11  83100 83200 85000 82600 113925
2015.08.12  82200 83200 83900 80800 111429
2015.08.13  88800 81700 88900 81700 271579
2015.08.17  87200 88800 88800 86900 119333
2015.08.18  87600 87300 88100 86900 129153
2015.08.19  84800 86700 86900 83500 216958
2015.08.20  83200 82800 84300 81800 150530
2015.08.21  82900 80100 83000 79900 253214
2015.08.24  81500 81100 83300 80600 227310
2015.08.25  82200 81500 84000 80200 207344
2015.08.26  84700 82200 85000 81800 181362
2015.08.27  84700 85500 86200 84300 125164
2015.08.28  89000 86600 90500 85300 286034
2015.08.31  91900 88900 91900 88300 140455
2015.09.01  88300 91600 91600 88000 167625
2015.09.02  89900 87100 91800 86800 129169
2015.09.03  91500 91100 92400 90300 163127
2015.09.04  90800 91100 92200 90300 89644
2015.09.07  90200 90200 91500 88600 81865
2015.09.08  90900 90000 92300 89900 127335
2015.09.09  94500 93000 94800 92600 245821
2015.09.10  94900 94000 94900 92400 206889
2015.09.11  90600 93500 94100 90600 200879
2015.09.14  90400 90800 91700 89700 130843
2015.09.15  92900 89900 93200 89900 109698
2015.09.16  93300 93000 93400 91400 108605
2015.09.17  93600 94000 94000 92200 113425
2015.09.18  92100 93200 93200 91200 150065
2015.09.21  88200 91000 91000 88000 281628
2015.09.22  89900 88800 90300 87700 165291
2015.09.23  88700 88200 89400 88200 103243
2015.09.24  87200 89400 89400 87000 134782
2015.09.25  88500 87300 88800 86000 123424
2015.09.30  88000 87200 88000 86500 139177
2015.10.01  88400 88100 88700 87100 113904
2015.10.02  88400 88400 89300 88100 86629
2015.10.05  87300 87300 88500 87200 126514
2015.10.06  87600 88100 89800 87400 143244
2015.10.07  86700 87700 88200 85700 160191
2015.10.08  84300 86700 87500 84200 265270
2015.10.12  84900 85000 85100 83800 150950
2015.10.13  85000 84900 85600 84300 135334
2015.10.14  83100 84800 85700 82600 209651
2015.10.15  85100 83000 85400 82900 163987
2015.10.16  85200 85300 86300 84600 93212
2015.10.19  85800 86000 86800 84900 83196
2015.10.20  86500 86000 86600 85800 89873
2015.10.21  94900 87200 96400 87100 794795
2015.10.22  92300 94700 97200 92100 342631
2015.10.23  93700 93900 95900 92900 148268
2015.10.26  97000 94700 97000 94700 225755
2015.10.27  93700 96200 96300 93100 231785
2015.10.28  94600 93500 96800 92600 184764
2015.10.29  95000 94600 96300 93600 107320
2015.10.30  92700 95000 95300 92500 102675
2015.11.02  93600 92700 94000 92300 92771
2015.11.03  95700 94700 96700 94200 134125
2015.11.04  93700 96300 96300 93200 100712
2015.11.05  93700 93700 94700 93100 82432
2015.11.06  91300 93200 93600 90500 102614
2015.11.09  91000 91400 92800 89400 91809
2015.11.10  93000 91000 93000 90300 116291
2015.11.11  90000 92100 92500 87000 196675
2015.11.12  89300 90500 90500 87400 171532
2015.11.13  91200 88100 92400 87400 184646
2015.11.16  89600 90800 90800 89000 81606
2015.11.17  91700 90500 92700 90300 153271
2015.11.18  91800 90900 93300 90900 117543
2015.11.19  98500 92800 99100 92300 382077
2015.11.20  102500 99900 102500 99500 295586
2015.11.23  101000 102000 102500 99800 226019
2015.11.24  103000 101000 105500 100000 273381
2015.11.25  100000 103000 103000 99800 189887
2015.11.26  100500 100000 101000 99800 100353
2015.11.27  99800 100000 101500 99500 123652
2015.11.30  99600 99400 100500 97800 181277
2015.12.01  100500 100500 103000 99200 197614
2015.12.02  101000 100500 103000 100000 130555
2015.12.03  99000 100500 101000 98500 109582
2015.12.04  99300 97700 101500 97600 110494
2015.12.07  99000 100500 101000 98900 67414
2015.12.08  96300 98800 99300 95800 123389
2015.12.09  97000 96400 98400 96100 71398
2015.12.10  95100 97000 98800 95000 142272
2015.12.11  97900 96100 100000 96000 231984
2015.12.14  96200 96800 97400 95300 119498
2015.12.15  95000 97300 97300 94600 130880
2015.12.16  98100 96200 100000 95700 211125
2015.12.17  101000 99600 101500 99100 162483
2015.12.18  103000 100500 103500 99600 235405
2015.12.21  101500 102500 103500 100000 175816
2015.12.22  100000 101500 101500 98800 164122
2015.12.23  101500 101000 102500 99400 108274
2015.12.24  99700 103000 103000 99600 125033
2015.12.28  97900 98800 99300 97200 99449
2015.12.29  98300 98700 99100 96800 61463
2015.12.30  98500 98500 100000 98100 75549
2016.01.04  95000 98500 98500 95000 175230
2016.01.05  97500 95500 97900 95300 197901
2016.01.06  92000 97300 97300 89800 554241
2016.01.07  89200 91400 92700 89000 320017
2016.01.08  90500 88500 90500 87700 144996
2016.01.11  88200 89700 89800 87800 108460
2016.01.12  85900 88300 89100 85400 242656
2016.01.13  87300 86200 88000 86200 127171
2016.01.14  85900 85800 86400 84900 154383
2016.01.15  86100 87100 89500 85900 212155
2016.01.18  86000 84600 86300 84100 120709
2016.01.19  85800 85100 86000 82300 251281
2016.01.20  82300 85700 85700 81700 250351
2016.01.21  83500 81500 85100 81400 143912
2016.01.22  85000 85200 86000 83700 130559
2016.01.25  85500 86500 86800 85000 127425
2016.01.26  81700 83200 84000 80300 412797
2016.01.27  83000 82200 83100 81000 212192
2016.01.28  82600 82500 83000 80900 98546
2016.01.29  82300 83000 83200 81200 136805
2016.02.01  86600 83000 87700 82800 332861
2016.02.02  84800 86600 86600 84800 133220
2016.02.03  81900 84100 85000 81800 166500
2016.02.04  83500 82500 84900 82000 130164
2016.02.05  84300 83500 85200 83400 63854
2016.02.11  82300 81700 83800 81700 158234
2016.02.12  80700 82100 83100 80100 144339
2016.02.15  82100 81500 82400 80800 117525
2016.02.16  85200 82600 85200 82400 110038
2016.02.17  83900 85700 85800 83900 92119
2016.02.18  84500 85500 85500 84000 116492
2016.02.19  85200 84400 85500 82000 175381
2016.02.22  87600 86200 87800 86200 214660
2016.02.23  86900 88600 89500 86400 181518
2016.02.24  88700 87100 89000 86400 133705
2016.02.25  87800 89000 89500 86500 96302
2016.02.26  85600 86800 86900 85500 140899
2016.02.29  87200 85200 87300 85200 98628
2016.03.02  86000 87600 87900 85600 179291
2016.03.03  85500 86000 86400 84700 167569
2016.03.04  85000 85200 85800 83900 156131
2016.03.07  86200 85000 86400 85000 122677
2016.03.08  86500 86400 86900 85100 150121
2016.03.09  86500 86300 86900 85400 136002
2016.03.10  86600 87000 87700 86500 118186
2016.03.11  86400 86800 87500 85200 143623
2016.03.14  86000 87000 87000 85400 80567
2016.03.15  83700 86100 86800 83400 188927
2016.03.16  82900 83700 84700 82000 253591
2016.03.17  83100 83200 84400 82700 177878
2016.03.18  82500 83500 83700 82500 133318
2016.03.21  83400 82700 83900 82700 150082
2016.03.22  84200 84000 84200 83100 120050
2016.03.23  83100 84000 84500 82800 139167
2016.03.24  81300 83000 83000 81000 288906
2016.03.25  79000 81300 81500 78600 431175
2016.03.28  77900 79300 79500 77600 291543
2016.03.29  78900 78100 79300 78100 159285
2016.03.30  79300 79100 79700 79100 178224
2016.03.31  79300 79900 80200 79100 187392
2016.04.01  78200 79600 80000 78100 117614
2016.04.04  79600 78900 80200 78600 109290
2016.04.05  79000 80000 80000 78600 86088
2016.04.06  79200 78200 79600 78200 103440
2016.04.07  78600 79200 79700 78500 92196
2016.04.08  78500 78100 79100 78100 130282
2016.04.11  81900 78500 82100 78500 318166
2016.04.12  81100 82500 82600 80400 141415
2016.04.14  81800 80700 81900 80600 174134
2016.04.15  81600 81700 82100 81500 96435
2016.04.18  81500 81600 82100 80100 167685
2016.04.19  79900 82100 82100 79600 219637
2016.04.20  80900 80300 81300 80100 115693
2016.04.21  81000 81300 81300 80300 86823
2016.04.22  80000 80500 81000 79700 140047
2016.04.25  79000 79700 80300 78700 154718
2016.04.26  79000 79000 79400 78500 119688
2016.04.27  77400 79000 79000 77200 333778
2016.04.28  74300 75700 75900 74000 469987
2016.04.29  73700 74000 74200 73100 241975
2016.05.02  72400 73800 74000 72300 180875
2016.05.03  72400 72500 73000 72000 146090
2016.05.04  73200 71900 73900 71900 260984
2016.05.09  71000 73500 73600 70500 183176
2016.05.10  73100 70500 73200 70500 175823
2016.05.11  72200 73500 73600 71900 173173
2016.05.12  72300 71700 72900 71700 132302
2016.05.13  73600 72800 73900 72600 159354
2016.05.16  74800 73400 75100 73300 208101
2016.05.17  74600 75200 75300 73800 136748
2016.05.18  75700 74000 76000 73900 337073
2016.05.19  77000 76100 77300 75800 283798
2016.05.20  82100 77500 82200 77400 830974
2016.05.23  83300 82300 83800 81400 309070
2016.05.24  82200 82900 83400 81900 185894
2016.05.25  87500 87000 88900 85200 1020453
2016.05.26  88700 87700 90000 86200 468302
2016.05.27  88500 89000 89800 87200 231092
2016.05.30  85900 87200 88200 84400 375125
2016.05.31  86900 86300 87600 85500 164314
2016.06.01  87000 86200 88200 85900 169168
2016.06.02  85100 86800 87800 84800 171974
2016.06.03  84700 84700 86200 83800 182618
2016.06.07  85600 84700 85600 83800 176390
2016.06.08  85300 85200 85600 84400 115259
2016.06.09  86200 85000 87300 84900 246808
2016.06.10  85000 86200 86200 84200 97042
2016.06.13  84200 84500 84800 83700 71491
2016.06.14  82000 83300 83900 81300 134836
2016.06.15  84300 82100 84800 81300 136141
2016.06.16  82900 83800 84300 81300 191295
2016.06.17  81600 83700 84300 81600 113399
2016.06.20  83300 82600 84100 81800 108302
2016.06.21  81000 82800 83300 80300 156438
2016.06.22  81600 81000 82000 80400 102253
2016.06.23  80800 81100 81300 79500 126011
2016.06.24  77300 81100 81300 76400 288792
2016.06.27  79000 75300 79500 74900 135716
2016.06.28  77800 77000 78800 76700 153861
2016.06.29  78100 78500 79300 78000 124533
2016.06.30  78800 79000 79100 78300 59563
2016.07.01  80700 78800 80700 78800 123105
2016.07.04  81000 80700 81000 80000 110428
2016.07.05  79500 80500 80900 79100 120769
2016.07.06  77800 79100 79600 76500 145227
2016.07.07  78500 78700 78900 77100 115216
2016.07.08  79900 78500 79900 78000 92338
2016.07.11  79300 80500 80800 78400 98350
2016.07.12  83200 79100 83200 78500 266211
2016.07.13  82000 83600 84800 81700 187606
2016.07.14  89200 82700 89500 82700 687116
2016.07.15  91000 89100 91700 88400 340467
2016.07.18  91200 90700 91700 89500 146369
2016.07.19  89700 91200 91500 89700 142311
2016.07.20  90000 89500 91200 88500 117620
2016.07.21  92200 89700 93000 89100 175842
2016.07.22  91200 92200 92700 90500 95482
2016.07.25  90100 91200 92100 89600 107827
2016.07.26  92300 90300 92800 89800 160179
2016.07.27  92900 92400 93700 91300 137510
2016.07.28  90200 92900 92900 89700 189492
2016.07.29  89400 90200 90800 88200 180494
2016.08.01  93400 90500 93400 90200 170002
2016.08.02  91600 93400 93500 90600 161631
2016.08.03  90500 90700 92100 89900 117210
2016.08.04  91600 90900 91600 89600 93934
2016.08.05  93700 91600 94300 91200 144933
2016.08.08  93300 94100 95200 92600 100296
2016.08.09  92400 93500 93500 91000 148182
2016.08.10  90100 92000 92100 89400 272976
2016.08.11  87500 90100 90100 87500 210243
2016.08.12  87400 87900 88600 86900 151264
2016.08.16  88200 87900 88400 87200 159120
2016.08.17  87100 88200 88200 86300 94889
2016.08.18  84200 86500 87100 83600 400775
2016.08.19  87400 84200 87500 84200 244891
2016.08.22  86800 87400 88300 86300 110940
2016.08.23  85800 86800 87300 83300 215844
2016.08.24  84800 85700 86200 84200 84341
2016.08.25  86100 85400 86800 84600 124690
2016.08.26  85000 85600 86600 84600 67706
2016.08.29  82900 84500 84600 82200 111360
2016.08.30  83800 83600 85900 83300 109026
2016.08.31  82500 83300 83800 81800 129135
2016.09.01  81700 82400 82400 80800 124910
2016.09.02  82400 82500 82800 81700 80902
2016.09.05  86100 82900 87900 82900 320500
2016.09.06  85000 86700 86700 84700 104199
2016.09.07  82200 85000 86000 81900 222638
2016.09.08  81300 83700 83900 80200 256833
2016.09.09  79300 81300 81300 79200 214881
2016.09.12  78500 80200 81000 78000 266085
2016.09.13  78000 79200 79700 77300 155606
2016.09.19  83500 81400 84000 81300 389751
2016.09.20  81400 82600 82700 80300 184477
2016.09.21  80000 80800 81000 79500 155328
2016.09.22  79100 80900 81500 79100 134383
2016.09.23  79200 79900 80300 79000 131879
2016.09.26  77900 78900 78900 77400 196853
2016.09.27  79000 76700 79800 76700 157199
2016.09.28  78200 79200 79500 78200 133366
2016.09.29  79100 78500 79300 78400 112648
2016.09.30  78300 78600 78700 77800 136399
2016.10.04  77600 78100 79000 77500 121697
2016.10.05  76200 77500 77500 76000 147445
2016.10.06  74500 76200 76700 74400 241129
2016.10.07  75200 74500 75800 74100 162062
2016.10.10  78200 75900 78700 75500 239458
2016.10.11  78200 79400 80200 77700 217847
2016.10.12  80600 78800 80800 78300 286877
2016.10.13  80000 81500 81500 79400 120806
2016.10.14  79000 79800 80800 78400 107301
2016.10.17  78200 79200 79300 77500 86053
2016.10.18  77500 77900 78300 77000 100544
2016.10.19  77300 77700 78300 77300 78195
2016.10.20  76500 77400 77800 76100 122770
2016.10.21  77300 76700 78000 76700 75437
2016.10.24  79500 77600 79500 76700 137728
2016.10.25  77900 79200 79300 77800 82761
2016.10.26  79000 77000 79200 76100 162309
2016.10.27  77600 79100 80800 77300 179389
2016.10.28  78000 77600 78100 76200 144073
2016.10.31  78000 77200 78100 76700 150083
2016.11.01  77200 77100 77700 76300 113932
2016.11.02  75100 76600 77000 74800 145298
2016.11.03  76100 74600 76700 74600 91485
2016.11.04  77300 75300 78600 75300 112231
2016.11.07  79600 78200 79600 78100 154529
2016.11.08  79100 79700 79700 78700 74538
2016.11.09  78600 79800 80700 75900 254941
2016.11.10  79000 79700 80300 78800 156913
2016.11.11  76800 78500 78900 76600 156513
2016.11.14  77500 76300 77900 76300 96078
2016.11.15  76800 77000 78700 76800 89089
2016.11.16  78100 77200 79500 77200 153739
2016.11.17  78600 78200 79000 78200 41221
2016.11.18  77600 78600 79000 77300 69415
2016.11.21  76800 78000 78000 76300 53500
2016.11.22  77100 76700 77400 76600 57505
2016.11.23  76000 76700 77200 75900 116320
2016.11.24  74900 75200 76200 74700 82253
2016.11.25  76400 75100 76600 74900 70011
2016.11.28  80200 77200 80300 77100 335834
2016.11.29  83000 80100 83500 79900 521605
2016.11.30  81100 82500 82800 81100 160498
2016.12.01  81100 81200 82100 80500 118570
2016.12.02  79600 80800 80800 78600 140347
2016.12.05  80900 79400 81200 78500 114347
2016.12.06  82900 81300 83100 81000 156276
2016.12.07  82900 82500 83300 82200 97668
2016.12.08  82800 83500 84300 82200 119683
2016.12.09  83700 82900 85400 82900 194870
2016.12.12  83800 83600 84200 83400 51295
2016.12.13  83200 84000 84300 82400 114124
2016.12.14  83200 83200 84500 83200 85282
2016.12.15  84000 82700 84500 82500 92274
2016.12.16  84900 83700 85300 83300 129429
2016.12.19  82500 85700 85700 82500 114767
2016.12.20  83100 82600 83900 82600 72093
2016.12.21  84400 82800 84800 82800 79643
2016.12.22  87000 86300 87500 85000 275946
2016.12.23  87000 87400 87600 86500 92536
2016.12.26  86000 87000 87500 85400 73392
2016.12.27  87600 86000 88300 86000 145578
2016.12.28  88000 87400 88600 87100 74914
2016.12.29  88400 88000 88600 87100 65485
2017.01.02  85600 87400 87900 84700 171299
2017.01.03  87500 85700 87700 85700 131408
2017.01.04  87600 87500 88300 87200 74226
2017.01.05  89500 87600 90500 87600 149276
2017.01.06  90800 89200 91200 89200 178458
2017.01.09  90700 90800 91300 88700 139019
2017.01.10  89400 90100 90500 89100 65620
2017.01.11  91200 88700 91300 88700 107932
2017.01.12  89100 91200 91200 88800 158406
2017.01.13  89800 88800 90600 88800 99864
2017.01.16  88500 90100 90100 88200 86494
2017.01.17  89000 88300 89700 88300 66666
2017.01.18  89500 89700 90600 89100 124192
2017.01.19  88000 89800 90300 87200 117857
2017.01.20  89300 88000 89400 87100 66500
2017.01.23  90000 90100 91500 89600 242353
2017.01.24  91700 91300 92400 90600 156888
2017.01.25  99100 92500 100000 92500 972100
2017.01.26  99300 99500 101000 97200 385033
2017.01.31  99100 98800 99800 98000 340659
2017.02.01  100000 99800 102000 99200 226690
2017.02.02  102500 101000 103500 99800 302935
2017.02.03  104000 103000 104000 101000 207942
2017.02.06  104000 104500 105000 103000 128140
2017.02.07  106000 105000 106000 103500 124969
2017.02.08  105500 105000 106500 103000 199144
2017.02.09  108500 106500 110000 105500 246241
2017.02.10  105500 109500 109500 105500 143035
2017.02.13  105000 105500 107500 104000 179517
2017.02.14  107000 106000 108500 105000 172043
2017.02.15  108000 107000 108500 106500 145675
2017.02.16  108000 108500 108500 106000 96329
2017.02.17  110500 109000 110500 107000 182632
2017.02.20  114500 111000 115500 108500 321280
2017.02.21  117500 115000 118000 114000 256305
2017.02.22  120000 119500 120500 116500 419467
2017.02.23  125000 120500 125000 119500 437588
2017.02.24  120500 124500 124500 118000 465200
2017.02.27  122000 121000 123000 117000 310805
2017.02.28  120000 122000 122500 118500 211656
2017.03.02  122000 121500 124000 120500 191236
2017.03.03  125000 121000 125000 119500 186984
2017.03.06  125500 125000 127500 123500 146288
2017.03.07  124000 125500 126000 123000 123768
2017.03.08  126000 123500 126000 123000 137240
2017.03.09  129000 126500 129000 125500 216067
2017.03.10  126500 128500 129000 123000 216907
2017.03.13  129500 127000 129500 123500 172956
2017.03.14  127000 129000 130500 126500 129957
2017.03.15  129500 125500 129500 125500 217822
2017.03.16  130000 130000 130500 128000 177341
2017.03.17  132000 130000 133000 129500 166557
2017.03.20  130500 132500 133500 129000 157747
2017.03.21  138500 132000 140000 130000 281795
2017.03.22  137000 137000 141000 135000 250178
2017.03.23  142000 139000 144500 138000 283864
2017.03.24  139000 141000 145000 138500 178818
2017.03.27  138000 139500 142000 136000 114698
2017.03.28  138500 140000 141000 136500 108459
2017.03.29  139000 139000 141000 136500 125389
2017.03.30  139000 138000 140000 132500 301598
2017.03.31  136500 139500 141500 136500 110435
2017.04.03  135500 140000 140000 134500 191409
2017.04.04  135500 135500 137000 134000 160545
2017.04.05  136500 137000 137500 134000 96535
2017.04.06  132500 135500 136500 132000 207423
2017.04.07  136500 133500 138000 132500 175417
2017.04.10  131000 135000 136500 131000 100811
2017.04.11  130000 132000 134500 128500 177405
2017.04.12  134500 132000 135500 130000 160573
2017.04.13  136000 135500 139000 134000 217527
2017.04.14  132500 136000 137000 131500 109959
2017.04.17  131000 133000 134000 129000 140163
2017.04.18  133500 132000 134000 130500 138796
2017.04.19  135000 133000 135000 132500 90569
2017.04.20  134000 135000 136000 133500 90079
2017.04.21  143000 135500 143000 134500 344564
2017.04.24  139000 143000 143000 138000 133923
2017.04.25  140000 138500 141000 138000 155959
2017.04.26  137500 140000 140000 136000 156897
2017.04.27  130500 132000 133000 129000 358207
2017.04.28  131500 129500 133000 128000 399190
2017.05.02  128500 131000 132500 128000 206236
2017.05.04  129500 126000 130500 126000 256099
2017.05.08  130500 130500 131500 129000 186446
2017.05.10  134500 133000 137000 132000 330724
2017.05.11  135500 136000 137500 133500 326482
2017.05.12  133000 135000 135500 132500 122519
2017.05.15  133000 133000 133500 131000 114594
2017.05.16  131000 133500 135500 131000 82055
2017.05.17  130000 130500 131500 128000 199546
2017.05.18  128500 128500 131000 128000 114967
2017.05.19  129000 128500 130500 128000 103305
2017.05.22  128000 130000 130500 127000 105476
2017.05.23  130000 128000 132500 127500 145904
2017.05.24  133500 131500 134500 131000 249702
2017.05.25  130000 133500 134000 129000 196889
2017.05.26  133000 130500 134500 130000 190223
2017.05.29  138500 134000 139000 133000 215983
2017.05.30  138000 139500 142000 137000 196513
2017.05.31  134000 136500 137500 133000 259111
2017.06.01  131500 134500 135000 130500 126848
2017.06.02  135500 132000 135500 131500 127561
2017.06.05  135000 135500 139000 134000 163086
2017.06.07  141000 135500 141000 134000 224086
2017.06.08  151500 140000 152000 140000 559166
2017.06.09  155500 152500 159000 152000 295970
2017.06.12  147000 151000 151000 145000 400911
2017.06.13  150500 146000 154000 144500 288778
2017.06.14  154000 155000 159000 152500 330246
2017.06.15  157500 154000 161500 154000 356160
2017.06.16  157000 157500 162500 156000 327854
2017.06.19  163500 158000 163500 155000 208984
2017.06.20  161500 165000 165500 160500 243381
2017.06.21  164500 160500 164500 156500 134599
2017.06.22  161500 164500 165000 160000 143603
2017.06.23  162500 159000 162500 155500 142281
2017.06.26  175000 163500 176500 163000 356493
2017.06.27  172500 176500 177500 170500 240959
2017.06.28  161500 170500 172000 160000 459122
2017.06.29  161500 164500 165500 160000 183273
2017.06.30  165000 157500 165500 154500 253514
2017.07.03  159500 164000 164500 155500 226468
2017.07.04  157500 158500 162500 157000 136616
2017.07.05  161000 158500 163500 157500 161561
2017.07.06  159500 163500 164500 158500 143851
2017.07.07  156000 156500 160500 155500 126599
2017.07.10  157000 158000 158500 151000 155554
2017.07.11  159500 158500 160000 154000 112999
2017.07.12  153000 160000 161000 152000 189951
2017.07.13  157500 156000 163500 154000 249549
2017.07.14  153000 157500 158500 152000 187435
2017.07.17  158000 153500 159000 153500 137975
2017.07.18  160500 159000 161500 156000 126490
2017.07.19  159000 161000 164500 157000 165005
2017.07.20  158000 159500 160500 155500 83950
2017.07.21  161000 157000 162000 157000 85538
2017.07.24  167000 161000 168500 160000 199829
2017.07.25  162000 168000 169000 162000 142646
2017.07.26  157500 164000 164000 153500 220657
2017.07.27  161500 156500 166500 156000 269232
2017.07.28  150500 157500 159000 149000 362399
2017.07.31  150000 148000 152000 147000 148782
2017.08.01  149500 150000 151500 145500 260794
2017.08.02  165000 163000 165500 157000 520279
2017.08.03  162500 163500 166500 161000 191514
2017.08.04  162000 163000 165000 160000 139209
2017.08.07  160500 161000 164500 160000 111340
2017.08.08  162500 161500 164000 160500 173374
2017.08.09  159000 160000 162500 157500 157114
2017.08.10  164000 157000 164000 156500 225604
2017.08.11  161500 158500 164000 157500 177345
2017.08.14  165000 165500 166000 162000 121652
2017.08.16  168000 167000 171000 166500 164781
2017.08.17  167500 166500 169000 164500 81188
2017.08.18  170000 163000 170000 163000 104989
