2012.11.20  5810 5990 6200 5520 4257245
2012.11.21  5800 5950 6080 5630 1377765
2012.11.22  5770 5900 5930 5680 638643
2012.11.23  5590 5760 5850 5580 521231
2012.11.26  5640 5660 5730 5600 315834
2012.11.27  5490 5610 5680 5370 362997
2012.11.28  5650 5540 5700 5510 241015
2012.11.29  5870 5700 5870 5630 377196
2012.11.30  5810 5870 5940 5760 241003
2012.12.03  5700 5850 5890 5660 93062
2012.12.04  5720 5690 5720 5530 117890
2012.12.05  5650 5660 5720 5570 66854
2012.12.06  5500 5650 5690 5480 154583
2012.12.07  5330 5460 5530 5130 148061
2012.12.10  5270 5380 5380 5180 93816
2012.12.11  5300 5260 5410 5240 81679
2012.12.12  5290 5280 5350 5240 46898
2012.12.13  5470 5310 5480 5280 74509
2012.12.14  5410 5470 5480 5380 47427
2012.12.17  5400 5430 5530 5320 48900
2012.12.18  5270 5450 5450 5270 41596
2012.12.20  5150 5220 5320 5140 71684
2012.12.21  5120 5290 5290 5040 47097
2012.12.24  5160 5110 5230 5040 26744
2012.12.26  5230 5160 5250 5080 40890
2012.12.27  5200 5260 5260 5120 24220
2012.12.28  5230 5230 5230 5130 12045
2013.01.02  5100 5180 5190 5040 63861
2013.01.03  4980 5110 5110 4930 106968
2013.01.04  5030 5000 5080 4950 42281
2013.01.07  4970 5190 5190 4960 32971
2013.01.08  5000 5000 5000 4910 20091
2013.01.09  5030 5000 5070 4950 57369
2013.01.10  5050 5080 5080 4960 42557
2013.01.11  5000 5050 5050 4970 51464
2013.01.14  5030 5070 5070 4980 17385
2013.01.15  5000 5010 5090 5000 69028
2013.01.16  5000 5070 5070 4985 34444
2013.01.17  4995 5050 5050 4985 26970
2013.01.18  4985 5000 5060 4965 21286
2013.01.21  4965 4965 5000 4955 38093
2013.01.22  4995 4965 4995 4915 68201
2013.01.23  5090 4965 5170 4945 183010
2013.01.24  4975 5090 5160 4940 119225
2013.01.25  4905 4940 4985 4900 28267
2013.01.28  4915 4980 4980 4900 19541
2013.01.29  4950 4920 4990 4920 25566
2013.01.30  4950 5030 5030 4935 31818
2013.01.31  4940 5000 5000 4915 24352
2013.02.01  4935 4990 4990 4915 28121
2013.02.04  4920 4930 4985 4920 32659
2013.02.05  4890 4910 4945 4890 39142
2013.02.06  4890 4935 4950 4860 46560
2013.02.07  4875 4880 4900 4860 40230
2013.02.08  4880 4900 4925 4860 19471
2013.02.12  4890 4870 4920 4870 9141
2013.02.13  4950 4900 4970 4880 27031
2013.02.14  4930 4930 4970 4920 48952
2013.02.15  5150 4935 5180 4935 69791
2013.02.18  5060 5170 5170 4975 70753
2013.02.19  5040 5050 5140 4985 34316
2013.02.20  5040 5040 5080 5030 33110
2013.02.21  5040 5040 5080 5020 27120
2013.02.22  5050 5030 5080 4980 36560
2013.02.25  5070 5050 5120 5030 17570
2013.02.26  5110 5070 5250 4990 115775
2013.02.27  5170 5040 5190 5040 28317
2013.02.28  5100 5200 5200 5060 25413
2013.03.04  5110 5100 5140 5080 21392
2013.03.05  5040 5070 5110 5010 23116
2013.03.06  5090 5110 5160 5030 29925
2013.03.07  5070 5090 5090 4980 31869
2013.03.08  5010 5000 5060 4995 44630
2013.03.11  4940 4990 5000 4940 34726
2013.03.12  4955 4960 5040 4935 10422
2013.03.13  5060 4995 5070 4950 23170
2013.03.14  5030 5080 5090 4965 19120
2013.03.15  5050 5000 5070 4995 21327
2013.03.18  5260 5090 5400 5060 110721
2013.03.19  5250 5210 5290 5170 54632
2013.03.20  5150 5200 5270 5120 39835
2013.03.21  5200 5180 5240 5150 26122
2013.03.22  5170 5120 5240 5120 18227
2013.03.25  5270 5220 5310 5150 26234
2013.03.26  5280 5270 5300 5210 22905
2013.03.27  5450 5300 5540 5270 64222
2013.03.28  5450 5370 5490 5350 29852
2013.03.29  5440 5450 5500 5440 44540
2013.04.01  5520 5470 5550 5430 28661
2013.04.02  5500 5550 5550 5310 55304
2013.04.03  5450 5570 5570 5420 41971
2013.04.04  5310 5500 5500 5220 45554
2013.04.05  5270 5290 5500 5270 47965
2013.04.08  5320 5300 5490 5270 32040
2013.04.09  5350 5290 5470 5290 26680
2013.04.10  5400 5350 5440 5340 13471
2013.04.11  5430 5500 5500 5350 23500
2013.04.12  5420 5430 5460 5300 26071
2013.04.15  5420 5390 5420 5290 21911
2013.04.16  5300 5410 5410 5300 31440
2013.04.17  5350 5300 5430 5300 32512
2013.04.18  5400 5360 5430 5330 21673
2013.04.19  5400 5360 5440 5310 10971
2013.04.22  5430 5390 5490 5390 34575
2013.04.23  5900 5430 5900 5360 183200
2013.04.24  5830 5890 5900 5760 54967
2013.04.25  5740 5850 5850 5660 38626
2013.04.26  5740 5790 5790 5640 23691
2013.04.29  5750 5730 5820 5700 36473
2013.04.30  5670 5760 5830 5670 39261
2013.05.02  5680 5670 5760 5650 16924
2013.05.03  5780 5690 5830 5690 37377
2013.05.06  5800 5830 5840 5740 14876
2013.05.07  5800 5740 5830 5730 34628
2013.05.08  5800 5850 5850 5740 23880
2013.05.09  5860 5810 5930 5760 77392
2013.05.10  5900 5920 6020 5860 62415
2013.05.13  5860 5900 5990 5800 42130
2013.05.14  5790 5910 5920 5700 23100
2013.05.15  5800 5890 5890 5710 13290
2013.05.16  5560 5770 5800 5470 106927
2013.05.20  5550 5560 5650 5550 26935
2013.05.21  5620 5550 5700 5540 18469
2013.05.22  5850 5670 5860 5600 85683
2013.05.23  5860 5900 5920 5830 31720
2013.05.24  5890 5890 5900 5830 17130
2013.05.27  5910 5900 5920 5780 29140
2013.05.28  6020 5980 6150 5900 126836
2013.05.29  5970 6050 6080 5960 108237
2013.05.30  6000 6000 6090 5960 56531
2013.05.31  6070 6000 6090 5930 53101
2013.06.03  6230 6090 6230 6030 115877
2013.06.04  6380 6240 6470 6230 141807
2013.06.05  6280 6400 6450 6280 105162
2013.06.07  6220 6230 6390 6150 40685
2013.06.10  6200 6220 6380 6150 50794
2013.06.11  6220 6210 6280 6160 40076
2013.06.12  6190 6300 6300 6110 36240
2013.06.13  6050 6250 6270 6030 62880
2013.06.14  6120 6100 6150 5920 43392
2013.06.17  6030 6170 6190 5760 23227
2013.06.18  6040 6070 6130 5970 27520
2013.06.19  6000 6050 6100 5930 17460
2013.06.20  5980 6140 6140 5900 26744
2013.06.21  5780 5920 5920 5750 28573
2013.06.24  5770 5960 5960 5700 15476
2013.06.25  5450 5730 5850 5310 43090
2013.06.26  5480 5540 5600 5450 24730
2013.06.27  5900 5570 5920 5560 48430
2013.06.28  5930 5980 5980 5870 20450
2013.07.01  5950 5930 5970 5770 14821
2013.07.02  5970 5920 6050 5910 30325
2013.07.03  5940 5950 6020 5900 18700
2013.07.04  5920 5940 6000 5860 12890
2013.07.05  5970 5920 5970 5890 33525
2013.07.08  5930 6060 6060 5850 43430
2013.07.09  5930 5930 6000 5900 16420
2013.07.10  5900 5950 5990 5850 15770
2013.07.11  5980 5950 6040 5910 37521
2013.07.12  5950 5920 5970 5890 31251
2013.07.15  5970 6040 6040 5900 16332
2013.07.16  6060 6000 6110 5970 80631
2013.07.17  6080 6010 6130 5980 16191
2013.07.18  6150 6120 6170 6030 59610
2013.07.19  6140 6120 6150 6090 27840
2013.07.22  6130 6140 6170 6020 28790
2013.07.23  6100 6110 6150 6050 11892
2013.07.24  6100 6050 6120 6030 24930
2013.07.25  6130 6070 6140 6030 25251
2013.07.26  6130 6110 6130 6060 13252
2013.07.29  6080 6100 6150 6040 14790
2013.07.30  6120 6160 6160 6080 18400
2013.07.31  6140 6140 6170 6110 24890
2013.08.01  6150 6210 6210 6090 20182
2013.08.02  6210 6180 6210 6120 116376
2013.08.05  6310 6230 6410 6190 179650
2013.08.06  6250 6400 6450 6250 27773
2013.08.07  6240 6260 6290 6210 27955
2013.08.08  6300 6220 6340 6200 21069
2013.08.09  6300 6380 6380 6250 35741
2013.08.12  6800 6450 6900 6390 393423
2013.08.13  6750 6900 6940 6720 191145
2013.08.14  7100 6780 7300 6750 198251
2013.08.16  7230 7070 7230 6950 83478
2013.08.19  7230 7280 7400 7080 63370
2013.08.20  6940 7290 7300 6660 98472
2013.08.21  6940 6910 7000 6620 109896
2013.08.22  6720 6930 6950 6660 77410
2013.08.23  6940 6880 6950 6780 80620
2013.08.26  7200 6950 7200 6940 95866
2013.08.27  7200 7250 7280 7100 200895
2013.08.28  7200 7100 7200 7010 83940
2013.08.29  7620 7220 7800 7220 208847
2013.08.30  7620 7550 7680 7340 117702
2013.09.02  7420 7600 7650 7370 80910
2013.09.03  7320 7400 7430 7230 100242
2013.09.04  7530 7320 7590 7260 108439
2013.09.05  7580 7530 7720 7530 83336
2013.09.06  7700 7660 7850 7640 138305
2013.09.09  7640 7680 7840 7620 82991
2013.09.10  7720 7640 7720 7560 93610
2013.09.11  8100 7800 8190 7790 201459
2013.09.12  8080 8100 8210 7990 128234
2013.09.13  8110 8070 8250 7960 93006
2013.09.16  8180 8200 8310 8120 108286
2013.09.17  8150 8270 8270 8020 97875
2013.09.23  8380 8190 8430 8180 126480
2013.09.24  8500 8400 8500 8310 100453
2013.09.25  9050 8550 9100 8500 296350
2013.09.26  9000 9000 9140 8930 102324
2013.09.27  8840 9000 9000 8800 179427
2013.09.30  8600 8800 8840 8490 220007
2013.10.01  8780 8600 8780 8490 109502
2013.10.02  8990 8810 8990 8600 116164
2013.10.04  8780 8910 8910 8660 114288
2013.10.07  8540 8710 8810 8480 120595
2013.10.08  8550 8600 8600 8360 50773
2013.10.10  8460 8650 8650 8450 61936
2013.10.11  8110 8500 8500 7710 482621
2013.10.14  7930 8190 8390 7930 199476
2013.10.15  8160 7910 8170 7800 127000
2013.10.16  7960 8160 8250 7810 122350
2013.10.17  8050 7950 8220 7870 221389
2013.10.18  7970 8150 8150 7830 83820
2013.10.21  7830 8040 8040 7780 83122
2013.10.22  7870 7860 7870 7660 97998
2013.10.23  8100 7870 8200 7840 107570
2013.10.24  8170 8050 8170 7960 67597
2013.10.25  8130 8250 8250 8080 45841
2013.10.28  7930 8040 8060 7850 64681
2013.10.29  8320 7990 8400 7950 178060
2013.10.30  8840 8410 8960 8320 282025
2013.10.31  8640 8860 9000 8640 123928
2013.11.01  8850 8670 9000 8640 129251
2013.11.04  9100 8950 9340 8790 204903
2013.11.05  8960 9100 9170 8700 146771
2013.11.06  8900 8970 9040 8740 74403
2013.11.07  8690 8780 8870 8630 60320
2013.11.08  8570 8530 8790 8500 46813
2013.11.11  8270 8570 8740 8190 116753
2013.11.12  8500 8270 8550 8270 86953
2013.11.13  8500 8500 8590 8340 28514
2013.11.14  8790 8580 8820 8570 91002
2013.11.15  8750 8970 8970 8570 115066
2013.11.18  8800 8750 8820 8650 70005
2013.11.19  8650 8870 8870 8300 161866
2013.11.20  8800 8500 8800 8460 84677
2013.11.21  8920 8800 8960 8610 91420
2013.11.22  9680 9000 9750 8940 364790
2013.11.25  9780 9800 9860 9370 357442
2013.11.26  9530 9890 9890 9500 139611
2013.11.27  9500 9530 9650 9410 87251
2013.11.28  9620 9470 9750 9340 178011
2013.11.29  9700 9750 9800 9450 146585
2013.12.02  9660 9650 9750 9600 53769
2013.12.03  9510 9610 9700 9400 122709
2013.12.04  9250 9500 9500 9150 100285
2013.12.05  9280 9160 9320 9140 78916
2013.12.06  9280 9240 9420 9180 61421
2013.12.09  9250 9280 9350 9200 47084
2013.12.10  8910 9250 9250 8810 89759
2013.12.11  8910 8810 9060 8810 61995
2013.12.12  9080 8910 9090 8850 35801
2013.12.13  8910 9000 9100 8700 44839
2013.12.16  8780 8900 9000 8750 55462
2013.12.17  8550 8880 8880 8500 77630
2013.12.18  8710 8550 8720 8550 45920
2013.12.19  8500 8660 8880 8440 48708
2013.12.20  8330 8500 8650 8250 74417
2013.12.23  8070 8340 8390 8040 115556
2013.12.24  8470 8110 8490 8110 63324
2013.12.26  8500 8500 8510 8320 33210
2013.12.27  8340 8500 8500 8260 28314
2013.12.30  8710 8450 8710 8360 23310
2014.01.02  8440 8710 8710 8430 21011
2014.01.03  8250 8550 8690 8200 23092
2014.01.06  8330 8130 8360 8130 22492
2014.01.07  8200 8070 8370 8070 66480
2014.01.08  8160 8250 8250 8100 27040
2014.01.09  8130 8260 8260 8040 37721
2014.01.10  8020 8190 8190 7820 49418
2014.01.13  7920 8100 8100 7770 56081
2014.01.14  8100 7850 8170 7850 39720
2014.01.15  8260 8060 8270 8060 35571
2014.01.16  8180 8210 8290 8150 26107
2014.01.17  8940 8650 9000 8400 147930
2014.01.20  8660 8980 8980 8500 95970
2014.01.21  8570 8650 8760 8490 60091
2014.01.22  8750 8600 8750 8570 22177
2014.01.23  8490 8750 8750 8420 58415
2014.01.24  8420 8480 8540 8370 21230
2014.01.27  8160 8250 8250 8010 57145
2014.01.28  8150 8080 8360 8080 44830
2014.01.29  8370 8250 8450 8150 43722
2014.02.03  8310 8290 8440 8200 16063
2014.02.04  8130 8080 8240 8050 23213
2014.02.05  8230 8140 8320 8140 11861
2014.02.06  8370 8230 8390 8160 22137
2014.02.07  8320 8390 8390 8220 44513
2014.02.10  8480 8300 8500 8300 25601
2014.02.11  8370 8490 8490 8370 14792
2014.02.12  8350 8400 8430 8280 25793
2014.02.13  8290 8350 8400 8240 22990
2014.02.14  8370 8290 8520 8190 41741
2014.02.17  8180 8370 8370 8140 39018
2014.02.18  8060 8240 8280 7940 47511
2014.02.19  8060 8160 8180 8050 11674
2014.02.20  8080 7960 8100 7950 53434
2014.02.21  8120 8030 8260 8030 26962
2014.02.24  8060 8120 8220 8040 23978
2014.02.25  7900 7960 8060 7840 83422
2014.02.26  7600 7830 7920 7560 121070
2014.02.27  7750 7730 7750 7650 36342
2014.02.28  7610 7750 7770 7570 44421
2014.03.03  7520 7560 7610 7490 53361
2014.03.04  7500 7520 7560 7300 92164
2014.03.05  7770 7590 7780 7450 88672
2014.03.06  7850 7820 7970 7740 32574
2014.03.07  7780 7890 7890 7730 19672
2014.03.10  7950 7740 8170 7740 75030
2014.03.11  7950 8110 8110 7800 37620
2014.03.12  7850 8010 8100 7810 41140
2014.03.13  7690 7850 7900 7550 72162
2014.03.14  7690 7560 7820 7550 23515
2014.03.17  7680 7630 7840 7630 22898
2014.03.18  7690 7710 7780 7680 24140
2014.03.19  7660 7690 7710 7650 34434
2014.03.20  7530 7700 7700 7520 30173
2014.03.21  7790 7540 7790 7540 21542
2014.03.24  7660 7720 7790 7610 31881
2014.03.25  7630 7730 7730 7550 22071
2014.03.26  7860 7690 7870 7610 37648
2014.03.27  7920 7880 7980 7790 37512
2014.03.28  7900 7920 8020 7870 25010
2014.03.31  7770 7880 8000 7760 24451
2014.04.01  8200 7750 8200 7720 110531
2014.04.02  8370 8200 8420 8200 83593
2014.04.03  8220 8310 8400 8150 32908
2014.04.04  8490 8210 8520 8210 68105
2014.04.07  8280 8430 8500 8270 29704
2014.04.08  8230 8220 8280 8100 26926
2014.04.09  8200 8130 8240 8120 26102
2014.04.10  8190 8100 8310 8100 42728
2014.04.11  8200 8180 8310 8140 17801
2014.04.14  8330 8160 8330 8110 36861
2014.04.15  8340 8280 8440 8270 56831
2014.04.16  8340 8340 8430 8290 24372
2014.04.17  8240 8350 8390 8230 19566
2014.04.18  8170 8240 8310 8130 20885
2014.04.21  8100 8150 8200 8100 15807
2014.04.22  8080 8110 8140 8050 16892
2014.04.23  8200 8100 8260 8070 36342
2014.04.24  8270 8150 8380 8150 68846
2014.04.25  8290 8350 8360 8210 22954
2014.04.28  8190 8280 8320 8110 34568
2014.04.29  8090 8270 8270 8050 36306
2014.04.30  7940 8200 8200 7860 88913
2014.05.02  7790 7960 7960 7760 49895
2014.05.07  7700 7850 7880 7650 71142
2014.05.08  7830 7700 7830 7670 16170
2014.05.09  7970 7830 7980 7800 16170
2014.05.12  7940 8030 8030 7770 10630
2014.05.13  7900 7900 8010 7880 14050
2014.05.14  7880 7840 7960 7750 14360
2014.05.15  8050 7830 8050 7810 26931
2014.05.16  7970 8020 8020 7890 11143
2014.05.19  7800 8060 8060 7680 29321
2014.05.20  7800 7820 7900 7800 28311
2014.05.21  7810 7800 7870 7770 10882
2014.05.22  7820 7800 7860 7790 11890
2014.05.23  7900 7810 7950 7760 26541
2014.05.26  8020 8010 8070 7850 51781
2014.05.27  8120 8030 8150 7990 54111
2014.05.28  8260 8100 8290 8100 59937
2014.05.29  8250 8250 8330 8190 40089
2014.05.30  8090 8170 8260 7970 33100
2014.06.02  8040 8020 8090 7940 32648
2014.06.03  8010 7950 8050 7920 19888
2014.06.05  7830 7970 8040 7810 25440
2014.06.09  7790 7830 8000 7590 87016
2014.06.10  7780 7690 7860 7660 12469
2014.06.11  7790 7760 7900 7720 51754
2014.06.12  7790 7790 7800 7680 24428
2014.06.13  7770 7790 7790 7650 32165
2014.06.16  7740 7910 7910 7730 33767
2014.06.17  7830 7760 7890 7750 13312
2014.06.18  7870 7800 7950 7800 43001
2014.06.19  7870 7940 7940 7830 37739
2014.06.20  7850 7880 8020 7750 39794
2014.06.23  7770 7890 7920 7660 16065
2014.06.24  7730 7740 7850 7710 25867
2014.06.25  7650 7760 7760 7570 30377
2014.06.26  7600 7590 7730 7480 54810
2014.06.27  7650 7700 7700 7510 12420
2014.06.30  7800 7700 7900 7700 33150
2014.07.01  8170 7880 8190 7750 76979
2014.07.02  8170 8170 8230 8110 60680
2014.07.03  8300 8180 8310 8160 88638
2014.07.04  8300 8390 8390 8240 50776
2014.07.07  8310 8310 8400 8250 35512
2014.07.08  8240 8310 8340 8220 47557
2014.07.09  8360 8220 8360 8140 47043
2014.07.10  8430 8390 8500 8340 76643
2014.07.11  8830 8430 8900 8370 174678
2014.07.14  8820 8970 9000 8710 164279
2014.07.15  8640 8800 9080 8610 128231
2014.07.16  8970 8580 9030 8520 179012
2014.07.17  8880 8910 9020 8820 81112
2014.07.18  8680 8740 8930 8680 64429
2014.07.21  8840 8770 8970 8690 50213
2014.07.22  8820 8820 8930 8710 40475
2014.07.23  8800 8830 8940 8790 49131
2014.07.24  8820 8820 9060 8730 103826
2014.07.25  8720 8800 8910 8700 40494
2014.07.28  8450 8700 8730 8450 49173
2014.07.29  8270 8370 8440 8200 75982
2014.07.30  8520 8390 8570 8200 47408
2014.07.31  8200 8540 8540 8200 38353
2014.08.01  8280 8000 8370 8000 39091
2014.08.04  8370 8230 8450 8200 33146
2014.08.05  8500 8470 8670 8390 64668
2014.08.06  8330 8500 8550 8200 45216
2014.08.07  8300 8200 8320 8180 29997
2014.08.08  8270 8300 8320 8200 20267
2014.08.11  8230 8210 8300 8200 17907
2014.08.12  8280 8270 8310 8230 15697
2014.08.13  8300 8300 8370 8250 19398
2014.08.14  8360 8310 8440 8310 24288
2014.08.18  8290 8380 8400 8220 43772
2014.08.19  8180 8370 8370 8160 39315
2014.08.20  8170 8260 8260 8140 31281
2014.08.21  8160 8240 8260 8130 33492
2014.08.22  8130 8260 8260 8110 25898
2014.08.25  7910 8150 8190 7880 62701
2014.08.26  7920 7840 7930 7790 54679
2014.08.27  7830 7920 7920 7800 72935
2014.08.28  7800 7830 7900 7770 32407
2014.08.29  7730 7820 7820 7730 34302
2014.09.01  7570 7730 7760 7480 58246
2014.09.02  7490 7580 7600 7370 59151
2014.09.03  7570 7500 7570 7400 25393
2014.09.04  7570 7590 7590 7520 31823
2014.09.05  7540 7550 7590 7440 58477
2014.09.11  7400 7540 7590 7400 55966
2014.09.12  7450 7480 7480 7390 28191
2014.09.15  7540 7310 7540 7310 37438
2014.09.16  7770 7590 7800 7500 52273
2014.09.17  7800 7800 7800 7700 20555
2014.09.18  7750 7810 7880 7730 47773
2014.09.19  7770 7800 7840 7740 14842
2014.09.22  7770 7710 7770 7690 15748
2014.09.23  7770 7640 7850 7640 23301
2014.09.24  7840 7710 7910 7710 27208
2014.09.25  7870 7840 7920 7820 17312
2014.09.26  7760 7870 7870 7700 36957
2014.09.29  7850 7890 7950 7820 30189
2014.09.30  7900 7850 7900 7700 27273
2014.10.01  7900 7850 7920 7750 44326
2014.10.02  7910 7780 7940 7780 34319
2014.10.06  7670 7950 7960 7530 35166
2014.10.07  7550 7600 7740 7460 30222
2014.10.08  7560 7600 7600 7480 16545
2014.10.10  7440 7560 7560 7250 44222
2014.10.13  7180 7310 7490 7080 43809
2014.10.14  7180 7180 7270 7110 12816
2014.10.15  7210 7230 7380 7170 14272
2014.10.16  7240 7170 7310 7120 8841
2014.10.17  7200 7290 7290 7080 12451
2014.10.20  7200 7240 7270 7140 17558
2014.10.21  7000 7200 7220 6950 43244
2014.10.22  6850 7170 7170 6740 73692
2014.10.23  6820 6760 7030 6650 44329
2014.10.24  6620 6850 6950 6620 28947
2014.10.27  6410 6530 6620 6380 74956
2014.10.28  6300 6510 6520 6230 70577
2014.10.29  6310 6310 6430 6280 43177
2014.10.30  6360 6260 6390 6260 47832
2014.10.31  6400 6360 6450 6320 27273
2014.11.03  6290 6500 6500 6240 29736
2014.11.04  6030 6290 6370 6030 43892
2014.11.05  6060 6010 6110 5970 18618
2014.11.06  6140 6070 6230 5980 13523
2014.11.07  6320 6230 6590 6120 18483
2014.11.10  6450 6380 6460 6280 40163
2014.11.11  6440 6450 6450 6290 42175
2014.11.12  6450 6480 6510 6370 39605
2014.11.13  6570 6530 6640 6460 34242
2014.11.14  6530 6650 6650 6440 20010
2014.11.17  6450 6500 6550 6430 8475
2014.11.18  6390 6500 6500 6360 11517
2014.11.19  6420 6340 6430 6230 11486
2014.11.20  6390 6420 6460 6300 5330
2014.11.21  6270 6420 6440 6200 17932
2014.11.24  6450 6280 6450 6270 26903
2014.11.25  6410 6400 6460 6380 14081
2014.11.26  6330 6410 6460 6200 22789
2014.11.27  6260 6330 6390 6250 24789
2014.11.28  6220 6330 6330 6180 20092
2014.12.01  6180 6160 6310 6140 21109
2014.12.02  6130 6150 6260 6120 18203
2014.12.03  6050 6150 6150 6000 42268
2014.12.04  6060 6090 6090 6000 56218
2014.12.05  6200 6060 6250 6060 50615
2014.12.08  6270 6230 6280 6200 42696
2014.12.09  6260 6270 6290 6170 22816
2014.12.10  6180 6190 6280 6100 21680
2014.12.11  6120 6180 6240 6060 19357
2014.12.12  6070 6090 6220 6050 29188
2014.12.15  6070 5980 6100 5980 28448
2014.12.16  6050 6070 6110 6000 35371
2014.12.17  6030 6020 6160 6020 28694
2014.12.18  6080 6120 6120 5970 38679
2014.12.19  6150 6100 6180 6070 24243
2014.12.22  6200 6150 6200 6080 15796
2014.12.23  6200 6200 6230 6130 25457
2014.12.24  6400 6250 6470 6100 62813
2014.12.26  6400 6480 6520 6310 46908
2014.12.29  6340 6420 6420 6250 34595
2014.12.30  6350 6340 6380 6250 16942
2015.01.02  6310 6360 6380 6260 18765
2015.01.05  6310 6360 6360 6190 35152
2015.01.06  6270 6200 6290 6160 43859
2015.01.07  6260 6220 6270 6180 19762
2015.01.08  6330 6260 6330 6230 17440
2015.01.09  6300 6310 6390 6290 34353
2015.01.12  6310 6300 6370 6180 30156
2015.01.13  6180 6350 6380 6130 45952
2015.01.14  6180 6240 6240 6100 43449
2015.01.15  6120 6170 6170 6090 35169
2015.01.16  6100 6140 6140 5980 46148
2015.01.19  6070 6090 6120 6050 22401
2015.01.20  6060 6120 6120 6020 19504
2015.01.21  5950 6060 6060 5930 63291
2015.01.22  5890 5950 6000 5850 34035
2015.01.23  5970 5870 6000 5860 32001
2015.01.26  5950 6000 6000 5890 21009
2015.01.27  5910 5990 5990 5830 33430
2015.01.28  6070 5920 6210 5920 70888
2015.01.29  6000 6100 6100 5950 25368
2015.01.30  6000 6000 6010 5920 19090
2015.02.02  5970 5910 6010 5900 17996
2015.02.03  5930 5970 6030 5910 17356
2015.02.04  6040 5940 6040 5910 41703
2015.02.05  6060 6040 6060 5950 17001
2015.02.06  6050 6090 6090 5990 29164
2015.02.09  6010 6050 6050 5950 25173
2015.02.10  5950 6000 6000 5930 20930
2015.02.11  5940 5930 6000 5920 18041
2015.02.12  5960 5940 6010 5850 21639
2015.02.13  6030 5960 6040 5920 12938
2015.02.16  6150 6030 6290 6030 47704
2015.02.17  6170 6150 6240 6140 13268
2015.02.23  6090 6180 6190 6060 21631
2015.02.24  6140 6090 6180 6080 27985
2015.02.25  6310 6180 6310 6150 48179
2015.02.26  6460 6290 6460 6290 42166
2015.02.27  6420 6430 6500 6380 31482
2015.03.02  6490 6420 6500 6400 34265
2015.03.03  6650 6520 6660 6450 56783
2015.03.04  6570 6680 6680 6530 28310
2015.03.05  6730 6760 6800 6610 64139
2015.03.06  6600 6730 6730 6590 31092
2015.03.09  6400 6580 6580 6330 35490
2015.03.10  6460 6440 6460 6360 28593
2015.03.11  6590 6380 6650 6350 36170
2015.03.12  6540 6620 6620 6470 14620
2015.03.13  6480 6500 6590 6440 18143
2015.03.16  6460 6500 6500 6410 19513
2015.03.17  6410 6440 6460 6310 48006
2015.03.18  6310 6370 6440 6310 30491
2015.03.19  6280 6380 6380 6270 26292
2015.03.20  6340 6280 6440 6220 41462
2015.03.23  6360 6340 6400 6320 19827
2015.03.24  6350 6420 6420 6310 11569
2015.03.25  6360 6410 6410 6270 34305
2015.03.26  6430 6280 6450 6280 28836
2015.03.27  6440 6430 6470 6350 15012
2015.03.30  6400 6440 6540 6380 13347
2015.03.31  6400 6450 6500 6360 32374
2015.04.01  6410 6380 6450 6340 37669
2015.04.02  6570 6450 6620 6370 54574
2015.04.03  6670 6710 6800 6600 77413
2015.04.06  6640 6670 6720 6560 28602
2015.04.07  6610 6670 6700 6500 39717
2015.04.08  6690 6670 6730 6550 27061
2015.04.09  6650 6690 6710 6620 23969
2015.04.10  6840 6630 6940 6630 100486
2015.04.13  6820 6890 7050 6820 33413
2015.04.14  6830 6820 6930 6730 33365
2015.04.15  6820 6750 6840 6750 23059
2015.04.16  6720 6800 6850 6660 27887
2015.04.17  6730 6720 6730 6620 23377
2015.04.20  6700 6690 6770 6590 26023
2015.04.21  6770 6780 6820 6710 33312
2015.04.22  6670 6820 6860 6600 65808
2015.04.23  6690 6670 6710 6600 48539
2015.04.24  6740 6720 6860 6710 49342
2015.04.27  6790 6790 6810 6700 49097
2015.04.28  6760 6810 6810 6690 31395
2015.04.29  6780 6800 6830 6720 32986
2015.04.30  6670 6800 6800 6640 23018
2015.05.04  6600 6700 6700 6520 21852
2015.05.06  6480 6550 6560 6460 34227
2015.05.07  6450 6480 6500 6330 17318
2015.05.08  6550 6400 6550 6400 10754
2015.05.11  6570 6580 6590 6520 25603
2015.05.12  6670 6610 6670 6540 25883
2015.05.13  6680 6700 6700 6590 24586
2015.05.14  6660 6680 6720 6550 33587
2015.05.15  6630 6700 6740 6560 23257
2015.05.18  6530 6630 6700 6460 48507
2015.05.19  6440 6530 6530 6400 43723
2015.05.20  6390 6430 6490 6340 71448
2015.05.21  6320 6440 6450 6210 39097
2015.05.22  6260 6280 6320 6210 57091
2015.05.26  6250 6400 6400 6250 18844
2015.05.27  6220 6250 6280 6160 20708
2015.05.28  6220 6220 6280 6190 25251
2015.05.29  6210 6220 6270 6140 26417
2015.06.01  6170 6270 6270 6160 32990
2015.06.02  5920 6140 6250 5880 69591
2015.06.03  5890 5920 5950 5840 37096
2015.06.04  5960 5910 6000 5860 19330
2015.06.05  5910 5940 5950 5840 22856
2015.06.08  5740 5900 5900 5680 39688
2015.06.09  5800 5740 5890 5700 30089
2015.06.10  5840 5800 5880 5800 13082
2015.06.11  5940 5880 5970 5870 17071
2015.06.12  5960 5940 6010 5870 14226
2015.06.15  5880 5940 5940 5790 19539
2015.06.16  5750 5840 5870 5720 39578
2015.06.17  5770 5750 5880 5670 17098
2015.06.18  5650 5830 5830 5610 19538
2015.06.19  5730 5660 5750 5660 19612
2015.06.22  5740 5770 5830 5700 17998
2015.06.23  5810 5830 5870 5770 7001
2015.06.24  5870 5830 5890 5770 32117
2015.06.25  5870 5900 5930 5840 18600
2015.06.26  5800 5830 5860 5740 52462
2015.06.29  5660 5720 5770 5650 19579
2015.06.30  5620 5660 5720 5600 20842
2015.07.01  5750 5650 5750 5630 11180
2015.07.02  5730 5750 5840 5710 13482
2015.07.03  5670 5700 5830 5640 28598
2015.07.06  5550 5670 5670 5500 25848
2015.07.07  5560 5540 5580 5490 19853
2015.07.08  5630 5560 5650 5560 5532
2015.07.09  5480 5570 5620 5460 19018
2015.07.10  5490 5580 5580 5460 18405
2015.07.13  5500 5450 5570 5430 18357
2015.07.14  5450 5570 5570 5450 23030
2015.07.15  5480 5500 5500 5430 14142
2015.07.16  5570 5500 5600 5480 29343
2015.07.17  5430 5600 5600 5430 32110
2015.07.20  5430 5500 5530 5430 27847
2015.07.21  5500 5480 5530 5460 45288
2015.07.22  5500 5500 5530 5470 28798
2015.07.23  5540 5480 5540 5470 16786
2015.07.24  5500 5540 5540 5440 33140
2015.07.27  5500 5460 5530 5420 19377
2015.07.28  5490 5430 5540 5430 16881
2015.07.29  5440 5430 5480 5410 20846
2015.07.30  5430 5440 5460 5390 28716
2015.07.31  5270 5430 5460 5200 27561
2015.08.03  5190 5340 5340 5190 16195
2015.08.04  5250 5190 5300 5160 15228
2015.08.05  5300 5330 5330 5250 11883
2015.08.06  5340 5350 5370 5280 12576
2015.08.07  5370 5350 5380 5300 15916
2015.08.10  5400 5350 5400 5310 11549
2015.08.11  5390 5400 5410 5370 8336
2015.08.12  5260 5390 5390 5250 33080
2015.08.13  5310 5330 5330 5270 5168
2015.08.17  5200 5350 5350 5190 9955
2015.08.18  5260 5290 5330 5200 17130
2015.08.19  5220 5260 5260 5090 29426
2015.08.20  5120 5070 5210 5070 30695
2015.08.21  5050 5000 5090 4950 51368
2015.08.24  4880 4910 5190 4880 45941
2015.08.25  5070 5000 5080 4900 39901
2015.08.26  5050 5090 5100 4970 35940
2015.08.27  5080 5090 5170 5000 18252
2015.08.28  5190 5150 5200 5080 29286
2015.08.31  5200 5190 5230 5170 10720
2015.09.01  5320 5200 5390 5170 57473
2015.09.02  5450 5250 5450 5210 32449
2015.09.03  5490 5480 5490 5420 23206
2015.09.04  5430 5470 5500 5360 9282
2015.09.07  5330 5410 5420 5300 11753
2015.09.08  5310 5330 5400 5250 9634
2015.09.09  5420 5390 5420 5350 4257
2015.09.10  5400 5410 5490 5350 6629
2015.09.11  5380 5410 5410 5250 26400
2015.09.14  5360 5400 5430 5320 7487
2015.09.15  5360 5390 5390 5300 4608
2015.09.16  5370 5370 5450 5360 9016
2015.09.17  5430 5430 5450 5380 14038
2015.09.18  5570 5440 5570 5400 26930
2015.09.21  5510 5560 5560 5480 12197
2015.09.22  5540 5520 5550 5490 10101
2015.09.23  5550 5490 5660 5490 28077
2015.09.24  5690 5550 5760 5550 49510
2015.09.25  5680 5740 5740 5600 21888
2015.09.30  5600 5600 5650 5550 9243
2015.10.01  5570 5640 5640 5570 24088
2015.10.02  5890 5600 6040 5570 83784
2015.10.05  5870 5860 5930 5830 15370
2015.10.06  5800 5850 5910 5690 40556
2015.10.07  5820 5780 5900 5750 13308
2015.10.08  5820 5840 5850 5760 15524
2015.10.12  5760 5730 5820 5730 13284
2015.10.13  5760 5800 5810 5750 12022
2015.10.14  5730 5790 5850 5670 9073
2015.10.15  5840 5730 5840 5700 7264
2015.10.16  5840 5800 5890 5790 25515
2015.10.19  5810 5840 5870 5790 7154
2015.10.20  5870 5840 5920 5790 17406
2015.10.21  5820 5920 5920 5760 31526
2015.10.22  5790 5810 5810 5750 17553
2015.10.23  5730 5790 5800 5710 18819
2015.10.26  5690 5700 5790 5660 17738
2015.10.27  5740 5730 5740 5670 8254
2015.10.28  5720 5770 5770 5670 11782
2015.10.29  5660 5670 5740 5650 13223
2015.10.30  5630 5660 5660 5550 14854
2015.11.02  5510 5590 5600 5490 21376
2015.11.03  5660 5510 5720 5510 18388
2015.11.04  5600 5650 5700 5500 18200
2015.11.05  5600 5640 5640 5520 9077
2015.11.06  5540 5600 5600 5500 11374
2015.11.09  5450 5650 5650 5410 16202
2015.11.10  5300 5450 5450 5300 13381
2015.11.11  5350 5250 5350 5250 4034
2015.11.12  5210 5370 5380 5200 15409
2015.11.13  5250 5260 5290 5170 3880
2015.11.16  4915 5090 5090 4845 86375
2015.11.17  4900 4980 4980 4810 43469
2015.11.18  4940 4900 4975 4900 16434
2015.11.19  4920 4955 4970 4910 20466
2015.11.20  4995 4920 4995 4890 24924
2015.11.23  4990 5020 5030 4930 13207
2015.11.24  4940 4990 5030 4930 10095
2015.11.25  4945 4940 4995 4920 12468
2015.11.26  4970 4980 4990 4945 11802
2015.11.27  4945 4965 4990 4910 10024
2015.11.30  4905 4945 4975 4905 24720
2015.12.01  4920 4950 4950 4845 62637
2015.12.02  4970 4910 4990 4905 18989
2015.12.03  4945 4970 4970 4900 19438
2015.12.04  4940 4945 4945 4890 10901
2015.12.07  4935 4940 4980 4920 15662
2015.12.08  4945 4905 4945 4870 18767
2015.12.09  4930 4940 4940 4875 9994
2015.12.10  4900 4900 4915 4850 31590
2015.12.11  4890 4900 4925 4860 3759
2015.12.14  4825 4850 4850 4800 16818
2015.12.15  4830 4825 4870 4755 11814
2015.12.16  4890 4810 4910 4810 34555
2015.12.17  4900 4900 4900 4850 9993
2015.12.18  4885 4900 4900 4830 17428
2015.12.21  4870 4885 4895 4850 6822
2015.12.22  4915 4890 4920 4850 13799
2015.12.23  4910 4895 4935 4800 30594
2015.12.24  4940 4920 4945 4910 27320
2015.12.28  4810 4935 4940 4760 132563
2015.12.29  4705 4740 4760 4695 42483
2015.12.30  4700 4750 4750 4680 28117
2016.01.04  4650 4700 4710 4650 18662
2016.01.05  4745 4650 4785 4595 37185
2016.01.06  4740 4745 4790 4680 21278
2016.01.07  4650 4740 4740 4620 19543
2016.01.08  4540 4600 4600 4485 20142
2016.01.11  4475 4535 4535 4400 18806
2016.01.12  4475 4540 4540 4475 8224
2016.01.13  4480 4480 4550 4480 13370
2016.01.14  4375 4480 4480 4270 13190
2016.01.15  4440 4375 4490 4375 20456
2016.01.18  4380 4350 4390 4320 15182
2016.01.19  4295 4380 4400 4275 12436
2016.01.20  4240 4295 4295 4200 21408
2016.01.21  4175 4240 4270 4110 7218
2016.01.22  4190 4200 4295 4165 20614
2016.01.25  4190 4200 4220 4170 16748
2016.01.26  4160 4160 4230 4130 15270
2016.01.27  4145 4160 4190 4135 17044
2016.01.28  4150 4145 4170 4100 12741
2016.01.29  4160 4150 4180 4145 11477
2016.02.01  4150 4150 4165 4130 10820
2016.02.02  4120 4150 4155 4115 13248
2016.02.03  4030 4110 4110 4020 26770
2016.02.04  4260 4205 4470 4180 117376
2016.02.05  4310 4260 4350 4260 17042
2016.02.11  4190 4285 4285 4145 13428
2016.02.12  4175 4195 4220 4095 16328
2016.02.15  4315 4175 4330 4175 26316
2016.02.16  4420 4350 4435 4290 13845
2016.02.17  4425 4420 4445 4330 11565
2016.02.18  4470 4445 4485 4425 6833
2016.02.19  4540 4450 4540 4450 15991
2016.02.22  4565 4530 4610 4530 18619
2016.02.23  4570 4570 4570 4520 6675
2016.02.24  4615 4570 4620 4550 14503
2016.02.25  4650 4615 4700 4600 17451
2016.02.26  4565 4650 4680 4565 4767
2016.02.29  4475 4550 4555 4475 14298
2016.03.02  4495 4485 4510 4465 14451
2016.03.03  4515 4495 4515 4475 10414
2016.03.04  4540 4545 4550 4490 2574
2016.03.07  4555 4540 4565 4490 29520
2016.03.08  4610 4555 4630 4490 15200
2016.03.09  4600 4610 4630 4555 8806
2016.03.10  4630 4640 4675 4575 13952
2016.03.11  4655 4675 4675 4630 4243
2016.03.14  4640 4720 4740 4605 23364
2016.03.15  4605 4690 4690 4580 6741
2016.03.16  4625 4610 4690 4605 6437
2016.03.17  4635 4625 4665 4600 6564
2016.03.18  4625 4635 4640 4570 14315
2016.03.21  4650 4625 4675 4580 14285
2016.03.22  4695 4650 4700 4600 16648
2016.03.23  4815 4700 4820 4685 54781
2016.03.24  4825 4815 4860 4800 17471
2016.03.25  4820 4835 4850 4785 13047
2016.03.28  4775 4820 4835 4775 29761
2016.03.29  4835 4775 4850 4740 17556
2016.03.30  4840 4865 4865 4820 20065
2016.03.31  4885 4880 4895 4870 34253
2016.04.01  4875 4900 4900 4845 11088
2016.04.04  4845 4875 4875 4785 14387
2016.04.05  4910 4845 4920 4800 65858
2016.04.06  4880 4930 4930 4880 32677
2016.04.07  4920 4930 4935 4865 41164
2016.04.08  4960 4940 4960 4890 24994
2016.04.11  5010 4910 5020 4910 19874
2016.04.12  4995 4980 5050 4960 24022
2016.04.14  4940 5000 5000 4940 28115
2016.04.15  4925 4940 4940 4890 27295
2016.04.18  4950 4900 5100 4860 36447
2016.04.19  4970 4960 5020 4935 27679
2016.04.20  4805 4970 5050 4795 75028
2016.04.21  4835 4810 4840 4755 31686
2016.04.22  4900 4835 4920 4835 16162
2016.04.25  4850 4935 4935 4845 16153
2016.04.26  4860 4850 4890 4845 9696
2016.04.27  4860 4855 4890 4805 9790
2016.04.28  4850 4890 4890 4800 25197
2016.04.29  4795 4850 4850 4785 15164
2016.05.02  4735 4795 4845 4720 10115
2016.05.03  4730 4735 4815 4725 18721
2016.05.04  4730 4730 4750 4670 19296
2016.05.09  4645 4710 4725 4595 14954
2016.05.10  4600 4615 4640 4565 26571
2016.05.11  4595 4600 4640 4560 31054
2016.05.12  4610 4595 4620 4555 17332
2016.05.13  4595 4600 4635 4570 17472
2016.05.16  4900 4605 5030 4585 121711
2016.05.17  4900 4940 4940 4870 22732
2016.05.18  4805 4900 4920 4750 30882
2016.05.19  4720 4800 4845 4680 27961
2016.05.20  4710 4720 4750 4650 19864
2016.05.23  4725 4710 4775 4695 29611
2016.05.24  4690 4725 4725 4665 24284
2016.05.25  4660 4695 4725 4660 26020
2016.05.26  4710 4665 4720 4660 28890
2016.05.27  4705 4710 4715 4660 25042
2016.05.30  4770 4710 4785 4700 24788
2016.05.31  4830 4735 4845 4735 30102
2016.06.01  4950 4790 4970 4790 59210
2016.06.02  4955 4950 4985 4905 35486
2016.06.03  4965 5040 5040 4945 22343
2016.06.07  5220 5000 5220 4950 134057
2016.06.08  5310 5290 5470 5220 181572
2016.06.09  5200 5360 5360 5150 65805
2016.06.10  5200 5250 5250 5160 46077
2016.06.13  5260 5190 5350 5130 67892
2016.06.14  5330 5260 5390 5210 42274
2016.06.15  5330 5330 5380 5240 24757
2016.06.16  5220 5330 5370 5150 41492
2016.06.17  5260 5250 5380 5220 20879
2016.06.20  5390 5290 5430 5250 63043
2016.06.21  5340 5400 5410 5300 24222
2016.06.22  5330 5340 5360 5270 28069
2016.06.23  5240 5320 5320 5180 30276
2016.06.24  5090 5250 5300 4950 124531
2016.06.27  5170 4980 5190 4955 53519
2016.06.28  5240 5120 5240 5120 27434
2016.06.29  5400 5240 5420 5220 81397
2016.06.30  5540 5400 5580 5400 145540
2016.07.01  5440 5540 5610 5400 62499
2016.07.04  5450 5460 5490 5390 28500
2016.07.05  5300 5450 5450 5270 54283
2016.07.06  5240 5270 5370 5220 34943
2016.07.07  5220 5270 5330 5210 64210
2016.07.08  5200 5250 5320 5050 64037
2016.07.11  5240 5170 5260 5170 47740
2016.07.12  5240 5250 5270 5190 34778
2016.07.13  5370 5250 5370 5190 45083
2016.07.14  5350 5430 5430 5290 29450
2016.07.15  5290 5330 5360 5280 29508
2016.07.18  5280 5290 5300 5230 21997
2016.07.19  5150 5280 5300 5150 31897
2016.07.20  5200 5150 5240 5100 30114
2016.07.21  5230 5200 5260 5200 15177
2016.07.22  5250 5300 5300 5190 22766
2016.07.25  5320 5260 5340 5210 33743
2016.07.26  5280 5290 5290 5220 17227
2016.07.27  5260 5260 5290 5200 30529
2016.07.28  5250 5250 5290 5230 25041
2016.07.29  5200 5250 5270 5170 39553
2016.08.01  5350 5200 5360 5190 37575
2016.08.02  5360 5370 5440 5320 30849
2016.08.03  5390 5390 5400 5330 19327
2016.08.04  5500 5400 5510 5400 67594
2016.08.05  5470 5500 5540 5430 24075
2016.08.08  5450 5470 5510 5410 18823
2016.08.09  5470 5450 5480 5390 11963
2016.08.10  5430 5470 5470 5410 10917
2016.08.11  5490 5450 5500 5410 28923
2016.08.12  5460 5490 5540 5440 18915
2016.08.16  5230 5440 5500 5230 33476
2016.08.17  5250 5230 5300 5180 60755
2016.08.18  5380 5250 5390 5250 22806
2016.08.19  5360 5400 5430 5350 13207
2016.08.22  5220 5360 5360 5220 19758
2016.08.23  5230 5220 5270 5160 24165
2016.08.24  5200 5230 5290 5110 23617
2016.08.25  5210 5200 5240 5180 10927
2016.08.26  5180 5210 5230 5100 16593
2016.08.29  5060 5180 5180 5040 22521
2016.08.30  5140 5070 5190 5070 6478
2016.08.31  5090 5110 5140 5050 19776
2016.09.01  5070 5070 5090 5010 26607
2016.09.02  5090 5020 5180 5020 18054
2016.09.05  5090 5090 5120 5020 42465
2016.09.06  5210 5090 5210 5070 51340
2016.09.07  5280 5210 5320 5210 37305
2016.09.08  5180 5260 5300 5140 23084
2016.09.09  5130 5180 5180 5080 15143
2016.09.12  5060 5050 5110 5040 8970
2016.09.13  5070 5060 5120 5050 12891
2016.09.19  5140 5070 5150 5070 7992
2016.09.20  5100 5100 5130 5070 11460
2016.09.21  5200 5100 5230 5080 25192
2016.09.22  5260 5240 5260 5180 21259
2016.09.23  5210 5290 5290 5160 12279
2016.09.26  5200 5210 5260 5190 24353
2016.09.27  5190 5180 5190 5130 7063
2016.09.28  5180 5190 5210 5150 5580
2016.09.29  5150 5180 5200 5120 18495
2016.09.30  5060 5150 5160 5040 20143
2016.10.04  5120 5060 5130 5000 19887
2016.10.05  5050 5120 5120 5020 22704
2016.10.06  5100 5050 5100 5030 19899
2016.10.07  5060 5100 5100 5040 9745
2016.10.10  4985 5060 5060 4965 28332
2016.10.11  4910 4985 5030 4900 46764
2016.10.12  4890 4910 4950 4860 23469
2016.10.13  4850 4900 4920 4820 28702
2016.10.14  4855 4900 4900 4850 11799
2016.10.17  4910 4900 4940 4845 21724
2016.10.18  4900 4910 4915 4870 5190
2016.10.19  4925 4900 4930 4900 11543
2016.10.20  4925 4900 4925 4880 9028
2016.10.21  4890 4940 4940 4875 7436
2016.10.24  4930 4890 4930 4855 5633
2016.10.25  4860 4930 4930 4860 10717
2016.10.26  4820 4860 4860 4815 22891
2016.10.27  4855 4805 4870 4805 8069
2016.10.28  4830 4845 4905 4820 13709
2016.10.31  4785 4830 4835 4760 35515
2016.11.01  4820 4725 4880 4725 10856
2016.11.02  4720 4740 4785 4720 27482
2016.11.03  4660 4720 4720 4650 25176
2016.11.04  4670 4660 4670 4625 7152
2016.11.07  4720 4670 4785 4670 9029
2016.11.08  4700 4725 4795 4680 21558
2016.11.09  4670 4700 4750 4550 33619
2016.11.10  4690 4660 4750 4660 13163
2016.11.11  4745 4655 4780 4655 6996
2016.11.14  4725 4735 4810 4710 13098
2016.11.15  4600 4700 4725 4500 72991
2016.11.16  4755 4640 4755 4605 38911
2016.11.17  4760 4745 4760 4700 22629
2016.11.18  4760 4760 4760 4715 16402
2016.11.21  4760 4760 4790 4720 20133
2016.11.22  4700 4765 4795 4700 14710
2016.11.23  4655 4700 4750 4635 23239
2016.11.24  4680 4655 4725 4655 14966
2016.11.25  4720 4680 4725 4680 2752
2016.11.28  4720 4735 4735 4690 9620
2016.11.29  4745 4720 4790 4695 12646
2016.11.30  4755 4745 4820 4745 6332
2016.12.01  4670 4755 4755 4655 36088
2016.12.02  4670 4670 4760 4650 18421
2016.12.05  4610 4705 4705 4595 19582
2016.12.06  4605 4615 4735 4575 28694
2016.12.07  4620 4680 4685 4575 24306
2016.12.08  4690 4620 4700 4620 11458
2016.12.09  4675 4690 4690 4620 32375
2016.12.12  4770 4675 4770 4650 28136
2016.12.13  4890 4770 4890 4725 20108
2016.12.14  4840 4840 4850 4775 25583
2016.12.15  4930 4805 4940 4795 18484
2016.12.16  4975 4935 4975 4915 11765
2016.12.19  4965 4970 4975 4915 9421
2016.12.20  4960 4985 4985 4920 6726
2016.12.21  4955 4960 4970 4905 7888
2016.12.22  4900 4955 4960 4900 4815
2016.12.23  4915 4900 4920 4870 1252
2016.12.26  4945 4915 4965 4895 14525
2016.12.27  4970 4965 4990 4945 14300
2016.12.28  4920 4960 4960 4890 4664
2016.12.29  4950 4860 4955 4860 6879
2017.01.02  4870 4950 4950 4860 13059
2017.01.03  4950 4915 4970 4900 23854
2017.01.04  5040 4950 5040 4935 38305
2017.01.05  5060 5040 5090 5010 27039
2017.01.06  5050 5090 5090 5000 12024
2017.01.09  5010 5030 5060 4975 10279
2017.01.10  5000 5010 5050 4950 14435
2017.01.11  5010 5000 5020 4955 9193
2017.01.12  5020 5010 5030 4975 17497
2017.01.13  5010 5030 5040 4975 15814
2017.01.16  5000 5010 5050 4980 11106
2017.01.17  4960 4995 4995 4950 10920
2017.01.18  5050 4960 5140 4935 40089
2017.01.19  5050 5060 5060 5000 15729
2017.01.20  4995 5070 5070 4995 18770
2017.01.23  5000 5010 5050 5000 47740
2017.01.24  5020 4995 5040 4950 19729
2017.01.25  4970 5000 5000 4950 13890
2017.01.26  4950 4970 5000 4890 20936
2017.01.31  4975 5000 5010 4925 21053
2017.02.01  5040 4975 5060 4945 18744
2017.02.02  5020 5040 5060 4980 32977
2017.02.03  5050 5050 5080 5000 57518
2017.02.06  5050 5070 5070 5010 22231
2017.02.07  5060 5050 5060 5010 17810
2017.02.08  4995 5050 5050 4995 17757
2017.02.09  5480 5000 5790 4920 1368930
2017.02.10  5490 5420 5530 5360 298354
2017.02.13  5480 5500 5520 5380 174638
2017.02.14  5410 5480 5550 5400 246093
2017.02.15  5320 5390 5400 5200 347713
2017.02.16  5390 5320 5400 5240 127222
2017.02.17  5260 5390 5390 5260 94322
2017.02.20  5370 5290 5380 5260 90900
2017.02.21  5400 5350 5420 5340 70328
2017.02.22  5410 5400 5470 5350 128717
2017.02.23  5450 5460 5490 5390 93404
2017.02.24  5470 5440 5490 5410 74211
2017.02.27  5400 5480 5490 5400 63497
2017.02.28  5480 5500 5500 5410 73171
2017.03.02  5470 5460 5510 5410 87787
2017.03.03  5410 5490 5490 5310 68488
2017.03.06  5390 5400 5400 5280 50880
2017.03.07  5360 5390 5470 5270 79087
2017.03.08  5340 5360 5410 5320 39773
2017.03.09  5330 5340 5400 5320 61543
2017.03.10  5460 5350 5460 5290 48007
2017.03.13  5600 5490 5600 5430 182435
2017.03.14  5600 5640 5670 5510 111764
2017.03.15  5460 5570 5750 5360 144282
2017.03.16  5530 5460 5530 5400 88182
2017.03.17  5460 5500 5550 5420 50660
2017.03.20  5360 5430 5490 5310 52426
2017.03.21  5280 5320 5360 5250 70236
2017.03.22  5170 5240 5290 5170 46132
2017.03.23  5170 5170 5250 5160 30509
2017.03.24  5170 5220 5220 5110 30865
2017.03.27  5110 5220 5220 5080 70721
2017.03.28  5190 5120 5200 5110 39746
2017.03.29  5190 5190 5250 5150 37989
2017.03.30  5200 5190 5240 5150 36978
2017.03.31  5300 5210 5310 5200 82717
2017.04.03  5340 5370 5370 5280 70204
2017.04.04  5370 5340 5400 5290 68059
2017.04.05  5270 5370 5380 5230 94288
2017.04.06  5240 5270 5270 5220 39425
2017.04.07  5180 5240 5260 5120 59757
2017.04.10  5120 5180 5180 5050 98639
2017.04.11  5230 5160 5240 5130 39489
2017.04.12  5240 5230 5240 5180 20278
2017.04.13  5230 5240 5270 5190 32687
2017.04.14  5200 5270 5270 5200 38841
2017.04.17  5310 5270 5320 5200 30140
2017.04.18  5320 5280 5360 5250 34177
2017.04.19  5250 5260 5310 5210 28033
2017.04.20  5200 5240 5240 5150 52642
2017.04.21  5200 5190 5210 5140 16099
2017.04.24  5170 5230 5230 5150 21873
2017.04.25  5230 5180 5250 5170 20936
2017.04.26  5280 5210 5320 5210 50401
2017.04.27  5400 5280 5440 5240 104472
2017.04.28  5420 5440 5440 5340 49354
2017.05.02  5390 5420 5470 5330 56874
2017.05.04  5340 5390 5400 5300 31704
2017.05.08  5330 5340 5340 5270 37147
2017.05.10  5350 5330 5400 5320 50279
2017.05.11  5370 5350 5370 5320 34761
2017.05.12  5360 5370 5400 5340 79838
2017.05.15  5360 5390 5400 5360 90237
2017.05.16  5320 5350 5390 5190 80572
2017.05.17  5300 5320 5350 5260 70905
2017.05.18  5330 5290 5350 5220 30447
2017.05.19  5360 5310 5380 5270 77970
2017.05.22  5510 5400 5550 5360 293893
2017.05.23  5520 5510 5550 5450 76888
2017.05.24  5500 5520 5570 5470 82214
2017.05.25  5640 5480 5660 5480 152194
2017.05.26  5590 5640 5670 5550 87215
2017.05.29  5520 5590 5690 5510 70942
2017.05.30  5580 5520 5600 5500 50534
2017.05.31  5590 5580 5620 5550 55518
2017.06.01  5530 5590 5590 5480 51537
2017.06.02  5480 5520 5520 5430 104126
2017.06.05  5460 5470 5510 5410 64841
2017.06.07  5460 5460 5470 5390 66212
2017.06.08  5430 5490 5490 5400 62444
2017.06.09  5520 5430 5520 5430 63584
2017.06.12  5510 5520 5540 5470 68793
2017.06.13  5570 5530 5620 5530 116720
2017.06.14  5630 5600 5650 5550 99884
2017.06.15  5600 5630 5680 5570 55118
2017.06.16  5610 5640 5670 5600 77696
2017.06.19  5590 5610 5630 5550 67096
2017.06.20  5580 5590 5620 5530 41081
2017.06.21  5570 5580 5600 5480 42448
2017.06.22  5460 5570 5570 5440 60267
2017.06.23  5460 5450 5500 5440 26865
2017.06.26  5450 5460 5470 5410 38846
2017.06.27  5390 5420 5480 5390 54527
2017.06.28  5330 5390 5430 5320 52646
2017.06.29  5380 5330 5380 5330 27436
2017.06.30  5390 5370 5410 5310 33852
2017.07.03  5470 5390 5470 5380 41624
2017.07.04  5420 5470 5520 5370 63671
2017.07.05  5440 5420 5460 5390 36999
2017.07.06  5440 5440 5440 5390 14321
2017.07.07  5370 5440 5440 5300 78002
2017.07.10  5350 5370 5370 5230 43605
2017.07.11  5380 5340 5380 5260 27572
2017.07.12  5330 5300 5370 5270 23953
2017.07.13  5420 5330 5790 5300 789776
2017.07.14  5580 5430 5880 5340 490757
2017.07.17  6140 5700 6690 5620 6493183
2017.07.18  6350 6210 6580 6130 2332948
2017.07.19  6390 6310 6440 6190 690161
2017.07.20  6390 6340 6530 6230 593941
2017.07.21  6820 6390 6920 6350 1476525
2017.07.24  6910 6890 6980 6730 549758
2017.07.25  6270 6700 6710 6250 875995
2017.07.26  6400 6340 6480 6160 808590
2017.07.27  6120 6420 6650 6000 1043145
2017.07.28  6200 6130 6220 6000 264646
2017.07.31  6010 6140 6180 5990 238616
2017.08.01  6060 5910 6260 5910 304777
2017.08.02  6250 6050 6290 6030 248021
2017.08.03  6380 6270 6390 6200 437302
2017.08.04  6320 6400 6490 6300 348751
2017.08.07  6110 6320 6380 6060 298566
2017.08.08  6110 6170 6200 5980 268069
2017.08.09  6030 6080 6300 6020 314023
2017.08.10  5910 6030 6120 5810 169473
2017.08.11  5890 5820 5950 5780 160286
2017.08.14  6020 6030 6160 5940 227414
2017.08.16  6170 6060 6170 5930 312892
2017.08.17  5890 6160 6160 5820 337071
2017.08.18  6170 5830 6320 5820 591210
2017.08.21  6100 6200 6240 6080 260609
2017.08.22  6060 6150 6230 6040 183190
2017.08.23  6020 6060 6110 5960 214906
2017.08.24  6260 6020 6280 6010 423549
2017.08.25  6300 6290 6370 6180 360796
