2017.08.18 5060 5110 5170 5040 596317
2017.08.17 5070 4960 5200 4960 839579
2017.08.16 4935 4930 5000 4910 434453
2017.08.14 4935 5000 5080 4930 372474
2017.08.11 4955 5100 5140 4955 774945
2017.08.10 5150 5250 5270 5090 455719
2017.08.09 5210 5280 5410 5210 1407739
2017.08.08 5210 5260 5290 5110 625084
2017.08.07 5250 5100 5470 5050 1214526
2017.08.04 5060 5130 5180 5030 421404
2017.08.03 5070 5210 5240 5000 745558
2017.08.02 5180 5220 5360 5170 807433
2017.08.01 5200 4955 5240 4955 1220319
2017.07.31 4940 5110 5150 4925 638039
2017.07.28 5010 5130 5140 4985 1035198
2017.07.27 5040 5130 5250 5010 1315188
2017.07.26 5130 5370 5500 5110 1522720
2017.07.25 5370 5270 5540 5260 1782569
2017.07.24 5270 5510 5540 5250 2360906
2017.07.21 5580 5920 5990 5540 3199460
2017.07.20 5940 5960 6040 5870 1752210
2017.07.19 5990 6270 6320 5910 3402760
2017.07.18 6270 6660 6710 6210 4174393
2017.07.17 6580 6530 6910 6370 2807589
2017.07.14 6480 6960 7040 6350 2643637
2017.07.13 6840 7600 7760 6650 4145128
2017.07.12 6950 6990 7100 6900 514638
2017.07.11 6980 7140 7140 6920 532494
2017.07.10 7090 6990 7170 6930 1024399
2017.07.07 6940 6710 7040 6650 1217274
2017.07.06 6820 6750 6860 6700 477422
2017.07.05 6800 6790 6890 6730 490471
2017.07.04 6770 6720 6920 6570 973416
2017.07.03 6720 6450 6760 6400 1167244
2017.06.30 6430 6410 6530 6320 498070
2017.06.29 6420 6400 6480 6320 451422
2017.06.28 6370 6490 6560 6300 679844
2017.06.27 6490 6220 6490 6140 941316
2017.06.26 6190 6800 6800 6170 1941990
2017.06.23 6700 6660 6780 6400 1235043
2017.06.22 6670 7800 7940 6670 4936958
2017.06.21 7430 7200 7540 7200 3196287
2017.06.20 7070 7100 7140 6970 891005
2017.06.19 7020 6990 7100 6850 1489536
2017.06.16 6800 6970 7140 6730 1900224
2017.06.15 6850 6380 6950 6270 2423264
2017.06.14 6480 6950 6960 6470 1656591
2017.06.13 6920 6840 6950 6740 1026186
2017.06.12 6810 6500 6970 6470 1781675
2017.06.09 6440 6110 6520 6110 1384572
2017.06.08 6140 6420 6500 6100 2313724
2017.06.07 6570 6980 7050 6050 3800046
2017.06.05 6900 7100 7170 6900 963021
2017.06.02 7010 6790 7120 6780 1702267
2017.06.01 6790 6690 6790 6600 679028
2017.05.31 6690 6600 6790 6540 912860
2017.05.30 6670 6520 6670 6340 962619
2017.05.29 6500 6490 6780 6480 902563
2017.05.26 6440 6260 6590 6200 2119690
2017.05.25 6180 6120 6300 6070 1327994
2017.05.24 6210 5730 6210 5680 3954942
2017.05.23 5680 5650 5690 5580 606683
2017.05.22 5590 5560 5700 5500 653325
2017.05.19 5550 5430 5580 5350 665195
2017.05.18 5400 5380 5580 5360 562700
2017.05.17 5450 5360 5530 5300 524906
2017.05.16 5360 5290 5440 5180 563741
2017.05.15 5290 5480 5510 5280 538060
2017.05.12 5470 5410 5550 5400 522132
2017.05.11 5470 5520 5550 5420 357125
2017.05.10 5460 5410 5610 5370 1375704
2017.05.08 5340 5230 5340 5150 733275
2017.05.04 5150 5070 5210 5070 457103
2017.05.02 5070 5050 5180 4990 770568
2017.04.28 5030 5290 5290 4995 1011850
2017.04.27 5220 5390 5430 5140 1062376
2017.04.26 5370 5580 5870 5370 2234751
2017.04.25 5530 5640 5640 5330 966695
2017.04.24 5580 5850 5860 5580 1069559
2017.04.21 5800 6000 6050 5690 1719403
2017.04.20 5770 5740 5950 5420 2437259
2017.04.19 5620 5420 5670 5390 2184602
2017.04.18 5420 5390 5480 5200 1600427
2017.04.17 5400 5420 5480 5300 930781
2017.04.14 5310 5500 5670 5310 2627094
2017.04.13 5430 5150 5990 5110 6922563
2017.04.12 5080 5090 5190 5030 684547
2017.04.11 5080 5060 5270 5050 1220529
2017.04.10 5180 5160 5450 5000 3205891
2017.04.07 5140 5550 5600 5050 3705787
2017.04.06 5230 4590 5760 4550 10471033
2017.04.05 4545 4300 4555 4185 2507790
2017.04.04 4290 4510 4540 4280 1876650
2017.04.03 4500 4360 4690 4360 3470343
2017.03.31 4420 4330 4850 4260 11189160
2017.03.30 4420 6090 6090 4230 10222096
2017.03.29 6040 6180 6190 5920 1607730
2017.03.28 6070 6100 6380 6010 2486529
2017.03.27 6060 5900 6270 5750 2871830
2017.03.24 6060 6300 6700 5690 5596009
2017.03.23 6190 6560 6810 5910 5701470
2017.03.22 7000 6950 7080 6880 920388
2017.03.21 7020 6990 7100 6870 818020
2017.03.20 6910 7100 7160 6910 1127797
2017.03.17 6870 6610 6900 6610 1120070
2017.03.16 6780 6680 6880 6620 1020296
2017.03.15 6680 6810 6890 6510 1049688
2017.03.14 6810 6700 7020 6650 1631121
2017.03.13 6750 6750 6880 6650 1134488
2017.03.10 6750 6720 6900 6100 2026907
2017.03.09 6690 6820 6870 6610 1581909
2017.03.08 6780 6480 7010 6470 4136655
2017.03.07 6530 6060 6610 6010 4388072
2017.03.06 6030 6140 6150 6030 903306
2017.03.03 6080 5920 6160 5850 1380609
2017.03.02 5950 5960 6170 5950 1040648
2017.02.28 6090 5950 6180 5860 1596376
2017.02.27 6030 6200 6200 5840 1451217
2017.02.24 6000 6000 6090 5920 2470617
2017.02.23 5920 5900 6020 5810 2642861
2017.02.22 5770 5690 6220 5520 6995515
2017.02.21 5660 5350 6420 5220 19499553
2017.02.20 5190 5160 5250 5000 1887244
2017.02.17 5080 5130 5410 5040 3568467
2017.02.16 5060 5580 5580 5040 6557731
2017.02.15 5580 4285 5580 4255 8886438
2017.02.14 4295 4370 4370 4220 801502
2017.02.13 4300 4325 4460 4165 1752877
2017.02.10 4250 4100 4265 3980 1894385
2017.02.09 4095 4275 4285 4075 1352528
2017.02.08 4210 4110 4360 4070 2716986
2017.02.07 4105 3860 4380 3860 5770910
2017.02.06 3810 3425 3940 3420 6144540
2017.02.03 3415 3285 3635 3035 12406995
2017.02.02 3460 3460 3460 3460 806611
2017.02.01 4940 4945 5140 4920 1497313
2017.01.31 4995 5060 5200 4810 2763987
2017.01.26 5220 5110 5310 4990 1958922
2017.01.25 5220 5850 5860 5010 2803557
2017.01.24 5780 5640 5940 5360 4477692
2017.01.23 5630 6110 6190 5590 3351325
2017.01.20 6080 6140 6410 5910 3595935
2017.01.19 6200 6710 6840 6200 2908962
2017.01.18 6670 6600 6880 6190 5396087
2017.01.17 6710 7320 7490 6590 4520149
2017.01.16 7260 7360 7560 7180 1909936
2017.01.13 7530 7800 7980 6720 6314576
2017.01.12 7590 8190 8300 7520 3951636
2017.01.11 8160 8200 8500 7710 3236733
2017.01.10 8630 8730 8800 8280 3487315
2017.01.09 8750 8720 8990 8500 4412264
2017.01.06 8710 8300 8720 8150 4641546
2017.01.05 8250 8360 8410 8180 1988407
2017.01.04 8420 8450 8610 8300 3337000
2017.01.03 8360 8000 8380 7930 4703666
2017.01.02 7940 7750 7990 7730 1943540
2016.12.29 7860 7660 7880 7510 2339089
2016.12.28 7770 7600 7850 7570 2426395
2016.12.27 7520 7540 7950 7350 4829343
2016.12.26 7240 7800 8070 7120 6543320
2016.12.23 8190 8220 8370 7810 6737492
2016.12.22 7940 7650 8210 7600 6010789
2016.12.21 7570 7880 8000 7330 4256666
2016.12.20 7670 7980 8070 7500 3811367
2016.12.19 7980 8200 8240 7850 4311382
2016.12.16 7750 7660 8640 7520 14766040
2016.12.15 7600 7440 7680 7430 3713933
2016.12.14 7600 7600 7680 7430 5455104
2016.12.13 7510 7830 8000 7260 21520047
2016.12.12 7510 5960 7510 5930 15085902
2016.12.09 5780 5630 5880 5530 2593259
2016.12.08 5630 5490 5630 5340 1535033
2016.12.07 5380 5230 5460 5190 1550311
2016.12.06 5060 5010 5170 5010 583491
2016.12.05 5020 5300 5360 5010 1201471
2016.12.02 5450 5550 5670 5450 903950
2016.12.01 5540 5370 5600 5260 1124495
2016.11.30 5480 5660 5790 5480 1402389
2016.11.29 5510 5580 5780 5030 2743573
2016.11.28 5580 5450 5700 5330 2045772
2016.11.25 5400 5200 5400 5100 981617
2016.11.24 5200 5250 5300 5150 686868
2016.11.23 5160 5320 5510 5070 1685024
2016.11.22 5290 5110 5410 5060 1383996
2016.11.21 5040 5180 5180 4980 632849
2016.11.18 5220 5300 5350 5210 487801
2016.11.17 5310 5420 5460 5270 1665443
2016.11.16 5210 5200 5290 5160 755207
2016.11.15 5160 5150 5280 5140 818638
2016.11.14 5160 5230 5320 5140 676392
2016.11.11 5230 5120 5370 5010 1160682
2016.11.10 5150 5090 5190 5040 963092
2016.11.09 4905 5290 5410 4555 2555627
2016.11.08 5310 5460 5530 5250 924541
2016.11.07 5390 5150 5690 5110 3901728
2016.11.04 5020 4975 5240 4970 1148926
2016.11.03 4960 4750 5220 4750 741706
2016.11.02 4920 4960 5100 4880 906089
2016.11.01 4990 4650 5200 4650 1855236
2016.10.31 4855 5200 5220 4815 1295260
2016.10.28 5300 5300 5480 5080 973660
2016.10.27 5380 5440 5880 5380 1614703
2016.10.26 5500 5910 5980 4900 3056713
2016.10.25 6090 6300 6350 5970 895237
2016.10.24 6300 6220 6460 6220 849769
2016.10.21 6150 6150 6240 6100 408755
2016.10.20 6130 6310 6350 6070 624113
2016.10.19 6300 6270 6430 6240 522647
2016.10.18 6300 6620 6650 6300 860759
2016.10.17 6530 6550 6700 6410 958992
2016.10.14 6450 6320 6570 6200 1002140
2016.10.13 6310 6110 6680 6110 2829038
2016.10.12 6110 5900 6120 5900 620011
2016.10.11 5940 6260 6320 5930 1192791
2016.10.10 6260 6250 6400 6100 852867
2016.10.07 6280 6610 6640 6280 1007397
2016.10.06 6590 6580 6690 6500 742288
2016.10.05 6560 6490 6790 6450 1385318
2016.10.04 6470 6370 6690 6350 1587026
2016.09.30 6370 6640 6700 6330 1940743
2016.09.29 6770 6920 7020 6660 1448683
2016.09.28 6930 7000 7210 6920 2001231
2016.09.27 6920 6770 7370 6750 4403559
2016.09.26 6820 6990 7260 6820 2970305
2016.09.23 7060 7080 7330 6800 4298072
2016.09.22 7030 7240 7300 7000 4023784
2016.09.21 7380 7760 7950 7320 7095207
2016.09.20 7680 7810 7890 7310 5423256
2016.09.19 7740 8000 8040 7640 9865319
2016.09.13 7170 7000 7600 6830 11513232
2016.09.12 6680 7610 8070 6300 14829607
2016.09.09 7470 7800 8240 7360 17838652
2016.09.08 7710 6720 8450 5520 40109470
2016.09.07 6710 6560 6810 6400 6715928
2016.09.06 6640 6260 6640 6110 5530638
2016.09.05 6270 6310 6450 6000 4740505
2016.09.02 6210 5970 6420 5830 9769588
2016.09.01 5970 5150 6150 5120 23815910
2016.08.31 5120 5030 5200 5020 1302644
2016.08.30 5060 4960 5060 4945 579091
2016.08.29 4955 4930 5160 4900 1263464
2016.08.26 4930 4890 4985 4720 1035082
2016.08.25 4845 5030 5100 4615 2094650
2016.08.24 5070 5200 5200 5070 678131
2016.08.23 5170 5160 5250 5120 708305
2016.08.22 5160 5270 5270 5120 896304
2016.08.19 5200 5080 5260 5050 2079835
2016.08.18 5070 5090 5090 5040 503698
2016.08.17 5060 5020 5140 4975 850066
2016.08.16 5050 5080 5100 5010 489342
2016.08.12 5060 5060 5070 5000 438071
2016.08.11 5040 5100 5140 5020 713159
2016.08.10 5050 5270 5330 5040 1684340
2016.08.09 5090 4940 5130 4935 738291
2016.08.08 4945 5000 5040 4925 431323
2016.08.05 5000 5040 5080 4985 508595
2016.08.04 5070 5140 5140 5050 477630
2016.08.03 5100 5010 5220 5010 1239087
2016.08.02 5080 5010 5090 4870 917523
2016.08.01 5020 5080 5100 5000 570594
2016.07.29 5030 5070 5090 5000 513315
2016.07.28 5080 5070 5140 4995 963064
2016.07.27 5090 5150 5200 5070 608744
2016.07.26 5160 5160 5310 5140 1612004
2016.07.25 5150 5180 5180 5070 1371641
2016.07.22 5130 5000 5400 4995 5283990
2016.07.21 4955 4910 5070 4905 1092102
2016.07.20 4855 4960 5010 4840 1029585
2016.07.19 4960 5020 5050 4955 607689
2016.07.18 5010 5030 5100 4975 639338
