2016.07.29  7060 8190 8290 6960 6204024
2016.08.01  6650 7100 7130 6580 1853888
2016.08.02  6630 6650 6840 6580 838899
2016.08.03  6610 6620 6760 6600 581075
2016.08.04  6590 6670 6790 6590 550282
2016.08.05  6230 6610 6650 6220 868908
2016.08.08  5930 6230 6240 5890 782650
2016.08.09  5940 5930 6060 5910 387388
2016.08.10  6080 5950 6190 5940 492918
2016.08.11  6140 6130 6250 6020 293336
2016.08.12  6190 6150 6220 6130 221293
2016.08.16  6200 6200 6300 6180 188070
2016.08.17  6020 6190 6190 5970 254932
2016.08.18  5960 6010 6090 5950 148071
2016.08.19  5950 5960 6050 5940 115584
2016.08.22  5880 5970 5980 5820 161515
2016.08.23  5900 5860 5970 5860 110348
2016.08.24  5990 5930 6030 5900 108439
2016.08.25  5910 5950 6000 5910 89867
2016.08.26  5910 5890 5990 5860 151270
2016.08.29  5610 5910 5940 5610 210920
2016.08.30  5500 5580 5700 5480 164212
2016.08.31  5370 5550 5560 5300 163181
2016.09.01  5390 5390 5450 5320 72724
2016.09.02  5650 5460 5750 5370 156390
2016.09.05  5670 5650 5790 5530 81811
2016.09.06  5640 5730 5730 5610 52299
2016.09.07  5570 5640 5690 5560 64491
2016.09.08  5500 5570 5670 5430 87251
2016.09.09  5380 5440 5500 5370 80851
2016.09.12  5280 5350 5370 5250 65192
2016.09.13  5300 5300 5440 5270 47035
2016.09.19  5370 5310 5450 5300 51619
2016.09.20  5530 5420 5560 5380 65864
2016.09.21  5580 5590 5660 5510 79115
2016.09.22  5740 5610 5840 5580 126967
2016.09.23  5820 5800 5850 5680 76675
2016.09.26  5790 5830 5850 5690 79322
2016.09.27  5730 5790 5800 5690 59254
2016.09.28  5640 5760 5760 5600 54603
2016.09.29  5620 5670 5690 5590 133669
2016.09.30  5560 5590 5630 5480 167651
2016.10.04  5690 5570 5770 5560 103591
2016.10.05  5600 5650 5740 5560 99787
2016.10.06  5600 5670 5690 5580 59635
2016.10.07  5620 5620 5720 5590 69543
2016.10.10  5630 5660 5660 5560 30583
2016.10.11  5580 5640 5650 5550 58647
2016.10.12  5580 5560 5590 5490 84762
2016.10.13  5500 5590 5600 5480 79420
2016.10.14  5540 5460 5570 5460 28857
2016.10.17  5450 5590 5590 5440 46004
2016.10.18  5510 5460 5520 5430 32654
2016.10.19  5450 5510 5560 5400 55114
2016.10.20  5400 5410 5520 5300 45331
2016.10.21  5310 5400 5430 5270 63273
2016.10.24  5250 5310 5380 5240 48876
2016.10.25  5210 5290 5290 5090 64184
2016.10.26  5140 5240 5330 5080 129582
2016.10.27  5190 5080 5240 5060 54524
2016.10.28  5150 5190 5190 5080 66693
2016.10.31  4975 5190 5190 4920 146433
2016.11.01  4815 4950 5000 4765 253574
2016.11.02  4600 4810 4820 4565 166290
2016.11.03  4590 4500 4635 4475 39609
2016.11.04  4615 4570 4680 4545 40810
2016.11.07  4655 4615 4720 4590 64531
2016.11.08  4655 4660 4745 4615 92156
2016.11.09  4360 4655 4720 4270 313056
2016.11.10  4415 4400 4495 4350 177002
2016.11.11  4405 4420 4420 4355 69967
2016.11.14  4425 4405 4465 4380 34311
2016.11.15  4485 4410 4580 4410 62501
2016.11.16  4570 4470 4615 4470 27440
2016.11.17  4570 4570 4675 4530 77686
2016.11.18  4565 4600 4605 4515 44483
2016.11.21  4550 4570 4640 4505 35529
2016.11.22  4515 4530 4600 4485 50573
2016.11.23  4345 4485 4555 4335 94840
2016.11.24  4200 4340 4445 4165 103922
2016.11.25  4240 4200 4260 4195 20667
2016.11.28  4350 4250 4380 4175 31859
2016.11.29  4395 4390 4580 4390 62967
2016.11.30  4510 4480 4535 4355 64949
2016.12.01  4595 4465 4680 4465 69312
2016.12.02  4635 4595 4675 4555 22025
2016.12.05  4410 4620 4685 4410 39841
2016.12.06  4530 4500 4580 4435 39641
2016.12.07  4450 4500 4600 4400 55021
2016.12.08  4470 4560 4560 4450 19987
2016.12.09  4520 4435 4580 4430 44457
2016.12.12  4745 4560 4770 4480 46569
2016.12.13  4785 4745 4835 4660 37020
2016.12.14  4765 4810 4830 4705 46507
2016.12.15  4775 4775 4795 4720 32443
2016.12.16  4730 4795 4795 4705 32326
2016.12.19  4715 4730 4750 4690 30670
2016.12.20  4730 4720 4770 4715 21211
2016.12.21  4815 4750 4860 4650 78373
2016.12.22  4775 4860 4860 4775 25455
2016.12.23  4740 4805 4805 4720 24453
2016.12.26  4750 4745 4790 4695 43530
2016.12.27  4710 4705 4765 4680 57594
2016.12.28  4655 4715 4715 4625 54384
2016.12.29  4625 4655 4655 4585 23394
2017.01.02  4555 4565 4630 4550 19358
2017.01.03  4590 4550 4600 4465 41511
2017.01.04  4825 4575 4870 4575 170117
2017.01.05  4870 4875 4980 4830 196273
2017.01.06  4870 4880 4910 4810 48025
2017.01.09  4860 4880 4930 4850 52795
2017.01.10  4785 4860 4860 4775 47301
2017.01.11  4860 4785 4865 4780 57201
2017.01.12  4965 4860 5050 4860 196896
2017.01.13  4890 4910 5000 4845 47180
2017.01.16  4740 4850 4850 4730 76428
2017.01.17  4690 4720 4870 4685 50855
2017.01.18  4770 4700 4770 4685 31410
2017.01.19  4760 4730 4810 4725 14780
2017.01.20  4765 4775 4800 4700 32562
2017.01.23  4680 4780 4780 4680 20291
2017.01.24  4675 4680 4750 4630 20156
2017.01.25  4620 4745 4745 4620 21592
2017.01.26  4635 4640 4720 4605 20342
2017.01.31  4620 4635 4690 4600 16245
2017.02.01  4645 4725 4725 4595 39318
2017.02.02  4610 4685 4720 4595 39602
2017.02.03  4555 4625 4670 4555 26298
2017.02.06  4545 4610 4640 4520 43112
2017.02.07  4570 4535 4610 4535 21443
2017.02.08  4540 4540 4585 4540 27878
2017.02.09  4615 4540 4615 4540 30887
2017.02.10  4730 4615 4745 4615 51442
2017.02.13  4730 4770 4780 4685 21553
2017.02.14  4650 4725 4755 4475 48864
2017.02.15  4680 4655 4690 4605 25560
2017.02.16  5150 4685 5570 4630 3375177
2017.02.17  5110 5060 5190 5030 732287
2017.02.20  5090 5110 5480 5060 705209
2017.02.21  4990 5100 5100 4930 201926
2017.02.22  5010 5010 5250 4950 412434
2017.02.23  4885 5050 5090 4885 121991
2017.02.24  4810 4880 4900 4770 100856
2017.02.27  4810 4850 5050 4790 208765
2017.02.28  4795 4810 4860 4750 104792
2017.03.02  4800 4825 4845 4760 76485
2017.03.03  4630 4770 4770 4610 110630
2017.03.06  4655 4690 4690 4560 31775
2017.03.07  4640 4645 4645 4600 55588
2017.03.08  4690 4690 4695 4605 50473
2017.03.09  4660 4700 4720 4640 49536
2017.03.10  4815 4620 4815 4600 150539
2017.03.13  4790 4790 4850 4745 101453
2017.03.14  4685 4840 4845 4605 121295
2017.03.15  4785 4710 4990 4610 501888
2017.03.16  4855 4780 4895 4695 165872
2017.03.17  4875 4890 4940 4790 144681
2017.03.20  4875 4880 4960 4835 119474
2017.03.21  4930 4945 4945 4860 96223
2017.03.22  4875 4970 4970 4845 57588
2017.03.23  4815 4900 4900 4780 80388
2017.03.24  4750 4815 4815 4740 68189
2017.03.27  4765 4750 4820 4705 64463
2017.03.28  4800 4750 4835 4750 47217
2017.03.29  4705 4865 4865 4675 125155
2017.03.30  4700 4710 4785 4670 77156
2017.03.31  4690 4710 4750 4665 55197
2017.04.03  4710 4710 4770 4690 68244
2017.04.04  4680 4720 4740 4675 73420
2017.04.05  4705 4680 4705 4645 105352
2017.04.06  4700 4660 4700 4650 37397
2017.04.07  4695 4700 4720 4655 44189
2017.04.10  4620 4695 4700 4615 71979
2017.04.11  4600 4615 4665 4565 63390
2017.04.12  4545 4595 4620 4535 62486
2017.04.13  4575 4595 4595 4500 47773
2017.04.14  4530 4610 4615 4505 55946
2017.04.17  4545 4510 4555 4505 30593
2017.04.18  4565 4555 4590 4520 44461
2017.04.19  4555 4545 4570 4515 32863
2017.04.20  4555 4540 4585 4510 24386
2017.04.21  4550 4590 4600 4525 64170
2017.04.24  4515 4525 4575 4515 38650
2017.04.25  4540 4520 4545 4510 42526
2017.04.26  4530 4520 4580 4520 38132
2017.04.27  4510 4530 4545 4505 38559
2017.04.28  4470 4505 4635 4460 97920
2017.05.02  4450 4520 4540 4430 50216
2017.05.04  4445 4435 4480 4425 34808
2017.05.08  4470 4465 4485 4415 85396
2017.05.10  4480 4495 4495 4460 62504
2017.05.11  4500 4470 4595 4470 66230
2017.05.12  4500 4510 4560 4470 21837
2017.05.15  4500 4500 4630 4485 12794
2017.05.16  4500 4500 4550 4465 23898
2017.05.17  4500 4530 4530 4410 34414
2017.05.18  4460 4495 4495 4435 29005
2017.05.19  4475 4460 4535 4455 42977
2017.05.22  4520 4510 4540 4490 40876
2017.05.23  4540 4520 4550 4520 31685
2017.05.24  4530 4515 4620 4515 40028
2017.05.25  4535 4545 4595 4530 24606
2017.05.26  4585 4550 4585 4535 29414
2017.05.29  4565 4620 4620 4560 25115
2017.05.30  4560 4540 4595 4535 33726
2017.05.31  4570 4570 4595 4560 21725
2017.06.01  4570 4555 4645 4555 41072
2017.06.02  4575 4560 4615 4530 32756
2017.06.05  4515 4575 4580 4515 59904
2017.06.07  4510 4515 4520 4450 48319
2017.06.08  4520 4490 4595 4485 42312
2017.06.09  4550 4540 4595 4520 26383
2017.06.12  4575 4550 4575 4540 38549
2017.06.13  4605 4575 4615 4555 51111
2017.06.14  4735 4610 4820 4610 335477
2017.06.15  4760 4735 4825 4705 98796
2017.06.16  4975 4805 4990 4735 246700
2017.06.19  4965 4950 4975 4845 175213
2017.06.20  4900 4995 4995 4875 118268
2017.06.21  4770 4920 4920 4745 98609
2017.06.22  4795 4800 4875 4740 68422
2017.06.23  4765 4815 4815 4740 40202
2017.06.26  5940 4755 6190 4705 7351649
2017.06.27  5680 5900 6110 5520 2591586
2017.06.28  5750 5680 5820 5580 1279804
2017.06.29  5880 5750 5880 5650 1260124
2017.06.30  5690 5810 5820 5540 957052
2017.07.03  5490 5620 5680 5380 848590
2017.07.04  5580 5490 5610 5410 759794
2017.07.05  5370 5620 5720 5270 1084339
2017.07.06  5410 5410 5430 5300 398748
2017.07.07  5160 5900 5940 5150 3068662
2017.07.10  5000 5210 5240 4975 468962
2017.07.11  4915 4970 5050 4885 259013
2017.07.12  4900 4825 4970 4825 224775
2017.07.13  4875 4900 4940 4835 146407
2017.07.14  4905 4875 4995 4815 137210
2017.07.17  5140 4955 5180 4905 293405
2017.07.18  5100 5090 5190 5040 130544
2017.07.19  5090 5130 5160 5050 46769
2017.07.20  5060 5070 5120 5000 79067
2017.07.21  5090 5060 5200 5060 89173
2017.07.24  5110 5050 5150 5040 67944
2017.07.25  5190 5100 5230 5060 115872
2017.07.26  5130 5200 5200 5100 85657
2017.07.27  5020 5050 5150 4965 80229
2017.07.28  5070 4980 5220 4965 291930
2017.07.31  5150 5400 6190 5130 6024326
2017.08.01  4980 5130 5170 4955 585989
2017.08.02  4870 5000 5010 4860 349649
2017.08.03  4870 4840 4960 4820 129505
2017.08.04  4920 4850 4925 4820 100445
2017.08.07  4875 4920 5000 4875 127127
2017.08.08  4925 4885 4925 4815 138483
2017.08.09  5020 4930 5230 4875 319254
2017.08.10  5060 5040 5060 4930 123496
2017.08.11  4920 5020 5050 4875 131682
2017.08.14  5040 4925 5280 4900 369945
2017.08.16  5050 5050 5230 5040 226676
2017.08.17  5070 5050 5170 5030 148303
2017.08.18  4960 5070 5070 4950 123612
2017.08.21  4875 5020 5020 4860 85683
2017.08.22  4845 4875 4935 4845 98918
2017.08.23  5110 4850 5370 4850 701626
2017.08.24  5160 5110 5220 5050 255585
2017.08.25  5180 5320 5330 5140 201340
2017.08.28  5200 5160 5280 5110 185386
2017.08.29  5510 5190 6050 5080 3766768
2017.08.30  5510 5510 5510 5510 0
