2011.06.01    37350 32500 37350 32200 2777700
2011.06.02    40200 38500 42950 37400 3267812
2011.06.03    38500 40800 41200 37500 941842
2011.06.07    38400 38950 40200 38350 393069
2011.06.08    36700 38400 39200 36400 270382
2011.06.09    37800 36500 38000 35500 265640
2011.06.10    36700 38000 38500 36600 106772
2011.06.13    40000 36700 40000 36550 363781
2011.06.14    43000 40000 45750 39350 838047
2011.06.15    45200 43600 45500 43500 318664
2011.06.16    47600 44500 51300 44100 632728
2011.06.17    44000 48500 50000 42900 575712
2011.06.20    44000 45300 46000 43100 188232
2011.06.21    47600 45000 47600 44000 337454
2011.06.22    45850 48300 49450 45550 340048
2011.06.23    44000 44900 47000 43600 209590
2011.06.24    42750 44050 44800 41100 289277
2011.06.27    41500 41850 42800 41000 170064
2011.06.28    39050 42200 42450 39050 247470
2011.06.29    39450 39350 40950 39100 147116
2011.06.30    43200 39750 43850 38800 305877
2011.07.01    42500 41500 43150 41500 294510
2011.07.04    41550 42900 43750 41500 187214
2011.07.05    43100 41700 43350 41700 229967
2011.07.06    44450 42800 44750 42200 213718
2011.07.07    44700 44700 45700 43700 240391
2011.07.08    45350 44800 46150 44350 222902
2011.07.11    47050 46000 48500 45050 315068
2011.07.12    46950 46500 48000 46050 177567
2011.07.13    49100 47250 49300 46950 170518
2011.07.14    49100 48900 49450 46550 132460
2011.07.15    49500 49450 50100 48400 124488
2011.07.18    52500 49500 53400 49250 178903
2011.07.19    52000 52100 52700 50400 147455
2011.07.20    50700 52500 52500 50600 117906
2011.07.21    49000 50200 50900 47500 169130
2011.07.22    49000 49000 49900 48200 109197
2011.07.25    48750 49000 50000 48650 94725
2011.07.26    48400 49400 49400 46850 125528
2011.07.27    48650 48400 49450 47900 82107
2011.07.28    48500 47800 48500 47600 53247
2011.07.29    49500 48550 50800 48500 183785
2011.08.01    49400 50400 50400 49050 67872
2011.08.02    45900 49000 49000 45500 185184
2011.08.03    44000 44150 45000 42100 168840
2011.08.04    41200 44500 44600 41200 91244
2011.08.05    38500 37100 39750 37000 135212
2011.08.08    37500 37550 40000 34300 201427
2011.08.09    40500 35850 42900 34150 160374
2011.08.10    41000 43000 43000 40500 108292
2011.08.11    41900 39000 42800 39000 76444
2011.08.12    42900 43400 44800 42300 104092
2011.08.16    43000 44500 44500 43000 67153
2011.08.17    43000 42950 43550 42000 39291
2011.08.18    42000 43250 43250 41700 42327
2011.08.19    39000 39100 40100 38600 91620
2011.08.22    37500 38150 39850 36600 54361
2011.08.23    41950 38000 41950 38000 77749
2011.08.24    39850 42500 42500 39600 63121
2011.08.25    38900 40900 41250 38600 49174
2011.08.26    39300 39400 39400 37950 48465
2011.08.29    40000 40300 40400 38750 74218
2011.08.30    39950 40150 40850 38800 57336
2011.08.31    40150 39950 40400 38800 49201
2011.09.01    39050 39800 41400 39050 50656
2011.09.02    39950 39050 40350 38800 22842
2011.09.05    38400 39100 39600 38400 25186
2011.09.06    38400 38300 38950 37300 26536
2011.09.07    39900 39500 40100 38600 27473
2011.09.08    39500 40800 40800 39150 31454
2011.09.09    37450 39050 39750 37450 73555
2011.09.14    34800 37250 37250 34450 77369
2011.09.15    33950 35800 36050 33650 80744
2011.09.16    34800 34500 36300 33550 150604
2011.09.19    34600 34650 36950 34600 94486
2011.09.20    36200 34600 36200 34600 38552
2011.09.21    37200 36950 37750 35750 54631
2011.09.22    37300 36200 37500 35250 45305
2011.09.23    35800 35500 37000 35150 28106
2011.09.26    35000 36050 36700 32050 34897
2011.09.27    35300 36100 36800 35150 33729
2011.09.28    36600 35450 36900 35300 40457
2011.09.29    37300 37000 37400 35800 28417
2011.09.30    38400 37500 38500 36300 61789
2011.10.04    38150 36150 38300 35200 26764
2011.10.05    35600 37400 38250 35600 15751
2011.10.06    36500 37000 37000 36200 21601
2011.10.07    37250 36750 37700 36700 22927
2011.10.10    37950 37250 38100 36750 23409
2011.10.11    37200 38600 38900 37200 31675
2011.10.12    38750 37500 39500 36400 53082
2011.10.13    38100 39500 39800 38000 39728
2011.10.14    37400 38150 38400 36900 58628
2011.10.17    38700 37500 39050 37500 33113
2011.10.18    38000 38250 38950 37450 15362
2011.10.19    37800 38900 38900 37350 15870
2011.10.20    36500 37650 38150 35800 31789
2011.10.21    36500 36950 36950 35300 49231
2011.10.24    36200 36700 36700 35300 76255
2011.10.25    35050 36400 36500 35050 63891
2011.10.26    36000 34450 37150 34450 81988
2011.10.27    37000 36700 37350 35650 69111
2011.10.28    36600 38000 38000 36100 51102
2011.10.31    34800 36500 36500 34550 66211
2011.11.01    34300 34400 34850 33600 36262
2011.11.02    33600 33600 33850 33050 27804
2011.11.03    33300 34150 34150 33000 17734
2011.11.04    33950 34400 34400 33050 45932
2011.11.07    33150 33950 33950 33000 35916
2011.11.08    32800 33200 33550 32750 41988
2011.11.09    32100 33500 33500 31950 41363
2011.11.10    30300 31000 31500 29700 57482
2011.11.11    30600 31100 31100 30150 18038
2011.11.14    31600 30300 31700 30300 29854
2011.11.15    30700 31450 31550 30600 30612
2011.11.16    30550 30450 31500 30450 23984
2011.11.17    30750 30600 31000 30350 13582
2011.11.18    30900 30550 30950 30350 12154
2011.11.21    30200 30950 31150 30100 15970
2011.11.22    29950 29700 30500 29700 16984
2011.11.23    29800 30300 30600 29200 17675
2011.11.24    29950 29400 29950 29100 12671
2011.11.25    29200 29950 29950 28800 25294
2011.11.28    29700 29050 29750 29050 9862
2011.11.29    30450 29700 30500 28950 19423
2011.11.30    31100 30100 31100 30100 19435
2011.12.01    31500 32050 32100 30500 58631
2011.12.02    31250 30900 31400 30800 12646
2011.12.05    31150 31600 31600 30850 7770
2011.12.06    30600 30850 31250 30600 6070
2011.12.07    30500 30650 30700 30250 11360
2011.12.08    30500 30950 30950 29850 10724
2011.12.09    29600 30100 30500 29550 13025
2011.12.12    29150 29700 29950 29150 15264
2011.12.13    28300 29100 29150 28300 19842
2011.12.14    27800 28350 28750 27600 30771
2011.12.15    26900 27250 27350 26600 21191
2011.12.16    27800 26900 27800 26650 12682
2011.12.19    26750 28100 28100 25800 18345
2011.12.20    27000 26200 27400 26200 18752
2011.12.21    26950 27650 27800 26950 13411
2011.12.22    26800 27200 27200 26500 5685
2011.12.23    26900 26750 27150 26700 12159
2011.12.26    26950 26900 27000 26600 9473
2011.12.27    26800 27300 27300 26750 10654
2011.12.28    26400 26550 26600 26350 7258
2011.12.29    26600 26500 26650 26000 11110
2012.01.02    25800 26900 26900 25700 10870
2012.01.03    26200 26100 26450 25750 21430
2012.01.04    26700 26600 26900 26100 19906
2012.01.05    26400 27000 27050 26300 7534
2012.01.06    25950 26350 26500 25500 14885
2012.01.09    26800 25900 26850 25900 11632
2012.01.10    27600 26800 27900 26700 26362
2012.01.11    26800 27600 27600 26800 10113
2012.01.12    26300 26850 26850 26250 10038
2012.01.13    26950 26600 27750 26450 26789
2012.01.16    27600 26850 27600 26550 15901
2012.01.17    27700 27700 28050 27200 27437
2012.01.18    28450 27700 29300 27700 53963
2012.01.19    28500 28500 28700 27600 25285
2012.01.20    28600 28700 28850 27900 40968
2012.01.25    27550 28600 28850 27550 16648
2012.01.26    27400 27650 27950 27150 17674
2012.01.27    27350 27500 27800 27200 18542
2012.01.30    27700 27050 27800 26750 22631
2012.01.31    28300 27700 28450 27300 19642
2012.02.01    28200 28400 28600 27950 18761
2012.02.02    29400 28350 29750 28300 42867
2012.02.03    28900 29800 29800 28600 29243
2012.02.06    29700 29300 29700 28700 48213
2012.02.07    30000 29350 30300 29200 38822
2012.02.08    30000 29700 30800 29550 36077
2012.02.09    30150 30500 30500 29600 25984
2012.02.10    30050 30250 30500 29500 21524
2012.02.13    29600 30050 30200 29550 6932
2012.02.14    28950 29600 29600 28900 32268
2012.02.15    28550 29100 29300 28300 36502
2012.02.16    27800 28500 28650 27800 41524
2012.02.17    28400 28300 28450 28000 14341
2012.02.20    28950 28600 29150 28500 20431
2012.02.21    29650 29000 29700 28650 25512
2012.02.22    29500 29650 29650 29050 16796
2012.02.23    30000 29550 30000 28800 21967
2012.02.24    29700 30250 30250 29300 21108
2012.02.27    29350 29600 29650 28650 19433
2012.02.28    29150 29250 29250 28550 18582
2012.02.29    29100 29200 29350 28800 23610
2012.03.02    29800 28900 30050 28900 29294
2012.03.05    29800 29800 30200 29550 120135
2012.03.06    30800 30450 32000 29850 92127
2012.03.07    30300 30050 30700 29900 23565
2012.03.08    29900 30650 30650 29350 39529
2012.03.09    29500 29800 29800 29450 13019
2012.03.12    30200 29700 30400 29650 21011
2012.03.13    30300 30300 30450 29900 14398
2012.03.14    30300 30350 31100 30000 24806
2012.03.15    29550 30300 30300 29450 19211
2012.03.16    28950 29600 29600 28950 16050
2012.03.19    29700 28950 29800 28550 23740
2012.03.20    29350 29700 29700 28950 13200
2012.03.21    28750 29100 29400 28750 5798
2012.03.22    28300 28500 28850 28300 12350
2012.03.23    28000 28300 28300 27850 9810
2012.03.26    27800 28000 28200 27800 6622
2012.03.27    27500 27950 28200 27300 13840
2012.03.28    27800 27500 27900 27250 12791
2012.03.29    27100 27800 27800 26950 10805
2012.03.30    27050 27150 27450 27000 11401
2012.04.02    27150 27100 27300 27100 4350
2012.04.03    27400 27300 27400 27050 9175
2012.04.04    26700 27400 27450 26000 24611
2012.04.05    26350 26250 26600 25600 14984
2012.04.06    25750 26400 26750 25650 31960
2012.04.09    24300 25750 25750 24000 38711
2012.04.10    24650 24300 24950 24300 18241
2012.04.12    24600 24900 25200 24100 20814
2012.04.13    24950 24600 25100 24600 14585
2012.04.16    24700 24800 24800 24500 8116
2012.04.17    24300 25200 25200 24300 11017
2012.04.18    24250 24600 24850 24100 14225
2012.04.19    23800 24100 24300 23700 22835
2012.04.20    23400 23700 23800 23300 16711
2012.04.23    22800 23150 23550 22400 36915
2012.04.24    22550 22700 22750 22300 10227
2012.04.25    22300 22650 22850 22300 13940
2012.04.26    22400 22400 22600 22050 11616
2012.04.27    22900 22500 23000 22450 8243
2012.04.30    23000 22800 23450 22800 8182
2012.05.02    23400 23100 23500 23000 4474
2012.05.03    23450 23400 23550 23000 5170
2012.05.04    23100 23050 23300 23000 10693
2012.05.07    22550 22850 23250 22500 12471
2012.05.08    22650 22750 22800 22500 6070
2012.05.09    22400 22500 22500 22200 11197
2012.05.10    21700 22500 22500 21400 38169
2012.05.11    21400 21650 21700 21250 16635
2012.05.14    21400 21600 21800 21150 14445
2012.05.15    21450 21400 21450 20800 9225
2012.05.16    21600 21750 21900 21350 5980
2012.05.17    21600 21600 21750 20900 11808
2012.05.18    20300 21300 21500 20300 15346
2012.05.21    21500 21000 21500 20300 17895
2012.05.22    21350 21550 22150 21250 14080
2012.05.23    21250 21200 21700 21150 8121
2012.05.24    21050 21250 21500 20950 10250
2012.05.25    20600 21100 21100 20500 15762
2012.05.29    20750 20700 20800 20500 13900
2012.05.30    20200 21150 21150 20200 20408
2012.05.31    19650 20000 20200 19650 28334
2012.06.01    19750 19750 19900 19700 7639
2012.06.04    19150 19200 19400 18750 14862
2012.06.05    18850 19200 19500 18700 14056
2012.06.07    19050 19050 19950 19000 16212
2012.06.08    18800 19300 19350 18800 7975
2012.06.11    19450 19850 19850 19200 5066
2012.06.12    20200 19900 20400 19550 16193
2012.06.13    20050 20250 20450 19850 11660
2012.06.14    20150 20050 20350 19900 7182
2012.06.15    20100 20150 20750 20000 13476
2012.06.18    20400 20500 20500 20150 7677
2012.06.19    20350 20000 20700 20000 4221
2012.06.20    20550 20400 20700 20400 8726
2012.06.21    20750 20800 20800 20550 7045
2012.06.22    20750 20850 20850 20350 7140
2012.06.25    20600 20750 20900 20500 7154
2012.06.26    20600 20700 20700 20300 7610
2012.06.27    20600 20650 21200 20200 12958
2012.06.28    20850 20800 21000 20300 7685
2012.06.29    20850 20700 20950 20400 8742
2012.07.02    20950 21000 21000 20550 10421
2012.07.03    20850 21000 21000 20800 11323
2012.07.04    21100 21000 21100 20700 8321
2012.07.05    21300 21200 21350 21000 9493
2012.07.06    21700 21700 21850 21300 14290
2012.07.09    21850 21800 22050 21550 9146
2012.07.10    22000 22000 22300 21650 9750
2012.07.11    22000 21900 22400 21900 12481
2012.07.12    21800 22100 22300 21550 9542
2012.07.13    21750 21850 22100 21150 10635
2012.07.16    21550 21900 22200 21450 13551
2012.07.17    21700 21550 21750 21350 7300
2012.07.18    21500 21800 21900 21150 18712
2012.07.19    21500 21700 21750 21350 7800
2012.07.20    21550 21500 21700 21300 6822
2012.07.23    21400 21500 21500 21100 8814
2012.07.24    21350 21250 21500 21000 5280
2012.07.25    20650 21300 21300 20650 6520
2012.07.26    20450 20700 20900 20450 9440
2012.07.27    21300 20600 21400 20450 10042
2012.07.30    20950 21250 21500 20800 9742
2012.07.31    20850 21050 21050 20550 9461
2012.08.01    20450 20800 21200 20450 6282
2012.08.02    20550 20500 20700 20350 6061
2012.08.03    19350 20200 20500 19350 43717
2012.08.06    19700 19600 19800 19450 10547
2012.08.07    19950 19600 20100 19450 14517
2012.08.08    20150 20100 20200 19750 11976
2012.08.09    20250 20250 20400 20000 11705
2012.08.10    20050 20300 20350 19950 13684
2012.08.13    20000 20150 20150 19950 9110
2012.08.14    19850 19900 20000 19800 11698
2012.08.16    19750 19850 19850 19650 8776
2012.08.17    20050 19950 20300 19750 8390
2012.08.20    20400 20250 20750 20150 13470
2012.08.21    20150 20600 20600 20100 9350
2012.08.22    20000 20350 20350 19600 9102
2012.08.23    20050 20100 20100 19750 11240
2012.08.24    19850 20100 20100 19700 5673
2012.08.27    19800 19800 19850 19600 5221
2012.08.28    19900 19950 20000 19650 11273
2012.08.29    20200 20150 20200 19850 10229
2012.08.30    20250 20350 20350 19900 12530
2012.08.31    20300 20300 20300 20100 6664
2012.09.03    21750 20350 21750 20150 26135
2012.09.04    22600 21800 23150 21550 41470
2012.09.05    22000 22400 22400 21650 19120
2012.09.06    21600 22150 22150 21450 13529
2012.09.07    22000 21750 22000 21400 17340
2012.09.10    21750 22150 22500 21650 13560
2012.09.11    21250 21550 21600 21000 26125
2012.09.12    21250 21300 21400 21050 15212
2012.09.13    21750 21300 21800 21250 11201
2012.09.14    23100 22250 23500 22050 65300
2012.09.17    22800 23100 23100 22750 15790
2012.09.18    21700 23000 23100 21650 63111
2012.09.19    21850 21900 22000 21600 20494
2012.09.20    22050 22000 22550 21850 23980
2012.09.21    21900 22050 22300 21600 20850
2012.09.24    21900 21950 22000 21650 11550
2012.09.25    21650 21900 21900 21650 8122
2012.09.26    21300 21600 21750 21300 17716
2012.09.27    20650 21000 21150 20500 17991
2012.09.28    21000 20700 21500 20700 8730
2012.10.02    21100 20900 21200 20900 4400
2012.10.04    20850 21150 21400 20550 9445
2012.10.05    20900 20850 20900 20700 5303
2012.10.08    20750 20750 21100 20550 8441
2012.10.09    20650 20500 20700 20400 9169
2012.10.10    20150 20650 20650 20050 10170
2012.10.11    20300 20050 20300 20000 5721
2012.10.12    20400 20350 20700 20200 9071
2012.10.15    20200 20300 20400 20000 11164
2012.10.16    20800 20200 20800 20200 8810
2012.10.17    20850 20800 21100 20600 9333
2012.10.18    20800 21050 21050 20600 4923
2012.10.19    20650 20800 20900 20500 5410
2012.10.22    20400 20250 20500 20150 6752
2012.10.23    20600 20400 21150 20200 9930
2012.10.24    20600 20300 21000 20300 8741
2012.10.25    20000 20600 20800 19900 22930
2012.10.26    19550 19950 20100 19100 19521
2012.10.29    19100 19300 19850 19100 11806
2012.10.30    18850 18700 19200 18700 11938
2012.10.31    19050 19000 19200 18800 3880
2012.11.01    18650 18950 18950 18600 9253
2012.11.02    19000 18900 19200 18750 7912
2012.11.05    18800 19000 19000 18700 7387
2012.11.06    18900 18600 19200 18600 5990
2012.11.07    18750 18900 19000 18600 5790
2012.11.08    18550 18600 18650 18450 8720
2012.11.09    18800 18600 18850 18400 4130
2012.11.12    18700 18800 19150 18650 3482
2012.11.13    18700 18700 18800 18500 4361
2012.11.14    18800 18500 18850 18500 4400
2012.11.15    18700 18700 18750 18550 8342
2012.11.16    19500 18700 19850 18600 13552
2012.11.19    19150 19200 19900 19150 5658
2012.11.20    19150 19300 19500 19050 2130
2012.11.21    18700 19100 19350 18650 6534
2012.11.22    18700 18900 19050 18700 5203
2012.11.23    18800 18900 18900 18650 5830
2012.11.26    19300 18950 20300 18950 3077
2012.11.27    19900 19450 19900 19150 5394
2012.11.28    19750 19900 20100 19350 4392
2012.11.29    19800 19900 19900 19500 4270
2012.11.30    19300 19800 20000 19100 11545
2012.12.03    19000 19100 19300 18800 6088
2012.12.04    18850 19300 19350 18650 7720
2012.12.05    18850 18700 19100 18700 5002
2012.12.06    19400 18950 19400 18850 6291
2012.12.07    19450 19600 19600 19250 2530
2012.12.10    19850 19450 19900 19450 6511
2012.12.11    20000 19850 20200 19800 6034
2012.12.12    19900 20150 20150 19750 4960
2012.12.13    19800 19900 20150 19600 4231
2012.12.14    19650 19900 19900 19350 7740
2012.12.17    19600 19500 19900 19500 3720
2012.12.18    19900 19600 19900 19600 5226
2012.12.20    19800 19900 20200 19550 4690
2012.12.21    19800 19600 20200 19600 7293
2012.12.24    19650 19700 20000 19600 5382
2012.12.26    20000 19650 20100 19650 10878
2012.12.27    19850 19100 19900 19100 3680
2012.12.28    19450 19850 19850 19450 5820
2013.01.02    19450 19500 19600 19200 8992
2013.01.03    19400 19450 19600 19300 6261
2013.01.04    19200 19450 19500 19050 9951
2013.01.07    19000 19200 19300 18800 29707
2013.01.08    18950 18900 19150 18900 7589
2013.01.09    19100 19350 19350 18850 6773
2013.01.10    19000 19200 19200 18800 5991
2013.01.11    19000 19000 19050 18700 8281
2013.01.14    18800 18900 19000 18750 10343
2013.01.15    18950 18900 19100 18700 5936
2013.01.16    18750 18900 19100 18700 6651
2013.01.17    18400 18850 18850 18050 17661
2013.01.18    18700 18600 18750 18400 4100
2013.01.21    19450 18900 19450 18700 9394
2013.01.22    19200 19450 19500 18900 6735
2013.01.23    18800 19200 19200 18800 11711
2013.01.24    18950 18750 19100 18700 11370
2013.01.25    18650 19100 19150 18550 10891
2013.01.28    18800 18600 18850 18550 6760
2013.01.29    19050 18800 19050 18700 6670
2013.01.30    19200 19050 19450 18700 10607
2013.01.31    19200 19250 19400 19050 11043
2013.02.01    19000 18900 19000 18850 3391
2013.02.04    19250 19050 19300 18800 12621
2013.02.05    18700 19050 19050 18500 12810
2013.02.06    18650 18900 18900 18500 8290
2013.02.07    18700 18850 18950 18600 4730
2013.02.08    19100 18700 19100 18550 5673
2013.02.12    19050 19100 19100 18750 4973
2013.02.13    19100 19050 19100 18850 7350
2013.02.14    19100 19050 19150 18900 5940
2013.02.15    19250 18950 19300 18950 5234
2013.02.18    19450 19250 19500 19050 9590
2013.02.19    20800 19500 20800 19500 38503
2013.02.20    20850 21200 21200 20400 29184
2013.02.21    20500 20500 20650 20050 20080
2013.02.22    21000 20300 21000 20150 21243
2013.02.25    20900 21200 21200 20850 8740
2013.02.26    20750 20550 21000 20450 14022
2013.02.27    20200 20750 20750 20200 14721
2013.02.28    20500 20300 20600 20300 15033
2013.03.04    20800 20400 21100 20400 19532
2013.03.05    21800 20950 21850 20900 22999
2013.03.06    22700 22100 23200 22050 75846
2013.03.07    22750 22950 23050 22350 24680
2013.03.08    22700 22900 22900 22300 24640
2013.03.11    22650 22400 22750 21800 28180
2013.03.12    23100 22700 23350 22350 21802
2013.03.13    23200 23150 23900 23000 30856
2013.03.14    22850 23300 23350 22650 22410
2013.03.15    22050 23300 23450 21600 89810
2013.03.18    21800 22050 22050 21600 13157
2013.03.19    22250 22200 22350 21750 18344
2013.03.20    21750 22250 22250 21550 21260
2013.03.21    21200 21750 21750 21150 14461
2013.03.22    21400 21250 21900 21250 10531
2013.03.25    22000 21400 22000 21400 12376
2013.03.26    22100 22050 22350 21800 21838
2013.03.27    22500 22200 22500 21800 23820
2013.03.28    22800 22150 22900 22150 26831
2013.03.29    23850 22900 23850 22700 46050
2013.04.01    24000 23900 24400 23700 27058
2013.04.02    23900 24000 24200 23600 18045
2013.04.03    23850 23650 24100 23600 13570
2013.04.04    23800 23500 24100 23100 20821
2013.04.05    23450 23600 23700 22800 16235
2013.04.08    23600 23650 23700 22950 22790
2013.04.09    23600 23200 23800 23100 15990
2013.04.10    24050 23600 24300 23550 23185
2013.04.11    24300 24400 24550 24000 13168
2013.04.12    24100 24550 24600 24100 11679
2013.04.15    24850 24000 25050 23750 31739
2013.04.16    24700 24700 25000 24500 14151
2013.04.17    24750 25200 25400 24400 16534
2013.04.18    24700 25100 25100 24650 14044
2013.04.19    24800 24700 24800 24400 8791
2013.04.22    25500 25150 25550 24900 25094
2013.04.23    26250 25500 26600 25500 28213
2013.04.24    26900 26300 28000 26300 42167
2013.04.25    26600 27450 27450 26500 24736
2013.04.26    26700 26500 27000 26200 22710
2013.04.29    25800 27300 27300 25650 33363
2013.04.30    26500 26300 26650 25250 28400
2013.05.02    26400 26750 26750 25550 19130
2013.05.03    26750 25950 26900 25950 14965
2013.05.06    26700 27000 27000 26400 10018
2013.05.07    27050 26800 27250 26550 15990
2013.05.08    26750 27400 27400 26250 26817
2013.05.09    26700 27000 27000 26300 22240
2013.05.10    26100 26800 26800 26050 10382
2013.05.13    25250 26150 26150 24650 30029
2013.05.14    26250 25450 26300 25400 21851
2013.05.15    26400 26250 26400 26000 11680
2013.05.16    26150 26400 26950 26050 9600
2013.05.20    25400 26150 26150 25300 12357
2013.05.21    25950 25200 25950 25150 7171
2013.05.22    25850 25600 25900 25450 4580
2013.05.23    26050 25300 26100 25300 6974
2013.05.24    26600 25900 26750 25600 16293
2013.05.27    26600 26600 26700 26250 6572
2013.05.28    26100 26950 26950 26100 3593
2013.05.29    26600 26300 26600 25800 9397
2013.05.30    26450 26600 26900 26200 8392
2013.05.31    26300 26500 26700 26100 9704
2013.06.03    25450 26400 26400 25350 13527
2013.06.04    24750 25200 25650 24750 11400
2013.06.05    25550 24800 25700 24600 5900
2013.06.07    25200 25500 25900 25150 9034
2013.06.10    25200 24900 25900 24900 6027
2013.06.11    25700 25150 25800 24900 7990
2013.06.12    25250 25750 26100 25200 4530
2013.06.13    25250 25050 25700 25050 8570
2013.06.14    25500 25300 25700 24950 6882
2013.06.17    24750 25500 25500 24750 9030
2013.06.18    23750 24350 24900 23500 28308
2013.06.19    23600 23900 24000 23600 2821
2013.06.20    23550 23150 23550 23000 6260
2013.06.21    23700 22500 23800 22500 8280
2013.06.24    24050 23900 24400 23400 7294
2013.06.25    23250 23800 24400 23050 5700
2013.06.26    23300 23500 23900 23300 3160
2013.06.27    23300 23300 24000 23150 4955
2013.06.28    23600 23250 23800 23250 6070
2013.07.01    23550 23600 24250 23350 5040
2013.07.02    23550 23250 23800 22900 15370
2013.07.03    23400 23550 24000 22800 13316
2013.07.04    23100 23300 23700 23050 4219
2013.07.05    23450 23000 23500 22900 9455
2013.07.08    22700 23150 23250 22550 10340
2013.07.09    23000 22400 23100 22100 15878
2013.07.10    23350 22950 23450 22650 6290
2013.07.11    23150 22800 23700 22800 6866
2013.07.12    22900 23700 23700 22900 8800
2013.07.15    23450 23350 24000 23200 39880
2013.07.16    23800 23750 24250 23450 17280
2013.07.17    24250 23700 24500 23700 13488
2013.07.18    24000 24250 24250 23800 8030
2013.07.19    24300 24200 24400 23550 13330
2013.07.22    24250 24000 24500 23700 22170
2013.07.23    24050 24250 24700 23900 13713
2013.07.24    23550 24050 24050 23450 10293
2013.07.25    23700 23650 23950 23500 11090
2013.07.26    23900 23500 24200 23500 3088
2013.07.29    24050 23850 24200 23750 5910
2013.07.30    24000 24050 24050 23800 8160
2013.07.31    24450 24000 24450 23950 11261
2013.08.01    24950 24300 25200 24300 17371
2013.08.02    25200 24900 25700 24900 14013
2013.08.05    24950 25100 25400 24800 11114
2013.08.06    25100 24900 25400 24900 12040
2013.08.07    25300 25400 25750 24950 8174
2013.08.08    24950 25200 25600 24900 10777
2013.08.09    25550 25000 25700 24900 9312
2013.08.12    25500 25550 25750 25000 13065
2013.08.13    25400 25500 25600 25200 3117
2013.08.14    25250 25400 25450 24950 8833
2013.08.16    25000 24700 25250 24550 8720
2013.08.19    25100 25250 25250 24500 6650
2013.08.20    24250 25000 25200 24250 8593
2013.08.21    23750 24250 24400 23300 12012
2013.08.22    23250 23850 23850 23000 7680
2013.08.23    23750 23000 23850 23000 10021
2013.08.26    23750 23550 23850 23350 5310
2013.08.27    23500 23400 23700 23400 4330
2013.08.28    23350 23500 23550 23150 4896
2013.08.29    23450 23200 23850 23200 5875
2013.08.30    23700 23450 24350 23400 7590
2013.09.02    23650 23700 24100 23600 4820
2013.09.03    23950 23550 24150 23550 5581
2013.09.04    24400 23700 24450 23050 9978
2013.09.05    24600 24400 24600 24250 9862
2013.09.06    24600 24500 24600 24250 4141
2013.09.09    24450 24300 24750 24150 13880
2013.09.10    24300 24100 24550 24100 2230
2013.09.11    24350 24100 24450 23800 6281
2013.09.12    24450 24850 24850 24200 3702
2013.09.13    24250 24500 24600 23850 7110
2013.09.16    23900 24200 24300 23750 9549
2013.09.17    23950 24100 24200 23700 4470
2013.09.23    23550 23700 23950 23550 7820
2013.09.24    23450 23650 23700 23300 4283
2013.09.25    23600 23350 23750 23350 7202
2013.09.26    23600 23500 23750 23450 10591
2013.09.27    24000 23600 24000 23600 2931
2013.09.30    24200 23750 24200 23650 4211
2013.10.01    24050 24100 24150 23950 6280
2013.10.02    24000 24050 24250 23950 7466
2013.10.04    23850 23950 23950 23800 5993
2013.10.07    23950 23850 24000 23700 2062
2013.10.08    24400 23800 24450 23700 9118
2013.10.10    26000 24700 26000 24450 49844
2013.10.11    26000 26500 26500 25750 11946
2013.10.14    26000 25800 26150 25800 11360
2013.10.15    26400 26200 26400 25950 34340
2013.10.16    26850 26300 27100 26300 25095
2013.10.17    26950 26900 28100 26900 26600
2013.10.18    26700 27300 27300 26600 15616
2013.10.21    26100 26900 26900 26000 7860
2013.10.22    25600 26100 26700 25600 13867
2013.10.23    25850 25550 26350 25550 6318
2013.10.24    26600 25850 26600 25600 12685
2013.10.25    25900 26600 26650 25400 10452
2013.10.28    25150 25450 25800 25100 9282
2013.10.29    25000 25150 25450 24850 8962
2013.10.30    25900 24900 25900 24850 11790
2013.10.31    26350 25950 27000 25950 21490
2013.11.01    25750 26350 26500 25750 8961
2013.11.04    25150 25750 25750 25100 9025
2013.11.05    25200 25150 25400 24900 8925
2013.11.06    25200 25200 25200 24900 6530
2013.11.07    25400 25200 25600 25200 5910
2013.11.08    25200 25550 25550 25050 3822
2013.11.11    25050 25200 25550 25050 2676
2013.11.12    25000 25050 25100 24700 7310
2013.11.13    24400 25000 25000 24350 10590
2013.11.14    24900 24400 25000 24400 4750
2013.11.15    25500 24950 25700 24950 12140
2013.11.18    26000 25500 26250 25500 15072
2013.11.19    27050 25700 27200 25700 45002
2013.11.20    27800 27250 27950 27200 51576
2013.11.21    27800 28050 28050 27450 24528
2013.11.22    28000 27800 28150 27800 22709
2013.11.25    28150 28000 28600 27800 32900
2013.11.26    27600 28100 28300 27400 27727
2013.11.27    27900 27650 28000 27500 13170
2013.11.28    29700 28500 30200 28400 79101
2013.11.29    29800 30200 30200 29350 22182
2013.12.02    28950 29950 29950 28100 18578
2013.12.03    28950 28950 29000 27500 30545
2013.12.04    28100 28950 28950 28100 7997
2013.12.05    28500 28000 28900 27600 19964
2013.12.06    28700 28550 28800 28150 16870
2013.12.09    28300 29150 29400 28300 8564
2013.12.10    28550 29200 29200 28000 5500
2013.12.11    27500 28550 28550 27400 12761
2013.12.12    27500 27100 27700 27000 10860
2013.12.13    27600 27500 28000 27100 12950
2013.12.16    27350 27300 27800 26800 9811
2013.12.17    26900 27000 27350 26500 14740
2013.12.18    26700 26950 27100 26300 17240
2013.12.19    26900 26850 27000 26300 19031
2013.12.20    26750 26550 26800 26150 14412
2013.12.23    26950 26750 27000 26350 15950
2013.12.24    27200 26700 27350 26450 16590
2013.12.26    27400 27400 27500 26850 16570
2013.12.27    27400 27350 27400 26950 7050
2013.12.30    28000 27350 28100 27350 15408
2014.01.02    26700 28050 28100 26700 18736
2014.01.03    26750 26700 27300 26700 15753
2014.01.06    26950 27100 27300 26900 6441
2014.01.07    27000 26550 27250 26550 8287
2014.01.08    26600 27000 27000 26500 10663
2014.01.09    26650 26450 26850 26450 9672
2014.01.10    26150 26700 26850 25850 11043
2014.01.13    26300 25900 26400 25850 10596
2014.01.14    26550 26100 26600 26100 5660
2014.01.15    26900 26550 27150 26500 6210
2014.01.16    27450 27250 27650 27250 19741
2014.01.17    27300 27450 27450 26900 7060
2014.01.20    26950 27300 27600 26750 14133
2014.01.21    26750 27050 27400 26750 9568
2014.01.22    27000 26750 27050 26750 5730
2014.01.23    26950 26800 27300 26600 5240
2014.01.24    26650 26550 26950 26250 6340
2014.01.27    26200 26350 26400 26000 10020
2014.01.28    26100 26200 27000 25750 12020
2014.01.29    26300 26400 26600 26200 6056
2014.02.03    26100 26450 26450 26000 5819
2014.02.04    25700 25600 26050 25150 17392
2014.02.05    25400 25850 26050 25400 5042
2014.02.06    26100 25550 26150 25200 6949
2014.02.07    26700 26250 27100 26250 12533
2014.02.10    26550 27300 27300 26350 7915
2014.02.11    26250 26600 26600 25950 14944
2014.02.12    27050 26350 27100 26200 18278
2014.02.13    26950 27050 27200 26650 11306
2014.02.14    27050 27100 27550 26950 19021
2014.02.17    27350 27200 27450 26550 27590
2014.02.18    26750 27400 27650 26550 21390
2014.02.19    27300 26500 27500 26450 15124
2014.02.20    27050 27350 27700 26900 10160
2014.02.21    26800 27200 27250 26700 11184
2014.02.24    26150 26650 26900 26000 27400
2014.02.25    25900 26200 26500 25700 14931
2014.02.26    26200 26000 26200 25600 15321
2014.02.27    26300 26350 26450 26150 11190
2014.02.28    26100 26350 26450 25900 8865
2014.03.03    26150 26100 26200 25550 15422
2014.03.04    25900 26200 26200 25600 14806
2014.03.05    25650 26000 26200 25250 21463
2014.03.06    24800 25750 25750 24500 57540
2014.03.07    24950 24900 25100 24750 23290
2014.03.10    24150 24950 24950 24000 37869
2014.03.11    24200 24050 24250 23600 24932
2014.03.12    24200 24200 24250 23700 16743
2014.03.13    24550 24250 24600 24100 13066
2014.03.14    24600 24700 24700 24200 16750
2014.03.17    24850 24600 24900 24400 18280
2014.03.18    24850 24700 24900 24600 7190
2014.03.19    24850 24700 24850 24450 11662
2014.03.20    24550 24750 24750 24450 7673
2014.03.21    25050 24450 25100 24300 12443
2014.03.24    25600 25050 25800 25050 18795
2014.03.25    26150 25800 26250 25600 24209
2014.03.26    26100 26150 26300 25900 9039
2014.03.27    26250 25950 26250 25950 12926
2014.03.28    25650 25950 25950 25400 18048
2014.03.31    25850 25750 25950 25200 10043
2014.04.01    26000 25850 26000 25750 14154
2014.04.02    25850 25850 26050 25550 18516
2014.04.03    25800 25850 25850 25500 7308
2014.04.04    25800 25800 25800 25250 13650
2014.04.07    26300 25800 26450 25650 29592
2014.04.08    25900 26350 26600 25900 17943
2014.04.09    26400 25900 26550 25900 21055
2014.04.10    26500 26750 26750 26400 12082
2014.04.11    26250 26150 26600 26150 6750
2014.04.14    25850 26000 26150 25750 13877
2014.04.15    25600 25850 26150 25600 9557
2014.04.16    25750 25850 25900 25300 17442
2014.04.17    25700 25500 25750 25450 9011
2014.04.18    25550 25700 25800 25450 14290
2014.04.21    25200 25550 25550 25150 13087
2014.04.22    25400 25200 25600 25050 12169
2014.04.23    24900 25250 25300 24400 31382
2014.04.24    25050 24900 25050 24500 18135
2014.04.25    24900 25000 25000 24700 11278
2014.04.28    25150 24600 25300 24600 15302
2014.04.29    25300 24950 25350 24950 13130
2014.04.30    25400 25600 25600 24950 10010
2014.05.02    25400 25600 25650 25050 13650
2014.05.07    24850 25200 25200 24700 8525
2014.05.08    24250 24650 24750 24150 15122
2014.05.09    24350 24250 24450 23900 14780
2014.05.12    24100 24400 24500 23900 14624
2014.05.13    24950 24300 24950 24000 23846
2014.05.14    24850 24950 25000 24600 17057
2014.05.15    24850 24600 24900 24550 20361
2014.05.16    25450 24650 25500 24650 14300
2014.05.19    24900 25500 25500 24900 5991
2014.05.20    24900 24450 25100 24450 4855
2014.05.21    25100 24750 25100 24600 5834
2014.05.22    27350 25350 27800 25350 83587
2014.05.23    27050 27350 27850 26950 31091
2014.05.26    27000 27300 27500 26800 22271
2014.05.27    27000 27100 27150 26700 17625
2014.05.28    28000 27250 28400 27150 64756
2014.05.29    28100 28000 28350 27700 36118
2014.05.30    28150 28000 28500 27900 40636
2014.06.02    27550 28200 28200 27050 26137
2014.06.03    28000 27550 28000 27150 36401
2014.06.05    27900 28050 28550 27600 31874
2014.06.09    28050 28350 28350 27950 20873
2014.06.10    28450 28050 28500 27500 24125
2014.06.11    29450 28400 29500 28200 55685
2014.06.12    29300 29450 29450 29050 22740
2014.06.13    29000 29100 29600 28700 13514
2014.06.16    28800 28950 29350 28700 15732
2014.06.17    28300 28800 29300 28100 47417
2014.06.18    28300 28300 28550 28000 11443
2014.06.19    29250 28500 29600 28450 275863
2014.06.20    29750 29150 29750 29000 33209
2014.06.23    29900 29750 30000 29450 37154
2014.06.24    30200 30100 30900 29900 62250
2014.06.25    30400 30500 30500 29350 32019
2014.06.26    31300 30500 31500 30500 44770
2014.06.27    32000 31350 32400 31150 46373
2014.06.30    32000 32100 32400 31550 27590
2014.07.01    32200 32000 32300 31550 27599
2014.07.02    31500 32200 32200 31500 24024
2014.07.03    32250 31700 32900 31600 39159
2014.07.04    32600 32250 32700 32200 10921
2014.07.07    32000 32900 32900 31450 19297
2014.07.08    31600 32250 32250 31000 27316
2014.07.09    30800 31600 31900 30800 27345
2014.07.10    31800 30850 32150 30850 28813
2014.07.11    31850 32000 32200 31500 10852
2014.07.14    31050 31800 31800 30400 28117
2014.07.15    30450 31300 31400 30150 24143
2014.07.16    30350 30550 30850 29900 15130
2014.07.17    31000 30400 31300 30400 17240
2014.07.18    31300 31000 31450 30600 12202
2014.07.21    31600 31100 31800 30800 16978
2014.07.22    31800 31600 31900 31300 9792
2014.07.23    31300 31800 31850 31300 7716
2014.07.24    31300 31300 31300 30350 19186
2014.07.25    30800 31100 31450 30550 13366
2014.07.28    30950 30800 31150 30450 15079
2014.07.29    31450 30800 31700 30800 19614
2014.07.30    31650 31500 31950 31450 16691
2014.07.31    31200 31600 31700 30000 24040
2014.08.01    31200 31000 31500 30300 13076
2014.08.04    30000 30750 31500 29500 55979
2014.08.05    29500 29850 30000 29400 44219
2014.08.06    30300 29500 30350 29500 18782
2014.08.07    29750 30300 30500 29600 29179
2014.08.08    29200 29500 29700 28650 20796
2014.08.11    29700 29150 29950 29150 8621
2014.08.12    30150 29700 30500 29700 12139
2014.08.13    30250 30150 30700 30000 17554
2014.08.14    30000 29850 30550 29500 13914
2014.08.18    29800 30300 30400 29250 19552
2014.08.19    30000 29650 30100 28500 63590
2014.08.20    29500 30000 30100 29500 16538
2014.08.21    29250 29250 29550 28950 18738
2014.08.22    29700 28900 29700 28900 15889
2014.08.25    29550 29600 29700 29400 7427
2014.08.26    30000 29850 30000 29500 14392
2014.08.27    30000 30250 30250 29250 23318
2014.08.28    29850 30050 30050 29600 15547
2014.08.29    29750 29800 29950 29400 8829
2014.09.01    28950 29950 30200 28600 19901
2014.09.02    28950 28800 29150 28250 22742
2014.09.03    29750 29000 29800 28900 15070
2014.09.04    29000 29550 29850 28950 14009
2014.09.05    28850 29000 29100 28650 6044
2014.09.11    28550 28800 28850 28300 15587
2014.09.12    29000 28500 29000 28500 6755
2014.09.15    29600 28800 29800 28600 15287
2014.09.16    29700 29500 29700 29250 11553
2014.09.17    29400 29800 30000 29400 33514
2014.09.18    28950 29800 29800 28950 10821
2014.09.19    29100 28900 29300 28800 23161
2014.09.22    28850 29300 29300 28800 14417
2014.09.23    28800 28900 29300 28600 22657
2014.09.24    28350 28700 28900 28150 24478
2014.09.25    28400 28350 28500 27750 22071
2014.09.26    28450 28300 28550 28050 9219
2014.09.29    28000 28450 28450 27250 21716
2014.09.30    27700 28000 28300 27300 9861
2014.10.01    26750 27600 27800 26750 16443
2014.10.02    27850 26900 27850 26650 11781
2014.10.06    28000 28100 28300 27350 15282
2014.10.07    28650 27650 28700 27650 7765
2014.10.08    28800 29000 29000 28300 9024
2014.10.10    27600 28950 28950 27300 15365
2014.10.13    26800 27450 27450 26800 13599
2014.10.14    27000 26400 27050 26400 13279
2014.10.15    27600 26950 28100 26850 9758
2014.10.16    27300 27450 27450 26600 5424
2014.10.17    28450 27150 28450 26950 14938
2014.10.20    28400 28400 28750 27950 18181
2014.10.21    27900 28400 28400 27750 17234
2014.10.22    28050 27900 28300 27900 4217
2014.10.23    27900 28100 28500 27650 24133
2014.10.24    25200 27500 27800 24900 117768
2014.10.27    25750 25150 26200 24350 19734
2014.10.28    25200 25600 26100 24700 18726
2014.10.29    24800 25200 25250 24550 29017
2014.10.30    24400 24800 24950 24350 16707
2014.10.31    24400 24550 24550 24200 10487
2014.11.03    24300 24550 24600 24200 9380
2014.11.04    23550 24300 24350 23000 23722
2014.11.05    23400 23200 23450 23050 18312
2014.11.06    22800 23400 23600 22750 20601
2014.11.07    23100 22800 23100 22150 26607
2014.11.10    23850 22850 24000 22750 14330
2014.11.11    24050 23650 24050 23450 15333
2014.11.12    24500 24050 24550 23750 8932
2014.11.13    24700 24500 24750 24200 10715
2014.11.14    24050 24300 24700 23900 6485
2014.11.17    24300 24450 24450 23600 12111
2014.11.18    24300 24300 24350 23800 6778
2014.11.19    24450 24100 24700 24050 15168
2014.11.20    24150 24450 24500 24150 6145
2014.11.21    24100 24250 24400 23950 9429
2014.11.24    24450 24150 24650 24100 9411
2014.11.25    24500 24650 24650 24150 4544
2014.11.26    24450 24250 24600 24150 8012
2014.11.27    24150 24350 24700 24150 6946
2014.11.28    24350 24150 24500 24150 7575
2014.12.01    24000 24200 24450 23600 10696
2014.12.02    23650 23600 23950 23600 8574
2014.12.03    23500 23650 23800 23200 15117
2014.12.04    23200 23500 23650 23100 17090
2014.12.05    24450 23250 25050 23250 27545
2014.12.08    24700 24500 24850 24050 13671
2014.12.09    23900 24700 24750 23900 14284
2014.12.10    23400 23900 23900 23250 11134
2014.12.11    23000 23250 23400 22800 18357
2014.12.12    23000 22900 23600 22800 14156
2014.12.15    23550 22900 24300 22900 7024
2014.12.16    23400 23700 23700 23050 8890
2014.12.17    23550 23500 23650 23100 8140
2014.12.18    23500 23500 23750 23150 5540
2014.12.19    23650 23350 23700 23250 7584
2014.12.22    23450 23500 23750 23300 9866
2014.12.23    23500 23450 23550 23200 10383
2014.12.24    23450 23500 23600 23250 8252
2014.12.26    23950 23450 24200 23300 15693
2014.12.29    24050 23600 24350 23150 8462
2014.12.30    24300 23850 24400 23750 5351
2015.01.02    24100 23850 24200 23500 7872
2015.01.05    23550 24350 24350 23200 8985
2015.01.06    23100 23250 23450 23000 9331
2015.01.07    23150 23100 23350 23000 5071
2015.01.08    23450 23150 23500 23050 7049
2015.01.09    23450 23350 23700 23200 12082
2015.01.12    23350 23450 23800 22700 22989
2015.01.13    23250 23250 23500 22900 12661
2015.01.14    23500 23400 23500 23200 7579
2015.01.15    23150 23450 23500 23000 3204
2015.01.16    23500 23050 23500 22950 4941
2015.01.19    23300 23300 23600 23100 2880
2015.01.20    23550 23250 23650 23250 5294
2015.01.21    23600 23550 23650 23250 4840
2015.01.22    23400 23600 23600 23250 5436
2015.01.23    23200 23300 23400 23200 5750
2015.01.26    23400 23200 23400 23000 5916
2015.01.27    23350 23350 23400 23100 6077
2015.01.28    23300 23350 23500 23050 9083
2015.01.29    23500 23300 23650 23100 12969
2015.01.30    23050 23400 23650 23050 13334
2015.02.02    23100 23100 23500 23000 7389
2015.02.03    22950 23350 23350 22800 9598
2015.02.04    23450 23300 23500 22950 4263
2015.02.05    23400 23350 23450 23100 2317
2015.02.06    23300 23300 23350 23250 5655
2015.02.09    23150 23450 23450 23000 3992
2015.02.10    23200 23150 23600 23000 6036
2015.02.11    23650 23250 23650 23100 5843
2015.02.12    23300 23650 23650 23200 3631
2015.02.13    23250 23300 23350 23000 9747
2015.02.16    23350 23350 23500 23250 3808
2015.02.17    23300 23350 23450 23150 2296
2015.02.23    24250 23350 24250 23300 12502
2015.02.24    24700 24250 24800 24100 12561
2015.02.25    24850 24100 25100 24100 10734
2015.02.26    24900 24850 24900 24450 7778
2015.02.27    24500 24900 24950 24500 8417
2015.03.02    25100 24550 25400 24150 15852
2015.03.03    24800 24950 25200 24500 12964
2015.03.04    24500 24600 24850 24050 16250
2015.03.05    24650 24550 24700 24450 7672
2015.03.06    24350 24600 24600 24250 12810
2015.03.09    24250 24350 24600 24150 7538
2015.03.10    24250 24300 24500 24100 3481
2015.03.11    23800 24050 24050 23750 10282
2015.03.12    23750 23850 24100 23550 21769
2015.03.13    23600 23850 23950 23550 10712
2015.03.16    23500 23800 23800 23350 13095
2015.03.17    23400 23850 23850 23350 14201
2015.03.18    23400 23600 23850 23250 12903
2015.03.19    23350 23750 23750 23300 12455
2015.03.20    23350 23600 23600 22900 20869
2015.03.23    23700 23500 23750 23300 8030
2015.03.24    23900 23550 23950 23550 7995
2015.03.25    23700 24000 24000 23700 15488
2015.03.26    23450 23750 23850 23300 7951
2015.03.27    23650 23350 23650 23250 5558
2015.03.30    23850 23500 23850 23300 8654
2015.03.31    23650 23800 24000 23600 6999
2015.04.01    23850 23550 23950 23500 5469
2015.04.02    24200 24000 24350 23800 10881
2015.04.03    24700 24400 24800 24300 17224
2015.04.06    24300 24450 24500 24100 14927
2015.04.07    23800 24300 24300 23650 14466
2015.04.08    23900 23800 24200 23750 12095
2015.04.09    23900 24250 24250 23850 12776
2015.04.10    24000 24100 24150 23800 11065
2015.04.13    24250 24000 24550 24000 17727
2015.04.14    24350 24250 24500 24150 20467
2015.04.15    24450 24500 24650 24200 32430
2015.04.16    24650 24500 24850 24350 29766
2015.04.17    24950 24650 25000 24300 24994
2015.04.20    24650 24850 24900 24400 27133
2015.04.21    25550 24650 25550 24650 41116
2015.04.22    25100 25600 25700 24400 34744
2015.04.23    25050 25350 25700 24650 32525
2015.04.24    24350 25000 25350 24300 41371
2015.04.27    24800 24300 24850 24300 11868
2015.04.28    24950 24850 25100 24550 9084
2015.04.29    24700 25100 25100 24600 11124
2015.04.30    24600 24550 24700 24250 6197
2015.05.04    24350 24450 24550 24000 13468
2015.05.06    24000 24250 24250 23900 10191
2015.05.07    23700 23950 24000 23400 15418
2015.05.08    23850 23800 23950 23400 4730
2015.05.11    24000 24050 24200 23600 12266
2015.05.12    24000 24000 24150 23900 13618
2015.05.13    24550 24000 24600 24000 12339
2015.05.14    24500 24300 24600 24150 13678
2015.05.15    24350 24700 24700 24100 16915
2015.05.18    24200 24450 24450 23850 21869
2015.05.19    23500 24200 24200 23400 17399
2015.05.20    23200 23400 23600 23050 16009
2015.05.21    23050 23250 23450 22650 24300
2015.05.22    23000 23200 23200 23000 8997
2015.05.26    23200 23050 23200 22700 13794
2015.05.27    22300 23100 23150 22300 20262
2015.05.28    22450 22450 22650 22300 16216
2015.05.29    22200 22450 22450 22050 33775
2015.06.01    22400 22250 22400 21550 19455
2015.06.02    22200 22400 22450 21750 13208
2015.06.03    21750 22150 22300 21700 11038
2015.06.04    21700 21800 21800 21600 8083
2015.06.05    21300 21700 21900 20750 32034
2015.06.08    21050 21300 21450 20650 10877
2015.06.09    21300 21300 22100 21200 11049
2015.06.10    21300 21400 21800 21300 12293
2015.06.11    21300 21550 22150 21000 36118
2015.06.12    21150 21400 21450 21000 18709
2015.06.15    20700 20950 21200 20700 11807
2015.06.16    20200 20700 20950 20200 17839
2015.06.17    19900 20500 20500 19500 29450
2015.06.18    19450 20000 20100 19400 21633
2015.06.19    19600 19500 19750 19150 49812
2015.06.22    20000 19750 20050 19550 17355
2015.06.23    20500 20300 20600 20150 21193
2015.06.24    21100 20500 21100 20350 11122
2015.06.25    20900 21150 21150 20750 14337
2015.06.26    21300 20950 21300 20850 18432
2015.06.29    20750 21100 21100 20650 19914
2015.06.30    20400 20750 21150 20400 8287
2015.07.01    21000 20700 21000 20400 7931
2015.07.02    20900 21050 21150 20700 6642
2015.07.03    20350 20650 20850 20200 7541
2015.07.06    20200 20400 20400 20150 6307
2015.07.07    20200 20200 20400 20100 9823
2015.07.08    19850 20350 20650 19800 21091
2015.07.09    20200 20050 20200 19650 10021
2015.07.10    20250 20250 20350 20000 4972
2015.07.13    20500 20300 20500 20200 7581
2015.07.14    20600 20350 20850 20350 10443
2015.07.15    20600 20850 20850 20500 7565
2015.07.16    20900 20550 21000 20550 13534
2015.07.17    20900 20800 21150 20600 9248
2015.07.20    20550 21150 21150 20500 8636
2015.07.21    20550 20550 20850 20450 11871
2015.07.22    20250 20500 20700 20250 6711
2015.07.23    20100 20400 20450 20000 7293
2015.07.24    19850 20300 20300 19700 7779
2015.07.27    19600 19700 20000 19600 9500
2015.07.28    19950 19600 19950 19450 9783
2015.07.29    19950 20000 20000 19650 11492
2015.07.30    19800 19950 19950 19500 11622
2015.07.31    19950 19900 20200 19450 9714
2015.08.03    19950 20100 20150 19550 4959
2015.08.04    19950 19900 20100 19800 7934
2015.08.05    20050 20000 20100 19750 8843
2015.08.06    20100 20200 20350 20000 6880
2015.08.07    20000 20250 20250 19800 5128
2015.08.10    19650 19850 20100 19550 7217
2015.08.11    19650 19950 19950 19450 7255
2015.08.12    19300 19400 19600 19050 8000
2015.08.13    19000 19400 19500 18950 17678
2015.08.17    18900 19050 19300 18600 18446
2015.08.18    19150 18900 19200 18600 9310
2015.08.19    18850 19250 19250 18650 10406
2015.08.20    18650 18850 18850 18400 10307
2015.08.21    17850 18200 18300 17800 30380
2015.08.24    17000 17500 17850 17000 17173
2015.08.25    17600 17000 17750 17000 16203
2015.08.26    17350 17650 17700 17100 32362
2015.08.27    17850 17550 18050 17450 46007
2015.08.28    18300 17850 18300 17700 17958
2015.08.31    18150 18100 18250 17900 9633
2015.09.01    18200 18150 18300 18000 3800
2015.09.02    18250 18000 18350 17850 5754
2015.09.03    18200 18350 18350 18100 4964
2015.09.04    17950 18350 18350 17800 8335
2015.09.07    17800 18000 18000 17550 7577
2015.09.08    18000 17600 18100 17600 4640
2015.09.09    18100 18100 18300 17850 17941
2015.09.10    18250 18150 18250 17800 7615
2015.09.11    18100 18300 18300 17950 10800
2015.09.14    18000 18150 18250 17850 19604
2015.09.15    17850 18100 18100 17850 14965
2015.09.16    17950 17950 18200 17800 49870
2015.09.17    17900 18050 18100 17850 25008
2015.09.18    17950 17900 18100 17800 29960
2015.09.21    17800 17800 17900 17700 21897
2015.09.22    18000 17800 18000 17700 13391
2015.09.23    17850 17800 17950 17600 27949
2015.09.24    17800 17900 17900 17750 8623
2015.09.25    17750 17850 17850 17650 12734
2015.09.30    17700 17700 17750 17500 17692
2015.10.01    17950 17700 18150 17650 26504
2015.10.02    18150 18100 18350 17900 16513
2015.10.05    18300 18200 18400 17850 31743
2015.10.06    18250 18450 18450 18100 15161
2015.10.07    18100 18350 18350 17950 25907
2015.10.08    18050 18100 18250 18000 16931
2015.10.12    18500 18250 18500 18150 39083
2015.10.13    18750 18600 18950 18400 38441
2015.10.14    18200 18500 18650 18200 15564
2015.10.15    18200 18200 18300 17900 46022
2015.10.16    17900 18200 18250 17900 34498
2015.10.19    18050 18050 18100 17950 5433
2015.10.20    18050 18000 18100 17900 10870
2015.10.21    18200 18000 18250 17900 15828
2015.10.22    18100 18250 18450 18100 23585
2015.10.23    18400 18300 18450 18150 10476
2015.10.26    18300 18450 18450 18100 17918
2015.10.27    18400 18350 18400 18100 11850
2015.10.28    18250 18450 18500 18100 19118
2015.10.29    18000 18250 18250 18000 18174
2015.10.30    17750 18000 18200 17600 23344
2015.11.02    17600 17600 17800 17450 13259
2015.11.03    17900 17650 17900 17400 24138
2015.11.04    17800 17850 17900 17700 5787
2015.11.05    17700 17900 17900 17600 9351
2015.11.06    17550 17750 17800 17500 11724
2015.11.09    17200 17400 17500 17200 10987
2015.11.10    16700 17200 17350 16150 34642
2015.11.11    16850 16800 16850 16550 9941
2015.11.12    16900 16900 17150 16750 23932
2015.11.13    16800 16900 16950 16700 4643
2015.11.16    16500 16450 16750 16400 8445
2015.11.17    16350 16500 16700 16200 24292
2015.11.18    16350 16550 16550 16200 9182
2015.11.19    16400 16450 16500 16200 13709
2015.11.20    16350 16250 16400 16250 3664
2015.11.23    16350 16350 16550 16200 10363
2015.11.24    16450 16350 16450 16250 14772
2015.11.25    16650 16450 16700 16300 12280
2015.11.26    17800 16750 17800 16400 33288
2015.11.27    18000 17750 18050 17500 28056
2015.11.30    17950 18000 18050 17700 15704
2015.12.01    18250 17900 18400 17550 31497
2015.12.02    17800 18050 18250 17800 31728
2015.12.03    18050 17700 18200 17400 21881
2015.12.04    18050 17700 18050 17550 13507
2015.12.07    17950 17800 18050 17500 24773
2015.12.08    17850 17900 17950 17550 19637
2015.12.09    17750 18000 18000 17500 19909
2015.12.10    16750 17800 17850 16750 36183
2015.12.11    16900 16750 17150 16700 21743
2015.12.14    16700 16800 16850 16350 28877
2015.12.15    16450 17100 17300 16250 31740
2015.12.16    17150 16550 17300 16550 25130
2015.12.17    17550 17150 17600 16950 22744
2015.12.18    17650 17300 17800 17300 20200
2015.12.21    18100 17300 18150 17300 30786
2015.12.22    18000 18100 18250 17900 29903
2015.12.23    18300 18000 18350 18000 18461
2015.12.24    18500 18350 18550 18300 26600
2015.12.28    18450 18500 18700 18350 26268
2015.12.29    18600 18000 18850 18000 36977
2015.12.30    18900 18600 18900 18500 19083
2016.01.04    17950 18850 18850 17950 11596
2016.01.05    17950 17500 18500 17450 17007
2016.01.06    18000 17950 18350 17850 8996
2016.01.07    17750 18150 18150 17550 17834
2016.01.08    18000 17600 18000 17100 12315
2016.01.11    17800 17800 18050 17300 25639
2016.01.12    17800 17800 18150 17200 19137
2016.01.13    17750 18000 18200 17650 10971
2016.01.14    17950 17900 18000 17150 22292
2016.01.15    17700 17750 18000 17500 14739
2016.01.18    17550 17450 17900 17250 17890
2016.01.19    17750 17400 17900 17200 13070
2016.01.20    17650 17450 17750 17250 12982
2016.01.21    17400 17450 17850 17350 7200
2016.01.22    18150 17900 18400 17350 7685
2016.01.25    18300 18250 18350 18050 9633
2016.01.26    18100 18300 18300 17900 7146
2016.01.27    18000 17950 18350 17900 7078
2016.01.28    18450 18000 18450 18000 5079
2016.01.29    18300 18400 18500 18100 16997
2016.02.01    18750 18300 18750 18150 10730
2016.02.02    18750 18550 18900 18550 13404
2016.02.03    18600 18600 18750 18250 10513
2016.02.04    18750 18600 18850 18450 13541
2016.02.05    18350 18750 18750 18100 12418
2016.02.11    18400 18050 18500 17700 7221
2016.02.12    17950 18100 18500 17700 6643
2016.02.15    18450 17850 18450 17800 6412
2016.02.16    18700 18200 18750 18200 9414
2016.02.17    19000 18700 19000 18300 10390
2016.02.18    18900 19100 19100 18750 7810
2016.02.19    19050 18800 19100 18800 6095
2016.02.22    19050 19050 19100 18550 8097
2016.02.23    19400 19000 19400 18650 17577
2016.02.24    19300 19400 19400 19000 7757
2016.02.25    18800 19300 19400 18800 4122
2016.02.26    18550 18800 19100 18400 4293
2016.02.29    18650 18400 18700 18350 3460
2016.03.02    18550 18650 19050 18500 13528
2016.03.03    18550 18950 19000 18400 10436
2016.03.04    18700 18700 18850 18450 3044
2016.03.07    19350 18700 19400 18650 11412
2016.03.08    19100 19150 19400 19000 7453
2016.03.09    19350 19100 19450 19000 5367
2016.03.10    19150 19350 19400 19100 4567
2016.03.11    18850 19100 19300 18850 5577
2016.03.14    18750 18900 19050 18600 6465
2016.03.15    19100 18900 19100 18650 4691
2016.03.16    19200 19250 19300 18850 7121
2016.03.17    19350 19400 19500 18950 17636
2016.03.18    19350 19500 19550 19250 6605
2016.03.21    19350 19350 19500 18900 9857
2016.03.22    19050 19450 19450 19000 8013
2016.03.23    18850 19000 19200 18750 7685
2016.03.24    18900 18750 19000 18500 12389
2016.03.25    19000 18850 19000 18600 5103
2016.03.28    18650 19100 19100 18600 8161
2016.03.29    19100 18800 19100 18500 9258
2016.03.30    19150 19100 19200 18850 4007
2016.03.31    19150 19150 19250 19000 3457
2016.04.01    19450 19200 19750 19050 17705
2016.04.04    19550 19450 19800 19100 10491
2016.04.05    19500 19350 19800 19350 7586
2016.04.06    20050 19500 20050 19350 14843
2016.04.07    19750 20100 20100 19650 6398
2016.04.08    20000 19750 20050 19600 6066
2016.04.11    19650 20000 20050 19600 6371
2016.04.12    19750 19550 19900 19550 2342
2016.04.14    20150 19850 20200 19700 15064
2016.04.15    19800 20300 20300 19800 10750
2016.04.18    19800 19600 20000 19600 10094
2016.04.19    19800 19800 20050 19650 7680
2016.04.20    20150 20000 20150 19800 10819
2016.04.21    20400 20150 20600 19950 17887
2016.04.22    20500 20550 20550 20100 11637
2016.04.25    20250 20300 20500 20000 10249
2016.04.26    19950 20300 20300 19950 4933
2016.04.27    20150 19950 20200 19800 10012
2016.04.28    20200 20100 20200 20000 6479
2016.04.29    20100 20050 20100 19900 5875
2016.05.02    19800 20100 20250 19750 5711
2016.05.03    19900 19600 19950 19600 4776
2016.05.04    19600 20000 20000 19500 4191
2016.05.09    19700 19400 19700 19400 4424
2016.05.10    19650 19450 19950 19400 4942
2016.05.11    19700 19850 19850 19400 3403
2016.05.12    19600 19800 19800 19400 3374
2016.05.13    19600 19450 19700 19000 13886
2016.05.16    19200 19500 19500 19200 12170
2016.05.17    19650 19250 19800 19150 10213
2016.05.18    19050 19600 19600 19050 5140
2016.05.19    19000 19200 19200 18850 4475
2016.05.20    19200 18950 19300 18850 2621
2016.05.23    19000 19000 19250 18850 2519
2016.05.24    18700 19250 19250 18700 1167
2016.05.25    18850 18750 19100 18650 2974
2016.05.26    19000 18650 19100 18650 2818
2016.05.27    19000 18850 19250 18800 627
2016.05.30    18900 19000 19000 18800 1103
2016.05.31    18750 18800 19100 18400 6630
2016.06.01    19200 18750 19200 18750 2408
2016.06.02    18900 19200 19200 18800 3436
2016.06.03    19100 19000 19100 18850 869
2016.06.07    19100 19000 19100 18750 3532
2016.06.08    18950 19100 19100 18850 4554
2016.06.09    18800 18700 18950 18600 8451
2016.06.10    19100 18650 19100 18500 5338
2016.06.13    18900 19100 19100 18800 4001
2016.06.14    18900 19050 19150 18850 4427
2016.06.15    18800 18600 19100 18600 3482
2016.06.16    18750 19050 19050 18600 3057
2016.06.17    18650 18750 19100 18600 1624
2016.06.20    19000 18900 19050 18500 1741
2016.06.21    19000 19100 19150 18800 1005
2016.06.22    19150 19000 19200 18850 1433
2016.06.23    19250 19150 19250 19050 2250
2016.06.24    18800 19400 19400 18400 6651
2016.06.27    18450 18400 18750 18300 4105
2016.06.28    18500 18450 18800 18300 3232
2016.06.29    18700 18650 18900 18500 3122
2016.06.30    19050 19000 19050 18750 1475
2016.07.01    19150 19050 19150 18950 1286
2016.07.04    19400 19150 19450 19000 1988
2016.07.05    19100 19400 19550 19000 4287
2016.07.06    19100 19150 19250 18950 2190
2016.07.07    19300 19100 19450 19050 2133
2016.07.08    19350 19100 19350 19000 3996
2016.07.11    19450 19500 19500 19100 3227
2016.07.12    19450 19400 19500 19150 1214
2016.07.13    19650 19400 19750 19300 5777
2016.07.14    19650 19650 19650 19350 4214
2016.07.15    19400 19450 19650 19350 3035
2016.07.18    19300 19600 19600 19200 3698
2016.07.19    19400 19400 19550 19300 4143
2016.07.20    19600 19550 19600 19350 2728
2016.07.21    19500 19600 19650 19450 2949
2016.07.22    19500 19600 19600 19400 3073
2016.07.25    19600 19550 19650 19350 3100
2016.07.26    19500 19600 19650 19300 2671
2016.07.27    19550 19500 19600 19400 1767
2016.07.28    19500 19550 19650 19300 4827
2016.07.29    19350 19650 19650 19250 3844
2016.08.01    19350 19350 19500 19300 1505
2016.08.02    19400 19500 19500 19250 1438
2016.08.03    19400 19400 19450 19250 2202
2016.08.04    19150 19350 19350 19150 2917
2016.08.05    19200 19450 19450 19150 3002
2016.08.08    19200 19200 19350 19150 2283
2016.08.09    19500 19200 19500 19150 2446
2016.08.10    19300 19500 19500 19200 1760
2016.08.11    19300 19200 19400 19050 2729
2016.08.12    19400 19300 19450 19100 2461
2016.08.16    19400 19200 19500 19200 3929
2016.08.17    19500 19500 19500 19000 6831
2016.08.18    19200 19350 19450 19200 2115
2016.08.19    19250 19150 19250 19050 3765
2016.08.22    18850 19200 19200 18800 3498
2016.08.23    18500 18850 18850 18450 8027
2016.08.24    18400 18400 18450 17550 46653
2016.08.25    18900 18400 18900 18150 14009
2016.08.26    18550 18750 18900 18350 4252
2016.08.29    18300 18750 18750 18200 5843
2016.08.30    18400 18300 18450 18200 4307
2016.08.31    18400 18400 18450 18200 3600
2016.09.01    18250 18400 18450 18150 2196
2016.09.02    18450 18250 18700 18200 1846
2016.09.05    18450 18500 18700 18200 3547
2016.09.06    18450 18300 18550 18300 4087
2016.09.07    18600 18350 18700 18300 4788
2016.09.08    18600 18550 18650 18400 4818
2016.09.09    18750 18550 18750 18300 6443
2016.09.12    18650 18600 18700 18350 5024
2016.09.13    18550 18700 18700 18450 1401
2016.09.19    18450 18350 18600 18350 1023
2016.09.20    18600 18450 18700 18350 2690
2016.09.21    18850 18650 18900 18650 4778
2016.09.22    19150 18850 19250 18750 7319
2016.09.23    19250 19200 19250 18850 9111
2016.09.26    19300 19250 19450 19000 2701
2016.09.27    19200 19000 19400 19000 4529
2016.09.28    19100 19200 19400 19000 2206
2016.09.29    19050 19000 19350 18850 4510
2016.09.30    18950 19000 19050 18800 2716
2016.10.04    19250 18950 19450 18900 3476
2016.10.05    19050 19250 19250 18900 1553
2016.10.06    19100 19000 19200 18950 1570
2016.10.07    19100 19300 19300 18850 2367
2016.10.10    19000 18850 19250 18800 2519
2016.10.11    19100 19000 19200 18800 3108
2016.10.12    18950 19200 19200 18850 1890
2016.10.13    18900 19150 19150 18850 458
2016.10.14    18900 18800 18900 18800 622
2016.10.17    18900 18850 18900 18700 868
2016.10.18    19350 18800 19350 18700 4023
2016.10.19    19350 19150 19350 18650 3201
2016.10.20    19250 19350 19350 19000 1298
2016.10.21    18900 19050 19250 18900 832
2016.10.24    18900 18900 18900 18750 1512
2016.10.25    19000 18850 19000 18700 2074
2016.10.26    18850 18900 19050 18550 3549
2016.10.27    19150 18850 19150 18800 3144
2016.10.28    19200 19050 19250 18950 8065
2016.10.31    19250 19200 19300 18900 8421
2016.11.01    19200 19400 19500 19200 2694
2016.11.02    18650 19250 19300 18650 1536
2016.11.03    19950 18650 19950 18650 17265
2016.11.04    19700 19950 20000 19500 3723
2016.11.07    19850 19800 19900 19500 2158
2016.11.08    19850 19850 20050 19400 4020
2016.11.09    19700 19600 19950 19400 7218
2016.11.10    20250 19900 20300 19550 6563
2016.11.11    19900 20300 20300 19900 3115
2016.11.14    20250 19750 20300 19750 3147
2016.11.15    20700 20350 20900 19900 12655
2016.11.16    20900 20550 20900 20400 7050
2016.11.17    20850 20950 20950 20600 7011
2016.11.18    20700 20650 20900 20450 4095
2016.11.21    20550 20700 20750 20350 2245
2016.11.22    20700 20850 20850 20250 5024
2016.11.23    20800 20700 21000 20700 7133
2016.11.24    20700 20900 20900 20100 6112
2016.11.25    20750 20750 21000 20500 5390
2016.11.28    20950 20950 21000 20750 5216
2016.11.29    20950 21000 21000 20750 6007
2016.11.30    20950 20950 20950 20750 7429
2016.12.01    20800 20850 21150 20600 16525
2016.12.02    21000 20850 21100 20700 2817
2016.12.05    20900 20700 21150 20700 3925
2016.12.06    21200 21200 21200 20600 10529
2016.12.07    22250 21400 22250 20900 30311
2016.12.08    22800 22250 23000 22150 24426
2016.12.09    22850 23000 23000 22350 14115
2016.12.12    23300 22800 23300 22500 10167
2016.12.13    22400 22900 23200 22200 15531
2016.12.14    23050 22550 23300 22400 10340
2016.12.15    23500 22500 23600 22500 9745
2016.12.16    23000 23600 23650 22950 9412
2016.12.19    22700 22700 23350 22650 4834
2016.12.20    22400 22950 23500 22250 8382
2016.12.21    23000 22500 23000 22400 12936
2016.12.22    23000 23000 23300 23000 5072
2016.12.23    23250 23000 23450 22900 4878
2016.12.26    23000 23100 23400 22500 5373
2016.12.27    22550 23250 23300 22550 3697
2016.12.28    22700 22550 22900 22150 2714
2016.12.29    22500 22450 23200 22250 2447
2017.01.02    21800 22500 23150 21800 4546
2017.01.03    22300 21900 22650 21700 8266
2017.01.04    22450 22250 22450 21950 2588
2017.01.05    22100 22100 22400 21450 15766
2017.01.06    22600 22100 22800 21800 6945
2017.01.09    22150 22300 22700 21600 8803
2017.01.10    22100 21950 22150 21450 9093
2017.01.11    22150 22250 22500 21800 5506
2017.01.12    22550 22450 22600 21750 7409
2017.01.13    22050 22200 22400 22050 8886
2017.01.16    21550 21950 22200 21550 5980
2017.01.17    21650 22000 22000 21500 2727
2017.01.18    21650 21500 21900 21400 990
2017.01.19    21650 21650 22050 21500 3287
2017.01.20    21850 21650 22150 21350 5742
2017.01.23    21550 21850 22000 21500 3431
2017.01.24    20900 21550 21750 20800 6906
2017.01.25    20350 20800 20900 20350 9313
2017.01.26    20850 20350 21000 20350 2158
2017.01.31    20950 20850 21000 20450 3625
2017.02.01    21500 20950 21500 20850 4551
2017.02.02    20950 21500 21600 20850 3396
2017.02.03    21100 21350 21350 20800 3156
2017.02.06    21700 21000 21800 20850 4040
2017.02.07    21650 21650 21750 21200 1742
2017.02.08    21750 21800 21800 21500 986
2017.02.09    21450 21700 21750 21400 745
2017.02.10    21700 21550 21700 21350 1864
2017.02.13    21500 21700 21700 21300 1184
2017.02.14    21300 21500 21500 21050 4649
2017.02.15    21150 21300 21300 21000 5471
2017.02.16    21250 21300 21400 21000 4369
2017.02.17    21400 21300 21400 21150 2974
2017.02.20    21600 21400 21700 21350 6247
2017.02.21    21150 21600 21600 21150 4142
2017.02.22    21050 21150 21150 20850 2548
2017.02.23    20900 21050 21050 20800 3081
2017.02.24    20250 20900 21000 20100 15545
2017.02.27    20300 20250 20800 20050 6246
2017.02.28    20550 20300 20700 20250 2149
2017.03.02    20850 20650 21050 20550 4419
2017.03.03    20950 21100 21100 20550 2170
2017.03.06    20750 20750 21000 20400 2281
2017.03.07    20950 20800 21200 20700 1994
2017.03.08    20850 20900 20950 20450 3197
2017.03.09    20750 20750 20750 20250 4387
2017.03.10    21200 20650 21300 20500 4719
2017.03.13    21150 21200 21200 20600 5333
2017.03.14    21500 21250 21500 20950 3951
2017.03.15    21400 21500 21550 21000 4584
2017.03.16    21250 21150 21400 21000 3177
2017.03.17    21000 21250 21250 20800 3478
2017.03.20    20900 21000 21000 20500 3748
2017.03.21    20700 20650 20850 20500 6028
2017.03.22    21000 20800 21100 20500 5799
2017.03.23    21150 21000 21250 20950 3436
2017.03.24    21150 21150 21250 20800 3092
2017.03.27    20900 21150 21200 20800 1568
2017.03.28    20550 20900 20900 20500 5756
2017.03.29    20850 20550 20900 20550 101643
2017.03.30    21100 20900 21150 20700 2403
2017.03.31    21150 21100 21150 20800 1209
2017.04.03    20700 21100 21150 20700 3103
2017.04.04    20700 20700 20850 20550 3106
2017.04.05    20800 20600 20800 20550 1032
2017.04.06    20600 20900 20900 20450 3030
2017.04.07    20550 20400 20700 20400 1293
2017.04.10    20600 20450 20700 20400 1704
2017.04.11    20450 20350 20600 20350 2218
2017.04.12    20400 20450 20600 20400 633
2017.04.13    20500 20550 20550 20250 3129
2017.04.14    20650 20500 20700 20400 1297
2017.04.17    20600 20650 20700 20550 1533
2017.04.18    20650 20700 20800 20550 1105
2017.04.19    20700 20800 20800 20600 1338
2017.04.20    20850 20700 20850 20550 4597
2017.04.21    20950 20850 21000 20750 1975
2017.04.24    21000 20950 21000 20950 2276
2017.04.25    20850 21550 21550 20700 2960
2017.04.26    20550 20850 20850 20500 5414
2017.04.27    20500 20550 20750 20100 7884
2017.04.28    20650 20650 20700 20250 3449
2017.05.02    20750 20650 20750 20500 4271
2017.05.04    20700 20700 20750 20500 3430
2017.05.08    20750 20600 20800 20500 3081
2017.05.10    21550 20850 21900 20550 35736
2017.05.11    21450 21750 21850 21250 4651
2017.05.12    21450 21800 21850 20950 5316
2017.05.15    21950 21450 21950 21150 3420
2017.05.16    21500 21800 21900 21400 5310
2017.05.17    21500 21500 21800 21300 4321
2017.05.18    21600 21500 21650 21100 6057
2017.05.19    21550 21700 21700 21300 4566
2017.05.22    21600 21550 21800 21000 18931
2017.05.23    21700 21300 22050 21300 4811
2017.05.24    22350 21950 22350 21800 12883
2017.05.25    22500 22400 22600 22250 6752
2017.05.26    22300 22550 22600 22000 5869
2017.05.29    22200 22300 22500 22200 4017
2017.05.30    22550 22200 22600 22000 4285
2017.05.31    22350 22700 22700 22350 3342
2017.06.01    22250 22300 22550 22250 3521
2017.06.02    22500 22300 22550 22150 3298
2017.06.05    22500 22300 22500 22300 1900
2017.06.07    22600 22500 22600 22050 4417
2017.06.08    22500 22500 22600 22250 3470
2017.06.09    22600 22500 22600 22250 3908
2017.06.12    22550 22600 22800 22300 3588
2017.06.13    22650 22600 22700 22400 3840
2017.06.14    22750 22500 23000 22500 5107
2017.06.15    22800 22600 22800 22400 1419
2017.06.16    22400 22500 22700 22350 6133
2017.06.19    22250 22200 22600 22100 3313
2017.06.20    21950 22100 22150 21900 4125
2017.06.21    21750 21950 21950 21600 4663
2017.06.22    21750 21600 22000 21600 2169
2017.06.23    21750 21950 22000 21550 5378
2017.06.26    21700 21700 22100 21550 4253
2017.06.27    22400 21700 22450 21700 7950
2017.06.28    22350 22350 22400 22050 5109
2017.06.29    22650 22350 22750 22250 6386
2017.06.30    22800 22650 22800 22500 3410
2017.07.03    23250 22800 23400 22700 9206
2017.07.04    23000 23400 23400 22750 5653
2017.07.05    22650 22700 22750 22550 4684
2017.07.06    22450 22700 22750 22450 4179
2017.07.07    22500 22450 22850 22400 4547
2017.07.10    22750 22500 22800 22450 2157
2017.07.11    23050 22800 23200 22800 2860
2017.07.12    22600 23350 23350 22600 5172
2017.07.13    22650 22600 22700 22400 3664
2017.07.14    22700 22650 23050 22500 1809
2017.07.17    22850 23000 23400 22550 4579
2017.07.18    22450 23100 23100 22400 2997
2017.07.19    22500 22550 22800 22500 2447
2017.07.20    22950 22700 23050 22500 4515
2017.07.21    23150 22950 23150 22800 161297
2017.07.24    23250 23300 23300 23000 5731
2017.07.25    22950 23250 23450 22900 6773
2017.07.26    23400 23200 23400 22950 3873
2017.07.27    23550 23400 23550 23000 6584
2017.07.28    23600 23550 23700 23000 9430
2017.07.31    23700 23900 23900 23450 5537
2017.08.01    23800 23700 23850 23650 5126
2017.08.02    23600 23800 23800 23400 3535
2017.08.03    23700 23600 23700 23500 4963
2017.08.04    23850 23700 23850 23600 3628
2017.08.07    23800 23850 24100 23700 3789
2017.08.08    23600 23950 23950 23450 4535
2017.08.09    23500 23600 23850 23300 6004
2017.08.10    23050 23500 23850 22900 4712
2017.08.11   22500 22850 22950 22300 5126
2017.08.14   22900 22500 23000 22400 3037
2017.08.16  23450 22650 23550 22650 5236
2017.08.17  23600 23150 23700 23050 4267
2017.08.18  23150 23300 23600 23000 4616
2017.08.21  22850 23100 23400 22800 5936
2017.08.22  23300 23100 23400 22750 2292
2017.08.23  23100 23500 23500 22650 2222
2017.08.24  23200 22850 23400 22500 5753
2017.08.25  22600 23100 23450 22550 3804
2017.08.28  23350 22650 23800 22400 8914
2017.08.29  23000 23150 23500 23000 3050
