2011.03.04                   14100 15300 15700 13400 5188793
2011.03.07                   15300 14350 16100 14250 4682457
2011.03.08                   15100 15400 15400 14600 1286775
2011.03.09                   15800 15650 16200 15250 1923684
2011.03.10                   15600 16450 16700 15400 1655996
2011.03.11                   16150 15300 16500 15200 1217067
2011.03.14                   15900 15700 15900 14800 1043631
2011.03.15                   15100 15850 16100 14400 951624
2011.03.16                   15900 15450 15900 14900 702242
2011.03.17                   15900 15400 16400 15300 944511
2011.03.18                   16100 16100 16500 15950 742287
2011.03.21                   18500 16050 18500 16000 2969686
2011.03.22                   18900 18500 18950 18050 2526775
2011.03.23                   18350 18700 18850 18250 790457
2011.03.24                   19300 18500 20250 18200 2457950
2011.03.25                   19000 19500 20450 19000 1593068
2011.03.28                   18800 19050 19500 18450 909569
2011.03.29                   20150 18900 20600 18550 1398165
2011.03.30                   20500 20100 22000 20000 1450063
2011.03.31                   21000 20800 21450 20500 669364
2011.04.01                   21850 21000 22000 20600 1168269
2011.04.04                   22050 22300 22350 21650 586836
2011.04.05                   22650 22050 23300 22050 1090741
2011.04.06                   22650 22950 23100 22250 729149
2011.04.07                   22850 23000 23300 21650 725102
2011.04.08                   23000 22550 24550 22550 1096291
2011.04.11                   23700 23450 24100 23150 539312
2011.04.12                   24350 23800 24400 23350 627172
2011.04.13                   24300 24350 25200 24050 789298
2011.04.14                   25850 24550 26200 23750 1198753
2011.04.15                   27550 26200 29400 26200 2312888
2011.04.18                   31000 28400 31450 27800 1326458
2011.04.19                   29500 30400 31800 28500 1829774
2011.04.20                   30250 29200 30500 27900 1863916
2011.04.21                   33000 30650 33600 30100 1478436
2011.04.22                   34500 33150 34850 33000 1333855
2011.04.25                   34300 35850 35950 33800 1017177
2011.04.26                   32450 34000 34300 32450 1234233
2011.04.27                   32500 32750 33500 30100 1794950
2011.04.28                   35700 32900 35700 32900 955925
2011.04.29                   35600 36550 37700 34200 1219545
2011.05.02                   32500 36500 36500 32100 1369390
2011.05.03                   33700 32650 34200 31700 1182150
2011.05.04                   30650 33050 33200 30550 1292984
2011.05.06                   30000 29600 30000 27500 1487526
2011.05.09                   31350 30400 32150 29850 851170
2011.05.11                   32000 32150 33350 32000 735767
2011.05.12                   31800 31200 32250 30700 433294
2011.05.13                   31000 32400 33150 28500 1137903
2011.05.16                   31000 31050 31850 29600 612090
2011.05.17                   29950 31000 31100 29700 328043
2011.05.18                   27900 29700 29850 27650 1525981
2011.05.19                   26900 28250 28700 26350 935477
2011.05.20                   27450 27450 27800 26450 589587
2011.05.23                   28100 27100 28200 26800 539290
2011.05.24                   29450 28100 29650 27850 682255
2011.05.25                   27500 29950 30100 27300 693551
2011.05.26                   29150 28000 29200 27050 558256
2011.05.27                   28950 29200 29700 28550 316539
2011.05.30                   27900 29400 29550 27750 289324
2011.05.31                   29000 28300 29000 28000 354919
2011.06.01                   30100 29000 30450 28500 874966
2011.06.02                   29200 29200 30400 29100 379004
2011.06.03                   27450 29300 29650 27150 889686
2011.06.07                   24850 26750 26800 23450 1682324
2011.06.08                   27100 25350 27150 25050 642348
2011.06.09                   26500 26450 27250 26150 360468
2011.06.10                   25200 26400 26950 24850 323585
2011.06.13                   24450 24600 25700 24250 260808
2011.06.14                   25600 24400 26150 24400 348488
2011.06.15                   26200 26000 27050 25900 306849
2011.06.16                   25050 25650 25700 24850 284939
2011.06.17                   23800 25400 25600 23000 602433
2011.06.20                   21250 23800 24350 21250 1074706
2011.06.21                   21600 21600 21750 20400 830848
2011.06.22                   22650 22050 23150 21800 590356
2011.06.23                   21600 22350 22500 21550 325895
2011.06.24                   23100 21850 23550 21750 705160
2011.06.27                   24450 23150 24750 22800 765436
2011.06.28                   24550 24900 25500 24150 392713
2011.06.29                   24850 25150 25400 24450 320376
2011.06.30                   25150 25250 25400 24000 318867
2011.07.01                   25800 25550 26100 24700 522762
2011.07.04                   27750 26250 27900 26100 911415
2011.07.05                   27750 27900 28250 26700 636314
2011.07.06                   23600 25600 25600 23600 2720422
2011.07.07                   23250 23000 24000 22100 1683648
2011.07.08                   22850 23500 23850 22600 1092242
2011.07.11                   22850 22850 23400 22750 518522
2011.07.12                   21900 22350 22650 21850 618316
2011.07.13                   23200 21850 23200 21500 777897
2011.07.14                   22650 23150 23350 22500 394340
2011.07.15                   21950 22600 22750 21850 513524
2011.07.18                   22100 22100 22600 21750 389014
2011.07.19                   23000 22000 23000 22000 393319
2011.07.20                   24800 23500 24900 23300 1256765
2011.07.21                   23500 24900 24950 23500 712750
2011.07.22                   24000 24100 24400 23600 441870
2011.07.25                   22700 23700 23800 22700 443185
2011.07.26                   23150 22850 23400 22750 223798
2011.07.27                   23900 22800 23900 22250 577474
2011.07.28                   23950 23450 24350 23250 492305
2011.07.29                   24850 24200 25150 23850 936595
2011.08.01                   25000 25850 26100 24900 910844
2011.08.02                   23550 24650 24950 23100 564872
2011.08.03                   22200 22800 22850 21900 582808
2011.08.04                   21950 22550 22950 21900 418076
2011.08.05                   20000 19550 20900 19150 638586
2011.08.08                   17800 19550 20550 17000 961411
2011.08.09                   16900 16900 17100 15150 1517598
2011.08.10                   17750 18000 18500 17500 589821
2011.08.11                   18250 16400 18400 16250 501212
2011.08.12                   18100 18900 19500 18100 472512
2011.08.16                   19800 18900 19900 18850 351053
2011.08.17                   20100 19800 20750 19300 531934
2011.08.18                   20000 20200 20700 20000 498270
2011.08.19                   17800 18800 19200 17800 333127
2011.08.22                   17050 17500 18700 17000 511955
2011.08.23                   19600 17300 19600 17300 548260
2011.08.24                   19600 20050 20300 18800 407916
2011.08.25                   19400 20100 20400 19350 412544
2011.08.26                   19600 19250 20100 19250 299957
2011.08.29                   19850 20100 20250 19650 342519
2011.08.30                   19250 20200 20400 18300 765540
2011.08.31                   18550 19350 19400 18300 379495
2011.09.01                   18000 18600 18950 17950 590689
2011.09.02                   17850 17750 18200 17350 345147
2011.09.05                   16850 17200 17400 16800 278255
2011.09.06                   15750 16300 16650 15550 405177
2011.09.07                   16400 16450 16500 15850 344276
2011.09.08                   16500 16750 17350 16200 359959
2011.09.09                   16700 16400 16750 16100 179502
2011.09.14                   15650 16750 16850 15650 179510
2011.09.15                   15400 16100 16400 14500 405053
2011.09.16                   16350 15800 16650 15250 799057
2011.09.19                   15000 15950 16200 15000 496079
2011.09.20                   14750 14600 15150 14200 956576
2011.09.21                   15200 14800 15350 14450 903405
2011.09.22                   14400 14600 14800 14200 422512
2011.09.23                   12650 13400 13550 12650 792145
2011.09.26                   10900 12800 12900 10800 2040078
2011.09.27                   11850 11350 11950 11050 1604575
2011.09.28                   11250 12000 12100 11250 776246
2011.09.29                   12850 11350 12900 11300 1437599
2011.09.30                   12800 12650 13250 12400 737615
2011.10.04                   12150 11900 12250 11700 565821
2011.10.05                   11300 12400 12550 11150 668507
2011.10.06                   11750 11900 12450 11650 807544
2011.10.07                   12850 12250 13500 12200 2291037
2011.10.10                   14050 12950 14500 12900 1244063
2011.10.11                   14050 14850 14850 14000 1000413
2011.10.12                   16150 14250 16150 13950 1316240
2011.10.13                   16650 16700 17750 16300 1796355
2011.10.14                   17400 16650 17650 15950 1071441
2011.10.17                   17350 17900 17950 17050 804755
2011.10.18                   16300 16650 16750 16200 838678
2011.10.19                   16400 16650 17200 16250 665173
2011.10.20                   14850 16500 16900 14800 762125
2011.10.21                   17050 15550 17050 15050 1100137
2011.10.24                   19600 17450 19600 17350 1936225
2011.10.25                   19900 19900 20750 19100 1775150
2011.10.26                   20350 19750 20600 19500 1134755
2011.10.27                   19650 20700 20750 19000 955677
2011.10.28                   18850 20000 20150 18250 1123645
2011.10.31                   19050 18800 19500 18200 627539
2011.11.01                   18500 18550 19150 18050 631827
2011.11.02                   18700 17500 18700 17250 754673
2011.11.03                   19250 18800 20200 18400 1122159
2011.11.04                   19600 20000 20100 19600 592084
2011.11.07                   20000 20100 20500 19700 533201
2011.11.08                   19550 20350 20450 19550 464950
2011.11.09                   21300 20150 22150 20000 1640435
2011.11.10                   19750 20500 20650 19600 764348
2011.11.11                   20850 20350 20850 19850 608870
2011.11.14                   20600 21200 21250 20400 813235
2011.11.15                   19700 20400 21150 19500 628914
2011.11.16                   18500 20050 20200 18400 667265
2011.11.17                   19300 18950 19450 18300 415141
2011.11.18                   19350 18800 19350 18600 316246
2011.11.21                   18750 19000 19350 18500 259845
2011.11.22                   18850 18350 19250 18300 255018
2011.11.23                   18300 18900 19500 18300 344186
2011.11.24                   18050 18300 18600 17700 376400
2011.11.25                   17100 18050 18300 16850 354875
2011.11.28                   18650 17700 18900 17500 587762
2011.11.29                   18700 18750 18800 18200 336664
2011.11.30                   19000 18650 19350 18500 415078
2011.12.01                   19100 20000 20000 19050 396524
2011.12.02                   18650 19200 19200 18600 227664
2011.12.05                   18750 18650 18900 18500 193436
2011.12.06                   18150 18750 18850 17950 252236
2011.12.07                   18900 18300 18900 18100 249656
2011.12.08                   18400 18950 18950 18200 232664
2011.12.09                   18700 18050 18900 17900 269360
2011.12.12                   19650 19200 19800 19150 657391
2011.12.13                   19100 19500 19500 18900 297403
2011.12.14                   18300 19050 19200 18300 242137
2011.12.15                   18000 17850 18200 17700 198725
2011.12.16                   17900 18200 18300 17850 126314
2011.12.19                   16600 17900 17900 15800 412502
2011.12.20                   16900 16500 17200 16500 244154
2011.12.21                   17350 17500 17700 17350 218363
2011.12.22                   17000 17200 17450 17000 151288
2011.12.23                   17100 17350 17350 16950 150573
2011.12.26                   16650 17050 17150 16600 178058
2011.12.27                   16000 16700 16800 16000 144399
2011.12.28                   16850 16500 17450 16150 178883
2011.12.29                   17000 16650 17150 16500 102224
2012.01.02                   17300 17050 17300 16550 136427
2012.01.03                   17650 17350 18100 17250 426876
2012.01.04                   17100 17700 17750 17100 220132
2012.01.05                   16900 17200 17550 16850 212143
2012.01.06                   16600 16900 17050 16400 185405
2012.01.09                   16600 16800 17100 16550 212021
2012.01.10                   16850 16700 17100 16700 162544
2012.01.11                   16750 17100 17400 16750 218374
2012.01.12                   17400 16850 17650 16800 403407
2012.01.13                   16950 17500 17500 16850 346578
2012.01.16                   16850 16700 16900 16450 371618
2012.01.17                   16550 16800 17000 16450 404901
2012.01.18                   16000 16700 16700 15900 421304
2012.01.19                   16000 16100 16400 15950 326633
2012.01.20                   16100 16100 16250 15550 508308
2012.01.25                   17300 16350 18300 16300 1293474
2012.01.26                   17500 17600 17700 17100 527518
2012.01.27                   17500 17450 17600 17250 317398
2012.01.30                   17500 17550 18400 17500 724892
2012.01.31                   18300 17600 18300 17500 739399
2012.02.01                   17900 18400 18450 17700 616171
2012.02.02                   17600 18100 18150 17450 554361
2012.02.03                   17050 17600 17650 17050 477499
2012.02.06                   16650 17250 17400 16600 405682
2012.02.07                   16350 16600 16900 16300 468062
2012.02.08                   16550 16500 17050 16400 469933
2012.02.09                   16300 16550 16600 16100 588356
2012.02.10                   17000 16350 17200 16350 722292
2012.02.13                   16900 17000 17200 16800 267253
2012.02.14                   16650 17000 17100 16550 331048
2012.02.15                   16950 16800 17050 16550 502413
2012.02.16                   16700 16850 17350 16650 439412
2012.02.17                   16700 16950 17000 16700 253309
2012.02.20                   16550 16800 16950 16550 239272
2012.02.21                   16300 16600 16700 16250 263961
2012.02.22                   16400 16250 16550 16250 169223
2012.02.23                   15900 16300 16400 15850 333155
2012.02.24                   16050 15950 16050 15700 200887
2012.02.27                   15650 16050 16100 15650 169813
2012.02.28                   15350 15700 15850 15300 311324
2012.02.29                   16000 15350 16200 15350 396555
2012.03.02                   16200 16300 16500 16100 264454
2012.03.05                   15900 16100 16150 15800 163526
2012.03.06                   15250 15750 16000 15050 556044
2012.03.07                   16000 14850 16150 14750 496039
2012.03.08                   17000 16250 17100 16200 920430
2012.03.09                   17200 17400 17450 16900 524545
2012.03.12                   17000 17200 17350 16850 292760
2012.03.13                   17450 17100 17750 17100 598583
2012.03.14                   17100 17600 17800 17050 367963
2012.03.15                   17250 17100 17300 16700 268875
2012.03.16                   17050 17250 17550 17050 213859
2012.03.19                   16650 17100 17300 16650 259322
2012.03.20                   16950 16800 17000 16550 152678
2012.03.21                   16600 16850 16900 16600 150402
2012.03.22                   16000 16550 16750 16000 245610
2012.03.23                   16500 15850 16900 15700 420012
2012.03.26                   16050 16400 16650 16000 197018
2012.03.27                   16150 16350 16400 15900 124224
2012.03.28                   16350 16150 16600 15900 209028
2012.03.29                   16400 16350 16450 15950 143795
2012.03.30                   16000 16500 16500 16000 152334
2012.04.02                   16300 15900 16300 15850 143226
2012.04.03                   15750 16350 16350 15700 267249
2012.04.04                   14800 15750 15950 14800 532719
2012.04.05                   15050 14400 15050 14400 231857
2012.04.06                   14900 15050 15200 14750 164061
2012.04.09                   14050 14600 14750 14050 283204
2012.04.10                   13450 14000 14350 13450 464050
2012.04.12                   13300 13250 13700 13200 235317
2012.04.13                   13650 13500 13850 13500 203753
2012.04.16                   13700 13400 13750 13350 122628
2012.04.17                   13600 13700 13900 13500 117624
2012.04.18                   13750 13900 13950 13600 107628
2012.04.19                   14000 13550 14050 13550 161409
2012.04.20                   14250 13750 14500 13700 222145
2012.04.23                   14200 14150 14400 13950 135055
2012.04.24                   14400 14000 14650 14000 204344
2012.04.25                   14450 14600 14650 14300 165033
2012.04.26                   14350 14650 14700 14350 136306
2012.04.27                   13750 14350 15100 13550 271883
2012.04.30                   13750 13850 14150 13550 143720
2012.05.02                   14500 13800 14600 13800 152119
2012.05.03                   14850 14450 14900 14350 111994
2012.05.04                   14850 14800 15000 14700 131457
2012.05.07                   14100 14500 14750 14050 181042
2012.05.08                   14150 14200 14350 14100 68316
2012.05.09                   14700 14150 14700 14150 162308
2012.05.10                   14700 14550 14950 14550 101398
2012.05.11                   14100 14900 14900 14000 138478
2012.05.14                   13400 14100 14200 13400 215931
2012.05.15                   12650 13100 13100 12400 403787
2012.05.16                   12150 12600 13100 12100 226418
2012.05.17                   12350 12100 12700 12100 117471
2012.05.18                   11500 12050 12350 11450 237552
2012.05.21                   11200 11600 11800 11100 304974
2012.05.22                   11650 11450 11750 11450 191282
2012.05.23                   11700 11850 12000 11550 188055
2012.05.24                   11500 11850 11900 11300 219598
2012.05.25                   11750 11550 11850 11550 110623
2012.05.29                   12050 11800 12050 11700 154738
2012.05.30                   12000 12200 12350 12000 174060
2012.05.31                   12100 11850 12150 11750 154705
2012.06.01                   11900 12100 12200 11850 118361
2012.06.04                   11400 11300 11550 11200 153348
2012.06.05                   11500 11600 11750 11450 234586
2012.06.07                   11750 11850 12050 11700 243970
2012.06.08                   11300 11900 11900 11250 160237
2012.06.11                   11650 11500 11700 11500 255335
2012.06.12                   11350 11400 11450 11250 240688
2012.06.13                   10750 11450 11500 10700 568778
2012.06.14                   10100 10600 10700 10100 949939
2012.06.15                   10050 10000 10350 9840 737248
2012.06.18                   10300 10300 10550 10050 542321
2012.06.19                   10200 10200 10450 10100 259991
2012.06.20                   10400 10400 10600 10250 423313
2012.06.21                   10850 10400 11100 10400 553149
2012.06.22                   10900 10700 11050 10700 292416
2012.06.25                   10550 11000 11000 10500 257059
2012.06.26                   10450 10400 10800 10350 197412
2012.06.27                   10950 10600 11000 10350 257384
2012.06.28                   11050 11000 11300 10800 350609
2012.06.29                   11000 11200 11450 10900 463089
2012.07.02                   10850 11150 11150 10800 268443
2012.07.03                   11250 10950 11300 10850 299607
2012.07.04                   11500 11350 11650 11200 320858
2012.07.05                   11300 11400 11450 11300 171552
2012.07.06                   11400 11300 11700 11300 278127
2012.07.09                   11050 11300 11400 11000 151761
2012.07.10                   10750 11100 11200 10750 135564
2012.07.11                   10700 10650 10900 10550 139646
2012.07.12                   10700 10700 11150 10700 156501
2012.07.13                   10950 10650 11000 10300 219880
2012.07.16                   10750 11100 11100 10650 145356
2012.07.17                   10600 10600 10850 10550 106434
2012.07.18                   10200 10500 10600 10150 222591
2012.07.19                   10150 10350 10450 10100 183411
2012.07.20                   10150 10200 10300 10100 185997
2012.07.23                   9650 10050 10150 9630 371429
2012.07.24                   9230 9500 9630 9080 416296
2012.07.25                   8950 9010 9080 8800 306720
2012.07.26                   8820 8890 9000 8600 285683
2012.07.27                   9030 8890 9160 8890 172122
2012.07.30                   9300 9100 9430 9100 168799
2012.07.31                   9500 9270 9580 9260 166699
2012.08.01                   9470 9500 9540 9300 78248
2012.08.02                   9350 9470 9540 9330 81220
2012.08.03                   9040 9330 9330 9010 95041
2012.08.06                   10350 9500 10350 9430 330122
2012.08.07                   11200 10900 11700 10700 1990979
2012.08.08                   11100 11250 11350 10800 579329
2012.08.09                   11400 11100 11450 11050 627360
2012.08.10                   11400 11350 11500 11100 316760
2012.08.13                   11450 11450 11850 11400 481046
2012.08.14                   11250 11400 11650 11200 251450
2012.08.16                   12400 11300 12750 11150 1391106
2012.08.17                   12100 12450 12450 11950 533713
2012.08.20                   12050 12250 12350 11900 290395
2012.08.21                   12000 12000 12650 12000 592798
2012.08.22                   12200 12150 12350 11900 274244
2012.08.23                   11900 12150 12200 11900 373837
2012.08.24                   11400 11700 11800 11250 465786
2012.08.27                   11450 11200 11600 11150 279718
2012.08.28                   11400 11500 11600 11200 257986
2012.08.29                   11150 11500 11500 11100 364346
2012.08.30                   10600 11200 11200 10600 473142
2012.08.31                   11000 10600 11100 10500 335291
2012.09.03                   11050 11200 11200 10850 253246
2012.09.04                   10900 11000 11050 10800 256939
2012.09.05                   11150 10900 11300 10850 305859
2012.09.06                   11750 11250 11750 11100 576003
2012.09.07                   11550 12050 12050 11550 439775
2012.09.10                   11500 11650 11700 11400 185727
2012.09.11                   11050 11450 11500 10850 514099
2012.09.12                   11700 11200 12000 11200 711614
2012.09.13                   11500 11650 11800 11500 253527
2012.09.14                   11750 11750 12000 11700 496849
2012.09.17                   12100 12050 12500 11950 844237
2012.09.18                   12050 12100 12200 11750 324644
2012.09.19                   12200 12050 12300 11900 312641
2012.09.20                   11650 12100 12250 11650 273351
2012.09.21                   11600 11800 11850 11550 211701
2012.09.24                   11900 11550 12000 11550 189766
2012.09.25                   11700 11850 11950 11550 173862
2012.09.26                   11300 11500 11650 11200 186351
2012.09.27                   11300 11200 11300 11100 119845
2012.09.28                   11300 11500 11550 11200 120807
2012.10.02                   11400 11300 11500 11200 115398
2012.10.04                   11250 11450 11500 11200 115747
2012.10.05                   11050 11400 11400 10900 241352
2012.10.08                   10600 11050 11100 10400 423892
2012.10.09                   10300 10650 10650 10300 290439
2012.10.10                   10100 10100 10200 9950 239403
2012.10.11                   10050 9900 10250 9900 212891
2012.10.12                   9970 10050 10150 9950 161325
2012.10.15                   9650 9970 10050 9530 287839
2012.10.16                   9900 9670 9980 9550 144001
2012.10.17                   9960 10050 10100 9960 134724
2012.10.18                   9930 9940 10200 9820 151989
2012.10.19                   10050 10050 10050 9850 86585
2012.10.22                   10100 9810 10100 9810 110901
2012.10.23                   9900 10150 10150 9900 109032
2012.10.24                   9850 9750 9940 9750 106238
2012.10.25                   9370 9850 9860 9330 164155
2012.10.26                   9100 9440 9440 8990 207394
2012.10.29                   9390 9100 9740 9100 146114
2012.10.30                   9160 9350 9580 9120 90275
2012.10.31                   9290 9170 9330 9160 91946
2012.11.01                   9170 9340 9500 9050 204379
2012.11.02                   9660 9200 9880 9200 225025
2012.11.05                   9510 9720 9860 9450 134301
2012.11.06                   9700 9680 9760 9450 84278
2012.11.07                   9780 9750 9790 9550 99187
2012.11.08                   9880 9590 9880 9560 121652
2012.11.09                   10250 9860 10250 9730 201241
2012.11.12                   8750 9850 9940 8750 874464
2012.11.13                   8700 8810 8960 8650 252413
2012.11.14                   8310 8560 8750 8310 251672
2012.11.15                   7980 8110 8170 7970 239137
2012.11.16                   7920 7850 8000 7770 161142
2012.11.19                   8410 7920 8450 7920 135911
2012.11.20                   8310 8500 8630 8280 122832
2012.11.21                   8130 8250 8350 8130 60458
2012.11.22                   8300 8300 8360 8170 62626
2012.11.23                   8470 8330 8530 8200 82785
2012.11.26                   8330 8490 8510 8300 100102
2012.11.27                   8300 8300 8420 8260 104129
2012.11.28                   8330 8210 8330 8210 55274
2012.11.29                   8420 8390 8450 8300 111720
2012.11.30                   8390 8480 8480 8310 59948
2012.12.03                   8330 8320 8400 8310 70393
2012.12.04                   8200 8330 8330 8180 89448
2012.12.05                   8200 8200 8270 8120 124321
2012.12.06                   8250 8160 8350 8160 79637
2012.12.07                   8470 8290 8480 8280 81768
2012.12.10                   7790 8310 8360 7250 648348
2012.12.11                   7970 7820 8090 7800 181635
2012.12.12                   8730 8000 9000 8000 446957
2012.12.13                   9020 8770 9200 8630 278251
2012.12.14                   8990 8980 9150 8790 139225
2012.12.17                   9170 9050 9250 9050 135133
2012.12.18                   8980 9170 9240 8960 157499
2012.12.20                   8850 8920 9030 8850 82097
2012.12.21                   8690 8890 9120 8690 114549
2012.12.24                   8740 8780 8980 8610 87214
2012.12.26                   8740 8630 8840 8620 177931
2012.12.27                   9000 8760 9060 8630 106003
2012.12.28                   9000 9100 9120 8930 80297
2013.01.02                   9200 9090 9280 9080 106966
2013.01.03                   9280 9230 9350 9180 106486
2013.01.04                   9260 9200 9340 9120 148090
2013.01.07                   9230 9340 9350 9200 91660
2013.01.08                   9050 9170 9280 9040 111812
2013.01.09                   8990 9140 9140 8900 138609
2013.01.10                   9370 8990 9420 8960 236976
2013.01.11                   9310 9370 9400 9200 132551
2013.01.14                   9130 9310 9320 9070 98486
2013.01.15                   8600 9140 9190 8600 305544
2013.01.16                   8370 8540 8640 8260 165785
2013.01.17                   8310 8500 8540 8200 90788
2013.01.18                   8430 8400 8490 8320 65322
2013.01.21                   8510 8350 8600 8330 50622
2013.01.22                   8430 8570 8570 8400 64911
2013.01.23                   8420 8430 8540 8350 40481
2013.01.24                   8360 8400 8430 8300 61161
2013.01.25                   8190 8360 8360 8090 127582
2013.01.28                   8010 8240 8240 7980 102092
2013.01.29                   8050 7950 8130 7950 57497
2013.01.30                   8020 8060 8180 8000 50054
2013.01.31                   8000 8000 8090 7890 88603
2013.02.01                   7930 8000 8000 7850 57972
2013.02.04                   7830 7930 7950 7830 77384
2013.02.05                   7500 7770 7780 7440 177609
2013.02.06                   7470 7450 7600 7440 123567
2013.02.07                   7890 7530 7920 7530 190863
2013.02.08                   7690 7890 7910 7650 120926
2013.02.12                   7800 7680 7870 7670 72671
2013.02.13                   8010 7770 8030 7770 83963
2013.02.14                   8010 7880 8030 7870 67263
2013.02.15                   8560 8000 8840 7990 412976
2013.02.18                   8850 8640 8880 8560 253534
2013.02.19                   8860 8800 8910 8700 163035
2013.02.20                   8790 8930 8930 8760 169621
2013.02.21                   9230 8840 9330 8810 438143
2013.02.22                   9270 9220 9450 9130 237876
2013.02.25                   9110 9250 9280 9110 114467
2013.02.26                   8960 8980 9080 8810 205241
2013.02.27                   9150 9090 9170 8920 132749
2013.02.28                   9220 9280 9280 9120 140661
2013.03.04                   9210 9230 9480 9200 302461
2013.03.05                   9290 9250 9370 9240 138979
2013.03.06                   9150 9440 9440 9140 165266
2013.03.07                   8870 9210 9240 8870 167631
2013.03.08                   9090 8920 9170 8910 105876
2013.03.11                   8980 9080 9080 8840 77061
2013.03.12                   9110 8990 9190 8990 96920
2013.03.13                   9410 9100 9480 9100 300800
2013.03.14                   9420 9420 9440 9310 124232
2013.03.15                   9470 9420 9530 9350 209047
2013.03.18                   9210 9470 9470 9210 174487
2013.03.19                   9420 9250 9430 9220 198700
2013.03.20                   9330 9430 9430 9210 154968
2013.03.21                   9850 9370 10100 9350 592698
2013.03.22                   11300 9850 11300 9720 1758891
2013.03.25                   11500 11750 12000 11200 1540907
2013.03.26                   11250 11400 11550 11200 1107506
2013.03.27                   11050 11250 11500 11000 1196780
2013.03.28                   11200 11000 11200 10700 641238
2013.03.29                   10750 11350 11550 10750 750204
2013.04.01                   11200 10800 11400 10800 975312
2013.04.02                   11300 11350 11650 11100 861164
2013.04.03                   11200 11500 11500 11000 370217
2013.04.04                   10750 11050 11050 10500 574225
2013.04.05                   10650 10750 10950 10400 435544
2013.04.08                   10350 10700 10800 10350 325547
2013.04.09                   10100 10050 10400 9900 455999
2013.04.10                   10750 10250 10750 10150 307042
2013.04.11                   10650 10900 10900 10400 447544
2013.04.12                   10150 10650 10650 10150 365782
2013.04.15                   10300 10050 10400 9980 203189
2013.04.16                   10900 10100 10950 10100 599489
2013.04.17                   10600 11000 11000 10500 326339
2013.04.18                   10400 10400 10650 10350 226702
2013.04.19                   10850 10400 10850 10200 311824
2013.04.22                   10200 10900 10900 10100 599121
2013.04.23                   10300 10200 10500 10150 263429
2013.04.24                   10400 10500 10550 10350 200544
2013.04.25                   10100 10350 10400 9980 459429
2013.04.26                   10350 10200 10450 10150 254000
2013.04.29                   10650 10450 10750 10250 357343
2013.04.30                   10650 10750 11100 10600 523252
2013.05.02                   10750 10650 10950 10650 212622
2013.05.03                   10600 10850 10900 10500 189791
2013.05.06                   11000 10650 11050 10600 512143
2013.05.07                   10850 11000 11000 10700 273057
2013.05.08                   10850 10850 10900 10650 178608
2013.05.09                   10950 10800 11100 10700 269806
2013.05.10                   10450 11000 11000 10400 361993
2013.05.13                   10350 10400 10600 10200 184885
2013.05.14                   10800 10350 10800 10200 331598
2013.05.15                   10600 10750 11000 10600 238796
2013.05.16                   10750 10650 10850 10550 252923
2013.05.20                   10700 10850 10900 10600 167735
2013.05.21                   11200 10800 11200 10750 494142
2013.05.22                   11000 11250 11250 10900 410460
2013.05.23                   10550 10900 10900 10550 390137
2013.05.24                   10650 10550 10700 10550 141565
2013.05.27                   10650 10600 10800 10550 141722
2013.05.28                   10650 10700 10750 10600 177208
2013.05.29                   10750 10700 10800 10450 278513
2013.05.30                   10750 10700 11000 10600 297421
2013.05.31                   10700 10800 10900 10550 216949
2013.06.03                   10750 10650 10800 10550 154492
2013.06.04                   11200 10850 11400 10750 1008759
2013.06.05                   10750 11100 11500 10750 793598
2013.06.07                   9910 10750 10900 9830 709735
2013.06.10                   10150 10200 10350 10100 231697
2013.06.11                   10000 10150 10250 9850 279619
2013.06.12                   9920 9950 10200 9910 201532
2013.06.13                   9510 9900 9960 9500 326215
2013.06.14                   9560 9620 9700 9500 131042
2013.06.17                   9050 9540 9590 8950 347145
2013.06.18                   9110 9090 9210 9040 201899
2013.06.19                   9420 9110 9530 9110 218897
2013.06.20                   10150 9300 10450 9280 900111
2013.06.21                   10200 9920 10900 9820 770930
2013.06.24                   10200 10350 10600 10100 305744
2013.06.25                   9830 10100 10250 9560 351586
2013.06.26                   9830 10000 10100 9630 220890
2013.06.27                   10200 10000 10350 9950 246063
2013.06.28                   10300 10200 10550 10200 307740
2013.07.01                   10900 10350 11000 10300 634842
2013.07.02                   11450 11000 11600 10900 1096124
2013.07.03                   11850 11450 12000 11400 1172923
2013.07.04                   11900 11850 12050 11700 620099
2013.07.05                   12700 12000 12700 11850 996373
2013.07.08                   12450 12800 12950 12400 620617
2013.07.09                   13900 12650 14300 12550 2049235
2013.07.10                   13900 13950 14350 13700 988981
2013.07.11                   14300 14250 14700 14050 979995
2013.07.12                   14900 14450 15300 14200 1211138
2013.07.15                   16100 15100 17000 15050 2549071
2013.07.16                   16100 16200 16400 15250 1730636
2013.07.17                   15250 15250 15750 14850 2866097
2013.07.18                   15350 15650 16100 15350 1718930
2013.07.19                   15300 15600 15900 14850 1185262
2013.07.22                   14750 15300 15550 14650 829176
2013.07.23                   15950 14900 15950 14850 1473222
2013.07.24                   16000 15800 16400 15600 1266808
2013.07.25                   15700 16250 16650 15700 1077122
2013.07.26                   15950 15850 16150 15400 622081
2013.07.29                   16800 16200 16900 15750 1242862
2013.07.30                   16200 16850 17000 16200 891459
2013.07.31                   15800 16350 16400 15650 809789
2013.08.01                   15800 16000 16250 15700 594079
2013.08.02                   16000 16050 16500 15850 920759
2013.08.05                   15950 16150 16150 15800 310789
2013.08.06                   16450 16250 16950 16200 1270508
2013.08.07                   15800 16500 16500 15750 644244
2013.08.08                   17400 16600 18000 16400 3025453
2013.08.09                   17350 17650 17850 17150 745398
2013.08.12                   17050 17350 17450 16700 671378
2013.08.13                   15500 16750 16800 15200 2240023
2013.08.14                   15700 15650 16050 15500 812207
2013.08.16                   15550 15350 15900 15100 401983
2013.08.19                   16050 15800 16400 15750 654179
2013.08.20                   15250 15850 16200 15100 686831
2013.08.21                   15050 15250 15400 14200 1037312
2013.08.22                   14200 14650 14900 14100 578883
2013.08.23                   14900 14700 15600 14700 1426656
2013.08.26                   15450 15250 15900 15100 902997
2013.08.27                   15250 15400 15750 14950 524619
2013.08.28                   15100 14850 15200 14600 426730
2013.08.29                   15150 15250 15750 15050 452769
2013.08.30                   14700 15250 15400 14400 621352
2013.09.02                   14900 14800 14950 14500 305137
2013.09.03                   14900 15100 15150 14800 273143
2013.09.04                   15250 14850 15500 14600 625103
2013.09.05                   14950 15350 15350 14850 417725
2013.09.06                   15050 15000 15200 14550 512989
2013.09.09                   14500 15100 15150 14350 677168
2013.09.10                   14450 14500 14850 14300 618195
2013.09.11                   14300 14650 14700 14000 525138
2013.09.12                   14450 14350 14750 14300 403129
2013.09.13                   15100 14550 15600 14550 1564261
2013.09.16                   14950 15100 15350 14850 679222
2013.09.17                   14900 15100 15250 14900 408421
2013.09.23                   15400 15550 16150 15400 1605151
2013.09.24                   15450 15450 15550 15100 429799
2013.09.25                   16100 15600 16350 15450 1509229
2013.09.26                   16150 16300 16650 16100 794740
2013.09.27                   16100 16300 16550 16000 573223
2013.09.30                   15700 16050 16100 15700 453996
2013.10.01                   15700 15850 16250 15600 710185
2013.10.02                   15900 15850 16050 15650 343283
2013.10.04                   15150 15300 15400 14650 881141
2013.10.07                   14600 15350 15400 14550 526950
2013.10.08                   14850 14600 14950 14500 333190
2013.10.10                   14600 14600 14850 14500 338200
2013.10.11                   14650 14850 15050 14600 363717
2013.10.14                   14450 14650 14850 14400 236090
2013.10.15                   14200 14600 14600 14100 317208
2013.10.16                   14500 14450 15050 14400 516704
2013.10.17                   14700 14900 14950 14500 392763
2013.10.18                   14650 14550 14800 14250 505217
2013.10.21                   14550 14650 14850 14500 185860
2013.10.22                   13850 14300 14400 13650 730781
2013.10.23                   13050 13750 13750 12950 840287
2013.10.24                   13250 13050 13300 12700 579178
2013.10.25                   13100 13450 13500 13000 469491
2013.10.28                   12600 13000 13000 12350 785045
2013.10.29                   12650 12450 12700 12350 747242
2013.10.30                   13000 12700 13250 12500 906163
2013.10.31                   12200 12700 12800 12100 665063
2013.11.01                   12000 12300 12500 11850 651440
2013.11.04                   11700 11900 12000 11650 542207
2013.11.05                   11700 12100 12250 11650 1009122
2013.11.06                   11550 11550 11700 11250 637588
2013.11.07                   11500 11600 11800 11200 633424
2013.11.08                   10850 11100 11250 10750 796286
2013.11.11                   10900 10950 11150 10650 482112
2013.11.12                   11200 10850 11250 10850 717150
2013.11.13                   10750 11000 11100 10700 478936
2013.11.14                   11100 10900 11200 10800 731633
2013.11.15                   11150 11150 11400 11000 693738
2013.11.18                   11000 11200 11350 10950 470223
2013.11.19                   10200 10750 10750 10100 1161984
2013.11.20                   10300 10350 10450 10250 477571
2013.11.21                   10750 10300 10800 10100 819729
2013.11.22                   10700 10600 10850 10450 499929
2013.11.25                   10800 10750 10850 10550 346846
2013.11.26                   10700 10800 10900 10650 372956
2013.11.27                   10950 10800 11000 10700 477121
2013.11.28                   11200 11200 11400 11050 582144
2013.11.29                   11000 11300 11350 10950 295577
2013.12.02                   10700 11050 11150 10650 365447
2013.12.03                   10550 10700 10700 10400 232047
2013.12.04                   10650 10900 11100 10650 640449
2013.12.05                   10350 10550 10700 10200 379977
2013.12.06                   10400 10350 10500 10250 192059
2013.12.09                   10200 10550 10650 10150 299294
2013.12.10                   10150 10200 10350 9940 405809
2013.12.11                   9780 10200 10300 9760 494666
2013.12.12                   9920 9600 9920 9530 204944
2013.12.13                   9820 9910 9950 9760 188981
2013.12.16                   9670 9830 9910 9670 146334
2013.12.17                   9850 9750 9890 9750 193961
2013.12.18                   10350 9900 10450 9860 481828
2013.12.19                   10050 10400 10550 10000 329898
2013.12.20                   10150 10050 10250 9980 150562
2013.12.23                   10550 10150 10650 10150 365085
2013.12.24                   10400 10500 10550 10300 196579
2013.12.26                   10150 10550 10750 10150 348353
2013.12.27                   10350 10200 10450 10200 139290
2013.12.30                   10650 10400 10700 10350 237077
2014.01.02                   10350 10650 10700 10300 197141
2014.01.03                   10400 10300 10550 10250 161672
2014.01.06                   10400 10400 10550 10250 221630
2014.01.07                   10750 10400 10750 10350 360396
2014.01.08                   10650 10750 10800 10500 187699
2014.01.09                   10800 10700 10850 10550 215695
2014.01.10                   10650 10700 10900 10500 198172
2014.01.13                   10550 10800 10900 10550 228951
2014.01.14                   10900 10500 10900 10400 389064
2014.01.15                   10800 11250 11400 10800 925295
2014.01.16                   10750 10900 10950 10750 229736
2014.01.17                   10650 10850 11000 10600 232455
2014.01.20                   10650 10650 10750 10550 168609
2014.01.21                   11200 10750 11200 10750 556056
2014.01.22                   11200 11250 11400 11050 322930
2014.01.23                   11350 11250 11600 11150 505518
2014.01.24                   11150 11300 11400 11000 314621
2014.01.27                   10700 10750 10900 10700 347903
2014.01.28                   10550 10700 10800 10450 241924
2014.01.29                   10700 10700 10800 10600 197024
2014.02.03                   10350 10600 10700 10250 292794
2014.02.04                   10050 10150 10350 10000 293799
2014.02.05                   10100 10100 10350 10050 206930
2014.02.06                   10150 10250 10300 10050 159350
2014.02.07                   10400 10300 10500 10200 218145
2014.02.10                   10300 10550 10600 10250 204578
2014.02.11                   11200 10500 11300 10500 980896
2014.02.12                   11050 11250 11300 10950 533275
2014.02.13                   11550 11100 11750 11100 751437
2014.02.14                   11750 11400 11950 11400 598754
2014.02.17                   11750 11900 12000 11650 315205
2014.02.18                   11800 11700 11900 11650 280009
2014.02.19                   12400 12000 12400 11850 882034
2014.02.20                   12400 12500 12850 12350 1156083
2014.02.21                   12400 12650 12700 12250 515999
2014.02.24                   12300 12400 12800 12300 408068
2014.02.25                   12400 12500 12650 12300 444194
2014.02.26                   12700 12800 13100 12700 957618
2014.02.27                   12600 12750 12800 12400 375620
2014.02.28                   12850 12900 13150 12850 675589
2014.03.03                   13200 12750 13250 12700 547234
2014.03.04                   12850 13100 13250 12700 554554
2014.03.05                   12600 13050 13050 12450 687980
2014.03.06                   12900 12750 12950 12500 357683
2014.03.07                   12750 13000 13150 12700 453763
2014.03.10                   12900 12800 12950 12550 292256
2014.03.11                   13450 13000 13800 12950 1265667
2014.03.12                   13150 13300 13350 12900 581449
2014.03.13                   13400 13350 13600 13250 564903
2014.03.14                   13500 13100 13500 13050 350818
2014.03.17                   12450 13500 13600 12350 791530
2014.03.18                   12800 12700 12850 12150 596104
2014.03.19                   12600 12950 12950 12400 344811
2014.03.20                   12350 12500 12550 12250 275039
2014.03.21                   12600 12500 12750 12450 212611
2014.03.24                   12050 12700 12700 12000 545829
2014.03.25                   12050 12150 12200 11900 277824
2014.03.26                   12150 12200 12350 12000 221177
2014.03.27                   12050 12000 12100 11750 227223
2014.03.28                   12000 12000 12050 11850 128752
2014.03.31                   12300 12050 12400 11900 364921
2014.04.01                   12400 12400 12450 12150 225361
2014.04.02                   12300 12400 12450 12150 270163
2014.04.03                   12250 12450 12650 12250 425708
2014.04.04                   12100 12200 12250 11950 240681
2014.04.07                   11800 11950 12050 11750 297167
2014.04.08                   11650 11700 11800 11500 273855
2014.04.09                   11600 11700 11800 11600 181113
2014.04.10                   11700 11750 11800 11600 191238
2014.04.11                   11700 11550 11700 11400 183437
2014.04.14                   11800 11650 11850 11550 141839
2014.04.15                   11450 11800 11800 11450 232033
2014.04.16                   11550 11450 11550 11200 354669
2014.04.17                   11500 11650 11650 11450 134822
2014.04.18                   11550 11500 11600 11450 120571
2014.04.21                   12000 11600 12150 11550 470466
2014.04.22                   12350 12050 12400 11850 453462
2014.04.23                   12250 12450 12600 12200 459774
2014.04.24                   12100 12250 12350 11900 223698
2014.04.25                   12150 12050 12450 11950 176704
2014.04.28                   11550 11900 12000 11400 509783
2014.04.29                   11200 11550 11600 10900 412282
2014.04.30                   11100 11400 11400 11100 148361
2014.05.02                   11250 11150 11300 11100 118125
2014.05.07                   11250 11200 11400 11150 131877
2014.05.08                   11250 11450 11500 11150 147564
2014.05.09                   11100 11150 11300 10950 189275
2014.05.12                   10450 11100 11150 10400 343218
2014.05.13                   10550 10450 10650 10350 192945
2014.05.14                   10550 10550 10700 10550 111386
2014.05.15                   10550 10500 10650 10450 94010
2014.05.16                   10550 10500 10600 10400 113582
2014.05.19                   9930 10600 10600 9900 482702
2014.05.20                   10050 9860 10150 9860 171416
2014.05.21                   10150 9970 10250 9970 117047
2014.05.22                   10150 10150 10300 10100 81501
2014.05.23                   10050 10250 10250 9990 101855
2014.05.26                   10050 10000 10150 9990 106866
2014.05.27                   10050 10050 10200 9970 109313
2014.05.28                   10100 10050 10200 9990 80293
2014.05.29                   10200 10150 10200 10000 72561
2014.05.30                   10300 10200 10450 10100 144772
2014.06.02                   10100 10300 10300 9990 116783
2014.06.03                   10000 10050 10150 9980 97631
2014.06.05                   9850 9970 10050 9850 168923
2014.06.09                   9340 9840 9970 9340 311675
2014.06.10                   9430 9230 9470 9230 238975
2014.06.11                   9570 9430 9630 9430 116452
2014.06.12                   9580 9470 9640 9470 101009
2014.06.13                   9650 9630 9700 9500 96913
2014.06.16                   9670 9600 9830 9600 74817
2014.06.17                   11100 9900 11100 9900 1368522
2014.06.18                   10750 11350 11350 10650 1128050
2014.06.19                   11000 10850 11000 10600 422291
2014.06.20                   11000 11050 11250 10900 351679
2014.06.23                   10750 11150 11750 10750 961826
2014.06.24                   10800 10700 10900 10500 228864
2014.06.25                   10300 10750 10800 10200 293667
2014.06.26                   10400 10400 10650 10350 143054
2014.06.27                   10750 10550 10900 10500 197273
2014.06.30                   10900 10900 11200 10850 274224
2014.07.01                   10900 10950 11400 10850 300717
2014.07.02                   11000 10950 11100 10750 174524
2014.07.03                   10750 11050 11050 10700 158958
2014.07.04                   11550 10700 11550 10550 694638
2014.07.07                   11650 11550 11800 11350 568973
2014.07.08                   11650 11500 11650 11350 283875
2014.07.09                   11350 11550 11600 11350 218625
2014.07.10                   11500 11450 11700 11300 317356
2014.07.11                   11400 11500 11700 11300 173460
2014.07.14                   11950 11550 12250 11500 1196016
2014.07.15                   11850 12050 12200 11750 354914
2014.07.16                   11700 11900 12500 11550 846927
2014.07.17                   11450 11800 12000 11350 334554
2014.07.18                   11450 11350 11600 11250 153999
2014.07.21                   11450 11500 11650 11350 123991
2014.07.22                   11650 11400 11800 11300 271564
2014.07.23                   11300 11700 11750 11300 239791
2014.07.24                   10700 11400 11450 10700 480047
2014.07.25                   10650 10700 10900 10550 197365
2014.07.28                   10200 10750 10800 10100 319479
2014.07.29                   10600 10250 10650 10200 338451
2014.07.30                   10650 10600 10800 10100 293697
2014.07.31                   10500 10650 10850 10300 186746
2014.08.01                   10500 10300 10650 10300 104210
2014.08.04                   10700 10550 10850 10550 131464
2014.08.05                   10300 10750 10800 10250 188866
2014.08.06                   10200 10300 10500 10200 123724
2014.08.07                   10650 10300 11350 10300 890526
2014.08.08                   10300 10800 10900 10250 273093
2014.08.11                   9900 10050 10100 9510 475719
2014.08.12                   10150 10150 10550 10000 259610
2014.08.13                   10250 10250 10350 10050 99672
2014.08.14                   10300 10200 10350 10100 108688
2014.08.18                   10400 10350 10600 10300 150297
2014.08.19                   10850 10650 10850 10350 312874
2014.08.20                   10800 10950 11150 10750 241433
2014.08.21                   10900 10800 11000 10600 147306
2014.08.22                   11000 11000 11450 10950 482259
2014.08.25                   10900 11050 11200 10800 195034
2014.08.26                   11000 11150 11150 10950 153364
2014.08.27                   11250 11050 11400 10950 393320
2014.08.28                   11100 11300 11300 11000 139107
2014.08.29                   11300 11500 11800 11250 618503
2014.09.01                   10950 11450 11450 10900 234672
2014.09.02                   10600 10900 10950 10550 214214
2014.09.03                   10900 10800 11100 10700 237016
2014.09.04                   10650 10950 10950 10600 182266
2014.09.05                   10600 10700 10750 10400 194840
2014.09.11                   10700 10650 10750 10450 217125
2014.09.12                   10300 10700 10700 10250 295686
2014.09.15                   10300 10300 10350 10100 100769
2014.09.16                   10200 10150 10350 10100 167155
2014.09.17                   10300 10300 10500 10250 163856
2014.09.18                   10250 10300 10400 10200 128625
2014.09.19                   10300 10250 10400 10250 89849
2014.09.22                   10450 10350 10500 10250 139901
2014.09.23                   10550 10450 10550 10200 146173
2014.09.24                   10300 10450 10450 10200 154517
2014.09.25                   10050 10350 10350 9980 251237
2014.09.26                   9990 9950 10150 9950 103431
2014.09.29                   9700 10050 10050 9650 241386
2014.09.30                   9690 9610 9750 9610 89843
2014.10.01                   9690 9610 9770 9540 86226
2014.10.02                   9400 9500 9650 9250 147254
2014.10.06                   8800 9400 9460 8700 525432
2014.10.07                   8760 8700 8900 8700 234827
2014.10.08                   8470 8570 8570 8210 330087
2014.10.10                   8480 8430 8500 8200 210722
2014.10.13                   7920 8380 8380 7850 255037
2014.10.14                   7910 7680 8130 7680 263472
2014.10.15                   7910 7850 8080 7840 204462
2014.10.16                   7620 7800 7820 7490 375940
2014.10.17                   7660 7650 7790 7550 157556
2014.10.20                   7780 7750 7940 7750 238422
2014.10.21                   7520 7810 7840 7510 260365
2014.10.22                   7740 7560 7790 7560 183726
2014.10.23                   7720 7740 7770 7620 126691
2014.10.24                   8090 7840 8240 7830 386770
2014.10.27                   7350 8100 8100 7350 729025
2014.10.28                   7350 7380 7480 7310 418518
2014.10.29                   7570 7520 7580 7390 284364
2014.10.30                   7540 7560 7760 7540 269215
2014.10.31                   7850 7570 7910 7550 268087
2014.11.03                   8180 7910 8330 7890 569779
2014.11.04                   8120 8180 8220 7890 277248
2014.11.05                   7990 8090 8360 7960 182029
2014.11.06                   8370 8100 8390 7960 231358
2014.11.07                   8090 8260 8300 7960 332733
2014.11.10                   8470 8140 8620 8050 354593
2014.11.11                   8540 8370 8560 8270 142055
2014.11.12                   8600 8570 8760 8410 150670
2014.11.13                   8550 8530 8600 8400 120268
2014.11.14                   8370 8460 8570 8330 114224
2014.11.17                   8290 8370 8440 8180 79732
2014.11.18                   8480 8300 8560 8300 79588
2014.11.19                   8270 8590 8590 8190 135262
2014.11.20                   8240 8210 8300 8160 54296
2014.11.21                   8230 8250 8370 8200 86104
2014.11.24                   8450 8250 8560 8230 163446
2014.11.25                   8430 8460 8530 8390 72377
2014.11.26                   8500 8440 8590 8390 97407
2014.11.27                   8410 8600 8600 8380 76691
2014.11.28                   8020 8400 8410 8000 195980
2014.12.01                   7740 8030 8050 7680 158835
2014.12.02                   7740 7740 7820 7650 80974
2014.12.03                   7730 7750 7810 7710 68208
2014.12.04                   7840 7740 7940 7730 77635
2014.12.05                   7860 7840 7900 7780 56652
2014.12.08                   8010 7880 8040 7860 83782
2014.12.09                   7790 8020 8020 7730 153370
2014.12.10                   7540 7700 7760 7480 174329
2014.12.11                   7370 7440 7490 7340 165852
2014.12.12                   7430 7400 7460 7100 268258
2014.12.15                   7390 7350 7390 7240 62529
2014.12.16                   7370 7350 7370 7120 135571
2014.12.17                   6960 7370 7380 6920 288384
2014.12.18                   6960 7020 7130 6880 148305
2014.12.19                   6930 7000 7070 6880 158238
2014.12.22                   7070 6960 7120 6910 124223
2014.12.23                   7060 7100 7110 6980 80325
2014.12.24                   7240 7030 7260 6960 125463
2014.12.26                   7180 7170 7270 7140 80325
2014.12.29                   7150 7180 7280 7090 85502
2014.12.30                   7140 7090 7210 7040 63791
2015.01.02                   7250 7080 7270 7080 91981
2015.01.05                   7150 7210 7270 7100 95147
2015.01.06                   6860 7020 7080 6810 193542
2015.01.07                   6690 6800 6840 6530 419844
2015.01.08                   6450 6730 6740 6450 320148
2015.01.09                   6590 6480 6660 6480 245141
2015.01.12                   6620 6550 6730 6550 160907
2015.01.13                   6620 6630 6680 6560 145830
2015.01.14                   6570 6600 6720 6550 125220
2015.01.15                   6780 6570 6790 6530 195357
2015.01.16                   6560 6780 6830 6540 198693
2015.01.19                   6650 6580 6720 6560 99749
2015.01.20                   6800 6670 6960 6660 212897
2015.01.21                   6780 6800 6850 6710 83989
2015.01.22                   7160 6860 7350 6820 546879
2015.01.23                   7100 7290 7300 7060 226585
2015.01.26                   7040 7100 7170 6960 147020
2015.01.27                   7300 7080 7300 7080 199093
2015.01.28                   7290 7270 7480 7250 249352
2015.01.29                   7410 7290 7410 7190 133410
2015.01.30                   7360 7450 7550 7330 134298
2015.02.02                   7580 7300 7600 7240 162567
2015.02.03                   8180 7580 8340 7580 698418
2015.02.04                   8400 8300 8450 8130 390570
2015.02.05                   8420 8570 8590 8360 356986
2015.02.06                   8460 8420 8520 8280 266776
2015.02.09                   8500 8550 8750 8390 282083
2015.02.10                   8300 8500 8610 8250 219117
2015.02.11                   8920 8280 8960 8280 601000
2015.02.12                   9060 8880 9090 8680 321554
2015.02.13                   9130 9090 9220 8950 215978
2015.02.16                   9030 9130 9400 9000 172452
2015.02.17                   8870 9030 9100 8800 179344
2015.02.23                   8770 8960 8960 8670 202875
2015.02.24                   9250 8990 9680 8990 574515
2015.02.25                   8800 9280 9310 8760 342529
2015.02.26                   8850 8800 9000 8640 212212
2015.02.27                   8810 8760 8940 8720 139455
2015.03.02                   8880 8770 9160 8770 195433
2015.03.03                   9090 9170 9250 8900 168157
2015.03.04                   9030 9010 9190 8980 126617
2015.03.05                   8830 9070 9070 8830 126741
2015.03.06                   8530 8830 8880 8490 356129
2015.03.09                   8430 8610 8620 8390 135457
2015.03.10                   8210 8440 8540 8160 172259
2015.03.11                   8320 8170 8370 8080 126009
2015.03.12                   8250 8300 8420 8230 104732
2015.03.13                   8400 8520 8640 8360 199957
2015.03.16                   8040 8350 8450 8010 234016
2015.03.17                   8270 8100 8280 8010 116394
2015.03.18                   8170 8330 8330 8130 73584
2015.03.19                   8250 8250 8370 8180 120152
2015.03.20                   8170 8200 8280 8120 105340
2015.03.23                   8430 8230 8570 8230 190880
2015.03.24                   8650 8540 8740 8500 188711
2015.03.25                   8600 8600 8660 8500 92408
2015.03.26                   8540 8600 8640 8260 86810
2015.03.27                   8460 8540 8540 8400 77376
2015.03.30                   8320 8400 8430 8150 113332
2015.03.31                   8660 8450 8790 8410 200156
2015.04.01                   8600 8680 8750 8390 161800
2015.04.02                   8680 8720 9120 8620 384790
2015.04.03                   8860 8690 8910 8690 93923
2015.04.06                   8750 8900 8900 8680 141192
2015.04.07                   9000 8830 9050 8760 185323
2015.04.08                   9130 9100 9170 8930 237975
2015.04.09                   9530 9170 9580 9050 399823
2015.04.10                   9300 9670 9730 9260 306211
2015.04.13                   9300 9400 9510 9150 238159
2015.04.14                   9020 9400 9400 9010 245578
2015.04.15                   9040 9090 9110 8900 193670
2015.04.16                   8890 9100 9160 8850 204625
2015.04.17                   8720 8900 8960 8680 210070
2015.04.20                   8570 8580 8720 8540 161035
2015.04.21                   8760 8690 8870 8570 196244
2015.04.22                   8650 8670 8950 8370 307030
2015.04.23                   8610 8770 8820 8500 211799
2015.04.24                   8710 8620 8830 8590 140205
2015.04.27                   8850 8720 8890 8720 99674
2015.04.28                   8740 8850 8890 8680 113907
2015.04.29                   8370 8740 8790 8350 231106
2015.04.30                   8190 8400 8440 8160 153684
2015.05.04                   8110 8290 8290 8050 70163
2015.05.06                   7820 8060 8190 7790 171091
2015.05.07                   7950 7820 7990 7790 110093
2015.05.08                   8110 7940 8210 7930 136177
2015.05.11                   7880 8150 8160 7840 206991
2015.05.12                   7550 7880 7880 7520 320762
2015.05.13                   7590 7410 7610 7410 161587
2015.05.14                   7750 7530 7780 7530 84698
2015.05.15                   7540 7760 7760 7440 237782
2015.05.18                   7720 7560 7830 7470 207528
2015.05.19                   7690 7800 7800 7540 188562
2015.05.20                   7940 7700 7980 7670 167436
2015.05.21                   7940 7940 8020 7850 87549
2015.05.22                   8170 7940 8230 7900 166952
2015.05.26                   8190 8190 8210 8040 112459
2015.05.27                   8140 8140 8310 8100 92728
2015.05.28                   8060 8250 8260 7910 116616
2015.05.29                   8090 8000 8120 7930 91570
2015.06.01                   8070 8090 8150 7910 91122
2015.06.02                   8010 8060 8300 7920 151103
2015.06.03                   7990 8020 8070 7930 63952
2015.06.04                   7940 8010 8100 7900 83172
2015.06.05                   7660 7940 7940 7590 108676
2015.06.08                   7640 7660 7720 7510 70995
2015.06.09                   7820 7640 7820 7630 63427
2015.06.10                   7820 7830 7880 7720 56225
2015.06.11                   7660 7870 7880 7650 109345
2015.06.12                   7580 7730 7730 7470 86562
2015.06.15                   7520 7580 7630 7430 47422
2015.06.16                   7200 7450 7520 7090 167997
2015.06.17                   7180 7130 7280 7030 147468
2015.06.18                   7360 7360 7450 7260 103788
2015.06.19                   7320 7380 7440 7280 82379
2015.06.22                   7410 7320 7450 7300 41641
2015.06.23                   7380 7450 7500 7300 100514
2015.06.24                   7520 7440 7540 7390 71375
2015.06.25                   7590 7540 7590 7450 54483
2015.06.26                   7370 7530 7580 7370 75931
2015.06.29                   7030 7290 7290 6990 201450
2015.06.30                   7070 6890 7090 6890 125212
2015.07.01                   7230 7050 7240 7010 67609
2015.07.02                   7220 7290 7290 7140 75539
2015.07.03                   7280 7220 7290 7160 67031
2015.07.06                   7050 7250 7250 7020 77985
2015.07.07                   7020 7080 7130 6880 102260
2015.07.08                   7150 7070 7210 6960 93745
2015.07.09                   7140 7220 7290 7030 111407
2015.07.10                   7110 7190 7190 6950 73207
2015.07.13                   7210 7150 7250 7150 71969
2015.07.14                   7450 7230 7470 7210 100430
2015.07.15                   7360 7420 7490 7320 102370
2015.07.16                   7490 7320 7540 7200 83156
2015.07.17                   7290 7490 7490 7220 100683
2015.07.20                   7370 7330 7380 7230 56597
2015.07.21                   7840 7370 7900 7360 249506
2015.07.22                   7870 7820 8130 7760 242192
2015.07.23                   7740 7890 7890 7690 101868
2015.07.24                   7830 7740 7970 7700 104236
2015.07.27                   7780 7810 7860 7700 91709
2015.07.28                   7500 7710 7810 7420 177499
2015.07.29                   7380 7560 7580 7340 98000
2015.07.30                   7150 7400 7470 7130 152357
2015.07.31                   6910 7060 7190 6770 264986
2015.08.03                   6920 6850 7030 6850 99431
2015.08.04                   7020 6860 7130 6850 56435
2015.08.05                   7040 7000 7070 6930 57524
2015.08.06                   7220 7060 7590 7030 213536
2015.08.07                   7300 7180 7470 7170 111771
2015.08.10                   7150 7240 7330 7150 38568
2015.08.11                   7290 7150 7470 7150 77506
2015.08.12                   7020 7250 7380 7000 97535
2015.08.13                   7160 7050 7240 7030 80227
2015.08.17                   7100 7160 7160 7030 67249
2015.08.18                   6980 7100 7100 6980 82651
2015.08.19                   6710 6960 7040 6670 140640
2015.08.20                   6650 6650 6780 6580 92693
2015.08.21                   6020 6500 6500 6020 234077
2015.08.24                   5810 5600 6110 5600 151863
2015.08.25                   5850 5810 5970 5780 233115
2015.08.26                   6070 5900 6130 5850 174586
2015.08.27                   6050 6150 6190 6020 141085
2015.08.28                   6140 6130 6260 6080 138591
2015.08.31                   6130 6200 6220 6100 99187
2015.09.01                   6060 6130 6190 6030 86276
2015.09.02                   6100 5970 6140 5950 93305
2015.09.03                   6140 6130 6200 6050 139674
2015.09.04                   6000 6150 6200 5990 99338
2015.09.07                   5990 5970 6120 5970 60243
2015.09.08                   6030 5990 6120 5970 102650
2015.09.09                   6170 6100 6200 6070 125154
2015.09.10                   6190 6100 6190 6050 129794
2015.09.11                   6280 6160 6360 6150 165341
2015.09.14                   6110 6300 6340 6090 110768
2015.09.15                   6140 6090 6190 6090 35994
2015.09.16                   6340 6160 6440 6160 171024
2015.09.17                   6890 6400 7150 6340 340874
2015.09.18                   6880 6920 6950 6720 203001
2015.09.21                   6800 6750 6900 6690 105286
2015.09.22                   7350 6910 7400 6800 326356
2015.09.23                   8410 7350 9290 7200 2505712
2015.09.24                   8200 8520 8570 8100 753085
2015.09.25                   8750 8440 8990 8430 1397272
2015.09.30                   8840 8860 9280 8830 1102698
2015.10.01                   8630 8750 8760 8380 644134
2015.10.02                   8100 8720 8780 8060 689008
2015.10.05                   8290 8230 8540 8160 472497
2015.10.06                   8100 8290 8650 8090 560678
2015.10.07                   8040 7990 8180 7950 236988
2015.10.08                   7930 8100 8150 7840 187754
2015.10.12                   8020 8130 8500 7960 762774
2015.10.13                   7800 8000 8020 7740 278913
2015.10.14                   7950 7740 8090 7740 286687
2015.10.15                   8080 8080 8180 7940 208416
2015.10.16                   8100 8120 8350 8040 286704
2015.10.19                   8360 8180 8440 8120 257522
2015.10.20                   8470 8390 8930 8280 833625
2015.10.21                   8650 8440 8780 8380 380775
2015.10.22                   8310 8740 9060 8260 600204
2015.10.23                   8550 8400 8610 8100 347709
2015.10.26                   8780 8580 8800 8380 316773
2015.10.27                   8760 8790 8930 8630 255892
2015.10.28                   8700 8760 8830 8590 228197
2015.10.29                   8440 8770 8810 8410 182521
2015.10.30                   8270 8520 8530 8110 237626
2015.11.02                   8190 8230 8330 8060 126451
2015.11.03                   8190 8220 8290 8100 82537
2015.11.04                   8220 8250 8280 8150 56686
2015.11.05                   8250 8200 8280 8100 98282
2015.11.06                   8100 8250 8260 8060 134384
2015.11.09                   7540 8040 8050 7480 315634
2015.11.10                   7450 7270 7550 7210 160792
2015.11.11                   7460 7460 7550 7310 76971
2015.11.12                   7460 7490 7520 7340 55099
2015.11.13                   7440 7400 7530 7230 105621
2015.11.16                   7110 7300 7330 7100 116663
2015.11.17                   7160 7150 7350 7080 158559
2015.11.18                   7240 7180 7320 7120 80460
2015.11.19                   8400 7470 8730 7450 1168376
2015.11.20                   8750 8540 8850 8290 532209
2015.11.23                   8790 8850 8950 8700 283282
2015.11.24                   8900 8920 9190 8850 536894
2015.11.25                   8990 8950 9020 8780 283300
2015.11.26                   9020 9080 9120 8780 313770
2015.11.27                   8730 9020 9430 8660 558294
2015.11.30                   9250 8920 9400 8920 1222548
2015.12.01                   9300 9320 9360 9170 347976
2015.12.02                   10300 9410 10550 9370 2340574
2015.12.03                   10500 10100 10750 10100 845273
2015.12.04                   11000 10300 11300 10250 958938
2015.12.07                   10800 11000 11100 10600 632250
2015.12.08                   11700 10800 12350 10600 2035813
2015.12.09                   10950 11700 11900 10850 1171598
2015.12.10                   11650 10950 11650 10800 866005
2015.12.11                   11400 11750 11900 11350 628281
2015.12.14                   11500 11150 12250 11050 1258011
2015.12.15                   11450 11550 11800 11000 631971
2015.12.16                   11400 11450 11750 11300 499604
2015.12.17                   11450 11450 11500 10850 747560
2015.12.18                   11150 11300 11450 10900 576885
2015.12.21                   12300 11300 12350 11050 1406928
2015.12.22                   11900 12350 12700 11750 1093662
2015.12.23                   11750 11900 12250 11550 713064
2015.12.24                   11450 11800 12000 11450 400793
2015.12.28                   11600 11400 11900 11350 421231
2015.12.29                   11600 11500 11700 11350 378262
2015.12.30                   12000 11700 12250 11500 596690
2016.01.04                   13100 12550 13700 12550 2132474
2016.01.05                   13450 13000 13900 12950 1670039
2016.01.06                   13200 13400 13600 12950 660897
2016.01.07                   12450 13150 13550 12300 999794
2016.01.08                   13250 12100 13300 12100 1104964
2016.01.11                   12500 13200 13250 12500 592300
2016.01.12                   12750 12600 13000 12250 576540
2016.01.13                   13050 13100 13450 12950 634620
2016.01.14                   13450 12800 13450 12700 655921
2016.01.15                   13500 13750 14200 13100 985304
2016.01.18                   13800 13200 13800 13150 460477
2016.01.19                   13750 13650 13750 13000 551287
2016.01.20                   13050 13800 13850 12800 482590
2016.01.21                   12800 13000 13250 12400 589223
2016.01.22                   12800 13100 13100 12450 331042
2016.01.25                   13000 13100 13150 12550 261630
2016.01.26                   11150 12800 12850 11000 1825820
2016.01.27                   11850 11350 11950 11300 1041746
2016.01.28                   11750 11750 11900 11550 427397
2016.01.29                   11950 11650 12100 11500 497915
2016.02.01                   12000 12000 12150 11650 316086
2016.02.02                   11650 11950 11950 11650 264016
2016.02.03                   11750 11500 11850 11400 231533
2016.02.04                   12600 11850 12650 11750 855247
2016.02.05                   12200 12500 12500 12100 362220
2016.02.11                   11400 11400 11700 11400 356410
2016.02.12                   11250 11400 11600 10600 523249
2016.02.15                   11400 11350 11650 10750 437295
2016.02.16                   11300 11600 11600 11150 351873
2016.02.17                   10950 11200 11350 10600 357641
2016.02.18                   11100 11150 11650 10850 444547
2016.02.19                   11250 11100 11500 11050 214567
2016.02.22                   11350 11250 11650 11250 338803
2016.02.23                   10900 11500 11500 10850 289045
2016.02.24                   11000 10900 11100 10800 207954
2016.02.25                   11000 11050 11200 10850 148724
2016.02.26                   11850 11200 12250 11150 933501
2016.02.29                   11450 11850 12050 11400 387970
2016.03.02                   11450 11600 11650 11300 375832
2016.03.03                   11100 11450 11450 10950 428292
2016.03.04                   11150 11150 11250 10950 184845
2016.03.07                   11150 11050 11350 10950 257762
2016.03.08                   11200 11150 11400 11100 204698
2016.03.09                   11550 11200 11800 11100 484613
2016.03.10                   11650 11600 11800 11500 312141
2016.03.11                   13000 11750 13000 11750 1655258
2016.03.14                   13150 13050 13300 12900 903440
2016.03.15                   12800 13000 13150 12650 607277
2016.03.16                   12850 12800 13000 12700 349218
2016.03.17                   12800 12950 13550 12800 1066135
2016.03.18                   12500 12750 12800 12250 606417
2016.03.21                   12900 12650 13150 12650 652577
2016.03.22                   12850 12900 13000 12750 307680
2016.03.23                   12500 12900 13150 12350 419463
2016.03.24                   12500 12400 12750 12350 230113
2016.03.25                   12900 12700 13150 12650 570447
2016.03.28                   12400 12800 12850 12300 355071
2016.03.29                   12500 12400 12650 12350 155949
2016.03.30                   12550 12700 12750 12450 185314
2016.03.31                   12750 12600 13250 12500 691137
2016.04.01                   12350 12850 12850 12300 355445
2016.04.04                   13500 12800 13500 12650 1434620
2016.04.05                   13500 13350 13800 13250 900026
2016.04.06                   13500 13500 13600 13150 473564
2016.04.07                   13050 13450 13500 12950 450576
2016.04.08                   13550 12900 13700 12700 692745
2016.04.11                   14350 13800 14900 13750 2331321
2016.04.12                   14300 14200 14350 14050 428645
2016.04.14                   13950 14300 14450 13900 522290
2016.04.15                   14050 13850 14400 13850 476596
2016.04.18                   14100 14100 14200 13850 311485
2016.04.19                   14250 14200 14700 14150 554589
2016.04.20                   14000 14350 14400 13950 306456
2016.04.21                   14700 14050 14850 13800 815743
2016.04.22                   14650 14700 14800 14450 416664
2016.04.25                   15100 14650 15450 14550 1081904
2016.04.26                   15100 15100 15250 14800 360135
2016.04.27                   15150 15150 15700 14900 736525
2016.04.28                   15600 15400 15900 15250 796472
2016.04.29                   15450 15750 15850 15300 581038
2016.05.02                   15050 15300 15300 14800 348694
2016.05.03                   15050 15100 15350 14950 275672
2016.05.04                   15100 14750 15300 14700 369758
2016.05.09                   15100 15550 15600 14950 453312
2016.05.10                   15300 15100 15300 14700 349134
2016.05.11                   15250 15300 15350 15000 194240
2016.05.12                   15450 15050 15500 15050 252243
2016.05.13                   15800 15450 15900 15450 401327
2016.05.16                   16150 15800 16350 15650 427202
2016.05.17                   15950 16450 16500 15650 636422
2016.05.18                   15650 15700 15900 15200 498761
2016.05.19                   15700 15700 15800 15400 241945
2016.05.20                   15900 15550 16000 15450 301460
2016.05.23                   16050 16050 16200 15850 374169
2016.05.24                   15700 16150 16150 15600 356541
2016.05.25                   15750 15900 15900 15500 338618
2016.05.26                   16100 15950 16250 15700 405006
2016.05.27                   16000 16250 16450 16000 301632
2016.05.30                   15950 15950 16150 15800 203294
2016.05.31                   16800 16050 16900 15950 823815
2016.06.01                   17600 16850 17750 16700 971658
2016.06.02                   17600 17550 18050 17400 620346
2016.06.03                   18100 17450 18550 17400 676001
2016.06.07                   19050 18500 19650 18500 1030754
2016.06.08                   18450 19350 19350 18150 864101
2016.06.09                   19050 18350 19200 18350 710364
2016.06.10                   18450 19000 19050 18350 518425
2016.06.13                   18650 18150 18900 18150 318356
2016.06.14                   18700 18650 18950 18050 328599
2016.06.15                   19650 18850 19950 18550 936629
2016.06.16                   18950 19650 19750 18900 534734
2016.06.17                   18250 19250 19300 18250 377934
2016.06.20                   18500 18600 19050 18350 396719
2016.06.21                   17650 18000 18250 17250 1171729
2016.06.22                   18250 17700 18300 17700 441483
2016.06.23                   17700 18150 18150 17650 320542
2016.06.24                   16700 18100 18150 16200 1097857
2016.06.27                   17600 16150 17600 16050 665709
2016.06.28                   18550 17350 18750 17350 621694
2016.06.29                   18500 18750 19050 18250 415322
2016.06.30                   18450 18800 18900 18400 198030
2016.07.01                   19000 18550 19250 18550 419994
2016.07.04                   18950 19100 19450 18800 383159
2016.07.05                   19150 18950 19400 18800 249056
2016.07.06                   18750 18900 19150 18500 297829
2016.07.07                   18700 19100 19200 18550 209791
2016.07.08                   18650 19100 19650 18600 705687
2016.07.11                   18600 18550 18700 17800 469333
2016.07.12                   17500 18200 18400 17450 881123
2016.07.13                   17900 17750 18100 17550 438634
2016.07.14                   17700 17700 17800 17500 240969
2016.07.15                   18750 18700 19350 18350 1643756
2016.07.18                   18800 18600 19000 18450 342962
2016.07.19                   19000 18950 19350 18950 530017
2016.07.20                   18900 18950 19300 18750 213111
2016.07.21                   18900 19000 19200 18850 208618
2016.07.22                   18550 18900 18950 18400 303433
2016.07.25                   17950 18450 18600 17900 378364
2016.07.26                   18050 17850 18250 17700 196463
2016.07.27                   17700 18100 18200 17700 166904
2016.07.28                   17100 17600 17900 16950 475541
2016.07.29                   17100 17000 17500 16850 341659
2016.08.01                   17250 17150 17500 17000 255738
2016.08.02                   16650 17250 17300 16250 759617
2016.08.03                   17150 16450 17200 16150 447692
2016.08.04                   16500 17050 17150 16400 404923
2016.08.05                   16250 16500 16700 16200 236584
2016.08.08                   16900 16650 17350 16650 529380
2016.08.09                   16950 17000 17300 16900 293877
2016.08.10                   17400 17050 17600 17000 267971
2016.08.11                   17550 17450 17750 17200 257306
2016.08.12                   18100 18000 18150 17800 473899
2016.08.16                   18300 18100 18300 17350 557109
2016.08.17                   17950 18800 19000 17850 764375
2016.08.18                   18100 18100 18250 17850 337234
2016.08.19                   17950 18000 18550 17900 372173
2016.08.22                   18300 18000 18700 18000 561602
2016.08.23                   17950 18450 18500 17750 275892
2016.08.24                   18200 18200 18350 17850 191742
2016.08.25                   18050 18100 18300 17950 181508
2016.08.26                   17950 18000 18150 17850 117884
2016.08.29                   17200 17750 17900 17100 294390
2016.08.30                   18000 17400 18200 17250 396183
2016.08.31                   18000 17900 18050 17600 203154
2016.09.01                   17450 17800 17900 17350 309909
2016.09.02                   17050 17250 17400 16600 523582
2016.09.05                   16850 16850 17000 16550 397689
2016.09.06                   16950 16800 17100 16750 197166
2016.09.07                   16500 17000 17050 16500 193398
2016.09.08                   16400 16500 16850 16200 187908
2016.09.09                   16350 16250 16400 15500 288097
2016.09.12                   15600 15800 16300 15600 230769
2016.09.13                   15800 15950 16200 15650 174588
2016.09.19                   16300 15700 16400 15600 223096
2016.09.20                   16300 16200 16300 15800 162214
2016.09.21                   16500 16250 16650 16100 142034
2016.09.22                   16750 16650 16750 16350 167887
2016.09.23                   16450 16750 16850 16450 124350
2016.09.26                   16300 16450 16450 15950 206714
2016.09.27                   16500 16350 16750 16300 138435
2016.09.28                   16400 16550 16700 16350 89638
2016.09.29                   16500 16600 16700 16300 188546
2016.09.30                   15950 16350 16450 15900 235715
2016.10.04                   17450 16300 17550 16250 790944
2016.10.05                   17400 17450 17450 17150 301896
2016.10.06                   17200 17450 18100 17100 627029
2016.10.07                   17200 17400 17750 17100 375243
2016.10.10                   17400 17300 17950 17250 389246
2016.10.11                   17550 17450 17700 17300 172079
2016.10.12                   17350 17500 17700 17350 147147
2016.10.13                   16700 17400 17400 16650 227406
2016.10.14                   17000 16700 17100 16600 175942
2016.10.17                   16950 17150 17400 16850 155548
2016.10.18                   16550 17000 17050 16350 221954
2016.10.19                   16750 16700 16950 16450 170504
2016.10.20                   17300 16850 17700 16800 490970
2016.10.21                   16650 17200 17200 16650 201051
2016.10.24                   16250 16750 16800 16150 268902
2016.10.25                   16550 16350 16650 16150 219021
2016.10.26                   16300 16450 16550 15900 207055
2016.10.27                   16550 16300 16600 16250 112852
2016.10.28                   16550 16650 16700 16100 142966
2016.10.31                   16100 16300 16400 15850 171321
2016.11.01                   16350 16050 16450 15900 126793
2016.11.02                   15350 16250 16350 15350 324227
2016.11.03                   15700 15350 15750 15300 167111
2016.11.04                   15700 15700 16000 15450 95307
2016.11.07                   16400 16050 16500 15750 213620
2016.11.08                   15350 16600 16600 15200 590212
2016.11.09                   14050 15500 15600 13400 897039
2016.11.10                   12900 14350 14350 12550 1649435
2016.11.11                   12700 12900 13350 12700 799019
2016.11.14                   12850 12950 13050 12700 406994
2016.11.15                   12450 12750 12850 12350 511618
2016.11.16                   12700 12600 12800 12550 391414
2016.11.17                   13350 12850 13400 12700 575587
2016.11.18                   12950 13400 13400 12800 333288
2016.11.21                   12400 12800 12800 12350 237877
2016.11.22                   11750 12450 12600 11650 588935
2016.11.23                   11750 11950 12100 11650 340445
2016.11.24                   11500 11900 12150 11500 472583
2016.11.25                   12100 11650 12250 11550 384318
2016.11.28                   11800 12250 12350 11750 237048
2016.11.29                   12200 11800 12200 11700 174242
2016.11.30                   12000 12200 12200 11800 147720
2016.12.01                   11900 12150 12250 11900 136573
2016.12.02                   11600 11850 11900 11550 154990
2016.12.05                   11350 11450 11550 11150 210962
2016.12.06                   11900 11400 12150 11400 328763
2016.12.07                   11700 12050 12150 11600 152162
2016.12.08                   12600 11900 12700 11850 496890
2016.12.09                   12650 12600 12750 12400 216421
2016.12.12                   13300 12950 13300 12900 479045
2016.12.13                   13250 13200 13350 12900 249687
2016.12.14                   13150 13400 13450 12950 242488
2016.12.15                   13700 13150 14100 13150 792653
2016.12.16                   13850 13850 14000 13500 385268
2016.12.19                   13850 13850 13900 13500 185134
2016.12.20                   13700 13800 13900 13600 105871
2016.12.21                   13950 13750 14100 13700 248254
2016.12.22                   13400 13950 14000 13100 577299
2016.12.23                   13550 13250 13850 13150 270423
2016.12.26                   13500 13550 13650 13200 107957
2016.12.27                   13900 13550 13950 13400 214669
2016.12.28                   13950 13900 14100 13800 174440
2016.12.29                   13950 13900 14100 13750 181778
2017.01.02                   12800 13350 13500 12800 646882
2017.01.03                   13000 12950 13200 12800 327433
2017.01.04                   12700 13050 13200 12600 308171
2017.01.05                   13000 12800 13000 12600 166312
2017.01.06                   13000 13050 13100 12850 107246
2017.01.09                   12550 12900 12950 12450 301303
2017.01.10                   12300 12650 12700 12200 263853
2017.01.11                   12300 12250 12600 12250 229687
2017.01.12                   12500 12350 12500 12000 216365
2017.01.13                   12650 12550 12800 12400 153524
2017.01.16                   12250 12700 12750 12200 166452
2017.01.17                   12150 12300 12400 12050 242710
2017.01.18                   12850 12150 13000 12150 583574
2017.01.19                   12600 12800 12900 12550 242484
2017.01.20                   12400 12600 12600 12300 171814
2017.01.23                   12300 12350 12650 12250 157023
2017.01.24                   12400 12350 12500 12100 114552
2017.01.25                   12400 12600 12650 12300 151768
2017.01.26                   12600 12450 12750 12300 145016
2017.01.31                   12600 12600 12700 12400 130024
2017.02.01                   14300 12650 14400 12650 1520311
2017.02.02                   14450 14400 14900 14150 948706
2017.02.03                   14700 14450 14700 14200 381941
2017.02.06                   14700 14750 15250 14600 493169
2017.02.07                   14750 14750 15150 14500 332297
2017.02.08                   14350 14900 14900 14000 534256
2017.02.09                   14700 14300 14800 14150 367640
2017.02.10                   14500 14850 15050 14450 299501
2017.02.13                   14250 14650 14700 14150 247240
2017.02.14                   14800 14300 14950 14300 409463
2017.02.15                   14600 14800 14850 14500 231164
2017.02.16                   14800 14750 15200 14550 381958
2017.02.17                   15400 15100 15600 14900 857182
2017.02.20                   15450 15300 15600 15050 349034
2017.02.21                   15300 15450 15600 15100 313965
2017.02.22                   15050 15350 15400 15000 196021
2017.02.23                   14950 15000 15450 14950 297723
2017.02.24                   14750 14950 15150 14650 241345
2017.02.27                   15300 14900 15500 14850 379761
2017.02.28                   15300 15200 15350 14800 280999
2017.03.02                   15200 15450 15500 14950 239335
2017.03.03                   14400 15200 15250 14400 431675
2017.03.06                   14600 14050 14650 13750 428873
2017.03.07                   14650 14600 14850 14450 140513
2017.03.08                   15000 14700 15050 14450 282797
2017.03.09                   14950 15000 15150 14650 179308
2017.03.10                   15050 14900 15050 14500 219545
2017.03.13                   15150 15000 15600 14950 484548
2017.03.14                   14900 15200 15300 14850 181765
2017.03.15                   14750 14950 15100 14600 158328
2017.03.16                   14850 14850 14950 14700 187009
2017.03.17                   16100 15100 16200 15050 1468654
2017.03.20                   16250 16300 16500 15900 712948
2017.03.21                   16350 16250 16600 16000 494604
2017.03.22                   16450 16150 17000 16100 764294
2017.03.23                   16550 16450 16700 16150 323140
2017.03.24                   16750 16600 16950 16400 296709
2017.03.27                   16600 17300 17600 16550 589993
2017.03.28                   17000 16500 17150 16300 398374
2017.03.29                   17000 17150 17350 16700 219449
2017.03.30                   16700 16900 16950 16500 224376
2017.03.31                   16950 16750 17100 16550 279138
2017.04.03                   16950 17100 17100 16750 204118
2017.04.04                   17350 17300 17650 17100 522777
2017.04.05                   17350 17450 17800 17300 301846
2017.04.06                   17600 17350 17650 17200 185132
2017.04.07                   17450 17500 17700 17200 160169
2017.04.10                   16850 17400 17400 16650 381873
2017.04.11                   17000 16800 17250 16500 212248
2017.04.12                   17200 17150 17250 16950 176191
2017.04.13                   17600 17150 17600 17100 374931
2017.04.14                   17450 17450 17750 17350 298404
2017.04.17                   17350 17550 17600 17050 282043
2017.04.18                   17300 17500 17500 17050 159572
2017.04.19                   17100 17200 17350 17000 217701
2017.04.20                   17300 17050 17650 16950 370109
2017.04.21                   17050 17400 17400 17000 144670
2017.04.24                   16550 17050 17100 16200 496503
2017.04.25                   16750 16450 16800 16450 136624
2017.04.26                   16600 16900 16950 16600 156901
2017.04.27                   16750 16650 17000 16550 157918
2017.04.28                   16850 16700 17000 16550 167145
2017.05.02                   17400 16850 18000 16850 885359
2017.05.04                   17500 17300 17700 17300 243130
2017.05.08                   18000 17650 18150 17500 499084
2017.05.10                   19100 18050 19300 17950 1501803
2017.05.11                   19350 19100 19750 19050 783303
2017.05.12                   20100 19350 20300 19350 776930
2017.05.15                   20050 20300 20750 19650 590335
2017.05.16                   21350 20550 21650 19950 1160911
2017.05.17                   21850 21200 22350 21150 600877
2017.05.18                   21950 21200 22100 21150 471055
2017.05.19                   21800 21800 22200 21450 317183
2017.05.22                   22450 21800 22850 21550 400638
2017.05.23                   22300 22450 23100 21950 445594
2017.05.24                   22900 22400 23100 21850 529193
2017.05.25                   22550 22750 23150 22450 294546
2017.05.26                   22600 22550 22850 22150 262327
2017.05.29                   23200 22750 23650 22500 417254
2017.05.30                   23100 23050 23700 22800 267817
2017.05.31                   22600 22950 23550 22450 367037
2017.06.01                   22700 22600 22850 22000 303691
2017.06.02                   22450 22750 22750 22000 267571
2017.06.05                   22300 22550 23050 22250 238646
2017.06.07                   23700 22350 23750 22200 575368
2017.06.08                   23250 23950 23950 23200 428989
2017.06.09                   22950 23350 23500 22800 278078
2017.06.12                   22000 22700 22750 21900 447074
2017.06.13                   22300 21950 23000 21900 444989
2017.06.14                   24400 22700 24450 22350 984190
2017.06.15                   26250 24650 26450 24500 1221799
2017.06.16                   27300 26700 28900 26350 1507530
2017.06.19                   27700 27200 28150 26900 579279
2017.06.20                   26650 28350 28350 26500 607779
2017.06.21                   28700 26350 28800 26150 880059
2017.06.22                   28100 29300 29500 27650 703371
2017.06.23                   28700 28400 28900 28000 330717
2017.06.26                   32150 28950 32800 28900 1622406
2017.06.27                   32550 32000 33700 31300 790700
2017.06.28                   32200 32000 33650 31850 732727
2017.06.29                   31500 32950 32950 30750 786780
2017.06.30                   31950 30550 32000 30450 539872
2017.07.03                   30700 32450 32500 30200 594053
2017.07.04                   30700 30450 31700 29850 574475
2017.07.05                   31200 31000 31850 30700 470910
2017.07.06                   31250 29850 32250 28700 1805816
2017.07.07                   34550 31500 34950 31500 1824348
2017.07.10                   36000 34300 37800 33150 1964820
2017.07.11                   36200 35900 37650 35050 1419165
2017.07.12                   36450 35750 37650 35700 1195793
2017.07.13                   36200 36900 37700 35950 875635
2017.07.14                   37000 36000 37150 35300 747597
2017.07.17                   42550 37400 42550 37350 1641281
2017.07.18                   40350 42550 44900 39300 2729812
2017.07.19                   39600 39950 40900 37800 2044501
2017.07.20                   39000 39900 40000 38500 1170085
2017.07.21                   37700 37950 39550 37250 1843664
2017.07.24                   40500 37950 41700 37600 2256640
2017.07.25                   38850 41150 41150 38750 935346
2017.07.26                   36750 39350 39350 35500 1420978
2017.07.27                   37250 36400 38450 35750 1239300
2017.07.28                   36850 37050 37900 36100 711501
2017.07.31                   37450 36050 37650 35700 624265
2017.08.01                   37050 37700 38050 37000 399345
2017.08.02                   38850 36800 38950 36800 765726
2017.08.03                   39100 39800 39900 38050 870249
2017.08.04                39800 39300 39900 38450 784341
2017.08.07                38300 40400 40600 38300 741173
2017.08.08                38050 38400 38600 36350 823024
2017.08.09               35250 37550 38000 35250 857060
2017.08.10               36300 34700 37100 34450 1053816
2017.08.11          36250 35300 36650 35300 543165
2017.08.14       36500 37100 37200 36000 344234
2017.08.16      39500 37100 39650 36400 1231625
2017.08.17      39300 40200 40900 39100 1281985
2017.08.18   38850 38750 39700 38100 1290955
2017.08.21  39000 38850 39400 37800 1136346
2017.08.22  38600 39050 39250 38350 550622
2017.08.23  42900 39050 42950 38350 2811847
2017.08.24  43250 42650 44700 42400 1922584
2017.08.25  42650 43000 44450 42300 1181032
2017.08.28  41050 42400 43200 40900 1128289
2017.08.29  41450 40350 41900 40050 901339
2017.08.30  40200 41700 41900 40200 720281
2017.08.31  40850 40750 42650 40700 1172893
2017.09.01  40350 41600 41650 39900 672142
