2009.11.11  35650 32250 36550 31550 7755136
2009.11.12  37050 36000 38000 35700 2210381
2009.11.13  35750 37600 38300 35750 1189162
2009.11.16  37900 35750 38150 35750 978617
2009.11.17  38400 38400 38800 37200 745654
2009.11.18  38100 38500 38700 37800 463238
2009.11.19  39850 38400 40150 38250 995245
2009.11.20  41000 39850 42500 39350 1043494
2009.11.23  41650 41050 42150 40350 469349
2009.11.24  41500 42200 42300 41150 444040
2009.11.25  45000 41450 45650 41450 939520
2009.11.26  47600 45500 47850 45200 1079445
2009.11.27  47200 47050 51100 45600 1927043
2009.11.30  47800 49000 50500 47400 1008738
2009.12.01  44300 48050 48650 44100 1399505
2009.12.02  45050 45100 46200 44000 694884
2009.12.03  47650 45450 47800 45100 674154
2009.12.04  47600 47800 48700 47350 425687
2009.12.07  46050 47550 47850 45200 883973
2009.12.08  44950 45600 45950 44650 427591
2009.12.09  45350 44950 45900 44950 315544
2009.12.10  46300 45350 46600 44400 447482
2009.12.11  46700 47000 47650 46250 604893
2009.12.14  49100 47400 49450 47250 766945
2009.12.15  48700 49700 49700 48700 440119
2009.12.16  49700 49300 51100 49100 696679
2009.12.17  49400 50000 50000 48450 390053
2009.12.18  48600 48650 49350 48400 251586
2009.12.21  48550 48300 49600 48100 281217
2009.12.22  48900 48900 49150 48200 214354
2009.12.23  47100 48500 48900 46700 556547
2009.12.24  46400 47000 47100 45700 442213
2009.12.28  44850 45400 46350 44850 554457
2009.12.29  43200 44700 45900 42550 523312
2009.12.30  44800 43500 44800 41900 381188
2010.01.04  47250 45300 47600 44700 417372
2010.01.05  49050 48000 49800 47350 814860
2010.01.06  50000 49250 51300 48600 716281
2010.01.07  52100 50000 52500 49700 718497
2010.01.08  55000 52400 58500 51000 1100618
2010.01.11  55000 55000 55500 53300 928868
2010.01.12  55900 54400 57500 53400 884380
2010.01.13  56000 56000 58000 55600 348502
2010.01.14  55600 56000 57000 54400 404416
2010.01.15  59500 55900 59800 55300 734059
2010.01.18  60100 59300 60600 58600 408102
2010.01.19  58500 60500 60600 58200 393920
2010.01.20  58400 59200 59900 58000 325732
2010.01.21  58900 57500 60000 57100 280620
2010.01.22  57700 58000 59000 56800 315639
2010.01.25  57700 56200 58300 56200 328443
2010.01.26  57100 58200 59700 56600 311281
2010.01.27  55100 56800 57400 54800 420236
2010.01.28  56000 55700 57200 53900 415602
2010.01.29  52400 55100 55600 50000 410446
2010.02.01  52700 52400 53900 51600 240542
2010.02.02  54800 53800 56200 53400 294094
2010.02.03  55000 55100 56200 54500 188231
2010.02.04  54600 55000 55000 53000 240119
2010.02.05  50900 52000 52900 50300 387178
2010.02.08  50300 51000 52200 50100 177176
2010.02.09  51500 50100 51800 49600 197496
2010.02.10  50100 52200 52800 50100 277276
2010.02.11  51100 50300 51200 50100 186334
2010.02.12  52800 51700 53000 51100 177556
2010.02.16  53300 53000 54000 52500 185444
2010.02.17  55200 53800 55600 53800 392687
2010.02.18  54900 55400 55700 54400 162563
2010.02.19  55800 54500 57300 54400 416815
2010.02.22  57900 56900 58400 56500 433497
2010.02.23  57600 57700 58400 56800 181948
2010.02.24  57400 56700 57600 56200 104661
2010.02.25  56200 57600 58300 55500 182670
2010.02.26  58500 56300 58500 55600 188740
2010.03.02  58900 59200 60000 58500 399102
2010.03.03  59000 59100 60000 58300 201513
2010.03.04  59900 59500 59900 58300 206723
2010.03.05  63100 60000 63100 60000 635642
2010.03.08  62600 64300 64300 62300 333335
2010.03.09  64000 62600 65500 62000 389582
2010.03.10  64100 63800 65100 63400 210760
2010.03.11  63400 64100 65600 63200 321467
2010.03.12  63300 63700 64000 62100 204162
2010.03.15  64000 63300 64000 61400 274452
2010.03.16  63500 64000 64800 63500 160984
2010.03.17  64100 63700 64200 63100 163737
2010.03.18  63600 63400 65000 63400 170741
2010.03.19  65000 64200 65300 63300 191923
2010.03.22  64000 65000 65000 64000 113055
2010.03.23  64000 64500 64500 63300 93985
2010.03.24  62700 64000 64400 62600 146146
2010.03.25  62900 62700 63600 62500 117832
2010.03.26  63500 63300 64600 62900 224635
2010.03.29  61500 62500 63200 60500 290480
2010.03.30  62300 61800 62300 60500 244816
2010.03.31  62000 62300 62900 61700 141365
2010.04.01  61700 60500 62000 58200 699944
2010.04.02  59400 62300 63200 59000 269176
2010.04.05  58200 59400 59400 57900 349832
2010.04.06  58800 58300 59900 58200 192106
2010.04.07  60000 59000 60400 57500 175947
2010.04.08  58700 60000 60300 58700 143991
2010.04.09  60900 59300 61400 59200 419008
2010.04.12  60400 61000 61400 60200 131521
2010.04.13  59300 60600 60800 59100 121271
2010.04.14  60100 59400 60400 59100 113995
2010.04.15  59100 60600 60600 58600 187911
2010.04.16  60200 59000 60200 58500 146402
2010.04.19  59700 59700 60300 59100 82744
2010.04.20  62200 59600 62200 59500 183044
2010.04.21  64000 62600 64200 61800 329315
2010.04.22  63700 63400 64700 62700 156929
2010.04.23  62500 63600 64200 62400 150461
2010.04.26  61900 62600 63000 61500 148762
2010.04.27  61700 61900 62300 60300 199592
2010.04.28  60100 60400 61300 60100 253844
2010.04.29  63900 60300 63900 60300 512994
2010.04.30  66100 64700 66600 63900 442497
2010.05.03  66000 66100 67100 64800 368406
2010.05.04  69000 67000 69000 65000 558287
2010.05.06  69500 67600 70000 67500 470650
2010.05.07  66300 67500 68400 66300 486414
2010.05.10  65500 66400 67100 64600 404338
2010.05.11  70000 66400 71200 65400 705800
2010.05.12  72700 70500 74400 70200 640555
2010.05.13  72500 73300 74400 71700 423827
2010.05.14  73700 71700 74600 71300 336842
2010.05.17  74200 73100 74900 72700 339898
2010.05.18  72200 75300 76400 70300 456966
2010.05.19  72000 71200 72600 69000 327111
2010.05.20  68800 71800 72300 68000 339856
2010.05.24  69700 68100 71100 67500 198068
2010.05.25  69000 69000 70000 64700 401176
2010.05.26  72000 69000 73000 68200 1138792
2010.05.27  72600 71600 74300 71300 377459
2010.05.28  71400 73800 73800 71200 205640
2010.05.31  72000 71500 72200 70600 138127
2010.06.01  68900 72200 72300 68500 313769
2010.06.03  69300 69700 70800 67500 407427
2010.06.04  69000 69500 70600 68200 276022
2010.06.07  69300 67100 69700 66500 275590
2010.06.08  68000 69800 69800 68000 271161
2010.06.09  70900 68200 71500 68000 353074
2010.06.10  70700 71300 71700 70200 187756
2010.06.11  73200 71400 73200 70300 410695
2010.06.14  73400 74100 74200 73000 169624
2010.06.15  74500 74000 74500 73000 200126
2010.06.16  77000 74800 77000 74000 347771
2010.06.17  78400 77400 79100 76200 381238
2010.06.18  79500 78400 80100 77700 215954
2010.06.21  79600 80000 80100 77700 241640
2010.06.22  79200 78900 80000 78200 150276
2010.06.23  77800 78500 79700 77800 1266828
2010.06.24  77200 77700 78400 77100 160240
2010.06.25  78300 77200 79300 77000 195929
2010.06.28  82200 78400 82200 78400 233999
2010.06.29  83000 82700 83600 81300 216800
2010.06.30  84000 81800 84100 81200 166560
2010.07.01  84900 84100 85300 83400 223950
2010.07.02  77900 84700 86300 77800 552698
2010.07.05  79100 77900 80000 74000 656600
2010.07.06  80400 79000 81300 78200 272144
2010.07.07  79300 81300 81300 78300 242228
2010.07.08  82400 80000 82800 80000 228953
2010.07.09  85800 83500 85800 82100 223654
2010.07.12  87400 86900 89000 86800 289166
2010.07.13  87400 87600 89000 86700 212067
2010.07.14  84800 88500 88700 84100 460105
2010.07.15  83000 84800 85800 81300 577225
2010.07.16  86400 83500 86600 82700 448045
2010.07.19  90200 85700 90200 85600 454672
2010.07.20  90400 91400 93000 89500 426398
2010.07.21  92300 91100 93000 89400 280444
2010.07.22  91400 92000 93200 89700 345832
2010.07.23  91800 92000 93500 88500 425741
2010.07.26  93200 92000 94400 91500 207944
2010.07.27  91400 93700 93800 91200 196868
2010.07.28  90700 91400 92300 90300 125480
2010.07.29  89800 90600 91400 88500 131117
2010.07.30  90100 89100 91200 88600 170922
2010.08.02  93000 91000 93000 90100 193303
2010.08.03  93700 93400 94500 92800 249718
2010.08.04  94400 94000 94900 92900 153302
2010.08.05  91300 95000 95000 91200 190459
2010.08.06  91000 91800 92500 90300 131380
2010.08.09  92300 91600 93100 91400 118960
2010.08.10  95100 92600 95500 92100 252014
2010.08.11  95600 95500 96400 94000 191297
2010.08.12  93000 94200 95800 93000 146793
2010.08.13  94600 94000 94600 92600 196403
2010.08.16  95000 93800 95100 93500 94991
2010.08.17  94200 95000 95300 94000 75022
2010.08.18  92600 94900 94900 91600 241593
2010.08.19  92400 92700 93400 91700 213726
2010.08.20  92900 91600 93100 91200 133260
2010.08.23  92700 93200 95400 92700 254391
2010.08.24  90300 92700 92700 89600 227573
2010.08.25  86600 89200 90000 85500 311979
2010.08.26  86500 86500 88300 86500 179268
2010.08.27  85900 86000 87300 83700 218234
2010.08.30  90000 87100 90000 86400 218183
2010.08.31  91400 89400 91400 88600 182493
2010.09.01  92000 91600 92600 90200 181860
2010.09.02  91800 92400 94000 91700 150170
2010.09.03  89800 92500 93000 89800 193350
2010.09.06  88300 90200 91200 87600 269339
2010.09.07  88100 88700 89300 87900 106184
2010.09.08  88200 88700 89700 87800 120285
2010.09.09  91800 89000 92100 87200 258970
2010.09.10  90900 92800 92800 90900 118163
2010.09.13  93500 91600 94100 91500 292161
2010.09.14  90100 93500 95200 88900 444550
2010.09.15  89500 90600 90900 86000 636841
2010.09.16  90700 90500 91800 89500 251416
2010.09.17  93600 91100 93600 90800 307778
2010.09.20  93700 94100 94600 93000 172691
2010.09.24  97600 93700 98300 92900 387512
2010.09.27  99300 99000 100500 97600 439267
2010.09.28  103500 99300 104000 97800 466079
2010.09.29  102500 103500 104500 100000 353681
2010.09.30  101500 103000 104000 99900 296904
2010.10.01  99400 101000 101500 97300 333546
2010.10.04  99500 98800 101000 97500 287644
2010.10.05  98300 98800 100000 97600 172871
2010.10.06  101500 99800 102000 98700 279397
2010.10.07  98900 101000 101500 98100 275432
2010.10.08  101000 98900 101500 97400 196966
2010.10.11  98500 100500 101000 98500 369484
2010.10.12  95400 98100 98500 95400 292956
2010.10.13  94400 95700 96600 93400 212871
2010.10.14  96300 94500 96500 94500 207453
2010.10.15  95200 95600 97000 94900 160398
2010.10.18  92900 94500 95000 92900 180592
2010.10.19  91000 93700 93800 90100 323195
2010.10.20  91900 89900 92600 89900 149576
2010.10.21  93600 92900 94100 92000 211755
2010.10.22  92800 94000 94300 91800 237099
2010.10.25  91800 92900 93100 91000 234776
2010.10.26  95900 92100 95900 91000 343374
2010.10.27  97700 96000 98800 95000 296536
2010.10.28  99000 98100 99400 95900 441131
2010.10.29  96500 99400 99400 96500 136750
2010.11.01  96200 96500 97700 94500 129244
2010.11.02  95900 96200 97700 93600 216349
2010.11.03  93700 95900 96600 93600 240746
2010.11.04  92400 93900 94600 92300 295787
2010.11.05  90600 93200 93300 90600 393518
2010.11.08  92000 91200 92500 91000 244962
2010.11.09  92900 92200 93000 92000 196355
2010.11.10  92700 93000 93900 92500 259101
2010.11.11  91500 92700 93000 91500 461737
2010.11.12  92000 91500 92600 91200 299346
2010.11.15  92400 91500 92600 91500 162756
2010.11.16  93000 92500 93000 92200 147970
2010.11.17  92600 92400 93200 92300 145622
2010.11.18  92200 92600 92700 91800 196116
2010.11.19  92600 92100 93200 91500 151281
2010.11.22  92300 92900 93000 91700 187528
2010.11.23  91900 91900 92300 91200 150032
2010.11.24  90600 89500 91300 89000 199100
2010.11.25  89200 90600 91000 88900 192571
2010.11.26  89500 89500 91000 88900 172072
2010.11.29  88500 89500 90000 88300 147267
2010.11.30  89400 88000 90200 88000 116251
2010.12.01  90500 88900 90900 88900 110941
2010.12.02  91800 91400 91900 90800 121586
2010.12.03  89400 91800 92100 88500 478693
2010.12.06  91500 89500 91500 89200 167741
2010.12.07  91700 91500 92000 90400 154045
2010.12.08  92500 91600 93000 91600 257231
2010.12.09  92500 92300 93300 92300 191388
2010.12.10  93000 92500 93900 92100 210527
2010.12.13  90000 93000 93400 89500 228021
2010.12.14  87100 90200 90200 86300 362791
2010.12.15  87400 88000 88700 87200 251526
2010.12.16  86000 87200 87800 85300 246700
2010.12.17  85400 86300 86800 85200 163724
2010.12.20  82300 84600 84800 81900 318643
2010.12.21  83900 82500 84500 82500 303761
2010.12.22  87000 84200 88300 84200 397284
2010.12.23  87400 87400 87900 86500 117309
2010.12.24  88400 87500 88900 86900 201301
2010.12.27  90700 87700 90700 87700 286827
2010.12.28  88500 90100 90100 88500 174592
2010.12.29  88700 89100 90300 88000 73943
2010.12.30  87200 88300 88900 87100 95538
2011.01.03  87900 87000 88300 86000 99066
2011.01.04  89500 87800 90100 87800 153855
2011.01.05  89000 89200 90400 88600 78499
2011.01.06  86600 89400 89400 86400 158814
2011.01.07  88400 86200 88400 86000 90811
2011.01.10  89400 88400 89600 88000 143993
2011.01.11  90700 89100 90700 88800 158643
2011.01.12  97500 91200 97500 91200 704053
2011.01.13  98200 98600 99800 96600 327958
2011.01.14  97000 98500 98900 96500 138718
2011.01.17  95500 97200 98300 94400 145869
2011.01.18  97300 95600 98400 94000 217617
2011.01.19  96700 97800 97900 95600 105363
2011.01.20  95500 96900 97700 95200 134073
2011.01.21  93000 95900 95900 92600 159103
2011.01.24  96300 93400 96800 92700 182482
2011.01.25  97000 97800 98700 96100 257839
2011.01.26  97600 98300 98600 96600 153691
2011.01.27  101500 97600 102000 96900 539601
2011.01.28  103500 102000 103500 99600 306149
2011.01.31  102000 102000 106000 101500 366731
2011.02.01  102500 104000 104000 102000 142964
2011.02.07  100500 103500 104500 100000 200613
2011.02.08  103500 100500 106500 100000 270676
2011.02.09  99600 103500 103500 98800 176858
2011.02.10  97900 99100 99400 95000 296840
2011.02.11  93800 97900 97900 93800 2231661
2011.02.14  97300 94700 98500 94700 172096
2011.02.15  99500 96900 100500 96300 114692
2011.02.16  94500 99800 100500 94300 157068
2011.02.17  92300 95100 97000 91500 248690
2011.02.18  94600 92400 95300 92400 74317
2011.02.21  94500 95300 95500 94000 52998
2011.02.22  92500 93500 93500 91800 76902
2011.02.23  91100 91700 93000 91100 84264
2011.02.24  93000 91000 94000 89900 118579
2011.02.25  95500 93300 95500 92200 99073
2011.02.28  94900 95000 95600 93100 90968
2011.03.02  94900 94000 96000 94000 97117
2011.03.03  97000 94900 97000 94900 110250
2011.03.04  96600 97900 98800 96600 64627
2011.03.07  96600 96600 97700 95700 46382
2011.03.08  97300 96800 97300 96600 72563
2011.03.09  97100 97400 98200 95600 96266
2011.03.10  97400 96900 97700 96500 67142
2011.03.11  97000 96400 98500 95500 93916
2011.03.14  96000 96400 97600 94200 121375
2011.03.15  95000 96100 98000 92000 179659
2011.03.16  93300 95000 96000 92800 141645
2011.03.17  96100 92700 97100 91400 199832
2011.03.18  100500 96500 100500 96500 406101
2011.03.21  99300 100500 101500 99000 140496
2011.03.22  98700 100000 103000 98600 278172
2011.03.23  95500 98900 100000 95400 269136
2011.03.24  98100 96300 98400 95600 130478
2011.03.25  96100 98900 99400 96000 157152
2011.03.28  96500 96200 97600 95500 85900
2011.03.29  97000 96000 97600 95700 122705
2011.03.30  95500 97100 98600 95200 256039
2011.03.31  97200 95100 97200 94500 159656
2011.04.01  95200 97300 97300 94500 323982
2011.04.04  95400 95600 95800 94400 239257
2011.04.05  95600 95600 95900 94700 134872
2011.04.06  96000 95300 96700 95200 185265
2011.04.07  95700 96500 96600 94700 166686
2011.04.08  93500 96000 96100 93500 300242
2011.04.11  93100 93500 94200 92000 185539
2011.04.12  93000 93000 94100 93000 108225
2011.04.13  93700 93300 94600 92400 114736
2011.04.14  91500 93400 93700 91300 221534
2011.04.15  89800 91500 92100 89600 225925
2011.04.18  91800 89500 93100 87500 341957
2011.04.19  93600 93000 95500 92800 371677
2011.04.20  94800 93800 95000 92100 230743
2011.04.21  98400 95300 99800 94100 467206
2011.04.22  107500 101000 112000 100500 1245374
2011.04.25  109000 106000 113000 104500 835238
2011.04.26  119000 112000 122500 111500 1223148
2011.04.27  118000 120500 121000 111000 687615
2011.04.28  112500 117000 120500 112000 353900
2011.04.29  110000 113000 116000 106500 454301
2011.05.02  110000 111500 112500 106500 303279
2011.05.03  109000 110000 114500 107000 379164
2011.05.04  112500 110000 113000 106500 270565
2011.05.06  105000 110500 112500 105000 241368
2011.05.09  109500 106000 110000 105000 229879
2011.05.11  113000 112000 114500 110000 273550
2011.05.12  114500 110500 115500 109500 196828
2011.05.13  118000 117000 118500 114500 329433
2011.05.16  118000 117000 119000 115000 235171
2011.05.17  113500 117000 118500 112500 177246
2011.05.18  119500 114000 120000 112000 297056
2011.05.19  119000 119500 124500 118000 311571
2011.05.20  120000 122000 122000 117000 200928
2011.05.23  116500 119000 119500 116500 118004
2011.05.24  118500 115000 119500 114000 173617
2011.05.25  114000 117500 121000 114000 203597
2011.05.26  121000 116500 121000 114000 272280
2011.05.27  126000 121000 127000 120000 457529
2011.05.30  126000 127000 129000 122500 217300
2011.05.31  130000 126500 130000 123500 275922
2011.06.01  130500 130000 133500 128500 326767
2011.06.02  137000 128000 138000 127500 457321
2011.06.03  131500 140000 141500 131000 421771
2011.06.07  135000 131500 135000 130500 326561
2011.06.08  141500 135500 141500 135000 395295
2011.06.09  140000 141500 145500 138000 594203
2011.06.10  140500 141000 142500 134500 351099
2011.06.13  142500 139500 143000 137000 211657
2011.06.14  131000 143000 143500 130500 883785
2011.06.15  133000 132500 135000 129000 390851
2011.06.16  136000 131000 137500 130000 303946
2011.06.17  139000 139500 140500 136000 342458
2011.06.20  135500 138000 140000 132500 306948
2011.06.21  133500 139000 139000 131000 250204
2011.06.22  137000 136000 137000 134500 127522
2011.06.23  139500 137000 141000 135000 182567
2011.06.24  139000 139000 140500 135500 154035
2011.06.27  126500 135000 135500 126500 353462
2011.06.28  129500 129500 131500 128000 219217
2011.06.29  133500 131000 134000 130500 113480
2011.06.30  130000 133000 133500 128000 149304
2011.07.01  133000 131500 133000 131000 80790
2011.07.04  129000 133000 134000 128000 148184
2011.07.05  131000 129500 132000 127500 179793
2011.07.06  126000 131000 132000 123500 365852
2011.07.07  123500 119500 125500 119500 451107
2011.07.08  126500 125000 126500 122500 225016
2011.07.11  130000 127000 131000 124500 204328
2011.07.12  131000 128500 131000 126000 133059
2011.07.13  137500 132000 138500 130500 314661
2011.07.14  139000 137500 139000 134000 195069
2011.07.15  136500 138000 139000 135500 124759
2011.07.18  139500 135500 140500 132500 169867
2011.07.19  141500 140000 143000 139000 226239
2011.07.20  145000 141500 145000 141000 246663
2011.07.21  141000 145500 146500 141000 166451
2011.07.22  144000 141500 144500 141500 88107
2011.07.25  142500 143500 145000 142000 44279
2011.07.26  142000 144000 145500 138500 95885
2011.07.27  139500 142000 143500 139000 93588
2011.07.28  138500 139500 142000 138000 78968
2011.07.29  139500 139500 143000 137500 108666
2011.08.01  145500 140500 145500 140000 108995
2011.08.02  142000 144500 146000 142000 106303
2011.08.03  138000 139500 141500 135000 147030
2011.08.04  141000 139000 144000 138500 152861
2011.08.05  138000 136000 139000 133500 155513
2011.08.08  130000 136000 137000 128000 208412
2011.08.09  127500 129500 130000 115000 337271
2011.08.10  130000 133000 134000 121500 431692
2011.08.11  130000 123500 132000 123000 208756
2011.08.12  130000 131000 132000 127000 192731
2011.08.16  134000 133000 135000 131500 112257
2011.08.17  139500 133000 141500 131500 170122
2011.08.18  153000 141000 153000 140500 492296
2011.08.19  145000 151000 160000 142500 543424
2011.08.22  144000 147500 151000 139000 187022
2011.08.23  138500 139000 141000 130500 561687
2011.08.24  133000 138500 143000 132000 267557
2011.08.25  141000 134000 141000 133500 172797
2011.08.26  140000 140000 144500 138500 198661
2011.08.29  139000 142000 142000 137000 134508
2011.08.30  140500 140000 142000 135000 289116
2011.08.31  141500 140000 141500 138000 154781
2011.09.01  143500 142500 149500 141500 264186
2011.09.02  151500 145000 151500 144000 247333
2011.09.05  148500 149500 152500 144000 252925
2011.09.06  144500 145500 146500 140500 155906
2011.09.07  140500 148000 149500 137500 374770
2011.09.08  142500 140000 143500 138000 203936
2011.09.09  143000 142000 144500 140500 136190
2011.09.14  139500 143500 144500 136500 94263
2011.09.15  138500 141000 142500 138000 99857
2011.09.16  148500 140500 148500 139500 182308
2011.09.19  143000 146000 147500 142000 159876
2011.09.20  150500 144000 152500 142000 231100
2011.09.21  152000 151000 154000 149500 159142
2011.09.22  152500 149000 156000 148000 185272
2011.09.23  147000 148500 152500 147000 195340
2011.09.26  148000 149500 154000 143000 238621
2011.09.27  153000 151000 154000 150000 166043
2011.09.28  157000 155000 158000 153000 205400
2011.09.29  156500 157500 159000 154000 138322
2011.09.30  145000 156000 156500 143500 2486679
2011.10.04  148500 139500 149500 138000 215208
2011.10.05  142000 149500 149500 142000 151447
2011.10.06  145000 144000 150500 143500 143033
2011.10.07  149500 147500 149500 141500 210849
2011.10.10  151500 149000 154000 147500 106732
2011.10.11  152500 153000 155000 148500 155248
2011.10.12  150500 152000 154000 150000 126193
2011.10.13  154000 152500 156000 152000 163535
2011.10.14  158000 156000 158500 154500 194931
2011.10.17  161500 158000 163500 157500 222337
2011.10.18  161000 159000 162000 158000 87840
2011.10.19  162500 162500 162500 158000 79128
2011.10.20  158000 162500 165000 154000 112067
2011.10.21  159500 158500 162500 158000 85642
2011.10.24  163000 160000 163000 159500 78497
2011.10.25  163500 163500 165000 160500 90098
2011.10.26  160000 163000 166000 160000 109496
2011.10.27  155500 160500 161500 155500 131313
2011.10.28  151500 157000 158000 145500 381971
2011.10.31  152000 151500 154000 150000 99805
2011.11.01  154000 152000 156000 151500 93230
2011.11.02  158000 153000 158000 153000 100600
2011.11.03  157000 158000 158000 154000 49430
2011.11.04  158500 158500 159500 157000 71612
2011.11.07  156000 158000 159000 152000 97799
2011.11.08  151000 153500 157000 150500 151845
2011.11.09  146500 152000 153500 142000 282062
2011.11.10  139000 142000 146000 137000 222158
2011.11.11  144000 140500 145000 139500 159000
2011.11.14  146000 147500 148000 145000 141466
2011.11.15  144500 145000 146500 142500 75098
2011.11.16  142000 146000 146500 140500 75577
2011.11.17  147000 145000 147000 140500 80405
2011.11.18  143500 144000 146500 143000 78391
2011.11.21  139000 143500 143500 138000 82347
2011.11.22  134500 136500 139000 133000 166520
2011.11.23  130000 134000 134000 128500 115237
2011.11.24  138000 130500 140500 130500 106382
2011.11.25  133000 135500 137500 133000 47017
2011.11.28  134000 134000 138500 134000 43578
2011.11.29  139000 136000 140500 135500 79522
2011.11.30  136500 138000 140500 135500 68083
2011.12.01  137500 141000 142000 137000 142877
2011.12.02  134000 131500 138000 130500 2062233
2011.12.05  136000 137500 139500 133500 327259
2011.12.06  135500 135500 137000 133500 104975
2011.12.07  136500 135000 137000 134500 188245
2011.12.08  138000 136500 139000 134500 190909
2011.12.09  132000 135500 136000 132000 164023
2011.12.12  125500 133500 134500 122000 590428
2011.12.13  126500 126500 129500 125000 281962
2011.12.14  130500 126000 131500 125500 256857
2011.12.15  131500 130000 132000 129000 214232
2011.12.16  129500 131000 131500 127000 105788
2011.12.19  121500 129000 129000 117000 152237
2011.12.20  124000 121500 125500 119000 160183
2011.12.21  130000 127500 130000 125000 101224
2011.12.22  126000 130000 130500 126000 121269
2011.12.23  128000 127500 131000 126500 184840
2011.12.26  123500 129000 129500 122000 162291
2011.12.27  119500 123000 123500 118500 180425
2011.12.28  119000 119500 121000 118500 117461
2011.12.29  117000 117500 120000 115500 213777
2012.01.02  121500 117500 122000 117000 147456
2012.01.03  130000 122500 130000 122500 240209
2012.01.04  131500 129500 134000 127500 236293
2012.01.05  135000 131000 135000 131000 157335
2012.01.06  133500 136500 136500 130500 107920
2012.01.09  135000 133500 136000 130000 121407
2012.01.10  133000 135000 137000 133000 121065
2012.01.11  129000 133000 134000 128500 124724
2012.01.12  133500 130000 135000 129000 154178
2012.01.13  133500 132500 134500 131000 105247
2012.01.16  132500 133000 133000 130000 61727
2012.01.17  130000 132500 134000 129000 209677
2012.01.18  127500 130000 131000 126000 156414
2012.01.19  131500 128000 132000 128000 169461
2012.01.20  133500 132500 134000 131000 142020
2012.01.25  131000 133500 134000 130000 164884
2012.01.26  130000 130500 134000 129000 212808
2012.01.27  131000 130000 132000 129000 145928
2012.01.30  127500 130000 130500 126000 160876
2012.01.31  130500 128500 130500 127000 169718
2012.02.01  128000 130000 131000 128000 173962
2012.02.02  131000 129000 131500 128000 187592
2012.02.03  124500 131500 131500 124500 337427
2012.02.06  118500 125000 125500 118500 405444
2012.02.07  122500 118500 122500 118500 235765
2012.02.08  122000 121000 124500 120000 243960
2012.02.09  125000 123000 125000 120000 182348
2012.02.10  122000 124000 124500 122000 112837
2012.02.13  122500 122000 125000 121500 111155
2012.02.14  122500 123000 124000 120500 171263
2012.02.15  122000 122000 125000 121500 167930
2012.02.16  120000 121000 122000 120000 81736
2012.02.17  119000 121000 121500 117500 257051
2012.02.20  117000 119000 120000 116000 165616
2012.02.21  119000 117000 120000 116000 149373
2012.02.22  121000 119500 121500 119000 103393
2012.02.23  118500 120500 120500 117000 141800
2012.02.24  125000 119000 125000 118500 379662
2012.02.27  126500 125000 126500 123000 266556
2012.02.28  123500 125500 127000 123000 160822
2012.02.29  125500 125000 127000 122500 264749
2012.03.02  122000 126000 126000 120500 234784
2012.03.05  121500 121000 122500 119000 122791
2012.03.06  121000 121500 123500 121000 106944
2012.03.07  119500 119000 122000 118500 139231
2012.03.08  123000 121000 123000 119500 147055
2012.03.09  120500 123500 123500 120000 188532
2012.03.12  117000 120000 120500 117000 152803
2012.03.13  120000 117500 121000 116500 132223
2012.03.14  120000 121000 121500 119000 102143
2012.03.15  118500 119000 119500 117500 148215
2012.03.16  123500 118500 123500 118000 183068
2012.03.19  121500 124000 124500 121000 148827
2012.03.20  123500 121500 124500 121000 175459
2012.03.21  119000 123000 123000 119000 109330
2012.03.22  119000 119500 120500 118500 76523
2012.03.23  118000 119000 119500 117500 120910
2012.03.26  116500 118500 119000 116000 112205
2012.03.27  114000 116500 117500 113000 214099
2012.03.28  111000 114000 114000 109500 211611
2012.03.29  108000 110000 112000 107000 199753
2012.03.30  112000 107000 112500 107000 197684
2012.04.02  109000 112000 112500 108000 174929
2012.04.03  105500 108500 110000 104000 284638
2012.04.04  105000 105000 108000 103000 250755
2012.04.05  100500 103500 105500 100000 335932
2012.04.06  101000 100500 102000 100500 117957
2012.04.09  105000 100000 107500 99900 253576
2012.04.10  103000 105500 108500 102000 175280
2012.04.12  104000 103000 106000 102500 130891
2012.04.13  105500 104000 106000 104000 116239
2012.04.16  101000 104000 104500 101000 133308
2012.04.17  101000 101500 102000 100500 90588
2012.04.18  102000 102500 103000 101500 91371
2012.04.19  109500 103000 110500 102000 291718
2012.04.20  107500 109500 109500 106500 235111
2012.04.23  112500 107500 113000 107000 218746
2012.04.24  110000 113000 115000 109000 214654
2012.04.25  107500 112000 112000 106500 91363
2012.04.26  108000 108000 108500 104000 137163
2012.04.27  102500 109000 109000 101500 327673
2012.04.30  93500 102000 102500 91300 705092
2012.05.02  95900 94000 96200 93300 198883
2012.05.03  95600 96000 97200 95300 121840
2012.05.04  97100 95600 98100 93200 123912
2012.05.07  95200 95500 97100 93700 93806
2012.05.08  95400 95500 97500 94300 143757
2012.05.09  92500 95400 95700 91900 123684
2012.05.10  92500 92500 93800 91400 106706
2012.05.11  95000 94300 96900 94100 211679
2012.05.14  92300 94600 96500 91100 132038
2012.05.15  88500 91100 93500 87700 216577
2012.05.16  89800 88000 91400 87400 220051
2012.05.17  89800 88900 90500 88200 161417
2012.05.18  84800 88000 88400 84700 185166
2012.05.21  84000 85000 86000 82900 158058
2012.05.22  84300 84900 86000 82000 250752
2012.05.23  81600 83500 83700 81400 158173
2012.05.24  85800 81700 86400 81200 237971
2012.05.25  90000 86700 90200 86000 194654
2012.05.29  89500 89900 90100 87300 137031
2012.05.30  90400 89900 92000 88400 158124
2012.05.31  93800 89700 94500 88800 734544
2012.06.01  99200 97000 99400 96800 341248
2012.06.04  98900 96700 99200 96700 190990
2012.06.05  101500 100000 103000 99700 225525
2012.06.07  104000 104000 104500 103000 193033
2012.06.08  106000 103500 107000 103000 150720
2012.06.11  102000 106500 107500 101000 232006
2012.06.12  103000 101000 105000 100500 133414
2012.06.13  103000 103500 104500 102500 80435
2012.06.14  103500 102500 106000 102500 228327
2012.06.15  107000 104500 107000 103500 178155
2012.06.18  108000 108000 108500 107000 192824
2012.06.19  107500 108500 108500 106500 115020
2012.06.20  106000 108000 108500 105500 138612
2012.06.21  106000 105500 106500 102500 163385
2012.06.22  103000 105000 105500 103000 88083
2012.06.25  104000 102500 104500 100000 147609
2012.06.26  102000 103000 105000 102000 89871
2012.06.27  103000 103000 105000 102000 109907
2012.06.28  102000 103000 104500 102000 109714
2012.06.29  106500 102500 106500 101500 125899
2012.07.02  105500 106500 107500 105000 99102
2012.07.03  106000 105500 107000 104500 78793
2012.07.04  106500 106000 108000 106000 78179
2012.07.05  109000 106500 110000 106500 131537
2012.07.06  107000 109000 109500 107000 83256
2012.07.09  103000 103000 104500 100500 398302
2012.07.10  102500 103000 105500 102500 197818
2012.07.11  103500 103500 104000 102500 77628
2012.07.12  100000 103000 104000 100000 192132
2012.07.13  100000 100500 101000 99400 160207
2012.07.16  98800 100000 100500 97200 125916
2012.07.17  98800 98500 100500 97800 65269
2012.07.18  98200 99000 99300 97200 89200
2012.07.19  98100 99500 99700 97300 75470
2012.07.20  97300 98500 98500 96700 98013
2012.07.23  95200 97300 97300 94500 93981
2012.07.24  94100 95500 95600 94100 67116
2012.07.25  93800 91800 96800 89200 44684
2012.07.26  94400 93000 95800 92600 47242
2012.07.27  98800 97800 99100 96500 62870
2012.07.30  97300 99000 99600 97300 42181
2012.07.31  100000 98300 101000 96800 110200
2012.08.01  100500 99600 101000 98300 42595
2012.08.02  100500 101000 101000 99500 54871
2012.08.03  98900 100500 100500 98200 37585
2012.08.06  100000 99100 102000 99100 64976
2012.08.07  104500 100000 105000 99900 114629
2012.08.08  106000 104500 106000 104000 101642
2012.08.09  107000 106000 107500 105500 171682
2012.08.10  108000 105500 108000 105500 113961
2012.08.13  106000 107000 108500 106000 82109
2012.08.14  108500 107000 108500 106000 115102
2012.08.16  109500 107500 111000 107500 116573
2012.08.17  109000 110000 110500 107500 100100
2012.08.20  109500 110000 110000 108500 97084
2012.08.21  109500 109500 110000 108000 84409
2012.08.22  110000 110000 110000 108000 94726
2012.08.23  108500 110000 110000 107500 103013
2012.08.24  108000 107500 108500 107000 74392
2012.08.27  109500 109000 109500 108000 117534
2012.08.28  109500 108500 110000 108500 75250
2012.08.29  113500 109500 115000 109000 290736
2012.08.30  109500 114000 114500 109500 139178
2012.08.31  109500 109000 109500 105000 172348
2012.09.03  109000 108500 109500 105500 53535
2012.09.04  105500 107000 109500 105500 55395
2012.09.05  102500 105000 105000 101500 130489
2012.09.06  102500 104000 104000 102000 52264
2012.09.07  105500 104000 105500 103500 180412
2012.09.10  106500 105500 107000 104000 64269
2012.09.11  106500 105000 108000 105000 76645
2012.09.12  105500 106500 107500 105000 88390
2012.09.13  105500 105500 106500 104000 49221
2012.09.14  110000 107000 110000 106500 116461
2012.09.17  107500 108500 108500 106000 79933
2012.09.18  109500 106500 109500 106500 46838
2012.09.19  107500 109500 110000 107000 53748
2012.09.20  107000 107500 108000 106000 29160
2012.09.21  107000 107000 108500 105500 67688
2012.09.24  107000 106000 107000 103500 89165
2012.09.25  105500 106000 106500 104000 52587
2012.09.26  104000 103500 105500 103000 71198
2012.09.27  103000 103000 104000 102000 67404
2012.09.28  99800 103000 103500 99800 113562
2012.10.02  100500 100000 101000 99500 59700
2012.10.04  101500 101500 103000 100500 55697
2012.10.05  101500 101500 103500 101000 50513
2012.10.08  102000 101000 103000 100500 59125
2012.10.09  103500 102500 105000 102500 60020
2012.10.10  102000 102000 103000 101500 31608
2012.10.11  100500 101500 102500 100000 66129
2012.10.12  100500 100500 101000 99500 45363
2012.10.15  98300 100000 100500 98100 59489
2012.10.16  96300 99000 99400 95900 70441
2012.10.17  97600 96300 99600 96300 41704
2012.10.18  97600 98300 98400 96100 47834
2012.10.19  96600 96600 97500 95900 35287
2012.10.22  94800 95800 95800 94800 36807
2012.10.23  95300 95000 96300 94800 40884
2012.10.24  95200 94400 95300 93500 54175
2012.10.25  92500 94000 95000 91900 87545
2012.10.26  91100 91600 94000 91100 35066
2012.10.29  93800 92700 94800 92200 53643
2012.10.30  95600 93800 97700 93400 59551
2012.10.31  95700 97000 97000 95100 26763
2012.11.01  93900 95600 95800 93200 38831
2012.11.02  95400 95300 95400 93800 57387
2012.11.05  94200 95300 96000 94000 25984
2012.11.06  94100 93500 94600 93200 48115
2012.11.07  94000 94100 94400 93100 56295
2012.11.08  91600 93600 93600 91600 66450
2012.11.09  91500 91100 92200 89500 55309
2012.11.12  90500 91100 92500 89900 44526
2012.11.13  90000 91400 91900 89000 40915
2012.11.14  91500 89300 91500 88400 31682
2012.11.15  90100 91300 91300 89400 40802
2012.11.16  87400 90200 90200 87400 56518
2012.11.19  90000 87100 90900 87100 29645
2012.11.20  90400 90300 91000 89700 26393
2012.11.21  92600 91300 93000 90700 55814
2012.11.22  96000 92900 96400 92600 101751
2012.11.23  96000 95400 96300 93600 66315
2012.11.26  97600 96000 97800 96000 55472
2012.11.27  96000 98200 98400 95900 50696
2012.11.28  95700 97000 97100 94300 29823
2012.11.29  97000 96300 97900 96000 32962
2012.11.30  99300 96000 99300 95700 74612
2012.12.03  98200 99800 100000 97700 47289
2012.12.04  97700 97900 98800 97000 58529
2012.12.05  96800 97300 98400 95700 43877
2012.12.06  97000 96100 97700 95800 45420
2012.12.07  96400 97000 97500 95100 39773
2012.12.10  95000 95100 96600 94700 44345
2012.12.11  96600 94700 96600 94700 45692
2012.12.12  97600 97400 97700 96700 37522
2012.12.13  101500 97500 101500 97100 178103
2012.12.14  98900 100000 101000 98000 98260
2012.12.17  99900 100000 102500 99500 122198
2012.12.18  101000 101000 101500 98100 64136
2012.12.20  104000 102000 104000 100500 107681
2012.12.21  102500 105000 105500 101500 110796
2012.12.24  103500 104000 104500 102500 77999
2012.12.26  101500 103500 104500 100500 77624
2012.12.27  102500 101000 103500 100000 83447
2012.12.28  103000 102500 104000 101000 60481
2013.01.02  104500 103000 104500 102000 56515
2013.01.03  107000 105000 108000 105000 116046
2013.01.04  107000 107000 108500 105500 66339
2013.01.07  106000 108000 108000 106000 31341
2013.01.08  106000 106000 106500 105000 23975
2013.01.09  104500 105000 106000 104500 35312
2013.01.10  104000 104000 106000 103500 51340
2013.01.11  105500 105000 106500 104500 46772
2013.01.14  107000 105500 107500 105500 50376
2013.01.15  107000 106000 107500 105500 44652
2013.01.16  107500 107500 108000 106000 59590
2013.01.17  108500 107500 109000 106500 47295
2013.01.18  108500 108000 109000 107500 44683
2013.01.21  107500 108500 109000 107000 38140
2013.01.22  106000 108500 109000 106000 49205
2013.01.23  105000 106000 108000 105000 54939
2013.01.24  104000 104000 107000 103000 52666
2013.01.25  102500 104000 105500 102500 53288
2013.01.28  104500 104000 105000 103000 40913
2013.01.29  103000 104000 105000 102500 34265
2013.01.30  104000 103000 105000 103000 44958
2013.01.31  103500 103500 108000 103500 82216
2013.02.01  104500 103500 105000 102500 63197
2013.02.04  107000 104500 108500 104000 75542
2013.02.05  106000 107000 108500 106000 45241
2013.02.06  108500 106000 108500 105500 48216
2013.02.07  106000 107500 109000 105000 84536
2013.02.08  103500 106000 106000 102500 77256
2013.02.12  104500 103500 105500 103500 48782
2013.02.13  106000 104000 106000 103500 55279
2013.02.14  105500 106000 106500 104500 57145
2013.02.15  104000 106000 106000 103500 42187
2013.02.18  105000 105000 105000 103500 43662
2013.02.19  105500 105000 105500 103500 40297
2013.02.20  104500 105500 105500 104000 109271
2013.02.21  104500 104000 105000 103500 50740
2013.02.22  105500 104000 105500 103500 85057
2013.02.25  107000 105500 107000 104500 64846
2013.02.26  102500 105500 106500 100000 145672
2013.02.27  101500 102500 102500 99600 124623
2013.02.28  103000 102000 103000 101000 75302
2013.03.04  103500 102500 103500 102000 53915
2013.03.05  101500 103000 103000 100500 77455
2013.03.06  102000 102500 102500 101000 42072
2013.03.07  102000 101500 103000 101000 30413
2013.03.08  102000 102000 102500 101000 20832
2013.03.11  98400 101500 101500 97900 116785
2013.03.12  98400 99300 99900 98200 76764
2013.03.13  97800 97700 98800 96700 75604
2013.03.14  96400 97100 98400 95100 115014
2013.03.15  95000 97100 97200 95000 96974
2013.03.18  96100 94500 96400 94100 47414
2013.03.19  97900 96600 98300 95500 57218
2013.03.20  97000 96900 97500 95100 63780
2013.03.21  97000 97000 98000 95400 69679
2013.03.22  94300 96000 96500 94200 73011
2013.03.25  97500 95600 97800 95000 63157
2013.03.26  98300 98000 99400 97600 101597
2013.03.27  99500 98000 99600 95000 83289
2013.03.28  99500 99500 99600 98200 45481
2013.03.29  96600 99000 100500 96600 76990
2013.04.01  98300 97900 98500 96400 31697
2013.04.02  98200 98700 99500 96300 91261
2013.04.03  96400 98300 98700 96000 49841
2013.04.04  94200 96500 96600 93300 82678
2013.04.05  91900 93800 94500 91200 56797
2013.04.08  92300 91100 93600 91000 35667
2013.04.09  91700 91100 93700 91100 34959
2013.04.10  91700 91300 92400 91000 26900
2013.04.11  94000 92600 94000 91500 50639
2013.04.12  90900 93100 94200 90000 55884
2013.04.15  90200 90000 90900 88700 48266
2013.04.16  90400 89700 90400 87600 67946
2013.04.17  89900 89000 90300 88800 47049
2013.04.18  88300 88000 89800 88000 32302
2013.04.19  93100 89000 93500 88400 60081
2013.04.22  93400 92000 94000 91000 49072
2013.04.23  93200 92800 93700 92100 50882
2013.04.24  94800 93200 96000 92600 53958
2013.04.25  95800 94800 96600 94400 44076
2013.04.26  94900 95800 96000 94000 55213
2013.04.29  94900 95500 95800 94200 28677
2013.04.30  92400 95000 96000 92400 110627
2013.05.02  93600 92100 94500 92100 30645
2013.05.03  98900 94600 99000 93500 91625
2013.05.06  97300 98900 99200 97000 48078
2013.05.07  99200 98000 100500 97300 134143
2013.05.08  97700 99300 99500 97200 39596
2013.05.09  99300 98400 99600 97200 44031
2013.05.10  96100 99300 99300 95900 44307
2013.05.13  98000 95500 98000 95000 23745
2013.05.14  98200 97200 98700 96200 26906
2013.05.15  98000 99100 99100 97200 29555
2013.05.16  103000 98900 103500 98000 131595
2013.05.20  102000 102500 103500 101000 56206
2013.05.21  101000 101500 103000 99900 53520
2013.05.22  102500 101000 104000 99600 121077
2013.05.23  105000 103000 105500 102000 146166
2013.05.24  102500 105000 105000 102000 49202
2013.05.27  103500 102500 103500 102000 41103
2013.05.28  103500 103000 105000 102500 102351
2013.05.29  103000 103500 105500 102000 69928
2013.05.30  101000 102500 103500 101000 52172
2013.05.31  102500 101500 102500 100000 84798
2013.06.03  99500 101500 102000 98900 74221
2013.06.04  100500 99800 101000 99000 50950
2013.06.05  103000 100500 103000 99400 70446
2013.06.07  103000 103500 104000 101500 48186
2013.06.10  103000 102000 103500 100000 43421
2013.06.11  100500 103000 103000 100500 32732
2013.06.12  101500 101000 102000 100500 40640
2013.06.13  96900 101500 102000 96900 125323
2013.06.14  100000 97700 100500 96600 58342
2013.06.17  99500 100500 101000 98100 41602
2013.06.18  100000 99900 100500 98600 32110
2013.06.19  101000 99800 101000 98700 33918
2013.06.20  97900 99900 100000 96600 63444
2013.06.21  95600 96000 97100 95000 64659
2013.06.24  96300 95000 97400 93600 41173
2013.06.25  93800 97400 97600 93800 74677
2013.06.26  95300 95000 98600 94200 89927
2013.06.27  95600 95600 97100 95400 35660
2013.06.28  99800 95100 99900 94900 69175
2013.07.01  97200 98100 99000 97200 46445
2013.07.02  97200 96700 98000 95700 55566
2013.07.03  96200 96500 97900 95200 42209
2013.07.04  97400 95700 97400 95400 16081
2013.07.05  97900 97900 98000 96300 23939
2013.07.08  96800 98300 98300 95300 21809
2013.07.09  99000 97500 99900 96300 44192
2013.07.10  99000 99600 99600 98200 30441
2013.07.11  102000 100500 102000 99800 62769
2013.07.12  103000 102000 104000 101000 124625
2013.07.15  103500 103000 103500 100500 46443
2013.07.16  100000 102500 103500 100000 40366
2013.07.17  103500 101000 104500 100000 61590
2013.07.18  104500 102500 105000 102500 62758
2013.07.19  101000 103500 104000 101000 42753
2013.07.22  101000 101500 103000 101000 16560
2013.07.23  103500 102000 103500 101500 29216
2013.07.24  103500 104000 104000 102000 22746
2013.07.25  101500 102500 103500 101500 29713
2013.07.26  103000 102000 104000 101500 29533
2013.07.29  103000 103000 104000 102000 32086
2013.07.30  102000 103000 103000 101500 22269
2013.07.31  101500 102500 103500 101500 114548
2013.08.01  105500 102000 105500 101500 94446
2013.08.02  107000 105500 107000 105000 58080
2013.08.05  109500 106500 110000 106500 86631
2013.08.06  109500 110000 110000 107000 64734
2013.08.07  108500 108500 109500 108000 31391
2013.08.08  107000 109500 109500 106500 33807
2013.08.09  107000 106000 107500 105500 32529
2013.08.12  108000 106000 109000 106000 35547
2013.08.13  110000 109000 110000 107000 41887
2013.08.14  109000 109000 110000 108000 44695
2013.08.16  106500 108000 108500 106500 38279
2013.08.19  108500 106500 109500 106500 35455
2013.08.20  106500 107500 109500 106500 47097
2013.08.21  106000 107000 107500 102500 69251
2013.08.22  106500 104500 106500 102500 64605
2013.08.23  103000 105000 106000 103000 74059
2013.08.26  106500 104500 106500 103500 108358
2013.08.27  104000 105500 106500 103000 69798
2013.08.28  106500 103500 107500 103500 50115
2013.08.29  107500 107000 108500 106500 59171
2013.08.30  109500 107000 110000 107000 110300
2013.09.02  109000 109500 110000 107500 47140
2013.09.03  105500 108500 109500 105500 95130
2013.09.04  106000 106000 106500 104500 67423
2013.09.05  109000 105500 109000 105000 64586
2013.09.06  108000 109000 111500 106500 112929
2013.09.09  109000 107500 109500 107500 54471
2013.09.10  110500 109500 111000 108000 128221
2013.09.11  114000 111000 114000 110000 120353
2013.09.12  114000 114000 115000 112500 137673
2013.09.13  116500 113000 117500 113000 126974
2013.09.16  116000 117500 118000 114500 84186
2013.09.17  113500 114500 116000 113000 63189
2013.09.23  116000 114000 116500 113500 98644
2013.09.24  112500 116500 116500 111500 76586
2013.09.25  116000 112000 116500 111000 104514
2013.09.26  117500 115000 117500 114500 62068
2013.09.27  116500 117500 118000 115500 41066
2013.09.30  115000 114500 115000 112000 106654
2013.10.01  114000 113000 115500 113000 38464
2013.10.02  115000 113500 116000 113500 61083
2013.10.04  116000 113500 116500 113000 69514
2013.10.07  114500 114500 116000 113000 40489
2013.10.08  114000 113000 114000 112500 37018
2013.10.10  115000 114000 115500 113000 64239
2013.10.11  116500 116000 117500 115000 70904
2013.10.14  118500 116000 119000 116000 39342
2013.10.15  118000 119000 119500 116500 49119
2013.10.16  117500 118000 119000 116500 38937
2013.10.17  123000 118500 123000 117500 134515
2013.10.18  121000 123000 123500 121000 69964
2013.10.21  121500 122500 122500 119000 47717
2013.10.22  123000 121500 124000 120500 74078
2013.10.23  124000 124000 124500 121500 60225
2013.10.24  122500 123500 123500 121500 47079
2013.10.25  120000 121500 122500 118500 33684
2013.10.28  120500 119000 120500 118500 42801
2013.10.29  119500 120500 121000 118500 36100
2013.10.30  123000 120500 123000 119000 54868
2013.10.31  114500 122500 123000 114500 167156
2013.11.01  115000 116500 118000 114500 60161
2013.11.04  117500 117000 117500 115000 54576
2013.11.05  117500 116500 119500 115500 75962
2013.11.06  125000 123000 126500 122000 202607
2013.11.07  123500 124000 125000 120500 123190
2013.11.08  122000 122500 124000 120500 89984
2013.11.11  122500 122000 123000 120500 56345
2013.11.12  122500 122500 123000 119500 63517
2013.11.13  118500 121000 122000 118500 74658
2013.11.14  120000 118500 123500 117000 111914
2013.11.15  121500 120500 123500 120500 63823
2013.11.18  121500 121500 123500 121000 46812
2013.11.19  125500 121000 126000 121000 101947
2013.11.20  128500 124500 129000 124500 99742
2013.11.21  127000 128500 128500 126000 80549
2013.11.22  131000 128500 134000 128500 194295
2013.11.25  134500 133500 137500 133000 127863
2013.11.26  133500 134500 136000 132500 82808
2013.11.27  132500 133500 134000 132000 92779
2013.11.28  138500 134000 140000 133500 133781
2013.11.29  135500 137500 140000 135500 97587
2013.12.02  134000 136000 136500 132000 106958
2013.12.03  132500 133500 134500 131000 100973
2013.12.04  131000 131500 132500 129500 101440
2013.12.05  131500 131000 133000 129000 92033
2013.12.06  129500 131000 133000 129500 86674
2013.12.09  131000 131500 132000 129000 73689
2013.12.10  130000 132500 132500 129500 63222
2013.12.11  131000 131000 132000 129000 84620
2013.12.12  126000 130000 131000 126000 132951
2013.12.13  131500 126500 131500 125000 79698
2013.12.16  129000 130000 130500 128000 85005
2013.12.17  130500 130500 131500 129500 60032
2013.12.18  130500 132500 132500 130000 74185
2013.12.19  129500 133000 133000 129500 79388
2013.12.20  130000 129000 130000 127000 105821
2013.12.23  129000 130500 131500 128000 90144
2013.12.24  133000 128500 133500 128500 95653
2013.12.26  133500 134500 134500 132500 65993
2013.12.27  132000 132500 133500 132000 62345
2013.12.30  135000 133000 135500 132000 55739
2014.01.02  131500 135500 135500 131000 68716
2014.01.03  128500 131000 132000 128000 80193
2014.01.06  128500 127500 130000 127500 47032
2014.01.07  129500 128000 131000 128000 49414
2014.01.08  128500 129500 130500 128000 70815
2014.01.09  127000 129000 129000 126500 98721
2014.01.10  129500 127500 130000 127000 57974
2014.01.13  127000 128500 128500 127000 74881
2014.01.14  127500 126500 128500 126500 40241
2014.01.15  130000 127000 130500 127000 51907
2014.01.16  128500 129000 130000 128000 77255
2014.01.17  128500 127500 129500 127500 53969
2014.01.20  131000 128000 132000 128000 62329
2014.01.21  132500 131000 133000 130500 80395
2014.01.22  132500 132000 133500 131000 58879
2014.01.23  132000 133000 134000 131000 59896
2014.01.24  131000 131000 132000 130000 58704
2014.01.27  125500 130000 130000 125500 80587
2014.01.28  124000 125500 127000 122500 86798
2014.01.29  125000 125000 127000 123500 106932
2014.02.03  127000 126500 128500 124500 57181
2014.02.04  123500 125000 127000 122000 60422
2014.02.05  121000 124500 124500 121000 42464
2014.02.06  128500 121000 131500 121000 111249
2014.02.07  133500 130000 134500 129000 68302
2014.02.10  132000 134500 134500 130500 46160
2014.02.11  128000 131000 132000 128000 76967
2014.02.12  130000 127500 130500 127000 115958
2014.02.13  132000 131000 133000 129500 124527
2014.02.14  133500 133000 133500 131000 89683
2014.02.17  135500 135500 136500 133500 101488
2014.02.18  136500 136000 136500 132000 105882
2014.02.19  136000 135500 137000 134000 62399
2014.02.20  135500 134500 137000 132500 68277
2014.02.21  136000 136000 137000 133500 96495
2014.02.24  139500 137000 141500 136000 154101
2014.02.25  140000 139500 140500 137000 102559
2014.02.26  138000 138000 140000 137000 52606
2014.02.27  142500 138500 145500 138500 228818
2014.02.28  145000 142500 148000 140500 215891
2014.03.03  145000 143500 147500 143000 96548
2014.03.04  143000 144500 146000 142000 93845
2014.03.05  147000 143000 148500 142000 92064
2014.03.06  146000 148000 154000 144000 173054
2014.03.07  154500 147500 154500 146000 161043
2014.03.10  155500 155000 160500 153500 135438
2014.03.11  153500 155000 156500 153000 90340
2014.03.12  151500 153000 155000 151500 97268
2014.03.13  156500 153500 159000 152000 114245
2014.03.14  154000 155000 157500 153500 92054
2014.03.17  154500 154000 155500 152500 59969
2014.03.18  151000 154000 155000 150000 89546
2014.03.19  153500 152000 154500 148000 146268
2014.03.20  153500 154500 155500 152000 50005
2014.03.21  148500 154000 154500 148500 100303
2014.03.24  149000 148500 150500 148000 54800
2014.03.25  144000 148500 150500 143000 142075
2014.03.26  148500 145500 149500 143500 110163
2014.03.27  146500 149000 150500 146500 87614
2014.03.28  144500 147000 149000 143000 86466
2014.03.31  149500 144500 150500 144000 88932
2014.04.01  153000 148000 153500 147500 105884
2014.04.02  150500 152000 153500 150500 66918
2014.04.03  146500 149500 150000 145500 72004
2014.04.04  145000 148000 148000 144500 90570
2014.04.07  145500 144500 147000 142500 54782
2014.04.08  144500 146000 146000 143500 62652
2014.04.09  149500 144500 149500 144500 92973
2014.04.10  149000 149500 151000 146500 51195
2014.04.11  148500 147000 149000 146000 49495
2014.04.14  148500 148000 149500 147000 31509
2014.04.15  146000 148000 150500 146000 66290
2014.04.16  143500 146500 147500 143500 85084
2014.04.17  144500 144000 146000 143000 80865
2014.04.18  144500 145000 145000 144000 42455
2014.04.21  144500 143500 145500 143500 22039
2014.04.22  147000 144500 147500 143500 50046
2014.04.23  144500 148500 149000 144500 69567
2014.04.24  146500 146000 148500 145500 79589
2014.04.25  142000 146000 147000 142000 67602
2014.04.28  139000 141000 141500 139000 47086
2014.04.29  142500 140500 142500 138000 70068
2014.04.30  141500 142000 146000 141500 129276
2014.05.02  143000 141500 144000 141000 48988
2014.05.07  143000 143000 144500 140500 58560
2014.05.08  150500 146500 151500 146500 206141
2014.05.09  153500 151000 156500 149000 160126
2014.05.12  155000 155000 158000 152500 93838
2014.05.13  154000 154000 156500 151500 73379
2014.05.14  157500 154500 159500 154000 94731
2014.05.15  156000 158000 159000 155500 58682
2014.05.16  161000 155500 164000 155000 194411
2014.05.19  168000 162000 169000 160000 179681
2014.05.20  166000 167000 168000 163500 104403
2014.05.21  165000 166000 166500 164000 73967
2014.05.22  168000 165500 170000 165500 115313
2014.05.23  164500 168500 168500 163500 109370
2014.05.26  166500 164000 167000 162500 65787
2014.05.27  163000 168000 168000 162500 83061
2014.05.28  164500 162000 164500 160500 120393
2014.05.29  166000 165000 168000 164000 102290
2014.05.30  165500 166000 167500 162500 301187
2014.06.02  166500 165000 167000 163000 73850
2014.06.03  173000 166000 174500 166000 215877
2014.06.05  176000 173000 177500 171500 135851
2014.06.09  168000 175500 177500 166500 160471
2014.06.10  169000 168000 170000 165500 78352
2014.06.11  168000 170500 170500 168000 44154
2014.06.12  165000 166500 171500 165000 86801
2014.06.13  165000 164500 167000 164000 73168
2014.06.16  165000 164500 168500 164000 54778
2014.06.17  170500 165000 172500 165000 85680
2014.06.18  169000 171000 174000 167500 60087
2014.06.19  170500 171000 172500 168000 59840
2014.06.20  172500 171500 174500 168500 90506
2014.06.23  172500 173500 174000 169500 72895
2014.06.24  171500 171000 173500 170500 72165
2014.06.25  166000 171000 171500 166000 110695
2014.06.26  166500 166000 168500 165500 109002
2014.06.27  166500 166500 168000 164000 2570985
2014.06.30  166500 163000 175000 158500 412055
2014.07.01  171000 168000 173000 166000 149332
2014.07.02  168000 171500 172500 166500 92151
2014.07.03  169500 167500 169500 167000 50658
2014.07.04  174500 170000 176000 169500 139422
2014.07.07  175500 174500 178500 173000 81144
2014.07.08  177500 174500 178500 172000 66083
2014.07.09  179000 175500 181000 175500 112412
2014.07.10  176000 179500 179500 175500 54750
2014.07.11  175500 174000 178000 173000 59500
2014.07.14  179000 177500 179500 175000 65452
2014.07.15  175500 179000 180000 175500 46679
2014.07.16  171500 175000 175500 170500 70888
2014.07.17  172500 171000 175500 171000 66237
2014.07.18  176000 172500 176000 171500 64330
2014.07.21  175500 175500 179000 175500 50963
2014.07.22  175500 175000 178000 174500 53894
2014.07.23  174000 176000 177500 171000 73476
2014.07.24  170000 174000 174500 170000 92532
2014.07.25  172000 170000 173000 169000 83073
2014.07.28  173500 173000 174000 170000 58722
2014.07.29  169500 175000 175500 164000 206465
2014.07.30  168500 169000 170500 166000 157851
2014.07.31  168500 168000 170500 166000 100740
2014.08.01  176500 168500 178500 168000 173727
2014.08.04  185500 177500 187000 177000 166918
2014.08.05  181500 185500 186500 180500 116019
2014.08.06  190000 180500 196000 180500 186213
2014.08.07  187500 190000 195500 186500 91439
2014.08.08  192000 190000 193500 188000 106957
2014.08.11  187000 193000 195000 185000 91687
2014.08.12  197000 193500 199500 191000 203666
2014.08.13  203500 194500 212000 194500 196690
2014.08.14  201500 202000 207000 201500 79346
2014.08.18  204000 204000 211000 203500 123495
2014.08.19  209000 204500 212500 204000 147205
2014.08.20  218000 213000 226000 210500 223195
2014.08.21  217000 219000 224500 214000 139092
2014.08.22  218000 217500 224000 216000 86170
2014.08.25  217000 216500 221000 213500 77811
2014.08.26  218500 218000 224500 215000 114112
2014.08.27  224000 220000 227000 220000 115181
2014.08.28  215000 222500 224000 214000 116266
2014.08.29  212500 217000 217500 211000 123715
2014.09.01  212500 213000 217500 211000 66605
2014.09.02  212500 215000 216000 201000 241275
2014.09.03  209500 209000 212000 203000 154098
2014.09.04  210500 210000 214500 206500 76332
2014.09.05  212000 208500 214500 208000 87938
2014.09.11  217500 211000 225500 210500 161684
2014.09.12  215500 220000 220000 213000 68585
2014.09.15  206500 215000 215500 203500 118231
2014.09.16  207500 208000 212000 207500 104039
2014.09.17  218000 206500 219500 206500 191510
2014.09.18  221500 217500 223000 217500 181797
2014.09.19  220500 223000 224000 220500 120525
2014.09.22  225500 220500 227500 218500 105238
2014.09.23  232500 228000 235500 225000 171701
2014.09.24  238500 234500 245000 229500 167194
2014.09.25  245500 240500 262000 237000 218342
2014.09.26  250000 245500 258500 245500 158434
2014.09.29  252000 251500 261500 251000 134063
2014.09.30  242500 252000 257500 242500 165143
2014.10.01  248500 241000 252000 240500 118468
2014.10.02  246500 248500 253000 244000 88803
2014.10.06  242500 247000 250500 237000 94975
2014.10.07  244000 243000 247000 240500 60873
2014.10.08  245000 242000 248000 238000 77822
2014.10.10  240000 249500 252500 240000 95846
2014.10.13  238500 241000 243000 236000 60707
2014.10.14  239000 242000 245000 237500 54674
2014.10.15  237500 239000 239000 231500 105762
2014.10.16  243500 237000 247000 234000 84852
2014.10.17  240000 246000 246500 233500 78030
2014.10.20  248000 242500 248500 240000 67689
2014.10.21  253500 248500 254500 248000 78065
2014.10.22  265500 257500 266000 254500 105241
2014.10.23  262500 265000 271500 261500 63835
2014.10.24  265000 265000 274000 262500 80045
2014.10.27  255500 266500 270000 252000 115938
2014.10.28  256000 256000 262500 254500 90782
2014.10.29  245500 256000 256500 245000 211014
2014.10.30  249000 246500 252500 237500 194976
2014.10.31  242500 248000 248500 235500 157982
2014.11.03  247000 238000 247000 237500 48946
2014.11.04  251500 248000 254000 245000 107960
2014.11.05  238500 253000 253500 238000 145067
2014.11.06  222000 238500 241000 220500 262981
2014.11.07  224000 221500 226000 221000 96914
2014.11.10  219000 223500 226500 219000 93851
2014.11.11  236000 219500 239000 219500 158492
2014.11.12  238500 234500 243000 233500 139456
2014.11.13  231500 242500 247000 227500 160495
2014.11.14  217000 235000 235500 214500 228293
2014.11.17  215500 217000 219000 212000 119944
2014.11.18  228500 215500 232000 215000 211579
2014.11.19  226500 230000 231000 221500 91450
2014.11.20  219000 226500 229500 218500 88623
2014.11.21  225000 221000 226000 217000 110417
2014.11.24  209000 225500 225500 208000 307196
2014.11.25  217500 211000 219500 207500 263329
2014.11.26  219000 220500 223500 219000 119986
2014.11.27  217500 219500 220500 211000 101504
2014.11.28  223000 215000 223500 214500 92736
2014.12.01  216500 221000 226000 216500 75376
2014.12.02  219000 216000 221500 215500 47665
2014.12.03  215500 217000 221000 214500 66124
2014.12.04  215500 215000 218000 214500 68431
2014.12.05  227000 215500 228500 215500 136792
2014.12.08  217500 225000 228500 215500 92809
2014.12.09  211500 216000 218000 210500 115775
2014.12.10  211500 211000 216000 209000 86845
2014.12.11  197000 209000 211000 197000 230822
2014.12.12  201000 198000 204500 196500 129997
2014.12.15  203000 200000 206000 197000 95815
2014.12.16  197000 199000 203000 196500 88637
2014.12.17  196500 199000 199500 195000 81753
2014.12.18  201500 200000 202500 195500 84452
2014.12.19  214500 203500 217500 203500 202369
2014.12.22  210000 218000 218000 207000 105711
2014.12.23  210000 211000 217000 209000 103840
2014.12.24  205500 210000 214500 205000 116567
2014.12.26  207500 207000 214000 205000 117671
2014.12.29  214500 208500 217500 208500 123430
2014.12.30  213500 216500 219500 213000 93917
2015.01.02  230500 211500 231000 211500 173289
2015.01.05  232000 227500 235500 224500 156380
2015.01.06  226000 229000 235500 223500 121522
2015.01.07  225500 226500 229500 223500 65848
2015.01.08  231000 226000 232000 224000 92993
2015.01.09  229000 233500 236000 228500 101133
2015.01.12  234500 227000 238000 226500 93272
2015.01.13  218000 231500 232000 215500 382677
2015.01.14  220000 222500 224500 219000 172950
2015.01.15  227000 220500 232000 220500 152568
2015.01.16  226500 226000 231000 221500 111576
2015.01.19  223000 229500 230000 223000 60921
2015.01.20  230000 226000 231500 222000 79161
2015.01.21  224000 227500 229500 223000 89347
2015.01.22  226000 224500 228500 224000 71713
2015.01.23  225000 228000 230000 223500 78223
2015.01.26  235500 228500 236000 225000 168364
2015.01.27  236500 234000 238500 232000 99558
2015.01.28  235000 236500 240500 233000 130075
2015.01.29  234000 235000 238000 233500 86674
2015.01.30  235000 236000 238000 233000 122119
2015.02.02  238000 235000 240000 232500 86421
2015.02.03  234000 240500 240500 233500 81416
2015.02.04  232000 235000 238000 230500 110021
2015.02.05  232000 232000 233500 227500 88633
2015.02.06  232000 231500 233000 227500 92623
2015.02.09  237000 230500 239500 230500 163303
2015.02.10  235500 237500 243000 235500 108849
2015.02.11  229500 235000 237000 229500 97070
2015.02.12  232000 229500 232500 228000 88932
2015.02.13  229000 231000 233000 227500 53028
2015.02.16  223500 227000 228500 213000 263040
2015.02.17  221000 222500 223500 215500 100385
2015.02.23  222500 222000 226000 221000 52925
2015.02.24  226000 221500 227500 221500 86124
2015.02.25  218500 227500 227500 218500 136878
2015.02.26  214000 218500 218500 208500 250617
2015.02.27  217000 213000 218000 212000 134852
2015.03.02  206500 215500 217000 203500 249510
2015.03.03  205000 206500 208500 204500 116655
2015.03.04  202000 205000 207500 202000 102439
2015.03.05  208500 202500 210000 201500 124587
2015.03.06  208500 210500 212000 206500 87127
2015.03.09  211000 210000 212000 208500 112352
2015.03.10  212500 212500 215000 210000 114315
2015.03.11  211500 213000 214500 211000 141237
2015.03.12  204000 210000 212500 204000 171002
2015.03.13  210000 204000 211500 203000 128141
2015.03.16  218500 207500 219500 205000 182012
2015.03.17  219000 220000 220000 214500 139065
2015.03.18  213500 218000 219500 213500 110081
2015.03.19  224000 215500 224500 215000 185035
2015.03.20  229000 222500 230500 222500 209600
2015.03.23  235500 231500 237000 227500 234863
2015.03.24  234000 236500 239500 233000 107208
2015.03.25  244000 235000 246500 234000 277778
2015.03.26  235000 244000 244000 234500 180992
2015.03.27  234000 236000 240000 232000 175315
2015.03.30  233500 237000 241000 232000 120046
2015.03.31  232500 236000 239000 227500 201723
2015.04.01  240000 232000 241000 230500 156131
2015.04.02  238500 238500 244000 236000 109352
2015.04.03  245000 239500 246000 237000 101437
2015.04.06  241500 247500 250000 241000 93987
2015.04.07  235500 242500 244000 233000 120809
2015.04.08  239000 235500 241000 233500 80344
2015.04.09  235500 237000 241000 233000 86159
2015.04.10  235500 235500 236500 232500 92515
2015.04.13  227000 234000 235500 226500 153355
2015.04.14  226000 228500 233000 224000 130766
2015.04.15  229000 230000 233500 228500 126645
2015.04.16  240500 229500 240500 229000 178594
2015.04.17  237500 240500 242000 236000 94678
2015.04.20  231500 248000 254000 229500 746024
2015.04.21  245000 235000 247000 234000 585398
2015.04.22  239000 245000 248000 238000 209100
2015.04.23  248500 241000 253000 239000 241828
2015.04.24  244500 248500 252000 242000 166687
2015.04.27  245000 245500 248000 242500 120778
2015.04.28  252500 252000 255000 248000 230211
2015.04.29  253500 255000 256000 248500 159907
2015.04.30  254500 250500 257000 250000 159532
2015.05.04  254000 255000 256500 253500 67483
2015.05.06  254000 254500 256000 251000 71415
2015.05.07  246500 255000 257000 244500 157195
2015.05.08  244500 247500 249000 244000 74427
2015.05.11  243000 246000 246000 240500 171004
2015.05.12  249500 243000 250500 240500 89332
2015.05.13  250000 247500 251000 244500 84536
2015.05.14  246500 248000 250000 244500 96435
2015.05.15  243000 245500 246500 242500 99449
2015.05.18  246500 241500 246500 241000 54937
2015.05.19  245000 244000 247500 243000 56646
2015.05.20  250500 244000 252000 242500 100103
2015.05.21  252000 249000 252500 245500 117028
2015.05.22  245500 253000 253000 244500 109698
2015.05.26  247500 243500 248000 242000 68942
2015.05.27  239500 244500 246500 237500 133407
2015.05.28  249000 240000 252000 240000 205765
2015.05.29  249500 247000 256000 245500 199377
2015.06.01  282000 256500 286500 255000 484423
2015.06.02  273500 287000 287500 272000 295739
2015.06.03  272500 277500 281500 269500 130953
2015.06.04  275000 269500 280500 264000 145825
2015.06.05  281000 272000 282500 271500 104799
2015.06.08  278000 279500 283500 273500 80910
2015.06.09  269000 278500 278500 267000 101035
2015.06.10  262500 269000 272000 262000 119885
2015.06.11  254500 264000 266500 254500 124539
2015.06.12  266500 258500 270000 257000 211248
2015.06.15  266000 269500 278000 266000 148068
2015.06.16  265500 270000 270000 258500 88285
2015.06.17  272500 264000 274000 263000 77954
2015.06.18  271500 272500 272500 266500 91113
2015.06.19  277500 272000 281500 270000 166279
2015.06.22  281500 276500 285000 275000 138381
2015.06.23  274500 283000 284500 273000 111726
2015.06.24  269000 274000 280000 255000 255602
2015.06.25  277500 269000 281000 267000 151233
2015.06.26  279500 279500 281000 275000 107330
2015.06.29  268500 272000 275500 266500 87896
2015.06.30  276500 267500 276500 266000 89812
2015.07.01  282500 277000 282500 271000 89342
2015.07.02  285000 284500 285500 279000 83583
2015.07.03  280000 284000 284500 275500 52666
2015.07.06  270000 276000 278500 270000 45353
2015.07.07  276000 273000 279000 270500 100224
2015.07.08  270500 277000 281000 270500 76198
2015.07.09  287000 270500 287000 265000 135328
2015.07.10  290000 288000 297500 284000 122289
2015.07.13  295000 287500 300500 284500 121258
2015.07.14  296500 295500 305000 290000 160048
2015.07.15  296000 295000 304000 293500 129269
2015.07.16  292000 297000 300500 292000 455320
2015.07.17  299000 295000 303500 292500 110492
2015.07.20  309000 297500 311000 297500 101056
2015.07.21  309000 311000 311000 303500 84136
2015.07.22  302500 305500 308000 300500 72928
2015.07.23  314500 303500 316000 302000 113350
2015.07.24  320500 314500 324000 310000 134922
2015.07.27  306500 319000 319500 304000 98892
2015.07.28  304000 306000 307500 291500 204022
2015.07.29  287500 302000 310500 287500 195843
2015.07.30  293500 288000 302000 287500 230112
2015.07.31  306000 295000 306000 293500 190170
2015.08.03  303000 308500 308500 298000 104808
2015.08.04  304000 306000 306000 298500 89013
2015.08.05  299000 301500 304500 299000 80979
2015.08.06  309500 299000 313000 299000 159231
2015.08.07  298000 309500 311000 298000 102285
2015.08.10  291500 298000 299000 288000 117858
2015.08.11  298000 295000 298500 292500 79350
2015.08.12  304000 298000 304000 296000 154635
2015.08.13  310500 305000 314000 303500 137638
2015.08.17  298500 298500 304500 297000 191794
2015.08.18  265500 295500 298500 264500 394780
2015.08.19  274500 268500 275000 260000 333440
2015.08.20  256000 269500 272500 255500 301256
2015.08.21  256000 245000 258500 244000 230093
2015.08.24  240000 255000 256000 237000 305500
2015.08.25  234000 240000 245000 231000 500304
2015.08.26  240500 236500 241500 232000 381139
2015.08.27  247500 241500 252500 239500 337529
2015.08.28  262000 256500 265000 252000 322565
2015.08.31  270000 278500 279000 265000 478312
2015.09.01  270000 269000 273500 266500 214777
2015.09.02  270000 266000 272000 266000 225449
2015.09.03  270000 270000 273000 268500 135124
2015.09.04  257000 269000 269000 250500 234671
2015.09.07  256000 255500 258000 248500 267174
2015.09.08  249000 255500 256500 244500 349197
2015.09.09  250500 250500 253500 247000 359084
2015.09.10  254500 247500 254500 247000 241613
2015.09.11  254000 251000 255000 250000 153718
2015.09.14  254500 254000 255000 250500 170034
2015.09.15  254000 254000 255000 252000 154855
2015.09.16  254000 254500 258000 253000 250169
2015.09.17  254000 255000 255500 253000 166093
2015.09.18  253500 253500 254500 251500 207362
2015.09.21  252500 253500 254000 248000 167535
2015.09.22  255500 255000 256000 251500 129190
2015.09.23  249500 252500 254000 249500 166888
2015.09.24  247500 251000 251500 242500 214744
2015.09.25  242000 245500 247500 239000 311597
2015.09.30  244000 236500 248000 234500 230502
2015.10.01  246000 242000 253000 242000 181715
2015.10.02  251500 246500 253500 246500 182059
2015.10.05  251500 251000 257500 251000 138685
2015.10.06  254000 253000 256000 252500 194644
2015.10.07  260500 254000 263500 254000 237245
2015.10.08  260500 261500 263000 256500 235525
2015.10.12  254500 258500 262000 254500 192761
2015.10.13  257500 256000 259000 254500 131463
2015.10.14  265000 256500 267000 256500 150266
2015.10.15  266000 263500 268500 263500 166554
2015.10.16  269000 266000 270500 266000 183764
2015.10.19  270000 268000 270500 267000 146683
2015.10.20  270000 268000 272500 266000 160570
2015.10.21  269000 268000 272000 268000 173264
2015.10.22  269500 267000 271500 267000 173474
2015.10.23  269000 270500 273500 267000 167895
2015.10.26  267500 269000 270500 262500 130922
2015.10.27  267000 265000 267500 263000 95703
2015.10.28  266000 265000 267000 264500 95772
2015.10.29  269000 264000 271500 264000 128831
2015.10.30  267000 267500 270500 267000 185929
2015.11.02  269000 265000 270500 264000 107606
2015.11.03  254000 268500 270000 222500 1567849
2015.11.04  265500 260000 266500 256500 374872
2015.11.05  258000 264000 264000 258000 211238
2015.11.06  261000 256000 263500 255500 141902
2015.11.09  256500 259000 261000 254500 148598
2015.11.10  251500 254000 255000 247000 161719
2015.11.11  252000 249000 256000 248500 88192
2015.11.12  250000 250500 254000 247500 80152
2015.11.13  239000 246000 249000 239000 143336
2015.11.16  241500 230000 245500 229000 165686
2015.11.17  245000 244000 249000 238000 141407
2015.11.18  251000 245000 255500 244000 109054
2015.11.19  248000 250500 251000 241500 151220
2015.11.20  243000 247000 249500 242000 134570
2015.11.23  250500 243500 254000 242000 133991
2015.11.24  258000 259000 262500 255500 217122
2015.11.25  261500 258000 263500 256000 119336
2015.11.26  269000 261500 273500 259000 182058
2015.11.27  276000 271500 277000 269000 187577
2015.11.30  270000 273500 274000 264000 398583
2015.12.01  270000 267500 271500 264500 158801
2015.12.02  268000 268500 270000 265500 91602
2015.12.03  264500 265500 267000 261000 93111
2015.12.04  260500 259500 262500 258500 115866
2015.12.07  262000 261000 265000 260500 88405
2015.12.08  256000 259000 261000 254000 108676
2015.12.09  256500 253500 258500 252500 80444
2015.12.10  254000 255000 256500 250000 129990
2015.12.11  252500 252000 254000 249500 134588
2015.12.14  252000 249000 252500 244500 89842
2015.12.15  253500 252000 253500 248000 93245
2015.12.16  261000 255500 262000 253000 144034
2015.12.17  256500 261500 263500 254000 128802
2015.12.18  261500 253500 265000 252500 116200
2015.12.21  258500 258500 263000 256000 88029
2015.12.22  262000 258500 262500 256500 64428
2015.12.23  265000 262000 266500 260000 87095
2015.12.24  260500 265500 267000 260000 92103
2015.12.28  254500 260500 260500 254500 67595
2015.12.29  250500 251500 253500 248500 121614
2015.12.30  240500 250500 251500 235500 397072
2016.01.04  234500 243000 245000 234500 173905
2016.01.05  241000 236000 244000 234000 182985
2016.01.06  239000 241000 243000 237500 108574
2016.01.07  240500 237000 243000 236000 113376
2016.01.08  241500 240500 242500 235000 81557
2016.01.11  239000 238000 241500 236000 84152
2016.01.12  237500 240000 246000 237000 86196
2016.01.13  242500 239000 245000 238000 90207
2016.01.14  240000 239000 240500 235000 96090
2016.01.15  234500 243500 243500 234500 99523
2016.01.18  232000 233000 237500 231000 74060
2016.01.19  237500 232000 238500 232000 76550
2016.01.20  219500 236500 237500 217500 257290
2016.01.21  219000 219000 227000 218500 147015
2016.01.22  229500 222500 231500 222500 210484
2016.01.25  230000 231000 232000 225500 127984
2016.01.26  232000 230000 236000 227500 83313
2016.01.27  234000 234000 236000 229000 112469
2016.01.28  230000 231000 233000 228000 106476
2016.01.29  236000 229500 236500 227500 107965
2016.02.01  239500 236000 241000 235000 81910
2016.02.02  233500 238000 241000 231000 98758
2016.02.03  225500 229000 231500 224500 87573
2016.02.04  233500 227500 235000 224000 94199
2016.02.05  236000 235000 237000 230500 73900
2016.02.11  224500 228500 231500 220000 146539
2016.02.12  217000 222000 222000 212500 190943
2016.02.15  218500 220000 222000 217500 93580
2016.02.16  223000 220000 226500 219000 120505
2016.02.17  218500 224000 228000 217500 139886
2016.02.18  229000 222500 230000 221500 206088
2016.02.19  233000 228000 233000 226000 98518
2016.02.22  230500 231000 232000 226500 77632
2016.02.23  230500 231000 234500 228500 110169
2016.02.24  239500 229500 241500 229500 185082
2016.02.25  240500 241000 244000 236500 125435
2016.02.26  249500 244000 258000 243000 234946
2016.02.29  248000 251000 254500 247000 187976
2016.03.02  248000 249000 252500 245000 125241
2016.03.03  249000 246000 249000 240500 172711
2016.03.04  243500 245000 249000 243500 105349
2016.03.07  237000 242500 246000 235000 203144
2016.03.08  233000 235000 237500 231000 131802
2016.03.09  235000 233000 235500 229500 136589
2016.03.10  236500 234000 241000 231000 185599
2016.03.11  231000 235000 237500 230000 181121
2016.03.14  229000 232000 232500 226500 211709
2016.03.15  242500 250500 258000 240500 894351
2016.03.16  244500 240500 246500 237500 233440
2016.03.17  238500 243500 247000 238500 163597
2016.03.18  238500 239000 246000 237500 247555
2016.03.21  235000 239500 242000 233000 147449
2016.03.22  242500 235500 242500 234500 169420
2016.03.23  237500 241500 242000 236500 136811
2016.03.24  236500 238000 238500 235500 128101
2016.03.25  234000 238000 238500 233000 103618
2016.03.28  229500 233500 233500 228000 137888
2016.03.29  229500 228500 234500 225500 192651
2016.03.30  227500 230500 230500 225000 165525
2016.03.31  223000 227500 228000 221000 233641
2016.04.01  223000 221500 226500 220500 168644
2016.04.04  224000 223000 225500 223000 112737
2016.04.05  217000 223500 223500 215000 213077
2016.04.06  216500 217000 218500 214500 148356
2016.04.07  217500 217500 219500 215500 114133
2016.04.08  218500 217500 219000 215000 108834
2016.04.11  222000 218500 223000 218000 107082
2016.04.12  223000 222500 226000 219500 149825
2016.04.14  231000 225000 231500 224500 193576
2016.04.15  228000 230000 231000 225500 111004
2016.04.18  226000 226000 227000 221500 124659
2016.04.19  226500 226000 228000 222500 106171
2016.04.20  223500 225500 227500 223000 81671
2016.04.21  228500 224500 229000 224000 101591
2016.04.22  224500 228500 228500 222500 89306
2016.04.25  233000 226000 233500 225500 199445
2016.04.26  234500 232500 235000 232000 107440
2016.04.27  229500 234000 234500 228000 138602
2016.04.28  227000 230000 231500 225000 133945
2016.04.29  224000 227000 227500 223000 91844
2016.05.02  219000 223000 224000 219000 107560
2016.05.03  219000 221000 221000 217000 110591
2016.05.04  216000 216500 218500 214000 123642
2016.05.09  212000 214500 215500 209000 169590
2016.05.10  213500 209500 213500 206000 144164
2016.05.11  214000 214000 215500 210000 147270
2016.05.12  213500 212000 215500 211500 93592
2016.05.13  224500 215500 225500 215000 316851
2016.05.16  228500 222000 228500 221000 153323
2016.05.17  226000 226500 227500 221500 190136
2016.05.18  221500 224500 226000 218500 145652
2016.05.19  224500 219500 224500 219500 122297
2016.05.20  230000 222000 230000 222000 134828
2016.05.23  228500 230000 231000 226000 95190
2016.05.24  231000 228500 234000 226500 168671
2016.05.25  228500 232500 233000 227500 92956
2016.05.26  227500 227500 230000 226500 78265
2016.05.27  234000 229500 234000 227500 141854
2016.05.30  231500 232500 235000 228500 110370
2016.05.31  229000 231000 236000 226500 1137778
2016.06.01  222500 229000 229500 222500 186213
2016.06.02  223000 222000 224500 219500 110066
2016.06.03  221000 221500 223000 215500 186941
2016.06.07  220500 223000 223000 217500 126826
2016.06.08  224000 223000 225500 219000 120644
2016.06.09  224500 223500 225000 221000 146984
2016.06.10  220000 222500 224000 219500 114094
2016.06.13  217000 219500 219500 216000 85043
2016.06.14  215000 217000 218500 214500 100269
2016.06.15  215000 215000 220500 214500 100155
2016.06.16  214500 215500 216500 213500 56173
2016.06.17  211500 216500 216500 210000 106720
2016.06.20  214000 214500 215000 211000 59581
2016.06.21  215000 212500 215500 212500 49917
2016.06.22  217500 215000 218000 214000 69144
2016.06.23  213000 216000 217500 212500 74557
2016.06.24  205500 214000 217000 200500 255329
2016.06.27  202500 200500 204000 199000 149844
2016.06.28  200000 199500 202000 199000 182890
2016.06.29  201500 201500 203500 199500 106782
2016.06.30  202500 203000 204500 201500 109791
2016.07.01  204000 203500 208000 202500 127650
2016.07.04  205000 204500 207500 204000 94291
2016.07.05  203000 205500 206000 202500 64425
2016.07.06  201000 202500 204500 199000 97305
2016.07.07  202500 203500 205000 202000 57587
2016.07.08  203000 202500 204000 200500 57054
2016.07.11  208000 204500 211000 203500 116207
2016.07.12  209000 211000 211000 207500 88539
2016.07.13  213000 209000 213500 208500 111821
2016.07.14  214000 213500 214000 209500 82536
2016.07.15  211000 214500 214500 209500 101853
2016.07.18  212000 211000 213000 209000 44939
2016.07.19  212000 212000 212000 210000 56491
2016.07.20  212500 211000 212500 209000 56620
2016.07.21  208500 212500 212500 206500 90547
2016.07.22  209000 207500 210000 206500 48539
2016.07.25  211000 210000 211500 209000 64348
2016.07.26  213500 211000 214000 210000 73431
2016.07.27  210500 212000 213500 210500 47794
2016.07.28  209000 210500 213000 206000 108681
2016.07.29  208500 208000 210000 206000 88583
2016.08.01  209500 208500 210000 207500 83923
2016.08.02  208000 208500 210500 207000 78018
2016.08.03  207500 206500 209000 206000 61051
2016.08.04  216500 208500 217000 207500 151970
2016.08.05  223000 216500 223000 214000 209570
2016.08.08  225000 223000 225000 221500 102624
2016.08.09  226500 224500 227000 222500 112206
2016.08.10  222500 224500 225000 221500 85745
2016.08.11  224000 221500 224500 221000 84687
2016.08.12  226500 224000 230000 223000 114054
2016.08.16  226500 226500 228500 225000 75504
2016.08.17  227500 226500 229500 225500 91425
2016.08.18  224000 227500 227500 222000 108006
2016.08.19  214500 222500 223500 214000 205429
2016.08.22  212000 212000 213500 209000 95295
2016.08.23  210500 212000 214500 210500 64021
2016.08.24  214500 210500 216000 210500 60623
2016.08.25  214000 214500 217000 211500 84990
2016.08.26  213000 213500 215500 211500 66707
2016.08.29  211500 211500 213500 210000 61167
2016.08.30  211500 211000 213500 210500 61464
2016.08.31  212000 212500 213000 210000 84126
2016.09.01  209500 210500 210500 205500 91738
2016.09.02  208500 209500 210500 207500 52809
2016.09.05  211000 208000 212000 208000 50419
2016.09.06  212000 210500 212500 210000 58656
2016.09.07  218500 211500 219500 211000 164769
2016.09.08  213500 218500 218500 213000 112565
2016.09.09  212500 212500 214000 209500 62257
2016.09.12  207500 211000 212500 207000 76651
2016.09.13  206000 209500 210500 205500 79194
2016.09.19  207000 206000 210500 204500 99862
2016.09.20  208000 208000 209000 205500 85546
2016.09.21  208500 205500 209000 205000 58429
2016.09.22  209500 209500 211500 208500 79381
2016.09.23  214500 212000 214500 209500 96780
2016.09.26  212000 214500 214500 210500 50869
2016.09.27  211500 212500 212500 208500 88909
2016.09.28  210000 211500 212000 209000 80699
2016.09.29  211000 211000 213500 210000 81503
2016.09.30  212000 209500 212000 208000 68210
2016.10.04  210000 212000 212000 208500 78529
2016.10.05  211000 208000 211000 207500 91181
2016.10.06  209000 209500 210500 208000 81377
2016.10.07  209500 208000 210000 207000 77451
2016.10.10  212000 210500 213000 209000 93353
2016.10.11  213500 213500 213500 210500 103792
2016.10.12  214500 213500 215500 212000 93120
2016.10.13  209500 213500 214000 209500 78066
2016.10.14  208500 209500 211500 208500 66912
2016.10.17  219000 211000 221000 210000 241975
2016.10.18  227500 218500 228500 218500 332130
2016.10.19  228500 225500 229000 223500 173255
2016.10.20  228000 228500 229000 225000 135593
2016.10.21  228000 228500 229000 226000 126682
2016.10.24  226500 227500 230500 225500 107264
2016.10.25  224500 226500 227500 222500 73109
2016.10.26  222000 223500 225500 220500 106218
2016.10.27  225500 220500 226500 220000 95020
2016.10.28  222500 222500 223500 220500 86758
2016.10.31  223500 219500 223500 218000 72091
2016.11.01  220000 224000 224000 217500 61047
2016.11.02  216500 219500 219500 213500 136368
2016.11.03  223500 214500 225500 214000 128952
2016.11.04  229000 224500 230000 222500 173391
2016.11.07  230000 231500 231500 226000 95222
2016.11.08  232000 228500 233000 228500 96637
2016.11.09  230000 233000 233500 222500 132727
2016.11.10  230500 231500 231500 226500 101674
2016.11.11  226500 230000 231500 225000 96279
2016.11.14  229500 225000 231000 224000 106724
2016.11.15  236000 232500 238500 229000 268383
2016.11.16  240000 239500 245000 235000 250560
2016.11.17  239500 239000 242500 235000 104378
2016.11.18  234500 237000 239500 234500 86075
2016.11.21  231500 236000 238000 231500 62481
2016.11.22  236500 234000 240000 233500 123114
2016.11.23  245000 237000 246500 237000 218381
2016.11.24  240500 244000 245000 236500 114854
2016.11.25  239500 242000 242000 235000 74025
2016.11.28  233500 236500 237500 233000 95703
2016.11.29  233500 234000 238000 233500 70355
2016.11.30  231500 233500 235500 228000 178426
2016.12.01  232000 232000 238000 230500 108440
2016.12.02  232500 234500 234500 229500 67051
2016.12.05  232000 232500 235000 228500 46606
2016.12.06  235000 236000 239000 233000 100049
2016.12.07  231500 234000 235000 231000 63609
2016.12.08  240000 234000 240000 232000 122618
2016.12.09  235500 237000 240000 233500 78194
2016.12.12  235000 237500 237500 233000 71161
2016.12.13  233000 235000 236000 233000 70668
2016.12.14  229000 233500 234500 227500 94522
2016.12.15  227500 227000 230000 226000 90065
2016.12.16  228500 228500 232000 227500 104747
2016.12.19  225000 229000 230500 225000 66282
2016.12.20  228000 225500 232000 225000 100126
2016.12.21  226500 230500 230500 226500 79750
2016.12.22  230500 226500 233000 226500 116112
2016.12.23  230000 232500 233000 229500 66084
2016.12.26  233500 230000 234000 228500 80551
2016.12.27  232500 233000 233500 230000 74941
2016.12.28  228500 230000 232000 228000 69887
2016.12.29  229500 229500 231500 226000 81769
2017.01.02  230000 231000 232000 228000 40990
2017.01.03  229000 230000 231500 226500 68653
2017.01.04  227000 229000 231500 226500 87451
2017.01.05  233000 227000 234500 227000 136342
2017.01.06  232500 233000 236000 231500 59767
2017.01.09  230000 231500 233500 228000 69235
2017.01.10  229500 228500 230500 228500 47770
2017.01.11  231000 228000 232500 228000 83381
2017.01.12  230500 231500 235000 230000 105019
2017.01.13  227000 229000 230000 225500 160035
2017.01.16  224500 227000 228500 224000 130587
2017.01.17  218000 225000 225500 216000 227068
2017.01.18  216500 218500 220000 215000 153638
2017.01.19  218000 219500 222500 216000 175575
2017.01.20  213500 218000 218000 212500 150230
2017.01.23  212000 212000 215000 211500 160895
2017.01.24  216000 214000 219500 214000 206173
2017.01.25  213000 214500 218000 211000 161605
2017.01.26  219000 214000 222000 211500 143375
2017.01.31  216500 219000 221000 216500 100813
2017.02.01  219500 216500 221000 216500 105214
2017.02.02  223000 218500 225000 218000 132773
2017.02.03  221000 223500 224000 219500 109484
2017.02.06  225500 224500 229000 222000 143118
2017.02.07  225000 227000 227000 223500 100351
2017.02.08  226000 223500 227000 222000 84324
2017.02.09  226500 226000 227500 223000 55795
2017.02.10  224000 227500 227500 222500 107940
2017.02.13  225000 223500 225000 222500 63070
2017.02.14  224000 225000 225000 221000 99440
2017.02.15  226500 222500 227000 222500 79053
2017.02.16  225500 227500 228500 223000 68585
2017.02.17  220500 223000 225000 219000 111520
2017.02.20  218500 220000 220500 216500 89786
2017.02.21  219000 218000 221000 217500 125364
2017.02.22  217000 218500 220000 216000 127057
2017.02.23  217500 218000 219500 216000 138708
2017.02.24  216000 217000 218000 214000 130901
2017.02.27  216000 216500 220000 215000 113363
2017.02.28  218000 218000 221500 218000 184547
2017.03.02  215500 218000 220000 213000 199294
2017.03.03  217000 214500 217000 213500 117787
2017.03.06  214500 215500 217000 213000 67172
2017.03.07  215500 215000 217000 214500 111090
2017.03.08  215500 215000 217500 214000 85586
2017.03.09  217500 215000 220500 215000 193222
2017.03.10  223000 218000 224000 216500 208171
2017.03.13  225000 223000 226000 222000 139204
2017.03.14  226500 225000 228500 225000 161715
2017.03.15  233000 228000 234500 224500 190518
2017.03.16  232500 235000 235500 230000 133188
2017.03.17  233000 233000 235000 230000 138826
2017.03.20  231000 230000 232000 228500 66041
2017.03.21  232500 233000 233000 229500 131984
2017.03.22  233000 231500 234000 230000 89637
2017.03.23  236000 235000 238000 232500 99745
2017.03.24  232000 236500 236500 229000 90228
2017.03.27  229000 230000 231000 227500 64136
2017.03.28  237000 231000 239000 230500 189917
2017.03.29  242000 237500 242000 235500 173085
2017.03.30  240000 242000 242000 239000 65076
2017.03.31  243500 240000 244500 239000 146277
2017.04.03  243000 245000 246000 240500 65626
2017.04.04  238000 240500 242000 237500 83528
2017.04.05  235500 238000 239500 234000 103381
2017.04.06  235500 235500 235500 230500 125969
2017.04.07  236500 235000 237000 231500 88994
2017.04.10  232000 235500 236500 229500 78462
2017.04.11  231500 230000 235000 229500 78867
2017.04.12  229500 230500 231500 228500 69438
2017.04.13  234500 231500 234500 229500 70558
2017.04.14  229500 232500 233000 228500 68192
2017.04.17  231500 229000 232000 229000 45985
2017.04.18  233000 233500 236000 232000 77158
2017.04.19  233000 231000 235500 231000 55250
2017.04.20  239000 233000 241000 232000 144127
2017.04.21  240000 240000 241000 237500 87215
2017.04.24  241000 241500 245000 239000 87888
2017.04.25  247000 238500 248000 238500 179124
2017.04.26  248000 245500 250500 245500 119502
2017.04.27  245000 248500 250000 243500 88957
2017.04.28  242500 240500 245000 240500 93734
2017.05.02  245000 243000 248000 241000 80878
2017.05.04  248500 243000 248500 243000 71234
2017.05.08  250000 250500 250500 242500 107860
2017.05.10  245500 255000 257000 245000 165472
2017.05.11  246000 247500 247500 243000 177361
2017.05.12  250500 246000 251500 244000 173904
2017.05.15  249000 251000 254500 248500 161145
2017.05.16  255500 250000 256500 246500 555720
2017.05.17  261500 256000 264500 255000 326616
2017.05.18  262000 258500 264500 255500 205460
2017.05.19  266000 261000 268000 261000 158433
2017.05.22  265500 269500 270000 262500 168990
2017.05.23  271000 265000 273500 263500 233054
2017.05.24  270000 273000 275000 267500 219859
2017.05.25  280500 273000 280500 269000 250433
2017.05.26  274500 280500 281500 274000 271968
2017.05.29  280000 276500 285500 274000 282786
2017.05.30  273000 281000 283000 272000 252828
2017.05.31  273500 272500 279000 271000 1473645
2017.06.01  285000 275000 287500 270500 393625
2017.06.02  287500 285000 288500 281500 174227
2017.06.05  284000 287500 288000 282500 145537
2017.06.07  280500 280500 286000 280000 179953
2017.06.08  279500 284000 284500 274000 277279
2017.06.09  283000 280500 283500 277000 178403
2017.06.12  275000 279500 280000 274000 147551
2017.06.13  277000 276000 278500 273000 130576
2017.06.14  275500 276500 280500 273000 171641
2017.06.15  268000 273500 275500 261000 312410
2017.06.16  269500 269000 270500 266000 132200
2017.06.19  274500 271000 277500 268500 159445
2017.06.20  274500 273500 280000 272000 124917
2017.06.21  274500 275000 277000 268000 125113
2017.06.22  285000 274000 286000 270000 192009
2017.06.23  277500 285000 286500 277000 136498
2017.06.26  279000 277500 281500 277000 83879
2017.06.27  279000 277500 282500 275500 103448
2017.06.28  280500 279000 283000 277500 79650
2017.06.29  274000 281500 282500 274000 110516
2017.06.30  278000 274500 280000 274000 96692
2017.07.03  282000 282000 284000 279000 105514
2017.07.04  276500 281500 281500 274000 90777
2017.07.05  277500 276500 278000 274500 68689
2017.07.06  276500 277500 280000 271000 83714
2017.07.07  269000 271000 276000 268000 109866
2017.07.10  271000 268500 273000 268000 71014
2017.07.11  269000 270000 272000 265000 106647
2017.07.12  267500 268000 270500 265000 80821
2017.07.13  267000 270000 271500 267000 104143
2017.07.14  275500 267500 277000 267500 137634
2017.07.17  273500 278000 278000 273500 84799
2017.07.18  273000 276000 276000 271500 51545
2017.07.19  273500 275000 277500 271500 80427
2017.07.20  276000 276000 276000 271500 88502
2017.07.21  281500 275500 283000 274000 167102
2017.07.24  280500 282000 282000 276000 87344
2017.07.25  278000 281000 281000 276000 89431
2017.07.26  267000 279500 280000 264500 184515
2017.07.27  273000 269000 274000 268000 88198
2017.07.28  267000 270000 273500 267000 95325
2017.07.31  271500 263500 271500 263000 68634
2017.08.01  273500 269500 276000 269500 94478
2017.08.02  270500 273500 276000 269000 93949
2017.08.03  262500 269500 270500 261500 138993
2017.08.04  269000 261000 271000 261000 143041
2017.08.07  275000 275500 282000 275000 190277
2017.08.08  277500 277500 280000 274000 98088
2017.08.09  274000 274500 275500 271500 89080
2017.08.10  273500 270000 277000 270000 100112
2017.08.11  270500 270000 274000 268500 88111
2017.08.14  271500 271500 273500 270500 76592
