2007.09.19  6090 7160 8230 6090 3567408
2007.09.20  5190 5820 6180 5180 1158442
2007.09.21  5120 5260 5960 5100 1257439
2007.09.27  4730 5250 5320 4730 455220
2007.09.28  4500 4750 4910 4435 458309
2007.10.01  4575 4545 4660 4480 477478
2007.10.02  4305 4610 4645 4305 516476
2007.10.04  4450 4305 4535 4250 441475
2007.10.05  4650 4460 4935 4460 432729
2007.10.08  4900 4720 4990 4600 378129
2007.10.09  4750 4865 4930 4700 167189
2007.10.10  4735 4840 4900 4640 242077
2007.10.11  4600 4735 4735 4550 150015
2007.10.12  4940 4520 4940 4400 136826
2007.10.15  5150 4990 5150 4900 169494
2007.10.16  4875 5260 5280 4875 195091
2007.10.17  4750 4820 4880 4520 87292
2007.10.18  4620 4770 4800 4570 142741
2007.10.19  4675 4575 4720 4520 73558
2007.10.22  4470 4310 4675 4310 87081
2007.10.23  4450 4430 4500 4310 95966
2007.10.24  4230 4410 4480 4130 101179
2007.10.25  4030 4230 4230 3970 84814
2007.10.26  3905 4000 4025 3845 92135
2007.10.29  4170 3865 4230 3865 59136
2007.10.30  4160 4100 4200 4010 48480
2007.10.31  4050 4100 4200 4010 36966
2007.11.01  4050 4140 4300 4020 70605
2007.11.02  4010 3915 4230 3900 126857
2007.11.05  3955 4100 4115 3870 82751
2007.11.06  4010 4000 4010 3920 44902
2007.11.07  4010 4060 4090 3930 39384
2007.11.08  3965 3900 4000 3890 33287
2007.11.09  3900 3980 4090 3880 19740
2007.11.12  3855 3950 3950 3835 37408
2007.11.13  3900 3900 3940 3860 22418
2007.11.14  3900 4000 4090 3850 65825
2007.11.15  3630 3900 3900 3565 180906
2007.11.16  3520 3565 3605 3375 128012
2007.11.19  3450 3575 3575 3430 46010
2007.11.20  3365 3330 3485 3245 36354
2007.11.21  3365 3340 3445 3280 36186
2007.11.22  3210 3355 3355 3110 35589
2007.11.23  3320 3190 3600 3190 85338
2007.11.26  3365 3485 3485 3310 40644
2007.11.27  3420 3320 3515 3300 47311
2007.11.28  3420 3340 3470 3340 12936
2007.11.29  3390 3485 3485 3355 12317
2007.11.30  3455 3475 3475 3325 20315
2007.12.03  3645 3500 3790 3420 57220
2007.12.04  3590 3695 3695 3535 16903
2007.12.05  3650 3570 3670 3560 22514
2007.12.06  3645 3685 3775 3590 24926
2007.12.07  3655 3690 3690 3560 30516
2007.12.10  3650 3655 3720 3570 19122
2007.12.11  3455 3735 3735 3435 59458
2007.12.12  3490 3460 3650 3425 28681
2007.12.13  3410 3500 3565 3365 73362
2007.12.14  3400 3450 3450 3330 19266
2007.12.17  3255 3400 3400 3255 24822
2007.12.18  3260 3255 3290 3150 33177
2007.12.20  3260 3335 3335 3195 10463
2007.12.21  3260 3200 3285 3150 41775
2007.12.24  3260 3230 3295 3160 17969
2007.12.26  3265 3485 3485 3210 59232
2007.12.27  3355 3380 3380 3260 3153
2007.12.28  3360 3300 3390 3215 12039
2008.01.02  3380 3370 3470 3370 35217
2008.01.03  3365 3410 3425 3305 3348
2008.01.04  3370 3400 3400 3280 3447
2008.01.07  3400 3330 3520 3280 37356
2008.01.08  3435 3360 3455 3340 33816
2008.01.09  3400 3455 3455 3260 15310
2008.01.10  3390 3470 3470 3330 9805
2008.01.11  3375 3310 3395 3305 8674
2008.01.14  3200 3305 3305 3180 31541
2008.01.15  3200 3440 3440 3100 92275
2008.01.16  3070 3150 3180 3060 31020
2008.01.17  3150 3090 3280 3005 13981
2008.01.18  3250 3190 3250 3100 20082
2008.01.21  3240 3380 3380 3010 9447
2008.01.22  3065 3000 3220 2800 47642
2008.01.23  3020 3200 3200 2915 25799
2008.01.24  3020 3020 3075 2915 27884
2008.01.25  3020 3035 3035 2955 1930
2008.01.28  3030 3070 3070 2975 24345
2008.01.29  3190 3090 3200 3000 32387
2008.01.30  3050 3160 3215 3050 27198
2008.01.31  3080 3050 3170 2910 25326
2008.02.01  3085 3190 3190 3030 14444
2008.02.04  3115 3085 3115 3050 14002
2008.02.05  3100 3170 3230 2930 20694
2008.02.11  3085 3115 3115 2950 3261
2008.02.12  3070 3080 3080 3000 4097
2008.02.13  3170 3145 3170 3000 19132
2008.02.14  3135 3200 3345 3095 51694
2008.02.15  3195 3135 3195 3005 14902
2008.02.18  3185 3215 3215 3100 9686
2008.02.19  3115 3185 3185 3070 13953
2008.02.20  3400 3100 3580 3050 213555
2008.02.21  3795 3390 3890 3310 323329
2008.02.22  3790 3740 3850 3620 129005
2008.02.25  3780 3785 3940 3705 117113
2008.02.26  3565 3740 3820 3535 101226
2008.02.27  3585 3585 3650 3455 46338
2008.02.28  3655 3640 3850 3495 46349
2008.02.29  3760 3680 3780 3600 55286
2008.03.03  3670 3650 3830 3590 56256
2008.03.04  3950 3650 3950 3650 137964
2008.03.05  3880 4050 4085 3805 92221
2008.03.06  3800 3830 3890 3710 59395
2008.03.07  4070 3800 4070 3695 190117
2008.03.10  4150 4180 4290 4025 246504
2008.03.11  4190 4055 4300 4055 147867
2008.03.12  4450 4170 4500 4170 128522
2008.03.13  4205 4480 4480 4205 143186
2008.03.14  4310 4415 4700 4300 254086
2008.03.17  4875 4370 4875 4340 508115
2008.03.18  4170 5600 5600 4155 1443487
2008.03.19  3950 4170 4250 3930 359303
2008.03.20  3770 3865 4030 3770 202773
2008.03.21  3810 3880 3995 3810 118648
2008.03.24  3715 3845 3890 3710 155893
2008.03.25  3710 3815 3815 3680 159631
2008.03.26  3455 3740 3770 3370 248021
2008.03.27  3520 3490 3590 3390 133882
2008.03.28  3560 3520 3600 3470 71777
2008.03.31  3510 3555 3600 3500 56340
2008.04.01  3710 3520 3860 3515 113892
2008.04.02  3700 3785 3785 3665 51727
2008.04.03  3705 3700 3775 3680 39289
2008.04.04  3690 3775 3775 3670 34081
2008.04.07  3740 3690 3805 3650 55942
2008.04.08  3770 3690 3780 3660 17963
2008.04.10  3770 3765 3770 3655 19715
2008.04.11  3900 3780 4040 3765 51943
2008.04.14  3885 3900 3950 3830 13485
2008.04.15  3870 3885 3930 3830 26590
2008.04.16  3770 3880 3910 3755 28720
2008.04.17  3670 3770 3865 3670 36857
2008.04.18  3650 3620 3670 3575 26577
2008.04.21  3660 3620 3740 3610 21212
2008.04.22  3750 3650 3765 3600 28652
2008.04.23  3660 3750 3770 3660 25682
2008.04.24  3765 3660 3765 3645 67202
2008.04.25  4325 3800 4325 3780 760814
2008.04.28  4440 4480 4620 4200 650564
2008.04.29  4060 4455 4535 4060 524501
2008.04.30  4065 4060 4175 3960 104418
2008.05.02  4600 4130 4630 4065 373830
2008.05.06  4450 4590 4600 4345 125251
2008.05.07  4470 4460 4495 4350 79333
2008.05.08  4365 4400 4685 4365 124203
2008.05.09  4300 4390 4410 4225 68737
2008.05.13  4535 4390 4650 4380 180349
2008.05.14  4400 4410 4585 4385 74614
2008.05.15  4100 4410 4470 4100 96333
2008.05.16  4150 4145 4195 4020 68591
2008.05.19  4145 4240 4260 4145 48868
2008.05.20  4535 4130 4545 4075 119605
2008.05.21  4540 4540 4755 4440 128373
2008.05.22  4440 4560 4650 4435 57261
2008.05.23  4600 4495 4890 4460 234360
2008.05.26  4400 4570 4620 4400 79323
2008.05.27  4150 4400 4445 4110 103581
2008.05.28  4125 4250 4250 4125 33902
2008.05.29  4010 4135 4220 3950 114710
2008.05.30  3995 4020 4100 3990 58004
2008.06.02  3970 4050 4080 3885 71181
2008.06.03  4000 4000 4160 3910 42869
2008.06.04  4025 3950 4040 3905 59215
2008.06.05  3980 4025 4030 3945 27496
2008.06.09  3745 3945 3950 3385 121326
2008.06.10  3500 3745 3800 3475 120452
2008.06.11  3580 3505 3585 3400 63650
2008.06.12  3615 3500 3700 3500 59030
2008.06.13  3645 3555 3675 3550 29858
2008.06.16  3750 3640 3825 3560 54908
2008.06.17  3750 3760 3760 3615 33480
2008.06.18  3730 3760 3760 3560 38785
2008.06.19  3540 3685 3725 3540 36425
2008.06.20  3540 3620 3640 3430 52874
2008.06.23  3410 3500 3580 3105 17965
2008.06.24  3460 3440 3540 3400 33709
2008.06.25  3335 3455 3455 3160 101351
2008.06.26  3245 3340 3410 3200 55452
2008.06.27  3200 3155 3240 3100 23951
2008.06.30  3300 3150 3310 3140 22122
2008.07.01  3230 3300 3370 3150 16246
2008.07.02  3175 3180 3255 3000 37192
2008.07.03  2995 3150 3150 2900 70715
2008.07.04  2990 3000 3090 2850 23981
2008.07.07  2850 3040 3040 2825 43901
2008.07.08  2915 2810 2940 2800 40992
2008.07.09  2900 3000 3000 2810 18282
2008.07.10  2925 2780 2940 2780 6841
2008.07.11  2990 2880 2995 2880 15354
2008.07.14  2995 2950 2995 2910 14827
2008.07.15  2870 2945 2995 2835 16810
2008.07.16  2855 2850 2920 2770 47531
2008.07.17  2890 2820 2940 2800 16101
2008.07.18  2790 2775 2925 2775 26813
2008.07.21  2895 2770 2895 2770 18678
2008.07.22  2810 2890 2890 2800 37197
2008.07.23  2835 2810 2880 2810 29329
2008.07.24  3260 2880 3260 2800 125247
2008.07.25  3085 3330 3340 3060 170713
2008.07.28  3160 3130 3200 3080 55329
2008.07.29  3120 3145 3280 3100 114190
2008.07.30  3025 3125 3190 3025 40042
2008.07.31  3040 3025 3095 2950 37051
2008.08.01  2940 3000 3010 2910 21513
2008.08.04  2950 3000 3210 2810 189760
2008.08.05  3035 3000 3100 2960 37788
2008.08.06  3250 3065 3305 3065 141378
2008.08.07  3160 3220 3340 3145 67224
2008.08.08  3210 3200 3250 3135 15189
2008.08.11  3100 3210 3240 3070 59111
2008.08.12  3005 3055 3140 3005 54019
2008.08.13  3000 3000 3025 2965 28209
2008.08.14  3095 3015 3150 3000 27208
2008.08.18  3060 3080 3155 3060 30460
2008.08.19  3035 3100 3100 3020 18227
2008.08.20  3020 3080 3080 2995 32197
2008.08.21  2925 3000 3050 2925 42077
2008.08.22  2900 2980 2980 2840 36618
2008.08.25  2895 2900 2995 2850 23079
2008.08.26  2860 2835 2900 2835 21398
2008.08.27  2970 2830 3025 2830 28439
2008.08.28  2970 3100 3100 2950 15866
2008.08.29  2950 3035 3035 2940 31982
2008.09.01  2895 2860 2950 2850 26913
2008.09.02  2895 2900 3120 2835 59844
2008.09.03  2910 2900 2950 2885 51786
2008.09.04  2855 2990 2990 2855 59093
2008.09.05  2805 2850 2900 2800 44574
2008.09.08  2830 2895 2900 2830 46365
2008.09.09  2900 2815 2900 2815 28401
2008.09.10  2900 2900 2970 2840 18042
2008.09.11  2945 3130 3130 2880 23249
2008.09.12  2945 3100 3100 2890 50094
2008.09.16  2610 2630 2830 2610 63692
2008.09.17  2780 2650 2900 2650 22363
2008.09.18  2785 2615 2800 2615 20834
2008.09.19  2785 2800 2890 2715 68583
2008.09.22  2695 2785 2790 2695 38956
2008.09.23  2750 2675 2750 2665 49801
2008.09.24  2715 2700 2870 2700 34836
2008.09.25  2750 2715 2755 2675 70944
2008.09.26  2670 2715 2715 2665 22809
2008.09.29  2650 2670 2790 2650 69556
2008.09.30  2475 2365 2545 2260 46673
2008.10.01  2595 2550 2610 2480 43918
2008.10.02  2550 2690 2710 2530 35807
2008.10.06  2550 2455 2550 2455 50387
2008.10.07  2550 2450 2590 2450 14658
2008.10.08  2455 2405 2485 2405 42245
2008.10.09  2490 2310 2560 2310 32636
2008.10.10  2400 2495 2495 2360 30986
2008.10.13  2330 2585 2590 2305 36329
2008.10.14  2330 2500 2500 2320 9830
2008.10.15  2395 2450 2450 2320 2854
2008.10.16  2200 2350 2350 2135 7355
2008.10.17  2245 2225 2340 2125 2530
2008.10.20  2260 2340 2340 2130 1128
2008.10.21  2110 2150 2260 2080 26495
2008.10.22  2000 2160 2160 1880 7220
2008.10.23  1700 2125 2125 1700 17466
2008.10.24  1445 1445 1740 1445 79885
2008.10.27  1240 1235 1335 1230 49884
2008.10.28  1375 1090 1420 1070 23729
2008.10.29  1200 1400 1540 1180 23202
2008.10.30  1370 1210 1375 1210 8770
2008.10.31  1415 1310 1460 1310 9120
2008.11.03  1410 1575 1575 1370 22294
2008.11.04  1470 1410 1475 1395 9669
2008.11.05  1480 1490 1590 1455 29302
2008.11.06  1440 1365 1460 1335 14881
2008.11.07  1470 1385 1470 1300 8888
2008.11.10  1400 1590 1590 1355 5540
2008.11.11  1430 1375 1485 1350 9451
2008.11.12  1400 1580 1580 1370 2812
2008.11.13  1380 1390 1390 1300 6292
2008.11.14  1420 1360 1480 1360 6115
2008.11.17  1410 1440 1440 1325 8410
2008.11.18  1340 1405 1410 1340 3142
2008.11.19  1290 1400 1400 1290 11108
2008.11.20  1280 1215 1290 1200 4933
2008.11.21  1345 1280 1350 1230 4885
2008.11.24  1300 1280 1350 1280 7028
2008.11.25  1335 1440 1440 1265 9340
2008.11.26  1350 1385 1385 1275 1076
2008.11.27  1390 1400 1415 1350 2772
2008.11.28  1490 1450 1540 1380 14352
2008.12.01  1645 1535 1710 1470 29934
2008.12.02  1890 1555 1890 1555 133764
2008.12.03  2170 2005 2170 2005 76944
2008.12.04  2330 2450 2495 2225 332605
2008.12.05  2330 2335 2420 2130 74159
2008.12.08  2285 2380 2395 2210 52410
2008.12.09  2260 2305 2370 2195 32350
2008.12.10  2135 2390 2390 2000 86657
2008.12.11  2120 2135 2220 1970 51833
2008.12.12  2115 2120 2120 1950 20804
2008.12.15  2225 2190 2225 2070 18263
2008.12.16  2555 2225 2555 2110 64022
2008.12.17  2810 2800 2935 2640 150614
2008.12.18  2700 2900 2900 2600 84030
2008.12.19  2800 2770 2895 2700 41983
2008.12.22  2945 2795 3045 2720 55563
2008.12.23  2995 2900 3000 2810 38026
2008.12.24  2875 2995 2995 2850 17052
2008.12.26  2770 2890 2980 2585 53242
2008.12.29  2850 2740 2850 2550 35482
2008.12.30  3050 2945 3050 2795 53915
2009.01.02  3030 3085 3085 2950 20233
2009.01.05  2885 3030 3030 2815 11637
2009.01.06  2835 3085 3085 2750 21713
2009.01.07  2750 2900 2900 2690 19545
2009.01.08  2790 2745 2970 2650 69935
2009.01.09  2790 2800 2985 2730 22095
2009.01.12  2825 2750 2910 2720 22689
2009.01.13  2800 2875 2875 2745 8804
2009.01.14  2770 2700 2840 2700 16728
2009.01.15  2700 2670 2875 2555 4597
2009.01.16  2540 2895 2895 2435 67440
2009.01.19  2410 2510 2655 2350 94756
2009.01.20  2440 2360 2490 2275 50242
2009.01.21  2395 2400 2440 2280 49707
2009.01.22  2330 2355 2500 2295 143605
2009.01.23  2230 2330 2330 2170 105971
2009.01.28  2160 2330 2380 2130 143731
2009.01.29  2180 2280 2280 2100 187058
2009.01.30  2190 2180 2205 2150 58510
2009.02.02  2295 2205 2310 2200 237694
2009.02.03  2550 2300 2620 2295 491968
2009.02.04  2580 2700 2720 2530 525302
2009.02.05  2415 2600 2660 2400 226780
2009.02.06  2775 2530 2775 2525 1377814
2009.02.09  2655 2810 2810 2655 474633
2009.02.10  2510 2700 2700 2300 328712
2009.02.11  2885 2560 2885 2540 893522
2009.02.12  2785 2880 3025 2710 814878
2009.02.13  2865 2850 2970 2810 391354
2009.02.16  2845 2870 3035 2825 341979
2009.02.17  2450 2850 2890 2450 296905
2009.02.18  2330 2400 2435 2105 307859
2009.02.19  2260 2270 2370 2160 212507
2009.02.20  2025 2265 2265 1990 218381
2009.02.23  2315 1950 2325 1910 201808
2009.02.24  2200 2150 2295 2005 153781
2009.02.25  2530 2265 2530 2265 307275
2009.02.26  2270 2580 2670 2155 759588
2009.02.27  2200 2350 2380 2100 117185
2009.03.02  2030 2200 2200 2025 114215
2009.03.03  1980 1915 2075 1880 194625
2009.03.04  2085 1985 2160 1985 151001
2009.03.05  2395 2395 2395 2395 254950
2009.03.06  2470 2460 2605 2405 1013527
2009.03.09  2370 2400 2500 2325 218107
2009.03.10  2280 2375 2700 2200 816948
2009.03.11  2225 2370 2450 2175 313727
2009.03.12  2270 2300 2345 2240 184956
2009.03.13  2265 2300 2340 2260 146350
2009.03.16  2210 2340 2440 2210 236330
2009.03.17  2255 2220 2315 2200 156097
2009.03.18  2500 2310 2510 2285 402131
2009.03.19  2300 2540 2550 2280 1157807
2009.03.20  2360 2340 2420 2320 248402
2009.03.23  2300 2400 2430 2280 227968
2009.03.24  2270 2385 2385 2260 191850
2009.03.25  2285 2260 2360 2260 156585
2009.03.26  2350 2295 2370 2270 180819
2009.03.27  2280 2370 2370 2275 183939
2009.03.30  2320 2355 2420 2290 555064
2009.03.31  2665 2400 2665 2330 1381151
2009.04.01  2660 2695 2780 2605 827017
2009.04.02  2730 2700 2970 2635 1604670
2009.04.03  2795 2845 2885 2740 586354
2009.04.06  2755 2830 3010 2755 592808
2009.04.07  2855 2790 2920 2670 477360
2009.04.08  2965 2790 2985 2780 375639
2009.04.09  3150 3055 3400 3050 858485
2009.04.10  3200 3320 3395 3195 715019
2009.04.13  3270 3200 3455 3150 534624
2009.04.14  3090 3310 3390 3090 507396
2009.04.15  2950 3090 3140 2755 424525
2009.04.16  2935 2995 3185 2900 415034
2009.04.17  2910 2940 3050 2810 314902
2009.04.20  3210 3000 3290 3000 718154
2009.04.21  3200 3065 3275 3065 340752
2009.04.22  3680 3680 3680 3680 212038
2009.04.23  4230 4230 4230 4230 34147
2009.04.24  4860 4795 4860 3600 6241365
2009.04.27  5310 4860 5580 4710 3386363
2009.04.28  4520 5300 5390 4520 1950596
2009.04.29  5110 4455 5170 4250 2591485
2009.04.30  5070 5030 5330 4700 1485773
2009.05.04  5150 5100 5780 4905 2088198
2009.05.06  5450 5200 5450 4925 1486849
2009.05.07  5700 5560 6160 5340 3496816
2009.05.08  5460 5500 5780 5340 1213941
2009.05.11  6270 5630 6270 5480 2214764
2009.05.12  6160 6250 7100 6150 3413805
2009.05.13  6650 6200 6840 6180 1978782
2009.05.14  7280 6580 7400 6360 2196343
2009.05.15  8150 7420 8210 7190 2510126
2009.05.18  8210 7900 9190 7230 3423519
2009.05.19  8040 8000 8630 7700 2373960
2009.05.20  7550 7900 7940 7270 1301564
2009.05.21  7140 7520 7770 7000 1010340
2009.05.22  6910 7410 7710 6910 1524862
2009.05.25  6830 6700 6880 5880 1048061
2009.05.26  7260 6990 7700 6610 2773776
2009.05.27  6350 7350 7350 6300 732176
2009.05.28  5670 6020 6210 5400 745262
2009.05.29  5960 5960 6030 5530 374108
2009.06.01  6240 6200 6340 6010 442300
2009.06.02  6160 6240 6410 6080 512307
2009.06.03  6200 6350 6450 6110 732200
2009.06.04  6790 6250 6800 6120 1220959
2009.06.05  7700 7130 7790 7050 3815192
2009.06.08  7300 7650 8290 7260 3686945
2009.06.09  6500 7450 7600 6500 1366589
2009.06.10  6520 6500 6750 6200 742782
2009.06.11  5960 6390 6670 5880 760573
2009.06.12  6640 6000 6840 5780 2144751
2009.06.15  6850 6700 7210 6600 3042606
2009.06.16  6000 6790 7150 5960 1835131
2009.06.17  5900 5930 6390 5540 2463839
2009.06.18  6010 5900 6300 5800 1497136
2009.06.19  5600 6020 6060 5470 765890
2009.06.22  5220 5530 5630 5210 696231
2009.06.23  4720 5050 5190 4610 531358
2009.06.24  4720 4795 4890 4410 510991
2009.06.25  4855 4800 5020 4745 435354
2009.06.26  4660 4980 5090 4660 526729
2009.06.29  4100 4655 4660 4030 650500
2009.06.30  4020 4200 4250 3975 570414
2009.07.01  4200 4020 4345 4020 655314
2009.07.02  4365 4280 4525 4185 856407
2009.07.03  4600 4160 4600 4155 511709
2009.07.06  4750 4600 4980 4520 752309
2009.07.07  4675 4840 4840 4555 522662
2009.07.08  4515 4650 4650 4485 454437
2009.07.09  4350 4585 4640 4320 242461
2009.07.10  5000 4760 5000 4760 403379
2009.07.13  5570 5750 5750 5290 4702670
2009.07.14  5190 5500 5640 4965 2951997
2009.07.15  5960 5290 5960 5250 4558108
2009.07.16  5800 5940 6450 5560 3762042
2009.07.17  6400 5930 6400 5780 3177412
2009.07.20  6580 6400 7170 6180 6162136
2009.07.21  6150 6640 6770 6150 2100082
2009.07.22  5900 6200 6520 5850 1912831
2009.07.23  5660 5900 5950 5450 1503127
2009.07.24  5700 5800 5950 5630 1827839
2009.07.27  5660 5640 5830 5590 815296
2009.07.28  5920 5740 5950 5570 1337380
2009.07.29  5660 5940 6160 5640 1809351
2009.07.30  5380 5690 5760 5250 754287
2009.07.31  5310 5490 5730 5260 860924
2009.08.03  5370 5310 5390 5100 585084
2009.08.04  5220 5380 5540 5180 610322
2009.08.05  5340 5220 5350 5170 450087
2009.08.06  5240 5390 5480 5240 644949
2009.08.07  5350 5240 5410 5200 1153660
2009.08.10  5220 5450 5450 5200 536755
2009.08.11  5050 5200 5210 5010 624820
2009.08.12  5060 5000 5140 5000 422917
2009.08.13  5550 5100 5680 5030 1614450
2009.08.14  5750 5560 5980 5460 3170620
2009.08.17  5560 5660 5690 5400 933382
2009.08.18  5760 5500 5780 5430 1508656
2009.08.19  5460 5850 5980 5460 2128504
2009.08.20  5080 5380 5480 5080 1291104
2009.08.21  4920 5140 5160 4820 870973
2009.08.24  4630 4930 5200 4300 2058190
2009.08.25  4505 4630 4930 4435 699460
2009.08.26  4605 4600 4695 4520 377547
2009.08.27  4520 4605 4645 4500 280389
2009.08.28  4410 4595 4595 4370 452517
2009.08.31  4170 4415 4530 4150 399410
2009.09.01  4220 4155 4290 4020 392914
2009.09.02  4300 4155 4530 4120 457067
2009.09.03  4450 4360 4680 4250 868139
2009.09.04  4345 4455 4545 4300 304207
2009.09.07  4285 4300 4435 4200 248408
2009.09.08  4190 4285 4285 4130 319446
2009.09.09  4065 4190 4230 4065 223631
2009.09.10  4100 4065 4320 4065 433442
2009.09.11  4355 4105 4550 4100 1075859
2009.09.14  4515 4400 4580 4280 614003
2009.09.15  5190 4710 5190 4700 1463174
2009.09.16  5960 5330 5960 5270 2214078
2009.09.17  5900 6500 6780 5520 9026136
2009.09.18  6150 5850 6440 5820 5192642
2009.09.21  5340 5910 6050 5330 2390968
2009.09.22  5560 5400 5790 5340 2805802
2009.09.23  5480 5570 5600 5140 1164942
2009.09.24  5200 5400 5450 5020 796014
2009.09.25  5270 5110 5390 5030 707086
2009.09.28  4900 5260 5340 4900 545160
2009.09.29  4720 4955 4985 4430 699710
2009.09.30  4840 4660 5250 4610 1667917
2009.10.01  5560 4900 5560 4805 2558151
2009.10.05  5680 5410 6250 5360 7887558
2009.10.06  5270 5800 6070 5220 3023782
2009.10.07  5630 5370 5950 5330 7127529
2009.10.08  5540 5640 5680 5290 1506926
2009.10.09  5270 5530 5940 5220 2580052
2009.10.12  5250 5330 5400 5140 1015710
2009.10.13  5430 5260 5860 5240 3857423
2009.10.14  6240 5530 6240 5530 3991890
2009.10.15  5770 6430 6530 5600 6057825
2009.10.16  5500 5740 5900 5410 2655793
2009.10.19  5530 5500 5740 5460 1331298
2009.10.20  4710 4710 4710 4710 117234
2009.10.21  4165 4360 4460 4040 4577440
2009.10.22  4180 4185 4310 4080 2359399
2009.10.23  4360 4270 4535 4185 2440353
2009.10.26  4190 4375 4380 4050 614240
2009.10.27  4240 4225 4460 4210 1067557
2009.10.28  4420 4490 4875 4320 6153238
2009.10.29  4275 4400 4565 4220 1692187
2009.10.30  4200 4425 4425 4190 715142
2009.11.02  4010 4000 4125 3835 838901
2009.11.03  3850 3865 3985 3760 1496526
2009.11.04  3655 3705 3810 3515 1435534
2009.11.05  3545 3655 3700 3445 635751
2009.11.06  3580 3930 3975 3580 661945
2009.11.09  3735 3560 3780 3560 352930
2009.11.10  3640 3775 3870 3610 435859
2009.11.11  3890 3740 4125 3635 1591643
2009.11.12  4025 3900 4130 3810 1156652
2009.11.13  4225 4000 4225 3945 1096734
2009.11.16  4020 4690 4695 4020 1849247
2009.11.17  4400 4150 4525 4120 2809159
2009.11.18  4400 4320 4425 4215 1236532
2009.11.19  4285 4410 4510 4165 1884758
2009.11.20  4065 4150 4240 4000 1462698
2009.11.23  3965 4020 4060 3905 694120
2009.11.24  3775 3945 4020 3750 710823
2009.11.25  3730 3800 3850 3600 495515
2009.11.26  3610 3730 3860 3570 685674
2009.11.27  3415 3530 3570 3305 495160
2009.11.30  3125 3400 3415 3080 1066613
2009.12.01  3250 3100 3400 3070 1974062
2009.12.02  3255 3250 3420 3170 842798
2009.12.03  3370 3275 3500 3275 1013164
2009.12.04  3300 3380 3390 3270 370430
2009.12.07  3300 3315 3385 3240 405802
2009.12.08  3260 3320 3370 3235 279572
2009.12.09  3265 3230 3270 3130 222328
2009.12.10  3405 3280 3445 3280 569176
2009.12.11  3515 3500 3545 3370 822437
2009.12.14  3640 3550 3840 3445 1541691
2009.12.15  3625 3680 3745 3575 527288
2009.12.16  3485 3580 3615 3440 487338
2009.12.17  3370 3500 3550 3365 483918
2009.12.18  3180 3090 3190 3055 1614638
2009.12.21  3340 3205 3340 3150 901148
2009.12.22  3350 3300 3440 3230 1256744
2009.12.23  3370 3390 3475 3250 1277662
2009.12.24  3365 3360 3395 3280 705517
2009.12.28  3120 3410 3440 3100 850169
2009.12.29  3150 3100 3250 3100 375473
2009.12.30  3430 3420 3450 3250 970142
2010.01.04  3410 3480 3515 3365 987516
2010.01.05  3400 3560 3675 3400 1563025
2010.01.06  3605 3440 3605 3350 934022
2010.01.07  3740 3680 3985 3625 3512608
2010.01.08  3870 3750 3870 3700 1158321
2010.01.11  3850 3950 4015 3825 1997679
2010.01.12  3905 3880 3940 3680 1168393
2010.01.13  3860 3880 3925 3835 614235
2010.01.14  4100 3845 4200 3840 3230133
2010.01.15  4715 4200 4715 4060 3525119
2010.01.18  5090 4865 5310 4830 7351365
2010.01.19  5030 5090 5120 4765 5593602
2010.01.20  4400 4865 5200 4310 6829273
2010.01.21  4320 4420 4770 4235 4873442
2010.01.22  4480 4220 4480 4125 3196529
2010.01.25  4100 4890 4975 4000 5415824
2010.01.26  3825 4230 4270 3775 1709849
2010.01.27  3725 3860 3925 3650 1042644
2010.01.28  3860 3755 3935 3615 1271151
2010.01.29  3525 3700 3800 3515 738735
2010.02.01  3610 3600 3640 3320 646342
2010.02.02  3615 3695 3790 3615 662651
2010.02.03  3800 3620 3860 3620 863031
2010.02.04  3780 3850 3850 3715 523932
2010.02.05  3520 3450 3560 3350 555266
2010.02.08  3430 3560 3635 3420 460927
2010.02.09  3420 3365 3505 3355 436136
2010.02.10  3510 3485 3655 3465 631333
2010.02.11  3525 3580 3600 3520 293814
2010.02.12  3595 3575 3595 3500 320845
2010.02.16  3560 3575 3635 3520 341597
2010.02.17  3810 3660 4015 3645 1860022
2010.02.18  3780 3870 3950 3770 935913
2010.02.19  3590 3765 3835 3585 768791
2010.02.22  3680 3630 3720 3630 306900
2010.02.23  3820 3680 4070 3665 2055825
2010.02.24  3960 3820 3960 3750 835799
2010.02.25  3830 4060 4065 3740 927146
2010.02.26  3830 3835 3985 3830 689460
2010.03.02  3740 3880 3880 3740 504110
2010.03.03  3770 3710 3800 3710 333343
2010.03.04  3635 3750 3795 3590 614057
2010.03.05  3630 3635 3710 3600 340245
2010.03.08  3935 3720 4075 3680 2751871
2010.03.09  4000 3930 4150 3895 2350051
2010.03.10  3900 3995 4130 3900 1653161
2010.03.11  4200 3965 4370 3960 3494249
2010.03.12  4165 4220 4310 4110 2382245
2010.03.15  4785 4505 4785 4370 9522928
2010.03.16  4350 4520 4605 4310 5762460
2010.03.17  4130 4325 4400 4130 3336928
2010.03.18  4100 4255 4375 4055 3697669
2010.03.19  4200 4150 4275 4095 1594426
2010.03.22  4300 4250 4355 4155 1837680
2010.03.23  4330 4285 4345 4200 1465562
2010.03.24  3950 4330 4335 3750 1800509
2010.03.25  4060 3930 4125 3795 994165
2010.03.26  3990 4150 4220 3990 1157883
2010.03.29  3900 3900 4045 3895 617790
2010.03.30  3840 3905 3970 3770 691920
2010.03.31  3650 3820 3865 3605 974749
2010.04.01  3780 3680 3880 3660 750698
2010.04.02  3675 3800 3800 3675 355994
2010.04.05  3505 3675 3695 3175 920333
2010.04.06  3440 3505 3540 3415 363017
2010.04.07  3600 3450 3740 3450 614689
2010.04.08  3535 3645 3645 3525 218135
2010.04.09  3555 3540 3590 3485 294826
2010.04.12  3465 3540 3560 3455 274377
2010.04.13  3465 3500 3515 3415 207093
2010.04.14  3590 3555 3665 3530 917592
2010.04.15  3475 3665 3665 3465 487989
2010.04.16  3430 3500 3530 3430 281861
2010.04.19  3290 3400 3400 3210 417135
2010.04.20  3345 3350 3465 3310 403935
2010.04.21  3395 3345 3425 3335 300593
2010.04.22  3395 3370 3445 3360 312794
2010.04.23  3460 3415 3500 3365 303459
2010.04.26  3540 3500 3660 3450 723596
2010.04.27  3475 3475 3590 3475 275293
2010.04.28  3400 3415 3425 3340 326946
2010.04.29  3400 3385 3495 3385 316488
2010.04.30  3390 3425 3515 3390 347276
2010.05.03  3430 3355 3440 3355 231093
2010.05.04  3400 3560 3635 3400 534912
2010.05.06  3245 3350 3350 3000 354531
2010.05.07  3180 3030 3180 2920 500876
2010.05.10  3275 3180 3320 3180 463275
2010.05.11  3240 3340 3415 3240 438837
2010.05.12  3225 3245 3340 3215 328871
2010.05.13  3225 3260 3275 3225 216448
2010.05.14  3220 3190 3265 3160 278824
2010.05.17  3055 3150 3250 2900 280077
2010.05.18  2915 3075 3130 2825 352538
2010.05.19  2785 2875 2905 2700 413488
2010.05.20  2700 2880 3150 2410 1418082
2010.05.24  2750 2715 3080 2650 1113555
2010.05.25  2485 2710 2780 2415 520855
2010.05.26  2530 2560 2580 2440 385059
2010.05.27  2620 2535 2650 2480 243305
2010.05.28  2700 2705 2750 2655 234899
2010.05.31  2805 2740 2875 2740 260963
2010.06.01  2830 2890 2890 2770 175632
2010.06.03  2935 2850 2990 2850 376047
2010.06.04  2920 2980 3085 2920 378251
2010.06.07  2920 2750 3150 2700 758412
2010.06.08  2860 2910 2990 2850 322261
2010.06.09  2760 2885 2950 2715 234186
2010.06.10  2760 2815 2840 2720 320965
2010.06.11  2735 2800 2820 2735 256464
2010.06.14  2780 2775 2835 2745 102898
2010.06.15  2950 2800 3140 2740 1099484
2010.06.16  2900 3040 3040 2885 243012
2010.06.17  2900 2905 2960 2865 191490
2010.06.18  2855 2900 2935 2840 122478
2010.06.21  2840 2855 2890 2800 201052
2010.06.22  2920 2840 3040 2835 923004
2010.06.23  2895 2900 2980 2850 199776
2010.06.24  2820 2860 2940 2805 635331
2010.06.25  2785 2760 2865 2760 156206
2010.06.28  2755 2785 2860 2750 149634
2010.06.29  2675 2740 2770 2625 298601
2010.06.30  2600 2605 2670 2560 222330
2010.07.01  2515 2550 2630 2475 374800
2010.07.02  2485 2495 2555 2475 193173
2010.07.05  2800 2515 2855 2480 726308
2010.07.06  2705 2760 2840 2640 318814
2010.07.07  2615 2700 2730 2615 127577
2010.07.08  2650 2695 2695 2635 134538
2010.07.09  2595 2635 2690 2550 163470
2010.07.12  2625 2570 2685 2560 230684
2010.07.13  2630 2625 2700 2615 348622
2010.07.14  2675 2680 2875 2675 1373874
2010.07.15  2800 2660 2970 2630 1261114
2010.07.16  2755 2985 2990 2750 855188
2010.07.19  2990 2800 2990 2770 2147689
2010.07.20  2870 2950 2980 2860 909741
2010.07.21  2910 2940 2965 2775 768976
2010.07.22  3005 2990 3225 2965 3852818
2010.07.23  2960 3070 3070 2920 695099
2010.07.26  2915 3000 3025 2900 617764
2010.07.27  2800 2975 2980 2800 715167
2010.07.28  2840 2840 2940 2810 1144372
2010.07.29  2725 2870 2870 2710 465842
2010.07.30  2670 2730 2765 2620 305651
2010.08.02  2730 2660 2870 2660 634905
2010.08.03  2685 2750 2775 2675 191218
2010.08.04  2735 2710 2775 2645 357002
2010.08.05  2690 2695 2770 2685 247789
2010.08.06  2630 2690 2715 2610 236242
2010.08.09  2635 2640 2695 2630 170309
2010.08.10  2700 2660 2730 2630 217130
2010.08.11  2630 2740 2765 2610 316664
2010.08.12  2585 2520 2640 2520 125706
2010.08.13  2600 2620 2635 2560 104633
2010.08.16  2620 2600 2655 2550 123338
2010.08.17  2685 2670 2860 2660 1279823
2010.08.18  2665 2705 2740 2650 188891
2010.08.19  2850 2800 3000 2700 2220513
2010.08.20  3040 2825 3065 2785 1681228
2010.08.23  3135 3115 3270 3025 2204333
2010.08.24  3130 3200 3220 3050 1079914
2010.08.25  3180 3100 3210 3050 760389
2010.08.26  3150 3215 3290 2950 1118957
2010.08.27  3620 3240 3620 3225 6430823
2010.08.30  3730 3780 3930 3605 6351908
2010.08.31  3805 3770 3815 3630 4854951
2010.09.01  3665 3835 3855 3640 2844905
2010.09.02  3515 3570 3620 3440 3152079
2010.09.03  3320 3535 3570 3310 2574136
2010.09.06  3400 3395 3495 3370 1622385
2010.09.07  3450 3375 3520 3280 2487905
2010.09.08  3390 3450 3485 3325 1027334
2010.09.09  3480 3400 3520 3350 1391937
2010.09.10  3685 3460 3725 3430 4156982
2010.09.13  3840 3765 3970 3600 4973819
2010.09.14  3620 3980 3980 3620 2633654
2010.09.15  3465 3605 3610 3440 1377788
2010.09.16  3545 3600 3760 3525 2388242
2010.09.17  3490 3545 3665 3450 1095561
2010.09.20  3110 3495 3510 3065 3096654
2010.09.24  3160 3140 3180 3130 598127
2010.09.27  3175 3225 3240 3145 574747
2010.09.28  3150 3115 3150 3015 763980
2010.09.29  3160 3160 3215 3105 550026
2010.09.30  3220 3180 3290 3170 879050
2010.10.01  3200 3260 3260 3180 368348
2010.10.04  3115 3200 3270 3115 407784
2010.10.05  3095 3125 3150 3010 438123
2010.10.06  3220 3140 3290 3090 908912
2010.10.07  3490 3240 3565 3205 3324156
2010.10.08  3500 3485 3560 3375 1239023
2010.10.11  3470 3550 3650 3455 1146612
2010.10.12  3530 3470 3605 3415 1333113
2010.10.13  3620 3580 3645 3455 1361024
2010.10.14  3600 3635 3730 3575 1086594
2010.10.15  3650 3600 3735 3585 933019
2010.10.18  3595 3695 3705 3545 987415
2010.10.19  3600 3620 3630 3455 1148811
2010.10.20  3700 3570 3810 3550 1602172
2010.10.21  3515 3700 3780 3515 925684
2010.10.22  3700 3550 3825 3440 1631340
2010.10.25  3820 3870 3930 3770 2458360
2010.10.26  3970 3860 3995 3740 1768673
2010.10.27  3800 3960 3965 3800 940104
2010.10.28  3785 3800 3895 3680 698735
2010.10.29  3750 3785 3800 3615 782149
2010.11.01  4000 3760 4060 3630 2287313
2010.11.02  3400 3650 3790 3400 4549031
2010.11.03  3215 3340 3390 3125 2435429
2010.11.04  3245 3215 3300 3170 1093946
2010.11.05  3045 3245 3275 3015 1608695
2010.11.08  3080 3055 3145 3035 885478
2010.11.09  2880 3080 3110 2870 1288017
2010.11.10  3010 2865 3055 2855 1172392
2010.11.11  2915 3010 3030 2915 611234
2010.11.12  2790 2910 2995 2490 924182
2010.11.15  2670 2750 2810 2630 425749
2010.11.16  2640 2670 2780 2600 333537
2010.11.17  2710 2625 2735 2525 329726
2010.11.18  2780 2720 2855 2715 318620
2010.11.19  2890 2830 3035 2780 1843081
2010.11.22  2845 2890 2925 2805 332616
2010.11.23  2745 2845 2865 2745 336413
2010.11.24  2640 2450 2650 2450 522923
2010.11.25  2630 2670 2705 2630 272371
2010.11.26  2520 2650 2660 2515 399031
2010.11.29  2550 2530 2645 2525 292685
2010.11.30  2595 2550 2625 2540 186227
2010.12.01  2690 2620 2760 2590 486761
2010.12.02  2650 2680 2700 2640 279699
2010.12.03  2615 2705 2705 2615 168095
2010.12.06  2595 2615 2650 2590 158427
2010.12.07  2630 2600 2680 2600 205575
2010.12.08  2645 2695 2805 2645 821809
2010.12.09  2730 2675 2735 2655 267508
2010.12.10  2700 2730 2745 2675 252911
2010.12.13  2720 2700 2785 2680 245178
2010.12.14  2805 2760 2880 2735 678316
2010.12.15  2755 2805 2850 2735 245364
2010.12.16  2660 2755 2755 2660 243092
2010.12.17  2740 2660 2775 2645 416938
2010.12.20  2600 2635 2660 2540 482170
2010.12.21  2635 2660 2820 2635 627738
2010.12.22  2710 2650 2915 2645 1657509
2010.12.23  2720 2750 2775 2705 262073
2010.12.24  2700 2730 2750 2670 201784
2010.12.27  2630 2650 2715 2630 196720
2010.12.28  2555 2625 2685 2555 301099
2010.12.29  2635 2555 2730 2555 361467
2010.12.30  2690 2675 2725 2635 235354
2011.01.03  2695 2700 2775 2675 227661
2011.01.04  2740 2680 2740 2665 288839
2011.01.05  2720 2740 2760 2710 273844
2011.01.06  2635 2725 2735 2625 406688
2011.01.07  2665 2655 2690 2635 237329
2011.01.10  2680 2680 2715 2660 237777
2011.01.11  2650 2650 2710 2625 198534
2011.01.12  2730 2650 2950 2620 1982842
2011.01.13  2730 2800 2835 2695 627022
2011.01.14  2830 2750 2915 2705 1773731
2011.01.17  2740 2850 2855 2740 461397
2011.01.18  2835 2760 2835 2735 442409
2011.01.19  2805 2880 2895 2805 627558
2011.01.20  2700 2835 2840 2690 624118
2011.01.21  2610 2700 2720 2590 534724
2011.01.24  2610 2610 2640 2590 245919
2011.01.25  2600 2625 2635 2555 369651
2011.01.26  2580 2600 2620 2565 209187
2011.01.27  2575 2600 2620 2575 185820
2011.01.28  2510 2585 2595 2510 316220
2011.01.31  2430 2500 2505 2415 273236
2011.02.01  2470 2440 2495 2440 148155
2011.02.07  2530 2530 2530 2470 173292
2011.02.08  2600 2530 2600 2515 208501
2011.02.09  2600 2625 2625 2550 283807
2011.02.10  2535 2590 2590 2535 279052
2011.02.11  2470 2535 2545 2465 208383
2011.02.14  2435 2510 2515 2425 140967
2011.02.15  2460 2440 2480 2410 145747
2011.02.16  2540 2495 2590 2455 236216
2011.02.17  2485 2565 2595 2450 277424
2011.02.18  2630 2530 2740 2485 1651922
2011.02.21  2665 2610 2750 2575 521437
2011.02.22  2570 2635 2715 2565 313677
2011.02.23  2460 2540 2600 2455 254206
2011.02.24  2465 2435 2535 2435 220718
2011.02.25  2465 2505 2505 2430 161933
2011.02.28  2140 2480 2490 2125 811239
2011.03.02  2215 2105 2360 2080 599759
2011.03.03  2315 2290 2390 2190 809273
2011.03.04  2285 2315 2365 2265 321559
2011.03.07  2290 2295 2350 2285 165849
2011.03.08  2285 2370 2470 2275 787327
2011.03.09  2205 2300 2310 2195 356565
2011.03.10  2200 2245 2255 2190 229709
2011.03.11  2185 2160 2225 2130 176587
2011.03.14  2055 2250 2250 2055 289358
2011.03.15  1910 2020 2100 1820 388973
2011.03.16  1870 1870 1985 1830 317584
2011.03.17  1850 1830 1850 1795 234063
2011.03.18  1930 1900 1940 1870 97431
2011.03.21  2020 1970 2030 1935 103764
2011.03.22  2030 2020 2065 2020 100051
2011.03.23  2065 2050 2100 2030 84194
2011.03.24  2075 2095 2130 2055 177870
2011.03.25  2055 2075 2120 2050 120471
2011.03.28  2360 2310 2360 2250 1850948
2011.03.29  2385 2365 2430 2290 2065773
2011.03.30  2330 2385 2450 2295 881545
2011.03.31  2350 2330 2430 2295 490192
2011.04.01  2410 2355 2500 2355 803997
2011.04.04  2435 2420 2505 2380 629278
2011.04.05  2480 2450 2530 2420 776105
2011.04.06  2495 2500 2520 2435 419921
2011.04.07  2505 2820 2865 2455 2355476
2011.04.08  2480 2520 2545 2465 422130
2011.04.11  2530 2530 2615 2510 479773
2011.04.12  2500 2560 2600 2450 238902
2011.04.13  2480 2500 2515 2405 209994
2011.04.14  2440 2480 2540 2415 194461
2011.04.15  2595 2500 2595 2450 456383
2011.04.18  2565 2600 2615 2520 421780
2011.04.19  2475 2445 2550 2440 318787
2011.04.20  2540 2530 2595 2465 407537
2011.04.21  2450 2575 2615 2450 810417
2011.04.22  2300 2460 2480 2275 443387
2011.04.25  2305 2250 2340 2205 281193
2011.04.26  2320 2350 2350 2260 151871
2011.04.27  2315 2340 2340 2270 215592
2011.04.28  2305 2325 2445 2300 148012
2011.04.29  2250 2300 2300 2195 287749
2011.05.02  2135 2325 2385 2135 524758
2011.05.03  2135 2105 2155 2090 166684
2011.05.04  2110 2110 2190 2100 184650
2011.05.06  2020 2110 2110 1995 206567
2011.05.09  2050 2030 2165 1985 355752
2011.05.11  2015 2070 2100 2010 235474
2011.05.12  2015 2010 2070 1985 153200
2011.05.13  2085 2000 2100 1990 207905
2011.05.16  2100 2080 2115 2025 212543
2011.05.17  2140 2080 2160 2055 253200
2011.05.18  2090 2140 2195 2090 314526
2011.05.19  2005 2090 2110 1990 195530
2011.05.20  1930 1980 2035 1930 225187
2011.05.23  1800 1910 1950 1795 269104
2011.05.24  1840 1800 1860 1800 105001
2011.05.25  1820 1825 1870 1795 105885
2011.05.26  1835 1820 1845 1800 160897
2011.05.27  1855 1850 1870 1815 113945
2011.05.30  1820 1880 1880 1815 91655
2011.05.31  1820 1820 1830 1800 111746
2011.06.01  1810 1810 1845 1805 75129
2011.06.02  1770 1800 1800 1750 138650
2011.06.03  1700 1745 1780 1695 137820
2011.06.07  1590 1660 1695 1570 213398
2011.06.08  1590 1595 1650 1585 124487
2011.06.09  1580 1575 1630 1575 73478
2011.06.10  1635 1610 1640 1575 104925
2011.06.13  1655 1610 1700 1610 133481
2011.06.14  1680 1655 1730 1645 161361
2011.06.15  1630 1690 1695 1590 270196
2011.06.16  1620 1750 1785 1620 353892
2011.06.17  1565 1635 1635 1550 111945
2011.06.20  1485 1580 1580 1480 158101
2011.06.21  1505 1485 1515 1485 117259
2011.06.22  1525 1525 1530 1500 89599
2011.06.23  1590 1565 1680 1560 487336
2011.06.24  1575 1600 1600 1550 140566
2011.06.27  1575 1590 1620 1555 112595
2011.06.28  1640 1580 1670 1580 302611
2011.06.29  1660 1660 1730 1560 394172
2011.06.30  1680 1675 1705 1645 143784
2011.07.01  1660 1660 1715 1660 154466
2011.07.04  1685 1660 1715 1660 144711
2011.07.05  1700 1685 1730 1685 102314
2011.07.06  1670 1700 1705 1665 96978
2011.07.07  1650 1680 1700 1650 92873
2011.07.08  1645 1665 1670 1615 127836
2011.07.11  1770 1645 1780 1630 361216
2011.07.12  1710 1745 1770 1690 189878
2011.07.13  1965 1840 1965 1800 601321
2011.07.14  1980 2145 2150 1945 2760132
2011.07.15  2000 2005 2090 1965 1148333
2011.07.18  1990 2040 2080 1965 783990
2011.07.19  2080 1970 2080 1965 557761
2011.07.20  1985 2130 2130 1985 551267
2011.07.21  1930 2010 2015 1910 322852
2011.07.22  1985 1935 2080 1925 907506
2011.07.25  1865 2000 2045 1855 578577
2011.07.26  1890 1885 1945 1850 217372
2011.07.27  1890 1880 1920 1865 176799
2011.07.28  1885 1855 1930 1850 208880
2011.07.29  1895 1890 1930 1875 201068
2011.08.01  1915 1905 1935 1890 192039
2011.08.02  1870 1915 1915 1825 224803
2011.08.03  1780 1820 1835 1770 281208
2011.08.04  1740 1780 1860 1740 101914
2011.08.05  1610 1575 1615 1530 268508
2011.08.08  1385 1530 1600 1370 331180
2011.08.09  1190 1215 1295 1180 640573
2011.08.10  1250 1215 1280 1200 636854
2011.08.11  1315 1135 1315 1135 272903
2011.08.12  1330 1370 1390 1300 218906
2011.08.16  1405 1385 1490 1380 212985
2011.08.17  1410 1400 1435 1360 166027
2011.08.18  1410 1450 1480 1380 269144
2011.08.19  1270 1350 1350 1265 212769
2011.08.22  1295 1235 1315 1235 161237
2011.08.23  1310 1300 1330 1290 167898
2011.08.24  1315 1335 1375 1300 160606
2011.08.25  1350 1330 1365 1320 108579
2011.08.26  1385 1370 1410 1340 131890
2011.08.29  1435 1410 1460 1385 115937
2011.08.30  1410 1475 1485 1410 120201
2011.08.31  1430 1425 1455 1415 94186
2011.09.01  1425 1430 1470 1425 114906
2011.09.02  1440 1425 1455 1420 53537
2011.09.05  1435 1405 1435 1355 99023
2011.09.06  1335 1355 1390 1305 110261
2011.09.07  1435 1340 1435 1340 174636
2011.09.08  1420 1580 1580 1420 327123
2011.09.09  1420 1385 1420 1360 94410
2011.09.14  1430 1425 1460 1390 180153
2011.09.15  1505 1470 1540 1435 275818
2011.09.16  1445 1650 1730 1445 3710598
2011.09.19  1395 1460 1470 1395 500970
2011.09.20  1380 1370 1390 1335 211659
2011.09.21  1380 1370 1400 1370 147125
2011.09.22  1340 1335 1375 1330 119331
2011.09.23  1225 1270 1300 1215 234797
2011.09.26  1095 1230 1265 1045 394404
2011.09.27  1155 1090 1180 1090 146334
2011.09.28  1150 1160 1225 1145 90177
2011.09.29  1115 1145 1160 1050 285708
2011.09.30  1155 1120 1185 1120 132636
2011.10.04  1070 1060 1115 1055 165396
2011.10.05  1040 1090 1090 1020 117439
2011.10.06  1080 1090 1115 1070 101718
2011.10.07  1115 1120 1130 1085 154370
2011.10.10  1120 1105 1145 1105 129684
2011.10.11  1170 1155 1170 1125 171768
2011.10.12  1280 1230 1340 1190 1305006
2011.10.13  1310 1300 1345 1265 484642
2011.10.14  1300 1345 1345 1260 223048
2011.10.17  1325 1305 1335 1280 131898
2011.10.18  1265 1280 1305 1235 163242
2011.10.19  1255 1280 1350 1255 269556
2011.10.20  1235 1300 1320 1215 225277
2011.10.21  1245 1255 1260 1230 82989
2011.10.24  1260 1255 1295 1255 142635
2011.10.25  1320 1265 1340 1260 266120
2011.10.26  1400 1300 1515 1290 2942926
2011.10.27  1420 1410 1435 1365 447391
2011.10.28  1370 1450 1465 1340 522628
2011.10.31  1415 1400 1480 1395 515378
2011.11.01  1470 1380 1470 1365 315923
2011.11.02  1470 1415 1515 1400 464844
2011.11.03  1690 1570 1690 1550 4587799
2011.11.04  1700 1705 1735 1625 2039597
2011.11.07  1695 1700 1715 1650 723041
2011.11.08  1645 1720 1820 1630 2097213
2011.11.09  1585 1675 1700 1570 691402
2011.11.10  1560 1515 1685 1515 722208
2011.11.11  1695 1620 1695 1580 559771
2011.11.14  1810 1790 1890 1770 1916088
2011.11.15  1775 1860 1870 1725 1525059
2011.11.16  1630 1825 1825 1620 991216
2011.11.17  1670 1600 1710 1595 622758
2011.11.18  1665 1645 1700 1610 423454
2011.11.21  1650 1695 1750 1640 651648
2011.11.22  1705 1615 1730 1600 974512
2011.11.23  1615 1715 1715 1580 451404
2011.11.24  1740 1590 1740 1590 696297
2011.11.25  1480 1705 1765 1480 1083123
2011.11.28  1355 1460 1505 1320 910861
2011.11.29  1410 1415 1430 1370 495722
2011.11.30  1365 1415 1415 1360 309244
2011.12.01  1385 1420 1420 1370 322397
2011.12.02  1370 1400 1405 1350 194818
2011.12.05  1410 1380 1410 1360 113444
2011.12.06  1385 1420 1435 1380 184881
2011.12.07  1435 1400 1435 1375 277772
2011.12.08  1375 1435 1445 1375 179063
2011.12.09  1325 1350 1370 1310 262090
2011.12.12  1360 1355 1390 1335 222311
2011.12.13  1355 1360 1360 1325 210454
2011.12.14  1380 1350 1445 1350 521121
2011.12.15  1430 1370 1460 1350 361241
2011.12.16  1445 1430 1500 1430 469774
2011.12.19  1420 1425 1510 1265 516858
2011.12.20  1480 1385 1500 1385 343903
2011.12.21  1650 1510 1695 1510 977632
2011.12.22  1660 1650 1765 1610 452164
2011.12.23  1745 1665 1745 1635 673142
2011.12.26  1670 1730 1730 1535 256432
2011.12.27  1615 1710 1710 1550 297839
2011.12.28  1715 1640 1730 1605 514131
2011.12.29  1700 1685 1720 1660 232720
2012.01.02  1800 1710 1885 1710 858385
2012.01.03  1820 1880 1915 1800 813439
2012.01.04  1960 1790 1960 1760 1633979
2012.01.05  1670 1960 2045 1670 4745770
2012.01.06  1620 1685 1715 1600 1402119
2012.01.09  1565 1645 1655 1565 708881
2012.01.10  1595 1565 1620 1545 488702
2012.01.11  1500 1615 1615 1500 457201
2012.01.12  1540 1535 1575 1505 261721
2012.01.13  1535 1530 1605 1520 337735
2012.01.16  1450 1525 1550 1445 353512
2012.01.17  1500 1450 1520 1405 317175
2012.01.18  1525 1485 1565 1465 312038
2012.01.19  1480 1530 1545 1470 190088
2012.01.20  1510 1490 1555 1490 228657
2012.01.25  1535 1510 1555 1500 214714
2012.01.26  1520 1545 1545 1490 242381
2012.01.27  1565 1520 1565 1495 470671
2012.01.30  1595 1645 1660 1575 617504
2012.01.31  1580 1580 1600 1540 274363
2012.02.01  1605 1590 1610 1560 242979
2012.02.02  1620 1620 1670 1590 680730
2012.02.03  1595 1630 1635 1550 315860
2012.02.06  1545 1570 1590 1545 151720
2012.02.07  1530 1530 1565 1510 115927
2012.02.08  1530 1530 1560 1480 175588
2012.02.09  1510 1540 1560 1490 196083
2012.02.10  1510 1510 1545 1500 141827
2012.02.13  1530 1510 1545 1510 114428
2012.02.14  1595 1560 1615 1530 281384
2012.02.15  1815 1655 1830 1600 2383632
2012.02.16  1700 1745 1810 1690 1086513
2012.02.17  1695 1720 1740 1660 570054
2012.02.20  1660 1675 1695 1630 373478
2012.02.21  1550 1590 1620 1525 1633866
2012.02.22  1545 1550 1565 1510 294771
2012.02.23  1550 1515 1555 1510 260620
2012.02.24  1580 1565 1605 1500 661793
2012.02.27  1515 1555 1590 1500 248495
2012.02.28  1550 1530 1555 1510 299732
2012.02.29  1550 1630 1645 1520 684771
2012.03.02  1540 1570 1575 1540 192979
2012.03.05  1520 1550 1570 1515 179460
2012.03.06  1460 1520 1540 1395 396832
2012.03.07  1445 1430 1450 1380 176381
2012.03.08  1455 1425 1480 1425 130204
2012.03.09  1240 1430 1455 1240 1629497
2012.03.12  1220 1195 1265 1195 418962
2012.03.13  1240 1240 1255 1225 205201
2012.03.14  1230 1255 1265 1225 185726
2012.03.15  1225 1240 1245 1205 132920
2012.03.16  1240 1225 1245 1210 146087
2012.03.19  1255 1250 1265 1235 233169
2012.03.20  1230 1260 1265 1215 98053
2012.03.21  1225 1205 1250 1195 287457
2012.03.22  1180 1230 1245 1160 204231
2012.03.23  1200 1200 1215 1175 94250
2012.03.26  1175 1185 1210 1165 158246
2012.03.27  1150 1180 1190 1140 185299
2012.03.28  1130 1150 1160 1110 175221
2012.03.29  1110 1130 1155 1105 149765
2012.03.30  1130 1130 1140 1115 103606
2012.04.02  1185 1140 1185 1140 199037
2012.04.03  1160 1190 1195 1145 75743
2012.04.04  1125 1150 1165 1110 98699
2012.04.05  1105 1115 1130 1080 166577
2012.04.06  1120 1125 1130 1100 59963
2012.04.09  1085 1135 1150 1080 234381
2012.04.10  1100 1085 1100 1075 128247
2012.04.12  1060 1080 1115 1055 189512
2012.04.13  1115 1070 1115 1070 102660
2012.04.16  1110 1115 1130 1090 67984
2012.04.17  1120 1130 1130 1100 46119
2012.04.18  1180 1240 1285 1170 2671897
2012.04.19  1150 1200 1200 1135 788286
2012.04.20  1200 1155 1215 1140 352932
2012.04.23  1180 1235 1260 1175 494620
2012.04.24  1125 1150 1170 1120 317935
2012.04.25  1130 1145 1165 1130 108588
2012.04.26  1060 1130 1145 1060 253777
2012.04.27  1040 1060 1080 1040 116771
2012.04.30  989 1050 1050 964 398902
2012.05.02  1015 985 1025 985 141823
2012.05.03  1030 1020 1045 1005 65187
2012.05.04  1065 1020 1110 1020 314089
2012.05.07  1065 1080 1080 1040 138486
2012.05.08  1085 1070 1105 1070 86707
2012.05.09  1100 1070 1150 1070 195421
2012.05.10  1125 1135 1140 1100 175806
2012.05.11  1125 1130 1145 1105 141878
2012.05.14  1075 1125 1140 1060 128950
2012.05.15  1010 1035 1060 920 174462
2012.05.16  980 995 1015 974 185956
2012.05.17  1000 952 1015 952 46825
2012.05.18  997 956 999 956 101097
2012.05.21  996 930 1000 930 77612
2012.05.22  993 999 1000 976 78647
2012.05.23  942 999 999 942 101381
2012.05.24  972 950 985 949 67229
2012.05.25  970 970 990 956 51225
2012.05.29  1045 971 1080 962 283262
2012.05.30  1075 1080 1105 1050 223443
2012.05.31  1075 1040 1085 1020 38351
2012.06.01  1005 1085 1085 1005 89122
2012.06.04  973 998 998 942 76588
2012.06.05  998 973 999 949 137863
2012.06.07  1020 1010 1045 1005 131786
2012.06.08  1170 1020 1170 1020 849092
2012.06.11  1220 1260 1265 1190 1943232
2012.06.12  1220 1215 1260 1180 931415
2012.06.13  1235 1230 1265 1205 618066
2012.06.14  1300 1270 1410 1260 2160234
2012.06.15  1280 1270 1310 1225 710581
2012.06.18  1400 1290 1420 1250 1300539
2012.06.19  1480 1390 1490 1365 1304161
2012.06.20  1440 1480 1590 1405 1987255
2012.06.21  1370 1500 1500 1365 714187
2012.06.22  1340 1365 1390 1295 570129
2012.06.25  1410 1355 1450 1305 765423
2012.06.26  1300 1400 1495 1200 3135151
2012.06.27  1250 1315 1400 1250 1697318
2012.06.28  1210 1280 1280 1210 705042
2012.06.29  1170 1215 1230 1150 548666
2012.07.02  1235 1190 1250 1185 423024
2012.07.03  1295 1240 1295 1210 594439
2012.07.04  1265 1290 1315 1265 518753
2012.07.05  1260 1285 1285 1245 256653
2012.07.06  1205 1245 1260 1175 378586
2012.07.09  1235 1205 1240 1185 183736
2012.07.10  1210 1230 1240 1205 181868
2012.07.11  1210 1225 1230 1175 206789
2012.07.12  1200 1210 1230 1185 194658
2012.07.13  1220 1185 1235 1105 463744
2012.07.16  1225 1255 1255 1200 330020
2012.07.17  1235 1215 1235 1190 212222
2012.07.18  1180 1230 1250 1140 465690
2012.07.19  1160 1220 1350 1150 1611805
2012.07.20  1135 1170 1190 1090 472108
2012.07.23  1105 1125 1145 1100 227816
2012.07.24  1075 1100 1105 1050 204789
2012.07.25  1235 1095 1235 1095 1668521
2012.07.26  1200 1310 1340 1190 3372071
2012.07.27  1230 1210 1275 1180 1059961
2012.07.30  1200 1250 1265 1195 825354
2012.07.31  1265 1270 1380 1225 9455462
2012.08.01  1300 1245 1300 1240 1608318
2012.08.02  1275 1310 1345 1270 1215492
2012.08.03  1265 1240 1270 1225 657942
2012.08.06  1380 1275 1405 1260 5081663
2012.08.07  1320 1360 1375 1270 2118417
2012.08.08  1225 1315 1315 1225 1389839
2012.08.09  1140 1200 1220 1130 1182989
2012.08.10  1165 1140 1170 1120 457083
2012.08.13  1130 1160 1165 1130 281462
2012.08.14  1120 1130 1150 1090 541974
2012.08.16  1130 1120 1150 1120 349370
2012.08.17  1110 1145 1150 1095 505236
2012.08.20  1115 1150 1155 1100 436246
2012.08.21  1115 1110 1125 1100 336662
2012.08.22  1120 1120 1120 1095 327676
2012.08.23  1130 1120 1135 1105 338839
2012.08.24  1125 1125 1125 1085 452787
2012.08.27  1100 1120 1120 1100 292252
2012.08.28  1100 1100 1115 1095 225562
2012.08.29  1075 1090 1110 1070 398105
2012.08.30  1100 1075 1230 1065 2546346
2012.08.31  1115 1105 1125 1080 301449
2012.09.03  1130 1125 1150 1115 367237
2012.09.04  1100 1115 1135 1095 304193
2012.09.05  1090 1105 1125 1085 209655
2012.09.06  1100 1115 1135 1075 331100
2012.09.07  1095 1105 1115 1090 241074
2012.09.10  1095 1100 1115 1090 197634
2012.09.11  1100 1105 1110 1085 295233
2012.09.12  1115 1105 1120 1100 256737
2012.09.13  1135 1140 1155 1115 592744
2012.09.14  1145 1140 1165 1120 505815
2012.09.17  1135 1165 1170 1110 826904
2012.09.18  1165 1125 1180 1115 681311
2012.09.19  1180 1165 1195 1160 712261
2012.09.20  1175 1200 1230 1145 919842
2012.09.21  1350 1165 1350 1165 4588135
2012.09.24  1550 1550 1550 1550 286405
2012.09.25  1780 1780 1780 1655 13265587
2012.09.26  1810 1735 2030 1690 20129320
2012.09.27  1800 1715 1915 1715 8164246
2012.09.28  1635 1765 1800 1600 5095757
2012.10.02  1665 1620 1790 1605 6826533
2012.10.04  1615 1620 1645 1515 8456785
2012.10.05  1615 1585 1790 1560 13404622
2012.10.08  1855 1590 1855 1550 7014951
2012.10.09  1790 1920 2015 1750 16045690
2012.10.10  1680 1755 1765 1625 4309205
2012.10.11  1660 1685 1745 1560 6494405
2012.10.12  1625 1705 1710 1590 2072272
2012.10.15  1440 1635 1655 1385 5604235
2012.10.16  1380 1410 1430 1330 2542340
2012.10.17  1365 1380 1445 1300 1871281
2012.10.18  1420 1365 1515 1365 6542676
2012.10.19  1405 1375 1405 1300 1765595
2012.10.22  1415 1380 1475 1360 2289765
2012.10.23  1375 1445 1450 1375 1731914
2012.10.24  1290 1335 1400 1280 1962869
2012.10.25  1345 1310 1345 1265 1728066
2012.10.26  1310 1360 1395 1265 2744496
2012.10.29  1310 1340 1355 1240 2473640
2012.10.30  1350 1295 1390 1295 2490786
2012.10.31  1395 1370 1425 1350 2997337
2012.11.01  1375 1385 1400 1315 2233599
2012.11.02  1300 1380 1430 1270 3759439
2012.11.05  1250 1295 1305 1200 4264646
2012.11.06  1255 1280 1305 1240 1816099
2012.11.07  1260 1260 1295 1240 1023309
2012.11.08  1225 1225 1245 1200 996106
2012.11.09  1280 1205 1280 1165 1263629
2012.11.12  1260 1330 1330 1250 1789224
2012.11.13  1180 1250 1260 1170 1055474
2012.11.14  1055 1170 1190 1055 1635817
2012.11.15  1100 1020 1105 1020 901647
2012.11.16  1060 1110 1160 1050 995106
2012.11.19  1170 1070 1215 1060 4226067
2012.11.20  1180 1190 1215 1160 1505620
2012.11.21  1125 1180 1195 1105 1019787
2012.11.22  1135 1135 1170 1110 887507
2012.11.23  1085 1130 1135 1085 549875
2012.11.26  1135 1085 1135 1055 736488
2012.11.27  1200 1160 1290 1150 2309774
2012.11.28  1190 1175 1195 1155 607011
2012.11.29  1165 1200 1230 1160 767881
2012.11.30  1205 1170 1215 1160 545641
2012.12.03  1275 1240 1310 1210 4104239
2012.12.04  1275 1270 1285 1235 1174509
2012.12.05  1225 1260 1290 1200 1140862
2012.12.06  1230 1260 1330 1215 4516858
2012.12.07  1295 1240 1295 1205 1917665
2012.12.10  1255 1325 1370 1250 2668631
2012.12.11  1195 1290 1315 1180 2701625
2012.12.12  1120 1200 1205 1115 1677359
2012.12.13  1145 1110 1160 1090 833773
2012.12.14  1135 1140 1150 1120 388867
2012.12.17  1170 1140 1175 1135 662655
2012.12.18  1145 1200 1200 1140 1057361
2012.12.20  1115 1135 1140 1105 799838
2012.12.21  1115 1110 1140 1105 698401
2012.12.24  1125 1115 1130 1100 738419
2012.12.26  1150 1140 1185 1125 1427954
2012.12.27  1125 1145 1155 1120 739036
2012.12.28  1125 1135 1135 1110 369075
2013.01.02  1160 1140 1160 1115 1155077
2013.01.03  1135 1170 1170 1130 747810
2013.01.04  1155 1140 1155 1120 965029
2013.01.07  1145 1155 1160 1140 736340
2013.01.08  1185 1140 1185 1140 955536
2013.01.09  1245 1180 1260 1155 2251999
2013.01.10  1225 1250 1250 1215 1152372
2013.01.11  1200 1210 1215 1175 1105064
2013.01.14  1190 1195 1230 1185 559409
2013.01.15  1170 1175 1195 1165 617275
2013.01.16  1180 1175 1185 1160 492916
2013.01.17  1200 1180 1200 1160 769060
2013.01.18  1225 1205 1225 1180 1031933
2013.01.21  1200 1240 1240 1190 826033
2013.01.22  1200 1200 1210 1180 529253
2013.01.23  1190 1210 1220 1180 825444
2013.01.24  1130 1200 1200 1120 1092653
2013.01.25  1115 1140 1145 1095 639266
2013.01.28  1280 1100 1280 1100 4478497
2013.01.29  1185 1305 1320 1155 5950351
2013.01.30  1180 1220 1235 1175 3061310
2013.01.31  1140 1190 1195 1140 1169863
2013.02.01  1150 1145 1160 1115 793627
2013.02.04  1115 1155 1155 1110 628027
2013.02.05  1115 1110 1135 1100 421271
2013.02.06  1115 1115 1145 1105 563219
2013.02.07  1070 1120 1130 1070 774693
2013.02.08  1075 1075 1090 1065 387135
2013.02.12  1065 1085 1090 1060 259246
2013.02.13  1090 1070 1095 1060 320816
2013.02.14  1125 1095 1145 1075 733698
2013.02.15  1120 1120 1135 1115 231789
2013.02.18  1170 1105 1255 1100 3173765
2013.02.19  1175 1190 1220 1160 2632273
2013.02.20  1185 1170 1200 1160 843524
2013.02.21  1120 1175 1190 1120 778099
2013.02.22  1140 1125 1175 1125 857176
2013.02.25  1120 1155 1170 1105 534835
2013.02.26  1130 1120 1145 1115 296545
2013.02.27  1135 1145 1145 1120 283387
2013.02.28  1135 1145 1150 1120 387732
2013.03.04  1115 1145 1145 1110 525841
2013.03.05  1160 1115 1185 1105 1825990
2013.03.06  1180 1180 1190 1155 1006703
2013.03.07  1175 1180 1195 1150 665020
2013.03.08  1185 1160 1185 1150 722064
2013.03.11  1175 1195 1195 1155 365038
2013.03.12  1180 1175 1200 1155 554228
2013.03.13  1250 1195 1250 1180 1433276
2013.03.14  1235 1260 1270 1215 1168791
2013.03.15  1185 1235 1235 1180 615834
2013.03.18  1115 1185 1195 1115 731266
2013.03.19  1135 1130 1145 1115 385289
2013.03.20  1115 1125 1140 1110 333609
2013.03.21  1110 1130 1130 1110 250331
2013.03.22  1125 1110 1130 1110 145970
2013.03.25  1125 1125 1140 1120 194289
2013.03.26  1140 1125 1155 1125 194090
2013.03.27  1135 1140 1145 1095 255150
2013.03.28  1150 1125 1155 1115 313660
2013.03.29  1165 1165 1225 1155 1325816
2013.04.01  1160 1175 1175 1145 219234
2013.04.02  1145 1170 1180 1120 390004
2013.04.03  1150 1140 1150 1130 288553
2013.04.04  1145 1135 1145 1100 395000
2013.04.05  1145 1140 1145 1100 320363
2013.04.08  1140 1170 1170 1115 288728
2013.04.09  1150 1120 1155 1100 344217
2013.04.10  1155 1150 1165 1125 238651
2013.04.11  1195 1160 1205 1140 1098520
2013.04.12  1200 1200 1215 1175 568595
2013.04.15  1195 1215 1220 1185 663937
2013.04.16  1180 1185 1190 1165 437154
2013.04.17  1175 1200 1225 1160 752287
2013.04.18  1175 1165 1175 1155 249844
2013.04.19  1125 1170 1170 1125 329827
2013.04.22  1155 1130 1160 1125 344096
2013.04.23  1145 1150 1175 1135 478737
2013.04.24  1185 1165 1245 1165 1923391
2013.04.25  1190 1180 1205 1170 652436
2013.04.26  1205 1195 1220 1190 725762
2013.04.29  1170 1205 1220 1165 667140
2013.04.30  1170 1180 1190 1160 262481
2013.05.02  1175 1170 1180 1145 253524
2013.05.03  1185 1165 1190 1160 281767
2013.05.06  1205 1190 1210 1175 1201146
2013.05.07  1190 1195 1215 1170 873142
2013.05.08  1240 1200 1250 1180 1770530
2013.05.09  1225 1240 1245 1215 939366
2013.05.10  1245 1230 1280 1220 1843684
2013.05.13  1380 1285 1430 1260 8685028
2013.05.14  1320 1360 1450 1315 4270495
2013.05.15  1380 1345 1395 1320 1714950
2013.05.16  1405 1400 1405 1350 1279586
2013.05.20  1395 1415 1435 1370 678905
2013.05.21  1360 1400 1410 1325 1719587
2013.05.22  1375 1335 1375 1310 1443013
2013.05.23  1350 1380 1385 1345 876867
2013.05.24  1385 1440 1470 1345 2623802
2013.05.27  1375 1375 1390 1320 959235
2013.05.28  1580 1385 1580 1350 10102268
2013.05.29  1680 1725 1745 1615 11654366
2013.05.30  1930 1700 1930 1680 6598759
2013.05.31  2100 1970 2165 1950 22087408
2013.06.03  2175 2100 2340 2090 18870207
2013.06.04  2175 0 0 0 0
2013.06.05  2030 2115 2115 1955 4338651
2013.06.07  2065 2005 2080 1970 2205773
2013.06.10  1880 1940 1940 1800 2772462
2013.06.11  1840 1860 1915 1740 6664623
2013.06.12  1895 1815 1915 1805 5240480
2013.06.13  1750 1875 1885 1730 4184110
2013.06.14  1595 1785 1815 1545 6405961
2013.06.17  1530 1585 1595 1450 5281709
2013.06.18  1560 1530 1615 1515 5610825
2013.06.19  1725 1570 1765 1555 7947167
2013.06.20  1725 1690 1800 1630 7193377
2013.06.21  1695 1650 1730 1625 2860385
2013.06.24  1515 1725 1765 1515 3517682
2013.06.25  1520 1490 1545 1415 3444014
2013.06.26  1530 1565 1575 1470 2603801
2013.06.27  1545 1535 1600 1485 7874540
2013.06.28  1490 1555 1555 1455 3097657
2013.07.01  1520 1480 1530 1465 2828379
2013.07.02  1585 1495 1630 1485 6502471
2013.07.03  1565 1575 1620 1535 3318520
2013.07.04  1505 1555 1565 1485 2943435
2013.07.05  1400 1475 1500 1340 4505266
2013.07.08  1440 1440 1460 1385 3528174
2013.07.09  1500 1510 1530 1440 9325824
2013.07.10  1490 1510 1595 1465 9607195
2013.07.11  1555 1535 1590 1505 6962941
2013.07.12  1580 1575 1585 1510 4073303
2013.07.15  1685 1590 1800 1565 16823165
2013.07.16  1760 1685 1760 1655 6592853
2013.07.17  1690 1715 1720 1620 7611857
2013.07.18  1695 1730 1770 1660 7672968
2013.07.19  1640 1705 1735 1625 5566164
2013.07.22  1665 1650 1665 1585 3755144
2013.07.23  1685 1650 1710 1630 3682430
2013.07.24  1760 1710 1840 1675 12018461
2013.07.25  1750 1770 1815 1710 5318373
2013.07.26  1760 1755 1795 1720 4036596
2013.07.29  1780 1745 1790 1720 3901912
2013.07.30  1645 1765 1775 1645 6295571
2013.07.31  1600 1645 1665 1560 3851965
2013.08.01  1665 1615 1685 1610 3894460
2013.08.02  1760 1680 1770 1670 5635698
2013.08.05  1915 1825 2000 1820 16547017
2013.08.06  1880 1915 1920 1840 5488191
2013.08.07  1860 1980 2000 1845 8544639
2013.08.08  1745 1865 1925 1670 13337846
2013.08.09  1740 1770 1780 1680 6066801
2013.08.12  1690 1920 1930 1680 15088435
2013.08.13  1505 1675 1725 1480 11710790
2013.08.14  1495 1505 1505 1440 5099697
2013.08.16  1445 1470 1480 1425 3362913
2013.08.19  1430 1475 1480 1425 2286294
2013.08.20  1305 1430 1430 1270 5588041
2013.08.21  1270 1315 1330 1200 3650189
2013.08.22  1205 1300 1315 1205 3469353
2013.08.23  1250 1220 1270 1205 1487192
2013.08.26  1250 1250 1270 1225 1169883
2013.08.27  1180 1235 1245 1180 1798061
2013.08.28  1170 1140 1190 1130 1330903
2013.08.29  1195 1170 1215 1160 1031782
2013.08.30  1150 1195 1205 1145 1015088
2013.09.02  1190 1150 1195 1145 598442
2013.09.03  1205 1180 1235 1180 963141
2013.09.04  1195 1215 1215 1180 646388
2013.09.05  1205 1200 1210 1170 740390
2013.09.06  1170 1215 1220 1170 767681
2013.09.09  1200 1185 1205 1160 812808
2013.09.10  1180 1205 1220 1180 619283
2013.09.11  1190 1185 1195 1170 437381
2013.09.12  1205 1205 1205 1180 640049
2013.09.13  1235 1205 1250 1200 1345359
2013.09.16  1220 1240 1250 1220 708217
2013.09.17  1195 1220 1230 1170 940569
2013.09.23  1200 1195 1210 1180 419883
2013.09.24  1225 1200 1225 1175 715000
2013.09.25  1255 1230 1265 1205 1062668
2013.09.26  1260 1255 1265 1235 692637
2013.09.27  1235 1265 1265 1235 490763
2013.09.30  1230 1225 1240 1215 436988
2013.10.01  1200 1230 1240 1170 919301
2013.10.02  1195 1195 1215 1185 354823
2013.10.04  1205 1210 1210 1170 346715
2013.10.07  1205 1210 1210 1190 331494
2013.10.08  1215 1195 1220 1185 413800
2013.10.10  1205 1210 1225 1200 431694
2013.10.11  1240 1215 1240 1205 644939
2013.10.14  1250 1285 1300 1250 1623867
2013.10.15  1245 1240 1260 1215 553494
2013.10.16  1220 1235 1260 1205 800824
2013.10.17  1210 1280 1285 1210 1086259
2013.10.18  1240 1200 1240 1195 478650
2013.10.21  1230 1230 1245 1215 431948
2013.10.22  1225 1220 1225 1200 441414
2013.10.23  1195 1230 1230 1190 611317
2013.10.24  1210 1200 1220 1180 567751
2013.10.25  1195 1195 1210 1185 572524
2013.10.28  1200 1200 1215 1195 376926
2013.10.29  1200 1200 1220 1195 484736
2013.10.30  1230 1215 1260 1215 1410536
2013.10.31  1235 1245 1265 1225 618720
2013.11.01  1255 1230 1260 1225 587458
2013.11.04  1255 1260 1270 1235 770172
2013.11.05  1260 1255 1265 1235 655790
2013.11.06  1320 1260 1375 1260 4453295
2013.11.07  1355 1340 1355 1290 2010045
2013.11.08  1380 1355 1400 1330 2292155
2013.11.11  1315 1390 1395 1275 2117452
2013.11.12  1330 1295 1335 1280 1018544
2013.11.13  1280 1330 1355 1265 1398666
2013.11.14  1300 1290 1315 1250 1027047
2013.11.15  1390 1320 1400 1315 2653438
2013.11.18  1360 1370 1395 1315 1606114
2013.11.19  1425 1375 1430 1335 2872166
2013.11.20  1400 1430 1440 1380 2485731
2013.11.21  1410 1405 1425 1360 1773301
2013.11.22  1380 1430 1430 1380 1334119
2013.11.25  1390 1390 1420 1370 998747
2013.11.26  1400 1400 1400 1375 735057
2013.11.27  1370 1400 1410 1370 803960
2013.11.28  1365 1435 1445 1365 2763329
2013.11.29  1320 1380 1385 1320 1277134
2013.12.02  1315 1310 1320 1280 888727
2013.12.03  1305 1305 1335 1290 724978
2013.12.04  1345 1305 1380 1265 2151156
2013.12.05  1350 1360 1365 1325 571398
2013.12.06  1310 1330 1345 1300 615993
2013.12.09  1310 1300 1335 1295 683362
2013.12.10  1280 1305 1325 1270 617045
2013.12.11  1185 1280 1280 1175 1905590
2013.12.12  1200 1185 1210 1140 1279633
2013.12.13  1160 1200 1210 1150 664840
2013.12.16  1060 1155 1160 1060 1605322
2013.12.17  1080 1065 1100 1065 785151
2013.12.18  1045 1085 1105 1045 701979
2013.12.19  1035 1060 1070 1025 507271
2013.12.20  1045 1040 1050 1025 536292
2013.12.23  1080 1050 1120 1050 1102744
2013.12.24  1065 1070 1080 1055 336489
2013.12.26  1015 1060 1070 1015 903847
2013.12.27  1000 1005 1025 989 916550
2013.12.30  1030 1015 1055 997 563034
2014.01.02  1020 1035 1055 1000 527965
2014.01.03  1005 1015 1025 997 587549
2014.01.06  1155 1015 1155 1000 2047935
2014.01.07  1125 1180 1200 1120 5161881
2014.01.08  1140 1135 1150 1100 2149578
2014.01.09  1155 1150 1175 1130 2061187
2014.01.10  1115 1160 1180 1055 1699406
2014.01.13  1125 1110 1150 1095 975402
2014.01.14  1175 1115 1210 1105 3271644
2014.01.15  1165 1185 1190 1150 955045
2014.01.16  1190 1175 1190 1150 880194
2014.01.17  1175 1175 1185 1155 704156
2014.01.20  1200 1260 1270 1180 2353348
2014.01.21  1195 1265 1275 1160 3848201
2014.01.22  1200 1200 1210 1175 877940
2014.01.23  1220 1260 1380 1215 8514440
2014.01.24  1170 1220 1240 1165 1755455
2014.01.27  1145 1130 1185 1115 1677026
2014.01.28  1155 1150 1175 1140 598211
2014.01.29  1150 1165 1190 1150 631386
2014.02.03  1135 1140 1140 1110 773851
2014.02.04  1105 1110 1120 1095 883657
2014.02.05  1075 1110 1115 1070 761226
2014.02.06  1090 1070 1090 1065 473324
2014.02.07  1125 1080 1180 1080 2033837
2014.02.10  1135 1130 1140 1120 335662
2014.02.11  1135 1135 1145 1125 297369
2014.02.12  1155 1140 1205 1130 2650533
2014.02.13  1135 1165 1170 1130 548899
2014.02.14  1135 1135 1160 1130 516875
2014.02.17  1115 1140 1140 1110 477285
2014.02.18  1120 1115 1140 1100 449920
2014.02.19  1160 1135 1170 1125 1197778
2014.02.20  1150 1165 1165 1145 358045
2014.02.21  1185 1150 1200 1145 1126542
2014.02.24  1205 1185 1235 1175 1183060
2014.02.25  1195 1220 1230 1190 578759
2014.02.26  1180 1195 1205 1175 446395
2014.02.27  1165 1180 1190 1150 446481
2014.02.28  1190 1165 1215 1160 614750
2014.03.03  1200 1205 1210 1180 515997
2014.03.04  1205 1190 1210 1185 361833
2014.03.05  1225 1215 1230 1205 659173
2014.03.06  1225 1230 1270 1210 970486
2014.03.07  1230 1225 1245 1215 591028
2014.03.10  1240 1225 1245 1210 721036
2014.03.11  1235 1250 1275 1235 1100680
2014.03.12  1215 1235 1240 1210 1010845
2014.03.13  1220 1230 1230 1210 461045
2014.03.14  1220 1215 1230 1210 317476
2014.03.17  1240 1220 1245 1215 560716
2014.03.18  1240 1250 1255 1230 625281
2014.03.19  1270 1250 1275 1240 986482
2014.03.20  1280 1265 1300 1255 722965
2014.03.21  1275 1290 1305 1265 812125
2014.03.24  1295 1265 1295 1265 648015
2014.03.25  1285 1290 1320 1285 717909
2014.03.26  1300 1290 1310 1280 385255
2014.03.27  1310 1295 1330 1290 540419
2014.03.28  1305 1325 1325 1300 524820
2014.03.31  1355 1320 1375 1320 1235293
2014.04.01  1375 1370 1375 1340 502836
2014.04.02  1410 1370 1440 1370 1456046
2014.04.03  1390 1430 1430 1380 658578
2014.04.04  1425 1390 1430 1380 643121
2014.04.07  1410 1425 1425 1380 641868
2014.04.08  1390 1400 1410 1385 562285
2014.04.09  1405 1390 1420 1390 350688
2014.04.10  1405 1430 1430 1400 390953
2014.04.11  1425 1390 1425 1380 511139
2014.04.14  1500 1430 1510 1425 2057243
2014.04.15  1510 1505 1520 1475 589707
2014.04.16  1515 1520 1520 1480 566434
2014.04.17  1515 1515 1520 1495 385626
2014.04.18  1515 1520 1550 1515 534876
2014.04.21  1520 1505 1540 1500 508898
2014.04.22  1530 1520 1530 1510 407474
2014.04.23  1480 1520 1545 1480 696261
2014.04.24  1475 1445 1480 1420 1212205
2014.04.25  1445 1485 1510 1435 778049
2014.04.28  1430 1430 1445 1390 728559
2014.04.29  1450 1440 1460 1425 373312
2014.04.30  1460 1465 1475 1445 267036
2014.05.02  1485 1475 1505 1460 663089
2014.05.07  1430 1490 1490 1400 620544
2014.05.08  1410 1425 1430 1360 716444
2014.05.09  1440 1425 1440 1410 210531
2014.05.12  1440 1465 1465 1410 392558
2014.05.13  1470 1455 1475 1440 312356
2014.05.14  1470 1480 1485 1455 338401
2014.05.15  1475 1455 1490 1455 339066
2014.05.16  1495 1480 1505 1460 483149
2014.05.19  1510 1515 1570 1485 1855658
2014.05.20  1545 1510 1550 1470 1204475
2014.05.21  1590 1540 1620 1510 1516356
2014.05.22  1595 1620 1625 1570 849736
2014.05.23  1565 1595 1595 1545 658038
2014.05.26  1505 1565 1565 1495 1135837
2014.05.27  1550 1525 1550 1490 706184
2014.05.28  1550 1555 1560 1530 498743
2014.05.29  1550 1540 1555 1510 491878
2014.05.30  1525 1550 1585 1515 491306
2014.06.02  1395 1500 1500 1395 1903084
2014.06.03  1350 1390 1410 1280 1176872
2014.06.05  1340 1370 1375 1305 459332
2014.06.09  1420 1325 1440 1325 1000982
2014.06.10  1385 1400 1430 1370 761286
2014.06.11  1390 1385 1400 1370 418055
2014.06.12  1390 1390 1430 1385 290395
2014.06.13  1375 1410 1410 1360 406955
2014.06.16  1400 1390 1405 1365 273634
2014.06.17  1370 1405 1420 1370 324686
2014.06.18  1350 1375 1390 1340 499895
2014.06.19  1310 1340 1360 1310 544569
2014.06.20  1325 1335 1335 1310 225483
2014.06.23  1240 1340 1340 1240 467918
2014.06.24  1220 1230 1240 1165 996701
2014.06.25  1285 1220 1370 1210 1949223
2014.06.26  1250 1285 1300 1245 665425
2014.06.27  1235 1245 1280 1235 614610
2014.06.30  1300 1255 1305 1245 683907
2014.07.01  1320 1315 1330 1295 217048
2014.07.02  1325 1320 1330 1305 302257
2014.07.03  1355 1325 1355 1310 380132
2014.07.04  1345 1365 1365 1335 347722
2014.07.07  1340 1345 1380 1300 872665
2014.07.08  1320 1350 1395 1315 877437
2014.07.09  1315 1330 1345 1305 544734
2014.07.10  1385 1335 1385 1325 1007115
2014.07.11  1385 1375 1415 1365 1250386
2014.07.14  1380 1390 1410 1360 661892
2014.07.15  1345 1370 1385 1345 837183
2014.07.16  1335 1345 1350 1320 512537
2014.07.17  1325 1335 1350 1315 457776
2014.07.18  1390 1325 1390 1315 1447904
2014.07.21  1370 1430 1435 1365 2249103
2014.07.22  1365 1365 1385 1360 660321
2014.07.23  1345 1365 1380 1335 953776
2014.07.24  1330 1355 1365 1325 446879
2014.07.25  1370 1340 1375 1335 405104
2014.07.28  1330 1375 1375 1330 493733
2014.07.29  1265 1325 1345 1215 876982
2014.07.30  1270 1265 1290 1250 304588
2014.07.31  1235 1280 1280 1185 874369
2014.08.01  1240 1215 1260 1200 259385
2014.08.04  1240 1240 1265 1220 382387
2014.08.05  1210 1245 1275 1205 602576
2014.08.06  1210 1215 1225 1200 525505
2014.08.07  1185 1215 1215 1170 587006
2014.08.08  1175 1185 1190 1115 1127360
2014.08.11  1155 1175 1185 1150 352535
2014.08.12  1170 1155 1175 1150 413889
2014.08.13  1190 1165 1200 1155 504647
2014.08.14  1195 1190 1220 1185 278890
2014.08.18  1195 1200 1205 1175 173990
2014.08.19  1195 1210 1210 1180 386769
2014.08.20  1200 1190 1225 1185 532035
2014.08.21  1190 1185 1205 1170 441859
2014.08.22  1200 1200 1205 1190 202488
2014.08.25  1185 1205 1220 1180 367090
2014.08.26  1210 1200 1230 1185 420023
2014.08.27  1215 1215 1230 1205 334985
2014.08.28  1270 1220 1270 1215 870302
2014.08.29  1275 1260 1275 1230 450381
2014.09.01  1250 1295 1300 1240 309198
2014.09.02  1210 1250 1255 1210 189708
2014.09.03  1250 1210 1260 1200 350450
2014.09.04  1225 1255 1255 1215 140738
2014.09.05  1230 1230 1240 1215 155967
2014.09.11  1270 1235 1285 1220 581605
2014.09.12  1250 1280 1280 1240 263019
2014.09.15  1270 1260 1285 1255 197737
2014.09.16  1245 1255 1265 1240 316597
2014.09.17  1245 1240 1265 1230 166841
2014.09.18  1225 1245 1255 1220 235328
2014.09.19  1235 1230 1240 1220 191754
2014.09.22  1245 1240 1280 1225 436185
2014.09.23  1230 1255 1255 1190 477505
2014.09.24  1215 1235 1235 1200 214646
2014.09.25  1195 1215 1230 1185 428688
2014.09.26  1155 1185 1190 1150 629267
2014.09.29  1185 1175 1260 1170 974604
2014.09.30  1185 1195 1215 1160 189470
2014.10.01  1165 1180 1210 1160 271779
2014.10.02  1210 1160 1210 1150 291125
2014.10.06  1210 1225 1225 1190 167357
2014.10.07  1185 1215 1220 1180 260667
2014.10.08  1190 1185 1230 1180 280321
2014.10.10  1170 1200 1200 1155 288151
2014.10.13  1115 1170 1170 1105 637409
2014.10.14  1120 1085 1145 1085 261328
2014.10.15  1120 1130 1150 1120 204213
2014.10.16  1120 1130 1140 1105 129414
2014.10.17  1125 1120 1140 1095 382164
2014.10.20  1145 1125 1155 1110 162631
2014.10.21  1135 1150 1160 1120 172750
2014.10.22  1200 1145 1220 1135 533852
2014.10.23  1185 1220 1235 1165 591884
2014.10.24  1190 1205 1225 1185 508784
2014.10.27  1220 1230 1270 1200 1690862
2014.10.28  1190 1205 1230 1180 607415
2014.10.29  1210 1210 1230 1165 451390
2014.10.30  1195 1220 1235 1190 399202
2014.10.31  1175 1225 1225 1175 208251
2014.11.03  1135 1180 1190 1125 290258
2014.11.04  1125 1150 1165 1120 288251
2014.11.05  1130 1140 1145 1110 231970
2014.11.06  1135 1135 1135 1085 237689
2014.11.07  1120 1135 1145 1105 281510
2014.11.10  1130 1135 1140 1110 191266
2014.11.11  1075 1090 1090 995 2353946
2014.11.12  1100 1070 1100 1065 208263
2014.11.13  1095 1110 1110 1070 201463
2014.11.14  1075 1110 1110 1065 216307
2014.11.17  1065 1090 1090 1065 133270
2014.11.18  1055 1070 1090 1050 119173
2014.11.19  1055 1050 1070 1020 372170
2014.11.20  1050 1065 1080 1045 215269
2014.11.21  1070 1055 1085 1055 132968
2014.11.24  1080 1070 1085 1060 150428
2014.11.25  1065 1080 1085 1055 149346
2014.11.26  1045 1065 1075 1030 298515
2014.11.27  1055 1050 1065 1040 74674
2014.11.28  1080 1065 1085 1050 169929
2014.12.01  1120 1105 1185 1080 1975271
2014.12.02  1110 1130 1130 1080 326380
2014.12.03  1115 1100 1135 1100 286812
2014.12.04  1120 1130 1135 1105 198807
2014.12.05  1110 1120 1125 1090 254790
2014.12.08  1140 1120 1145 1100 315042
2014.12.09  1130 1140 1150 1115 174979
2014.12.10  1130 1120 1135 1115 194042
2014.12.11  1125 1130 1160 1115 401241
2014.12.12  1115 1130 1130 1105 175672
2014.12.15  1140 1105 1155 1095 269540
2014.12.16  1120 1135 1135 1110 164081
2014.12.17  1080 1130 1130 1065 262408
2014.12.18  1040 1080 1100 1030 346664
2014.12.19  1065 1055 1075 1045 108165
2014.12.22  1075 1080 1090 1050 136201
2014.12.23  1085 1065 1105 1055 173453
2014.12.24  1080 1095 1100 1065 116346
2014.12.26  1090 1095 1095 1065 89895
2014.12.29  1090 1095 1100 1060 204125
2014.12.30  1070 1090 1090 1065 86415
2015.01.02  1080 1065 1085 1055 170443
2015.01.05  1090 1085 1090 1070 141612
2015.01.06  1120 1080 1120 1075 337190
2015.01.07  1210 1145 1285 1135 10644177
2015.01.08  1235 1220 1235 1180 1834175
2015.01.09  1260 1230 1260 1205 947894
2015.01.12  1245 1245 1275 1220 797220
2015.01.13  1225 1255 1285 1220 1061664
2015.01.14  1230 1245 1255 1210 545956
2015.01.15  1225 1240 1250 1215 524624
2015.01.16  1280 1245 1295 1205 1162044
2015.01.19  1275 1300 1340 1260 1786891
2015.01.20  1250 1260 1280 1220 886205
2015.01.21  1230 1255 1260 1220 639863
2015.01.22  1225 1235 1245 1210 654746
2015.01.23  1245 1230 1265 1230 604715
2015.01.26  1245 1255 1260 1230 375641
2015.01.27  1240 1270 1270 1235 393601
2015.01.28  1255 1245 1255 1220 548044
2015.01.29  1290 1255 1290 1240 743067
2015.01.30  1305 1290 1355 1280 1790145
2015.02.02  1275 1305 1315 1255 595725
2015.02.03  1250 1265 1275 1240 602658
2015.02.04  1300 1265 1325 1255 799570
2015.02.05  1330 1320 1355 1285 873514
2015.02.06  1340 1330 1370 1315 604158
2015.02.09  1320 1340 1340 1295 590477
2015.02.10  1275 1320 1330 1275 626166
2015.02.11  1310 1285 1315 1270 460648
2015.02.12  1295 1340 1340 1295 365294
2015.02.13  1300 1285 1315 1280 451311
2015.02.16  1340 1315 1340 1285 540490
2015.02.17  1325 1340 1365 1320 643477
2015.02.23  1360 1350 1370 1325 508401
2015.02.24  1380 1385 1395 1355 726780
2015.02.25  1450 1525 1585 1435 7894433
2015.02.26  1445 1435 1465 1405 1251884
2015.02.27  1435 1445 1465 1425 760071
2015.03.02  1485 1440 1500 1435 917130
2015.03.03  1475 1530 1535 1460 739384
2015.03.04  1465 1485 1495 1450 601708
2015.03.05  1470 1475 1475 1405 672389
2015.03.06  1490 1495 1495 1450 478146
2015.03.09  1480 1565 1580 1460 1861465
2015.03.10  1430 1495 1495 1420 695723
2015.03.11  1435 1430 1435 1380 398668
2015.03.12  1440 1435 1460 1420 283322
2015.03.13  1480 1450 1490 1440 511579
2015.03.16  1470 1500 1500 1460 419913
2015.03.17  1475 1495 1500 1460 254409
2015.03.18  1480 1475 1520 1465 750017
2015.03.19  1465 1505 1505 1450 412572
2015.03.20  1460 1480 1480 1445 237427
2015.03.23  1505 1470 1525 1460 798397
2015.03.24  1535 1510 1545 1490 911474
2015.03.25  1590 1545 1650 1505 2620601
2015.03.26  1735 1615 1825 1610 8624918
2015.03.27  1740 1765 1780 1680 2378735
2015.03.30  1705 1740 1830 1685 2710593
2015.03.31  1690 1715 1750 1660 1575589
2015.04.01  1750 1680 1760 1665 1204844
2015.04.02  1685 1815 2010 1510 12350548
2015.04.03  1710 1685 1750 1625 2610996
2015.04.06  1830 1730 1865 1690 2741792
2015.04.07  1780 1860 1970 1775 3067763
2015.04.08  1810 1790 1830 1735 1646183
2015.04.09  1800 1785 1810 1765 883792
2015.04.10  1790 1815 1850 1780 1056903
2015.04.13  1885 1800 1960 1775 4311980
2015.04.14  1805 1900 1910 1750 1814237
2015.04.15  1805 1820 1840 1790 827660
2015.04.16  1860 1830 1935 1830 2674423
2015.04.17  1810 1805 1830 1770 1475587
2015.04.20  1805 1795 1810 1760 1017426
2015.04.21  1790 1825 1835 1780 875741
2015.04.22  1730 1790 1825 1650 1632364
2015.04.23  1670 1770 1780 1640 989924
2015.04.24  1680 1705 1710 1620 675409
2015.04.27  1750 1720 1755 1700 588698
2015.04.28  1680 1745 1745 1680 627022
2015.04.29  1700 1670 1715 1645 493615
2015.04.30  1630 1680 1710 1600 806784
2015.05.04  1550 1620 1635 1500 930773
2015.05.06  1540 1530 1555 1480 612525
2015.05.07  1625 1565 1640 1550 818593
2015.05.08  1655 1635 1675 1605 382829
2015.05.11  1680 1685 1710 1665 435580
2015.05.12  1620 1710 1725 1620 536724
2015.05.13  1650 1615 1660 1600 306333
2015.05.14  1685 1655 1700 1625 326324
2015.05.15  1710 1720 1775 1690 1492696
2015.05.18  1700 1710 1750 1690 730316
2015.05.19  1700 1715 1735 1660 675609
2015.05.20  1670 1695 1725 1650 649849
2015.05.21  1650 1690 1700 1645 624678
2015.05.22  1895 1895 1895 1805 6966640
2015.05.26  2175 2080 2175 2040 5173906
2015.05.27  2050 2400 2455 2030 18037719
2015.05.28  2075 2020 2160 1975 8390037
2015.05.29  2205 2100 2325 2065 10410825
2015.06.01  2535 2250 2535 2170 6845363
2015.06.02  2750 2825 2915 2535 12922854
2015.06.03  2600 2545 2910 2390 10522887
2015.06.04  2815 2605 2815 2555 6009018
2015.06.05  2855 2725 3045 2695 7331961
2015.06.08  2570 2885 3000 2570 5361583
2015.06.09  2580 2630 2685 2485 3571336
2015.06.10  2510 2650 2650 2455 3267978
2015.06.11  2525 2485 2550 2420 2632549
2015.06.12  2330 2490 2515 2315 2477178
2015.06.15  2385 2305 2385 2190 1835783
2015.06.16  2345 2435 2440 2265 1553923
2015.06.17  2650 2940 2940 2565 7244043
2015.06.18  2750 2650 2755 2505 4820296
2015.06.19  2665 2790 2790 2560 2551062
2015.06.22  2950 2705 2950 2640 4781452
2015.06.23  3835 3080 3835 3015 15067208
2015.06.24  4000 4015 4285 3730 17327597
2015.06.25  4090 3850 4200 3800 7091645
2015.06.26  4050 4000 4285 3910 5761054
2015.06.29  4070 3770 4240 3700 4436035
2015.06.30  4540 4020 4850 3980 9209939
2015.07.01  4630 4790 4940 4575 3410797
2015.07.02  4210 4500 4670 4150 5044420
2015.07.03  4310 4270 4400 4055 3893733
2015.07.06  4100 4310 4400 4045 2650495
2015.07.07  3805 4195 4265 3715 3242196
2015.07.08  4170 3830 4210 3660 3904725
2015.07.09  3995 4030 4185 3770 2568362
2015.07.10  4090 3995 4190 3975 2028511
2015.07.13  4000 4105 4195 3875 1952044
2015.07.14  4400 4100 4660 3995 6886207
2015.07.15  4350 4500 4580 4235 2761692
2015.07.16  4500 4410 4540 4300 3600110
2015.07.17  4250 4470 4470 4225 2486349
2015.07.20  4160 4240 4245 3970 2381941
2015.07.21  4095 4195 4340 4095 1538577
2015.07.22  4005 4090 4225 3925 1778854
2015.07.23  3885 4085 4085 3875 1426266
2015.07.24  3925 3885 4000 3850 1135719
2015.07.27  3575 3925 3925 3575 1539443
2015.07.28  3615 3385 3720 3350 1885493
2015.07.29  3475 3615 3715 3245 1334231
2015.07.30  3215 3445 3535 3215 1235655
2015.07.31  3535 3215 3685 3125 2175432
2015.08.03  3400 3600 3645 3395 738024
2015.08.04  3530 3440 3535 3315 650283
2015.08.05  3565 3550 3810 3505 1824543
2015.08.06  3570 3565 3650 3510 647854
2015.08.07  3465 3570 3595 3440 599635
2015.08.10  3375 3405 3540 3365 472197
2015.08.11  3300 3375 3555 3300 586270
2015.08.12  3020 3200 3270 2890 1906261
2015.08.13  3350 2950 3350 2950 1138644
2015.08.17  3235 3490 3495 3230 651115
2015.08.18  3000 3190 3250 2960 998815
2015.08.19  2830 2850 2920 2600 1317903
2015.08.20  2770 2760 2930 2750 674256
2015.08.21  2530 2515 2695 2490 1252387
2015.08.24  2460 2450 2645 2445 1005774
2015.08.25  2840 2565 2990 2470 1970526
2015.08.26  2990 2870 3170 2830 2141760
2015.08.27  3020 3100 3175 2955 1261125
2015.08.28  3025 3155 3160 3000 769191
2015.08.31  2870 3020 3035 2870 1271473
2015.09.01  3110 2920 3400 2890 6885055
2015.09.02  3090 3020 3240 2910 3610381
2015.09.03  3090 3210 3370 3080 2678456
2015.09.04  2870 3080 3130 2850 1271391
2015.09.07  2860 2870 3000 2750 1075391
2015.09.08  2900 2910 2990 2785 1017953
2015.09.09  3020 3320 3350 3000 2914982
2015.09.10  2980 2935 3015 2920 935780
2015.09.11  2905 2985 3080 2905 870445
2015.09.14  2870 2930 2965 2835 781874
2015.09.15  2810 2850 2905 2800 799160
2015.09.16  2825 2820 2885 2810 862844
2015.09.17  2850 2855 2980 2830 1322796
2015.09.18  2900 2870 2930 2860 942237
2015.09.21  2830 2865 2895 2805 881198
2015.09.22  2940 2835 3095 2830 2153746
2015.09.23  2920 2900 3020 2865 1669779
2015.09.24  3020 2985 3150 2965 2381654
2015.09.25  3105 3045 3145 3020 1850721
2015.09.30  3230 3075 3265 3030 2270030
2015.10.01  3175 3300 3305 3130 1732453
2015.10.02  3050 3200 3210 3035 1109539
2015.10.05  3025 3070 3120 3015 795994
2015.10.06  2980 3060 3110 2980 1052644
2015.10.07  2980 2995 3045 2930 788886
2015.10.08  2990 2980 3070 2950 724018
2015.10.12  3250 3075 3250 3020 3293431
2015.10.13  3210 3535 3790 3210 6986117
2015.10.14  3360 3260 3365 3155 2502887
2015.10.15  3310 3420 3460 3310 2177632
2015.10.16  3340 3320 3425 3290 1395829
2015.10.19  3215 3320 3330 3200 1095417
2015.10.20  3240 3190 3350 3165 1024841
2015.10.21  3190 3240 3290 3170 813020
2015.10.22  3085 3210 3230 3070 889679
2015.10.23  3160 3105 3190 3085 570899
2015.10.26  3400 3195 3425 3170 2491362
2015.10.27  3305 3410 3450 3265 1259457
2015.10.28  3245 3340 3360 3225 1073478
2015.10.29  3385 3300 3430 3250 2135515
2015.10.30  3310 3415 3420 3265 930789
2015.11.02  3165 3330 3365 3155 972083
2015.11.03  3095 3150 3195 3070 953429
2015.11.04  3095 3095 3160 3015 922007
2015.11.05  3060 3095 3165 3030 773499
2015.11.06  2890 3075 3100 2890 1411995
2015.11.09  2690 2870 2880 2660 1241665
2015.11.10  2715 2610 2770 2560 880698
2015.11.11  2825 2705 2835 2700 518878
2015.11.12  2765 2830 2870 2735 501329
2015.11.13  2815 2705 2975 2625 859384
2015.11.16  2840 2755 2960 2710 811640
2015.11.17  2850 2870 2910 2835 451478
2015.11.18  2790 2960 2960 2790 607545
2015.11.19  2800 2835 2870 2775 448279
2015.11.20  2860 2800 2885 2800 521588
2015.11.23  2870 2880 2880 2800 498792
2015.11.24  2910 2855 3095 2840 1725178
2015.11.25  2850 2930 2960 2850 402182
2015.11.26  2870 2890 2950 2860 465175
2015.11.27  2870 2895 2910 2810 421433
2015.11.30  2810 2870 2890 2790 354525
2015.12.01  2815 2820 2865 2805 351131
2015.12.02  2750 2825 2850 2750 491201
2015.12.03  2720 2740 2750 2645 478072
2015.12.04  2695 2680 2740 2660 241296
2015.12.07  2740 2700 2755 2685 259001
2015.12.08  2615 2745 2755 2600 478938
2015.12.09  2505 2600 2640 2505 544290
2015.12.10  2425 2500 2535 2390 603192
2015.12.11  2405 2420 2480 2395 329260
2015.12.14  2215 2350 2355 2210 599396
2015.12.15  2260 2215 2285 2215 289545
2015.12.16  2445 2330 2545 2300 1175271
2015.12.17  2490 2500 2550 2440 420356
2015.12.18  2470 2430 2495 2405 224823
2015.12.21  2540 2445 2580 2440 394307
2015.12.22  2485 2570 2570 2480 307491
2015.12.23  2515 2475 2555 2455 217625
2015.12.24  2620 2525 2705 2525 737900
2015.12.28  2625 2620 2660 2590 209452
2015.12.29  2655 2650 2725 2625 472753
2015.12.30  2660 2655 2675 2625 191157
2016.01.04  2585 2685 2685 2570 217135
2016.01.05  2550 2535 2580 2500 306844
2016.01.06  2565 2545 2625 2510 473810
2016.01.07  2610 2595 2800 2550 1619052
2016.01.08  2620 2570 2620 2515 559876
2016.01.11  2610 2625 2680 2585 440684
2016.01.12  2550 2620 2650 2550 313306
2016.01.13  2590 2565 2615 2565 254753
2016.01.14  2545 2535 2585 2520 368355
2016.01.15  2625 2565 2720 2540 983287
2016.01.18  2635 2595 2680 2580 447713
2016.01.19  2710 2635 2720 2600 785951
2016.01.20  2670 2765 2825 2615 1444751
2016.01.21  2755 2670 2755 2635 1021633
2016.01.22  2695 2820 2870 2675 987393
2016.01.25  2665 2720 2730 2665 554168
2016.01.26  2665 2660 2750 2660 562427
2016.01.27  2625 2705 2710 2615 466615
2016.01.28  2660 2630 2680 2615 290214
2016.01.29  2625 2690 2690 2620 319700
2016.02.01  2625 2630 2675 2620 229757
2016.02.02  2710 2630 2735 2615 599561
2016.02.03  2640 2690 2705 2620 392501
2016.02.04  2635 2640 2675 2610 353067
2016.02.05  2520 2645 2660 2520 609812
2016.02.11  2295 2435 2475 2220 925341
2016.02.12  2045 2290 2290 1985 1109596
2016.02.15  2135 2045 2160 2045 678916
2016.02.16  2270 2140 2280 2135 463173
2016.02.17  2270 2290 2310 2240 327498
2016.02.18  2300 2285 2355 2275 531488
2016.02.19  2315 2305 2360 2275 248336
2016.02.22  2355 2325 2355 2305 284737
2016.02.23  2330 2355 2370 2270 383430
2016.02.24  2350 2290 2365 2275 254720
2016.02.25  2385 2390 2465 2340 1025702
2016.02.26  2380 2385 2515 2335 1311519
2016.02.29  2425 2480 2570 2425 1771040
2016.03.02  2430 2465 2495 2405 549629
2016.03.03  2420 2445 2445 2375 371759
2016.03.04  2435 2415 2435 2390 302017
2016.03.07  2460 2435 2495 2405 468394
2016.03.08  2405 2450 2475 2375 315476
2016.03.09  2435 2405 2450 2400 247973
2016.03.10  2465 2430 2470 2405 213422
2016.03.11  2470 2470 2510 2430 260353
2016.03.14  2455 2480 2490 2430 250434
2016.03.15  2475 2460 2500 2445 285893
2016.03.16  2450 2465 2490 2440 217313
2016.03.17  2460 2450 2480 2430 225319
2016.03.18  2580 2460 2580 2440 774824
2016.03.21  2580 2615 2650 2560 700649
2016.03.22  2585 2580 2590 2525 306956
2016.03.23  2540 2585 2620 2540 312981
2016.03.24  2500 2515 2530 2485 242331
2016.03.25  2500 2485 2540 2485 225472
2016.03.28  2445 2480 2495 2435 340915
2016.03.29  2505 2455 2505 2435 423938
2016.03.30  2500 2505 2550 2485 321913
2016.03.31  2530 2515 2610 2500 691333
2016.04.01  2535 2580 2585 2530 396455
2016.04.04  2490 2515 2540 2480 312697
2016.04.05  2460 2480 2510 2445 273489
2016.04.06  2490 2460 2515 2450 289056
2016.04.07  2475 2490 2520 2475 307200
2016.04.08  2485 2465 2505 2445 417749
2016.04.11  2520 2490 2565 2475 473551
2016.04.12  2520 2525 2560 2490 374242
2016.04.14  2490 2545 2560 2490 382952
2016.04.15  2480 2500 2505 2460 379884
2016.04.18  2470 2470 2495 2440 375873
2016.04.19  2540 2490 2545 2470 498836
2016.04.20  2570 2540 2615 2540 1079257
2016.04.21  2540 2570 2590 2510 464658
2016.04.22  2750 2540 2790 2525 3052852
2016.04.25  2785 2770 2835 2730 1660373
2016.04.26  2805 2870 2955 2740 2350434
2016.04.27  2780 2780 2940 2755 1611678
2016.04.28  2920 2965 2965 2840 2078302
2016.04.29  2885 2890 2890 2830 678640
2016.05.02  3750 3345 3750 3165 22104601
2016.05.03  3960 3680 4550 3660 56662042
2016.05.04  3535 4055 4165 3500 16485597
2016.05.09  3290 3525 3585 3265 7402801
2016.05.10  3275 3325 3415 3230 7370566
2016.05.11  3400 3300 3400 3265 5077122
2016.05.12  3410 3535 3680 3410 13422748
2016.05.13  3210 3380 3440 3195 3868118
2016.05.16  3250 3210 3290 3135 2618553
2016.05.17  3170 3205 3215 3120 2111700
2016.05.18  3020 3180 3190 3015 2323352
2016.05.19  3115 3080 3235 3080 3134096
2016.05.20  3200 3070 3275 3060 2975777
2016.05.23  3255 3245 3370 3200 2631596
2016.05.24  3205 3295 3365 3205 2963481
2016.05.25  3260 3215 3365 3210 2896702
2016.05.26  3385 3260 3405 3260 3488868
2016.05.27  3300 3385 3505 3300 3368880
2016.05.30  3090 3305 3360 3035 2344511
2016.05.31  3115 3085 3215 3085 1530706
2016.06.01  3095 3165 3180 3040 1302154
2016.06.02  3100 3085 3175 3075 1199538
2016.06.03  3185 3120 3210 3100 1869339
2016.06.07  3225 3215 3240 3125 1709859
2016.06.08  3260 3500 3665 3260 15007063
2016.06.09  3130 3230 3230 3075 2284815
2016.06.10  3090 3115 3185 3090 1148931
2016.06.13  3060 3060 3165 3060 1329732
2016.06.14  3010 3070 3115 2985 1101602
2016.06.15  3050 3070 3090 3010 807673
2016.06.16  2890 3060 3070 2880 1011016
2016.06.17  2900 2900 3025 2860 1110561
2016.06.20  3040 2950 3050 2910 925166
2016.06.21  3015 3100 3105 2980 884941
2016.06.22  3025 3020 3110 2985 806258
2016.06.23  2925 3015 3040 2925 791073
2016.06.24  2650 2980 3000 2590 1711586
2016.06.27  2715 2540 2715 2540 981410
2016.06.28  2750 2670 2790 2670 536727
2016.06.29  2835 2805 2930 2805 715861
2016.06.30  2840 2865 2885 2835 342569
2016.07.01  2910 2870 2980 2825 701750
2016.07.04  3100 2905 3100 2905 1295645
2016.07.05  3180 3120 3185 3025 2922552
2016.07.06  3180 3155 3230 3075 1530494
2016.07.07  3170 3200 3240 3155 1043363
2016.07.08  3105 3230 3275 3105 2402888
2016.07.11  3110 3120 3170 3075 907467
2016.07.12  3130 3140 3200 3115 933332
2016.07.13  3250 3140 3250 3115 2448742
2016.07.14  3150 3530 3635 3150 8840377
2016.07.15  3065 3180 3180 3050 1598531
2016.07.18  3220 3055 3255 3035 2157810
2016.07.19  3290 3250 3450 3210 5080648
2016.07.20  3255 3280 3370 3215 1831723
2016.07.21  3285 3280 3330 3245 1037538
2016.07.22  3320 3335 3560 3300 12585931
2016.07.25  3430 3385 3490 3370 3566867
2016.07.26  3380 3500 3525 3380 2661773
2016.07.27  3640 3380 3650 3330 10621572
2016.07.28  3615 3730 3755 3555 5594973
2016.07.29  3465 3610 3610 3455 2972254
2016.08.01  3420 3515 3530 3380 1597555
2016.08.02  3290 3435 3445 3280 1680090
2016.08.03  3190 3270 3285 3185 1179154
2016.08.04  3480 3220 3480 3200 2339847
2016.08.05  3445 3415 3505 3400 1587703
2016.08.08  3530 3445 3540 3375 1572570
2016.08.09  3450 3575 3635 3450 3309782
2016.08.10  3435 3490 3520 3415 1342565
2016.08.11  3270 3420 3450 3260 1535934
2016.08.12  3330 3275 3370 3275 637470
2016.08.16  3235 3335 3375 3235 840670
2016.08.17  3100 3215 3235 3085 873766
2016.08.18  3180 3120 3350 3115 1418495
2016.08.19  3225 3175 3245 3170 392263
2016.08.22  3095 3270 3270 3095 468835
2016.08.23  3055 3080 3140 3045 599184
2016.08.24  3045 3070 3135 3030 446006
2016.08.25  3005 3015 3045 3000 566066
2016.08.26  3005 3030 3040 2975 427905
2016.08.29  2860 3030 3045 2755 840606
2016.08.30  2940 2860 2955 2860 338063
2016.08.31  2890 2940 2975 2835 342517
2016.09.01  2925 2860 2935 2860 311050
2016.09.02  2865 2920 2950 2850 419269
2016.09.05  2880 2885 2935 2865 431502
2016.09.06  2935 2885 2940 2875 443561
2016.09.07  2910 2935 3010 2900 517432
2016.09.08  2750 2910 2915 2660 1093108
2016.09.09  2705 2705 2730 2625 679224
2016.09.12  2590 2610 2655 2570 691085
2016.09.13  2615 2680 2690 2590 357048
2016.09.19  2725 2635 2740 2620 349232
2016.09.20  2880 2710 2880 2710 966837
2016.09.21  3025 3025 3295 2950 6783899
2016.09.22  3030 3060 3070 2940 873601
2016.09.23  3080 3050 3160 2990 1725740
2016.09.26  3105 3080 3165 3055 910251
2016.09.27  3025 3110 3110 3010 575536
2016.09.28  3040 3050 3110 3015 499634
2016.09.29  3085 3040 3110 3030 372627
2016.09.30  2950 3075 3075 2910 724355
2016.10.04  2990 2990 3070 2970 405993
2016.10.05  3030 2975 3040 2975 373059
2016.10.06  3030 3065 3065 2990 307289
2016.10.07  3165 3045 3175 3030 1686326
2016.10.10  3065 3175 3220 3055 1065908
2016.10.11  2985 3075 3090 2965 616240
2016.10.12  2985 2985 3020 2975 270307
2016.10.13  2905 3015 3020 2905 321138
2016.10.14  3035 2915 3040 2880 634535
2016.10.17  2965 3040 3080 2965 835059
2016.10.18  2915 2970 2995 2910 357520
2016.10.19  2930 2920 2965 2890 308111
2016.10.20  2850 2960 2975 2845 386381
2016.10.21  2810 2900 2920 2800 412788
2016.10.24  2710 2825 2860 2710 371000
2016.10.25  2815 2725 2950 2660 1009832
2016.10.26  2705 2755 2805 2600 542645
2016.10.27  2720 2685 2750 2685 240041
2016.10.28  2590 2715 2725 2555 540507
2016.10.31  2325 2540 2560 2325 1219351
2016.11.01  2400 2250 2465 2250 1137943
2016.11.02  2225 2400 2435 2225 724327
2016.11.03  2310 2200 2325 2200 450088
2016.11.04  2335 2290 2355 2250 307375
2016.11.07  2385 2350 2430 2350 284224
2016.11.08  2370 2410 2420 2370 245224
2016.11.09  2230 2375 2400 1985 1070489
2016.11.10  2325 2305 2330 2270 433734
2016.11.11  2285 2330 2335 2275 315449
2016.11.14  2305 2290 2370 2270 440938
2016.11.15  2325 2325 2350 2300 386000
2016.11.16  2370 2330 2435 2330 624319
2016.11.17  2390 2390 2410 2345 314437
2016.11.18  2365 2425 2425 2350 341398
2016.11.21  2265 2350 2360 2265 363821
2016.11.22  2270 2265 2305 2260 177201
2016.11.23  2160 2265 2290 2155 408626
2016.11.24  2100 2160 2190 2095 334486
2016.11.25  2155 2135 2185 2095 288270
2016.11.28  2105 2180 2180 2090 185278
2016.11.29  2145 2090 2165 2090 220444
2016.11.30  2135 2150 2185 2115 350251
2016.12.01  2125 2155 2155 2110 153167
2016.12.02  2120 2125 2165 2115 221772
2016.12.05  2000 2105 2125 1970 379500
2016.12.06  2060 2025 2070 2020 247248
2016.12.07  2455 2065 2615 2055 12688053
2016.12.08  2315 2470 2520 2300 3213636
2016.12.09  2270 2325 2395 2240 1427847
2016.12.12  2565 2330 2740 2290 14118446
2016.12.13  2550 2555 2565 2455 2534803
2016.12.14  2615 2545 2700 2535 4570688
2016.12.15  2625 2595 2660 2555 1095903
2016.12.16  2560 2630 2655 2560 1041869
2016.12.19  2520 2555 2580 2475 769938
2016.12.20  2555 2535 2780 2525 4725796
2016.12.21  2550 2570 2590 2475 1107293
2016.12.22  2560 2570 2785 2555 4479436
2016.12.23  2630 2570 2670 2560 1297934
2016.12.26  2530 2560 2590 2505 1411537
2016.12.27  2480 2540 2560 2480 423796
2016.12.28  2570 2480 2605 2480 696010
2016.12.29  2610 2575 2640 2545 647858
2017.01.02  2615 2645 2645 2585 388958
2017.01.03  2640 2600 2670 2600 500187
2017.01.04  2660 2645 2725 2625 905504
2017.01.05  2685 2670 2710 2635 633656
2017.01.06  2675 2700 2740 2655 609102
2017.01.09  2635 2670 2695 2615 457355
2017.01.10  2675 2830 2895 2645 3648054
2017.01.11  2730 2690 2780 2655 1281617
2017.01.12  2635 2730 2745 2630 538428
2017.01.13  2595 2620 2675 2590 386173
2017.01.16  2520 2590 2615 2520 371538
2017.01.17  2610 2515 2635 2510 648155
2017.01.18  2575 2600 2625 2565 396344
2017.01.19  2560 2560 2640 2555 291187
2017.01.20  2540 2550 2600 2515 296539
2017.01.23  2480 2560 2580 2475 320966
2017.01.24  2415 2460 2495 2410 309686
2017.01.25  2440 2415 2495 2415 225650
2017.01.26  2460 2445 2480 2420 249435
2017.01.31  2480 2445 2510 2445 172506
2017.02.01  2530 2465 2530 2460 237601
2017.02.02  2455 2505 2530 2445 300667
2017.02.03  2390 2455 2475 2370 250540
2017.02.06  2450 2390 2500 2390 213500
2017.02.07  2435 2440 2490 2415 123415
2017.02.08  2410 2415 2440 2395 191703
2017.02.09  2400 2405 2440 2385 104833
2017.02.10  2345 2400 2420 2320 263239
2017.02.13  2340 2340 2360 2305 144735
2017.02.14  2365 2345 2370 2330 112202
2017.02.15  2355 2420 2420 2355 172266
2017.02.16  2350 2360 2380 2330 135699
2017.02.17  2350 2335 2360 2310 122384
2017.02.20  2360 2350 2375 2335 81162
2017.02.21  2360 2355 2370 2340 207259
2017.02.22  2445 2360 2460 2360 371730
2017.02.23  2395 2455 2455 2385 282246
2017.02.24  2330 2390 2390 2330 205393
2017.02.27  2325 2330 2345 2310 119525
2017.02.28  2250 2270 2290 2210 393243
2017.03.02  2205 2280 2280 2180 138470
2017.03.03  2195 2175 2220 2100 257640
2017.03.06  2195 2150 2200 2145 174260
2017.03.07  2225 2205 2290 2205 123586
2017.03.08  2220 2235 2245 2220 72475
2017.03.09  2225 2240 2250 2205 140006
2017.03.10  2225 2225 2230 2140 267419
2017.03.13  2300 2225 2305 2220 244913
2017.03.14  2310 2290 2330 2260 242813
2017.03.15  2325 2320 2360 2295 250747
2017.03.16  2355 2325 2380 2325 264114
2017.03.17  2395 2360 2645 2350 3950445
2017.03.20  2395 2405 2425 2365 417764
2017.03.21  2375 2385 2410 2370 296681
2017.03.22  2350 2320 2375 2315 215996
2017.03.23  2315 2350 2355 2310 137245
2017.03.24  2320 2305 2380 2300 190376
2017.03.27  2335 2360 2370 2310 254982
2017.03.28  2370 2350 2420 2340 550379
2017.03.29  2495 2400 2560 2380 2342319
2017.03.30  2580 2530 2665 2510 2709425
2017.03.31  2600 2590 2660 2520 2325553
2017.04.03  2560 2630 2640 2540 819140
2017.04.04  2525 2620 2630 2500 794911
2017.04.05  2590 2525 2600 2525 535658
2017.04.06  2565 2585 2600 2520 435425
2017.04.07  2585 2575 2585 2535 212415
2017.04.10  2465 2600 2695 2355 2383490
2017.04.11  2465 2485 2540 2415 433509
2017.04.12  2490 2470 2500 2430 411009
2017.04.13  2630 2490 2645 2490 1313803
2017.04.14  2580 2655 2685 2565 974625
2017.04.17  2635 2605 2665 2585 753687
2017.04.18  2635 2640 2665 2610 478834
2017.04.19  2610 2610 2630 2550 601778
2017.04.20  2620 2610 2740 2575 1727158
2017.04.21  2620 2660 2685 2610 638061
2017.04.24  2550 2605 2635 2525 628821
2017.04.25  2590 2550 2600 2545 277563
2017.04.26  2610 2620 2650 2595 366121
2017.04.27  2825 2760 3050 2700 29718189
2017.04.28  2685 2900 2925 2670 5414318
2017.05.02  2765 2750 2805 2685 3633079
2017.05.04  2810 2765 2825 2730 2057916
2017.05.08  2795 2825 2860 2795 2208135
2017.05.10  2785 2805 2855 2775 1359739
2017.05.11  2755 2800 2805 2740 1008911
2017.05.12  2800 2755 2845 2755 1262306
2017.05.15  2785 2790 2845 2785 917268
2017.05.16  2760 2820 2830 2735 607585
2017.05.17  2740 2765 2790 2720 472679
2017.05.18  2685 2680 2740 2665 671395
2017.05.19  2810 2700 2820 2700 986515
2017.05.22  2785 2830 2910 2785 2245247
2017.05.23  2850 2790 2870 2770 960750
2017.05.24  2825 2835 2880 2810 757528
2017.05.25  2785 2825 2835 2760 557157
2017.05.26  2755 2795 2805 2755 399341
2017.05.29  2750 2760 2785 2735 446545
2017.05.30  2805 2755 2835 2755 810230
2017.05.31  2805 2820 2840 2785 499592
2017.06.01  2845 2820 2890 2810 1348522
2017.06.02  2845 2845 2880 2835 585814
2017.06.05  2790 2865 2880 2790 798076
2017.06.07  2770 2810 2810 2730 714164
2017.06.08  2850 2755 2870 2745 1508638
2017.06.09  2830 2860 2860 2800 642662
2017.06.12  2815 2890 2930 2810 1309229
2017.06.13  2805 2800 2845 2795 423462
2017.06.14  2920 2830 2935 2765 3114115
2017.06.15  2890 2950 2975 2855 1513873
2017.06.16  2925 2890 2930 2870 960305
2017.06.19  2930 2960 2965 2880 1068441
2017.06.20  2990 2920 3075 2910 3748946
2017.06.21  3000 3035 3050 2950 2296108
2017.06.22  2875 3035 3050 2875 1680121
2017.06.23  2855 2875 2900 2805 902196
2017.06.26  2920 2865 2965 2845 1270909
2017.06.27  2880 2910 2940 2880 513670
2017.06.28  2780 2900 2910 2760 830346
2017.06.29  2720 2780 2795 2685 776441
2017.06.30  2770 2720 2785 2660 497556
2017.07.03  2710 2750 2790 2690 348290
2017.07.04  2750 2710 2790 2670 624164
2017.07.05  2790 2760 2795 2710 533236
2017.07.06  2795 2790 2805 2750 331474
2017.07.07  2785 2780 2785 2755 213527
2017.07.10  2745 2795 2805 2745 298998
2017.07.11  2745 2745 2765 2730 283562
2017.07.12  2665 2750 2765 2660 512444
2017.07.13  2575 2690 2705 2555 690370
2017.07.14  2605 2585 2645 2570 379054
2017.07.17  2650 2605 2660 2605 262006
2017.07.18  2635 2660 2670 2610 293364
2017.07.19  2680 2640 2695 2625 327467
2017.07.20  2695 2700 2725 2665 242999
2017.07.21  2700 2700 2720 2670 314747
2017.07.24  2635 2710 2720 2635 279944
2017.07.25  2590 2650 2660 2580 428761
2017.07.26  2525 2605 2615 2525 392554
2017.07.27  2490 2530 2555 2445 573145
2017.07.28  2430 2480 2515 2430 492299
2017.07.31  2385 2400 2435 2375 323481
2017.08.01  2450 2385 2470 2385 322580
2017.08.02  2495 2585 2610 2480 911920
2017.08.03  2430 2490 2505 2425 374389
2017.08.04  2540 2455 2935 2430 13982502
2017.08.07  2545 2555 2660 2535 2677781
2017.08.08  2580 2560 2645 2550 1708594
2017.08.09  2480 2540 2560 2445 1106604
2017.08.10  2470 2465 2530 2445 797808
2017.08.11  2370 2430 2450 2365 635464
2017.08.14  2305 2370 2405 2250 609616
2017.08.16  2390 2305 2480 2305 933684
2017.08.17  2400 2430 2430 2350 375616
2017.08.18  2390 2370 2400 2350 286237
2017.08.21  2385 2410 2440 2380 288706
2017.08.22  2410 2385 2415 2370 247122
2017.08.23  2380 2430 2450 2375 333327
2017.08.24  2465 2380 2475 2340 484018
2017.08.25  2460 2470 2505 2440 478924
