2011.06.29  57000 53100 58700 50300 2292207
2011.06.30  54800 56000 56600 52200 740039
2011.07.01  57000 54800 57400 53700 484983
2011.07.04  55800 57000 57700 55800 154045
2011.07.05  54000 55300 55500 53500 396287
2011.07.06  53200 54200 54200 52800 137933
2011.07.07  52800 53900 53900 52800 120379
2011.07.08  52700 52600 53000 50600 302665
2011.07.11  53200 53300 53900 52700 161198
2011.07.12  51300 52000 52700 51300 106168
2011.07.13  55400 52000 56700 51700 399216
2011.07.14  58200 55300 58800 54300 544710
2011.07.15  59200 58600 59300 57000 251048
2011.07.18  61700 59400 63000 58500 317576
2011.07.19  61600 61000 62300 60400 229024
2011.07.20  61900 62500 62800 60900 155930
2011.07.21  64000 62400 64500 61500 230561
2011.07.22  63900 65000 65000 63400 164196
2011.07.25  66600 64000 67000 63900 335742
2011.07.26  67700 67300 68500 65700 183721
2011.07.27  68700 67000 69000 67000 107500
2011.07.28  70400 68000 70500 67800 156121
2011.07.29  67900 70400 72100 66400 206530
2011.08.01  68300 68000 69400 65200 162267
2011.08.02  70700 68300 70700 68300 158109
2011.08.03  69400 69700 70100 67500 124116
2011.08.04  68300 70000 70000 68000 40504
2011.08.05  68300 64700 70300 62600 112561
2011.08.08  66000 66500 69000 65100 100363
2011.08.09  63000 64800 68700 60600 147695
2011.08.10  64700 66000 66500 62900 154472
2011.08.11  66200 61200 66200 61200 76174
2011.08.12  70100 67000 71900 66800 163498
2011.08.16  71700 72000 74100 71000 103141
2011.08.17  75000 71500 75900 71200 81096
2011.08.18  82000 74500 86000 72100 130680
2011.08.19  73000 79000 87000 72200 161291
2011.08.22  69500 73000 76800 69500 91347
2011.08.23  66500 71000 71400 63400 253495
2011.08.24  64700 66900 67600 62200 165419
2011.08.25  64700 66100 69700 64700 142191
2011.08.26  71700 65900 71700 65500 208845
2011.08.29  69400 72200 73300 69400 269197
2011.08.30  69900 70000 70800 68600 382796
2011.08.31  73400 70500 75800 69100 334791
2011.09.01  75900 73700 77000 73400 239308
2011.09.02  78000 76200 79400 76000 284753
2011.09.05  74000 78400 78400 73700 175536
2011.09.06  77200 73000 77400 73000 153557
2011.09.07  80400 78300 80500 76700 274280
2011.09.08  80000 79900 81600 78000 120084
2011.09.09  81600 80900 83700 79500 89827
2011.09.14  76000 82000 82500 76000 76611
2011.09.15  75700 78000 78900 72000 127488
2011.09.16  76500 76900 78000 74200 168925
2011.09.19  74000 77400 77400 74000 62382
2011.09.20  76800 74000 76800 71500 78955
2011.09.21  80700 77500 80700 76100 128152
2011.09.22  81600 78500 83100 78100 93141
2011.09.23  81200 78500 82900 78500 141290
2011.09.26  81200 82100 85500 75000 151540
2011.09.27  84400 85000 86300 83500 73228
2011.09.28  82000 85200 85400 80100 119837
2011.09.29  84000 82500 84200 81800 120915
2011.09.30  85200 85000 85500 80500 94486
2011.10.04  84000 81200 85800 81000 75888
2011.10.05  79600 84100 84900 78000 124411
2011.10.06  76300 81100 82000 73700 185718
2011.10.07  75300 77000 77700 73500 196544
2011.10.10  79600 77000 80800 75300 113824
2011.10.11  78900 81000 81500 76200 221321
2011.10.12  79600 77900 80800 77500 101754
2011.10.13  78500 79600 81000 78500 79917
2011.10.14  80700 78400 80700 78200 73335
2011.10.17  83000 81400 83000 79400 129768
2011.10.18  86500 82900 86500 81900 161213
2011.10.19  91800 86100 94900 86100 281900
2011.10.20  87100 91500 91600 87100 113552
2011.10.21  90300 88300 91500 87100 132520
2011.10.24  89100 88200 91500 88200 81306
2011.10.25  87800 89200 90000 86000 51969
2011.10.26  89700 88100 89700 87000 50503
2011.10.27  87300 89700 90000 85800 103575
2011.10.28  84600 89400 89400 78100 561699
2011.10.31  84900 84500 86000 80600 147788
2011.11.01  84300 83100 85200 82000 106269
2011.11.02  83700 82500 84900 81600 99798
2011.11.03  85000 84800 87200 83700 105907
2011.11.04  89100 87200 89500 84600 139349
2011.11.07  89500 90300 91100 89100 64056
2011.11.08  89900 90300 91400 87100 44857
2011.11.09  87800 89300 90000 86100 123195
2011.11.10  87700 85000 87800 85000 93807
2011.11.11  89000 87200 89000 85700 71271
2011.11.14  93600 91000 95000 89600 162239
2011.11.15  92500 94400 94400 91600 85617
2011.11.16  91500 92000 93600 90500 62850
2011.11.17  90600 91500 92300 89200 59178
2011.11.18  89600 90500 92000 88400 72470
2011.11.21  90300 88300 91000 88300 59898
2011.11.22  89900 88300 90900 88300 32038
2011.11.23  87000 89600 90900 86600 71100
2011.11.24  75900 91000 94000 74000 2275966
2011.11.25  72000 74500 79000 68400 1342383
2011.11.28  76900 72000 80600 71500 992012
2011.11.29  72100 76900 78300 70400 1346257
2011.11.30  74400 71800 79800 71100 1887376
2011.12.01  72200 77200 77500 72200 824795
2011.12.02  77700 66200 79900 66200 2071623
2011.12.05  77200 77600 78500 75800 483484
2011.12.06  75000 77900 78400 74000 375981
2011.12.07  74000 75000 75400 72600 340725
2011.12.08  79300 74000 79400 73000 610687
2011.12.09  82700 79200 84600 77500 511762
2011.12.12  83000 88000 89300 82700 748713
2011.12.13  83300 81700 84300 80900 212906
2011.12.14  81900 83400 84400 81500 165156
2011.12.15  86000 80000 88800 80000 459344
2011.12.16  83500 85500 88500 83500 216233
2011.12.19  80000 83500 85100 74400 287877
2011.12.20  81000 80000 82400 79800 86151
2011.12.21  79900 79800 82700 79700 158195
2011.12.22  79900 79200 81000 79100 69809
2011.12.23  79800 81400 81400 79600 59462
2011.12.26  80000 80600 81900 79500 65736
2011.12.27  79000 80000 81100 78700 73175
2011.12.28  78000 79300 79900 77500 41025
2011.12.29  80900 78000 81000 77500 57786
2012.01.02  80200 80200 81500 78400 87821
2012.01.03  80600 80100 80600 79300 108435
2012.01.04  78800 80500 81600 78800 96960
2012.01.05  78300 79000 79400 77400 77680
2012.01.06  77700 79000 79300 77300 43526
2012.01.09  77400 77700 78100 76500 36627
2012.01.10  77100 76900 77700 76800 81136
2012.01.11  74900 77600 77700 73600 168334
2012.01.12  72800 75100 75400 71900 249704
2012.01.13  73400 73400 74500 72900 175193
2012.01.16  72800 73000 74300 72500 72409
2012.01.17  75300 73500 75500 73000 131457
2012.01.18  74500 75300 76100 73700 86536
2012.01.19  77000 76100 79400 75400 268831
2012.01.20  75900 77000 77000 74800 146162
2012.01.25  74600 76500 76500 74600 66943
2012.01.26  76800 74100 76800 73700 155817
2012.01.27  75700 76700 76800 75300 75532
2012.01.30  75400 75700 76300 74600 77485
2012.01.31  76000 76000 77300 75400 87364
2012.02.01  81300 76800 84900 76700 303238
2012.02.02  83000 83400 85100 81600 276148
2012.02.03  80800 82500 83100 79500 149812
2012.02.06  77000 80400 81600 76800 160607
2012.02.07  77500 77200 78300 77100 72010
2012.02.08  74800 77300 77500 74800 215651
2012.02.09  74300 74800 75600 73200 152716
2012.02.10  74400 75500 76000 73700 216674
2012.02.13  75000 74400 75600 74100 71033
2012.02.14  74800 75200 75900 74300 50981
2012.02.15  75900 75700 76600 75000 83607
2012.02.16  76800 76500 77000 75500 75881
2012.02.17  76000 77500 78800 76000 84062
2012.02.20  75000 76000 76000 74600 70091
2012.02.21  74700 75800 75800 74400 55915
2012.02.22  75200 74700 75800 74600 44735
2012.02.23  76500 75600 77000 74900 90457
2012.02.24  75600 76000 76900 75200 55460
2012.02.27  64300 64300 64300 64300 65170
2012.02.28  57500 54700 57700 54700 3599321
2012.02.29  58800 58100 61300 57700 1085938
2012.03.02  61500 58400 61700 57300 508948
2012.03.05  61100 61300 61600 60000 253587
2012.03.06  62300 60800 62400 60800 138817
2012.03.07  62300 61200 62800 61200 145460
2012.03.08  61000 62400 62400 60600 163875
2012.03.09  60000 61000 61400 59300 286117
2012.03.12  61000 60800 63400 60500 195757
2012.03.13  59900 60000 60100 58800 241081
2012.03.14  59900 60400 60500 59600 149701
2012.03.15  59300 60000 60400 59200 154348
2012.03.16  63400 59700 64700 59400 425664
2012.03.19  63700 63200 65500 62500 302908
2012.03.20  61600 63700 63700 60800 224038
2012.03.21  62300 61700 62900 60600 127634
2012.03.22  62300 62600 63300 61600 80948
2012.03.23  63600 62500 66000 62300 229513
2012.03.26  62500 63100 63200 61900 88826
2012.03.27  61000 62300 62900 59900 159356
2012.03.28  61600 63300 64900 60900 138319
2012.03.29  60900 60800 61500 59400 156653
2012.03.30  60900 60400 61300 60100 43460
2012.04.02  61000 60900 62200 60600 63057
2012.04.03  61900 61900 62100 61300 57947
2012.04.04  60800 61600 62000 60000 58869
2012.04.05  60400 60000 60800 59300 61772
2012.04.06  60100 60000 60600 59600 44826
2012.04.09  58800 59600 59600 58800 65408
2012.04.10  58900 58800 59800 58200 30878
2012.04.12  59000 58500 59500 57700 67545
2012.04.13  59500 59000 59500 58600 56687
2012.04.16  58400 58100 60100 58100 100371
2012.04.17  58400 0 0 0 0
2012.04.18  58400 0 0 0 0
2012.04.19  58400 0 0 0 0
2012.04.20  58400 0 0 0 0
2012.04.23  58400 0 0 0 0
2012.04.24  58400 0 0 0 0
2012.04.25  58400 0 0 0 0
2012.04.26  58400 0 0 0 0
2012.04.27  58400 0 0 0 0
2012.04.30  58400 0 0 0 0
2012.05.02  58000 60500 63900 56800 553086
2012.05.03  57100 58200 58400 56900 108923
2012.05.04  59400 59400 59600 58000 153186
2012.05.07  58600 59200 59300 57800 75895
2012.05.08  62300 58400 62600 58300 188302
2012.05.09  62900 62900 64100 62100 132386
2012.05.10  63500 62000 63500 61200 90119
2012.05.11  63600 63500 63900 62400 70361
2012.05.14  62800 64000 64500 61800 90180
2012.05.15  62000 62000 62800 61100 113833
2012.05.16  62000 63300 64300 62000 196739
2012.05.17  61800 62200 62900 61600 70734
2012.05.18  59700 60600 61100 58600 128870
2012.05.21  59500 59000 59900 56900 158192
2012.05.22  60000 59500 60600 58700 68690
2012.05.23  58800 60000 60700 58600 49548
2012.05.24  59500 58200 60100 58200 52533
2012.05.25  61000 59100 61300 59100 56663
2012.05.29  61300 61500 61700 60100 51763
2012.05.30  60000 60900 61300 59800 55389
2012.05.31  59400 59600 59700 58900 30507
2012.06.01  59300 59400 60400 59100 56798
2012.06.04  57400 57300 58700 56800 67855
2012.06.05  57800 57700 58200 57400 47296
2012.06.07  57800 58600 58700 57800 101541
2012.06.08  55800 58200 58200 55700 165055
2012.06.11  58400 56100 58600 56100 83023
2012.06.12  57600 57500 58400 57200 48178
2012.06.13  57200 57900 58000 57000 42112
2012.06.14  58400 57200 59000 57000 72274
2012.06.15  59900 58800 59900 57500 61934
2012.06.18  60400 61000 61300 59200 119256
2012.06.19  61400 60100 62000 59900 102068
2012.06.20  61400 61900 62200 61100 67104
2012.06.21  55900 59800 60600 55000 578574
2012.06.22  55400 55500 57700 55200 270601
2012.06.25  51300 56400 56400 50800 588082
2012.06.26  51000 50800 51800 50700 158705
2012.06.27  49850 51100 51300 49300 220631
2012.06.28  47400 49550 50100 46850 434646
2012.06.29  47000 46900 47850 45950 369042
2012.07.02  48350 47200 48350 47200 212624
2012.07.03  52000 49400 52600 48500 709147
2012.07.04  57800 53000 59600 51600 1633014
2012.07.05  58300 59000 61700 56700 1130095
2012.07.06  57700 58800 59500 57100 486392
2012.07.09  57900 57800 58900 56300 236664
2012.07.10  56600 57600 58100 56200 140484
2012.07.11  56600 56000 57500 55400 143386
2012.07.12  55700 56600 56900 55200 150382
2012.07.13  55000 55500 55800 52900 160980
2012.07.16  57100 55300 57700 54400 172707
2012.07.17  56000 56700 56800 55700 89451
2012.07.18  53100 56300 56400 52900 145916
2012.07.19  50700 53600 54300 50200 266506
2012.07.20  51900 50700 52300 49900 116990
2012.07.23  50800 51100 51500 50500 44801
2012.07.24  49050 50200 50400 48700 130543
2012.07.25  48000 48000 49050 47600 103473
2012.07.26  49100 48050 49600 48050 61661
2012.07.27  49100 49800 49800 48950 74483
2012.07.30  50000 49500 51100 49250 63505
2012.07.31  50200 50000 51100 50000 74345
2012.08.01  49900 50500 50500 49550 66047
2012.08.02  50600 50400 50700 49500 57643
2012.08.03  50200 49700 50800 49700 33838
2012.08.06  51400 50700 51500 50700 51415
2012.08.07  52000 51900 52100 51400 48413
2012.08.08  54900 52100 55200 52100 230424
2012.08.09  54700 55000 55500 53900 114224
2012.08.10  54800 55000 55200 54300 57025
2012.08.13  55500 54800 56000 54800 67859
2012.08.14  55400 55200 55900 55100 64224
2012.08.16  54900 54800 55200 54100 50390
2012.08.17  55300 54900 55500 53700 74212
2012.08.20  55900 55300 55900 54800 64236
2012.08.21  57500 55900 58100 55600 121820
2012.08.22  58900 57400 59500 56900 131106
2012.08.23  62300 58700 62300 58600 303525
2012.08.24  62400 62200 62800 61100 119311
2012.08.27  63000 61800 63000 61500 124049
2012.08.28  63600 62600 63900 62500 138645
2012.08.29  63000 64200 64200 60900 166391
2012.08.30  61000 63400 63400 61000 88857
2012.08.31  61800 60200 62700 60000 96528
2012.09.03  62600 61800 62800 60800 58742
2012.09.04  62000 63000 63000 62000 38314
2012.09.05  61300 62000 62300 60800 53083
2012.09.06  63000 61300 63500 61300 111314
2012.09.07  63300 63800 63800 62900 69194
2012.09.10  64000 63300 64300 62900 106900
2012.09.11  63000 64100 65400 63000 122932
2012.09.12  62900 63400 64400 62600 79710
2012.09.13  63300 62900 63400 62400 63455
2012.09.14  62100 63900 63900 62000 109936
2012.09.17  60600 62200 62600 60100 133361
2012.09.18  60900 60700 62000 60000 80785
2012.09.19  63900 59700 64000 59700 117355
2012.09.20  64400 64000 65100 63100 98275
2012.09.21  68500 64900 68500 64600 272103
2012.09.24  71000 69600 71500 69500 252987
2012.09.25  71600 70800 73200 69800 192843
2012.09.26  71300 71400 72500 70100 127712
2012.09.27  70900 69900 71900 69400 93020
2012.09.28  72000 70200 72000 70000 83684
2012.10.02  72000 72000 72200 71200 45659
2012.10.04  69600 72000 72100 69400 105334
2012.10.05  72000 69600 72300 68500 147080
2012.10.08  74000 71600 74200 71500 86747
2012.10.09  74000 74400 75000 73200 72250
2012.10.10  74000 73200 74900 73000 65623
2012.10.11  71700 73300 74200 71000 92526
2012.10.12  74200 72000 74700 71100 91631
2012.10.15  74700 74200 75100 73000 102215
2012.10.16  78000 75000 78000 74700 141046
2012.10.17  75200 80000 80000 75200 115219
2012.10.18  71300 75000 75500 70200 202188
2012.10.19  72000 71300 72400 68900 69775
2012.10.22  73700 71800 74000 70800 60084
2012.10.23  73400 73500 74800 73400 65874
2012.10.24  74500 72700 74500 71800 44918
2012.10.25  74700 74500 76300 73600 80848
2012.10.26  73600 75700 75900 72900 74155
2012.10.29  73800 74600 75700 73300 99217
2012.10.30  75400 74000 75500 73400 103991
2012.10.31  74900 77000 77000 74600 98131
2012.11.01  74400 75700 75800 73700 51336
2012.11.02  73200 75000 75300 72900 94468
2012.11.05  74000 73800 74200 72000 92468
2012.11.06  72500 74600 74600 72000 85342
2012.11.07  72000 73000 73000 71100 76715
2012.11.08  70700 71100 71500 68900 103118
2012.11.09  73000 70600 73200 69500 93751
2012.11.12  72600 73500 73500 72200 52912
2012.11.13  73000 73000 73000 72000 67122
2012.11.14  71100 73700 73700 69600 59322
2012.11.15  72300 69900 72800 69100 70264
2012.11.16  70300 72800 72800 70300 29813
2012.11.19  71100 69900 71800 69900 32458
2012.11.20  71000 71500 71700 70000 43684
2012.11.21  70400 71000 71600 70000 37900
2012.11.22  71300 71100 71700 70500 49883
2012.11.23  73400 71400 73700 71200 115237
2012.11.26  74600 74500 75100 73700 74884
2012.11.27  74400 74600 74800 73900 48559
2012.11.28  74200 74400 75700 74000 55392
2012.11.29  74100 74000 74400 72500 75962
2012.11.30  73900 74000 74000 72900 48834
2012.12.03  71800 73400 73700 71600 92024
2012.12.04  71300 71800 71900 70400 70466
2012.12.05  70100 71000 71800 70000 95235
2012.12.06  68000 69800 70800 66500 141264
2012.12.07  69300 68000 69500 67500 81983
2012.12.10  66400 67500 68400 64800 166141
2012.12.11  63000 66000 66100 62800 155503
2012.12.12  66000 63000 66000 62600 83199
2012.12.13  65200 65700 66200 64200 58151
2012.12.14  64400 64100 64900 62900 77459
2012.12.17  66000 64800 66100 63900 66318
2012.12.18  66300 66000 67100 65400 65111
2012.12.20  65600 65800 66300 63700 91140
2012.12.21  67200 65600 67400 64500 57806
2012.12.24  65700 66600 67000 65200 38846
2012.12.26  65300 66000 66200 65000 25641
2012.12.27  67000 65300 67200 65100 41455
2012.12.28  68800 67000 69000 66300 45163
2013.01.02  67800 68800 68800 67200 59780
2013.01.03  67400 68000 68100 66500 58136
2013.01.04  66000 66800 68100 65900 47162
2013.01.07  66600 66000 66700 65000 36360
2013.01.08  64500 66100 66700 64500 77081
2013.01.09  64000 63900 65000 63500 47129
2013.01.10  65300 64300 65700 63300 54275
2013.01.11  68400 66000 68700 65400 132902
2013.01.14  70400 68800 71400 68500 165106
2013.01.15  70400 70900 71100 69700 89451
2013.01.16  71200 70400 71500 69600 78771
2013.01.17  67800 71100 71100 67000 475126
2013.01.18  68400 67700 68600 67700 162928
2013.01.21  68500 68700 68900 67900 113899
2013.01.22  68800 67800 69300 67800 95325
2013.01.23  67000 68800 69300 66600 102938
2013.01.24  67800 67200 67800 66800 81822
2013.01.25  68700 68000 69000 67800 126433
2013.01.28  70000 68800 70000 68800 91447
2013.01.29  72500 70200 72800 70000 176602
2013.01.30  73200 72800 73600 72100 144645
2013.01.31  73400 72500 74000 72300 141878
2013.02.01  73800 73900 73900 72300 100724
2013.02.04  73700 73800 74300 72300 70920
2013.02.05  74500 72700 74700 72700 140459
2013.02.06  74000 75000 75000 73300 60550
2013.02.07  73000 73700 74100 72700 76986
2013.02.08  73700 72400 73900 72400 54335
2013.02.12  72800 74400 74400 72400 53487
2013.02.13  73000 72100 73400 70700 140491
2013.02.14  72700 72300 73200 71500 63491
2013.02.15  73000 72300 73400 72300 40400
2013.02.18  72900 73000 73000 72200 18374
2013.02.19  73000 72600 73300 72300 58852
2013.02.20  73100 73400 74000 72300 69744
2013.02.21  72000 72900 73500 71500 68735
2013.02.22  71000 71700 72000 70300 103957
2013.02.25  69800 70800 71300 69700 105614
2013.02.26  69600 69800 70500 69500 77880
2013.02.27  70900 69200 71200 69200 74971
2013.02.28  70100 70900 71600 69300 110518
2013.03.04  69900 69800 70000 68700 91272
2013.03.05  71700 70300 71800 69300 97177
2013.03.06  70700 71400 71700 70200 59710
2013.03.07  69600 70400 70800 69600 40683
2013.03.08  70300 69800 70400 69500 30204
2013.03.11  70400 70600 70600 69400 28635
2013.03.12  70600 70200 71000 69700 54302
2013.03.13  74500 71000 74600 70600 328118
2013.03.14  74500 75000 75200 73700 127867
2013.03.15  74500 74900 74900 73200 120367
2013.03.18  74000 74600 74700 73800 66861
2013.03.19  73500 74000 74500 73200 66125
2013.03.20  73800 73500 74700 73500 99989
2013.03.21  72700 73700 74400 72700 65209
2013.03.22  74000 72700 74300 72400 77306
2013.03.25  74000 74600 74600 73500 55988
2013.03.26  73600 74000 74000 73000 53519
2013.03.27  73600 73500 74500 72900 69577
2013.03.28  74700 73300 75000 73300 111097
2013.03.29  76400 75700 76700 74900 146280
2013.04.01  76600 76300 76600 75400 72976
2013.04.02  76200 77000 78200 76000 108227
2013.04.03  77400 76900 77400 76300 88593
2013.04.04  75500 77200 77500 75500 86855
2013.04.05  72900 74800 74800 71800 316886
2013.04.08  72400 72300 73600 72300 57783
2013.04.09  74200 72300 74400 72200 60214
2013.04.10  73800 73500 74400 73300 68627
2013.04.11  73500 74200 74200 73300 46235
2013.04.12  75000 73800 75500 73000 84309
2013.04.15  73400 75200 75400 72700 69088
2013.04.16  73000 72700 73400 72000 37583
2013.04.17  72300 73500 73500 72000 58756
2013.04.18  72000 71900 72400 70800 63687
2013.04.19  71100 71000 72500 70600 63628
2013.04.22  73000 70800 73400 70800 44934
2013.04.23  72400 72500 73400 71200 52138
2013.04.24  72000 72400 73000 71500 71454
2013.04.25  76100 72000 76900 72000 208874
2013.04.26  79000 76500 79000 75800 214746
2013.04.29  79400 78800 79700 77600 72015
2013.04.30  78100 79400 79400 77900 55307
2013.05.02  77300 77800 78500 76500 57687
2013.05.03  78000 77300 78300 77300 46114
2013.05.06  77400 78500 78700 76800 64418
2013.05.07  78000 77100 78800 77100 71579
2013.05.08  78500 78100 80200 73700 91168
2013.05.09  79500 78400 79700 77900 80828
2013.05.10  81600 79400 82200 78800 271160
2013.05.13  82500 81900 83400 81400 152306
2013.05.14  81800 81800 83000 81600 94404
2013.05.15  81300 81600 82500 80400 42955
2013.05.16  83500 81200 83600 81200 52941
2013.05.20  83700 83500 84500 83000 82050
2013.05.21  83000 83800 84100 82000 65787
2013.05.22  83000 82500 84700 81500 89229
2013.05.23  83600 83000 84100 82600 37079
2013.05.24  83700 83100 84500 82700 61533
2013.05.27  83000 83700 84700 82300 52574
2013.05.28  83300 83500 84100 81500 61123
2013.05.29  82900 83300 84100 82700 59258
2013.05.30  85100 83700 85900 83300 86178
2013.05.31  83800 85300 85900 83800 74157
2013.06.03  82200 83800 84700 82200 80337
2013.06.04  81100 82200 82700 80600 91581
2013.06.05  80000 81500 82700 80000 55834
2013.06.07  83400 80200 83900 80200 78844
2013.06.10  83600 83900 84000 82800 35959
2013.06.11  83400 83700 84400 82300 38951
2013.06.12  83500 83900 83900 82300 21008
2013.06.13  83200 83500 83900 81500 61693
2013.06.14  83900 83200 84100 82300 34544
2013.06.17  82700 83000 83500 82000 35879
2013.06.18  83300 83400 83400 81500 48669
2013.06.19  80300 83700 83700 78900 145249
2013.06.20  79300 79000 80800 78500 77747
2013.06.21  78000 78100 78900 75900 120231
2013.06.24  77000 77800 78600 76500 58285
2013.06.25  76000 77200 77900 75200 67086
2013.06.26  78000 77900 78700 77000 43600
2013.06.27  84500 79700 85400 79100 174192
2013.06.28  84800 84500 85000 83200 99126
2013.07.01  84300 84800 85000 83200 47892
2013.07.02  83700 85200 85400 83300 65892
2013.07.03  83000 83700 84800 82800 50750
2013.07.04  85000 83200 86500 83100 101034
2013.07.05  85400 86000 86800 84400 45778
2013.07.08  84500 85400 86100 83100 55865
2013.07.09  85900 86000 86000 83700 66957
2013.07.10  85000 85900 86500 84100 55597
2013.07.11  84500 85100 85500 84300 32141
2013.07.12  86900 84100 87000 84100 82407
2013.07.15  84700 86900 86900 84500 69730
2013.07.16  83600 85000 85000 83300 88496
2013.07.17  85600 82900 85700 82900 91350
2013.07.18  84100 84600 85700 84100 41900
2013.07.19  85900 84800 85900 84400 29029
2013.07.22  85000 85300 85700 84200 51290
2013.07.23  84100 85400 85500 83800 64677
2013.07.24  83500 84600 84600 83300 55223
2013.07.25  83100 83300 84200 82700 73540
2013.07.26  84600 82900 84800 82700 74123
2013.07.29  82100 84400 84400 81900 52115
2013.07.30  84000 82500 84100 82000 61539
2013.07.31  84900 83900 85100 83200 56788
2013.08.01  84500 84900 84900 82600 77069
2013.08.02  82500 84000 84200 82000 123822
2013.08.05  81200 82100 82300 80900 103048
2013.08.06  81900 81200 82000 80600 43649
2013.08.07  81300 82000 82000 80900 23714
2013.08.08  84800 82600 85200 82200 160351
2013.08.09  85000 84300 85300 83200 84104
2013.08.12  84100 86700 86700 83700 124181
2013.08.13  86900 84900 87000 84500 167378
2013.08.14  86800 87100 87900 85900 74600
2013.08.16  85400 86100 86900 85000 47724
2013.08.19  85000 85400 85900 84300 50876
2013.08.20  84400 85000 86000 84300 49206
2013.08.21  84500 84300 85000 84100 55975
2013.08.22  84400 84100 84400 82700 68086
2013.08.23  84600 84500 85200 84300 63842
2013.08.26  81900 85200 85200 81800 118670
2013.08.27  79000 82100 82200 78300 221905
2013.08.28  80300 78300 80400 78000 75869
2013.08.29  79200 80300 80700 78900 81443
2013.08.30  79500 78900 79900 78300 78530
2013.09.02  78300 80300 80300 78100 89907
2013.09.03  78400 78300 79300 78000 65843
2013.09.04  77000 78100 78600 75900 201785
2013.09.05  78000 76600 78100 76500 112929
2013.09.06  76800 77700 78000 75600 144966
2013.09.09  75100 77000 77600 75100 172364
2013.09.10  75300 75500 76400 74700 99887
2013.09.11  75800 75100 76300 75100 95876
2013.09.12  76000 76400 76700 75800 113531
2013.09.13  75400 75600 76200 74300 120137
2013.09.16  76200 75300 76500 75100 41560
2013.09.17  76200 76100 76800 74900 70812
2013.09.23  78600 76800 78600 76500 139312
2013.09.24  79300 78700 79700 78100 142702
2013.09.25  78600 79400 79900 77900 113705
2013.09.26  80900 79100 81300 78900 138129
2013.09.27  81200 80600 82100 80400 86215
2013.09.30  79900 81000 81200 79600 50507
2013.10.01  80100 80100 80700 78900 60583
2013.10.02  81500 80900 81800 80300 126241
2013.10.04  81700 81200 81700 79200 82878
2013.10.07  79800 81600 81800 79600 54301
2013.10.08  79100 79600 80000 78700 47323
2013.10.10  79400 79100 79700 78700 39286
2013.10.11  79300 78700 80000 78700 74010
2013.10.14  77800 79300 79300 77600 65492
2013.10.15  79800 77700 79800 77300 76112
2013.10.16  78400 79800 79800 78300 25862
2013.10.17  77700 79400 79400 76900 73990
2013.10.18  77200 78000 78100 76900 44473
2013.10.21  79300 77200 79400 77000 46099
2013.10.22  81000 78700 81500 78700 83056
2013.10.23  81600 81400 81900 80600 83905
2013.10.24  81600 81700 81900 80400 64724
2013.10.25  81400 81300 82400 80800 38544
2013.10.28  82900 81900 83300 81400 109085
2013.10.29  83400 83000 83800 82600 85345
2013.10.30  84500 83900 84900 83500 120624
2013.10.31  83500 84600 84900 82700 67579
2013.11.01  84900 83400 85000 82700 83670
2013.11.04  84000 85200 85200 83100 70579
2013.11.05  85000 84000 85200 83200 69940
2013.11.06  84000 84400 85100 83300 26774
2013.11.07  81800 84000 84000 81300 70806
2013.11.08  84900 81800 85000 81800 122650
2013.11.11  84600 84400 85500 84000 27212
2013.11.12  84900 83900 85200 83600 38479
2013.11.13  84700 84500 85400 84100 39079
2013.11.14  85400 85700 85700 80300 34756
2013.11.15  84700 85500 85700 84300 30943
2013.11.18  83800 84300 84800 83300 32018
2013.11.19  84100 83500 84600 83300 36236
2013.11.20  83800 83600 85500 83300 39861
2013.11.21  85000 83600 85300 82800 76938
2013.11.22  85800 85400 86000 84600 67786
2013.11.25  86400 85800 86700 85700 58616
2013.11.26  85000 86600 86800 84200 135256
2013.11.27  85000 85800 85800 84300 67239
2013.11.28  84900 84700 85500 84700 50035
2013.11.29  86700 85000 86800 84900 121548
2013.12.02  84500 86300 86700 83300 58867
2013.12.03  86200 84400 86200 84300 46185
2013.12.04  86700 86500 86800 85300 55734
2013.12.05  86400 86000 86900 85700 30520
2013.12.06  87400 86200 87800 85300 87450
2013.12.09  88200 87900 88700 87300 68406
2013.12.10  88000 87800 88800 86700 20792
2013.12.11  87100 87300 88100 86300 69963
2013.12.12  88300 86600 88600 86100 29876
2013.12.13  88600 88500 89000 87600 43763
2013.12.16  90400 89000 90700 89000 120147
2013.12.17  90500 90500 91400 89200 91281
2013.12.18  89000 90500 90700 88300 51483
2013.12.19  87100 88800 88800 86600 106175
2013.12.20  87000 87800 88000 86400 46702
2013.12.23  87000 87200 87500 86500 31782
2013.12.24  85900 87000 87000 85500 66575
2013.12.26  87200 86100 87700 86100 52056
2013.12.27  87200 87600 88500 87200 50197
2013.12.30  87500 87500 88300 86700 28055
2014.01.02  89600 88200 90000 87600 96518
2014.01.03  88200 89600 90300 87600 60745
2014.01.06  86800 88600 89200 86700 30822
2014.01.07  88000 86800 88500 86500 56478
2014.01.08  87500 87600 87800 84200 218185
2014.01.09  83000 87000 87000 80500 413854
2014.01.10  83000 82100 83600 82000 76415
2014.01.13  84400 83000 84900 82000 68394
2014.01.14  82900 83500 84400 82800 63755
2014.01.15  83700 83100 84600 82100 70340
2014.01.16  82700 83700 83800 82100 53357
2014.01.17  81000 82200 82300 80700 68356
2014.01.20  80500 80600 81400 79700 67910
2014.01.21  81600 80100 82200 80000 76056
2014.01.22  82500 81900 82700 80300 79902
2014.01.23  79800 81800 82500 79400 166193
2014.01.24  77000 79600 79700 76200 259111
2014.01.27  76200 76600 77500 75000 143103
2014.01.28  77800 75300 77900 75300 98013
2014.01.29  77200 78000 78700 76000 158664
2014.02.03  77100 77200 77400 76000 76142
2014.02.04  76400 76300 77800 75000 90505
2014.02.05  76900 76500 76900 76000 103141
2014.02.06  76800 77400 77600 76100 58295
2014.02.07  76700 77400 78200 76200 80457
2014.02.10  78700 77500 78800 77200 78025
2014.02.11  78100 79300 79500 77100 70927
2014.02.12  77000 77500 78300 76700 147150
2014.02.13  77300 76600 77400 76600 81910
2014.02.14  76900 76900 77600 76500 69088
2014.02.17  78200 76800 78500 76700 44349
2014.02.18  79800 78200 80000 77500 50144
2014.02.19  79800 80100 80300 78900 39596
2014.02.20  80400 80000 81400 79200 112019
2014.02.21  80500 79900 81200 79400 66905
2014.02.24  79000 80700 81000 78400 45053
2014.02.25  81500 79100 82200 79100 89410
2014.02.26  83000 81400 83200 80700 102788
2014.02.27  80900 82900 82900 80500 65740
2014.02.28  79200 80400 81200 79000 88559
2014.03.03  79900 79400 81500 78600 59822
2014.03.04  80900 79000 81000 78900 56476
2014.03.05  79800 81400 81400 79400 64719
2014.03.06  78600 79800 80200 78500 67954
2014.03.07  78700 78900 79000 78300 93841
2014.03.10  77700 78500 78600 76800 95436
2014.03.11  78700 77800 79300 77800 68384
2014.03.12  77600 78700 78800 77500 40875
2014.03.13  77800 77000 78200 76500 70072
2014.03.14  76400 76700 77800 76000 75422
2014.03.17  77500 76800 78000 76600 55318
2014.03.18  77400 78200 78200 77000 43407
2014.03.19  75200 77400 77500 75100 91332
2014.03.20  73200 75000 75400 73100 73297
2014.03.21  74000 74500 74800 73300 47302
2014.03.24  72100 74100 74800 71600 74620
2014.03.25  72200 71000 72300 71000 112977
2014.03.26  72700 72300 73000 71400 90485
2014.03.27  73000 72300 73300 71500 51332
2014.03.28  72000 72700 73000 71900 77621
2014.03.31  72400 71800 72400 71500 50146
2014.04.01  73700 72600 74700 71500 87855
2014.04.02  74200 73800 75200 73600 91137
2014.04.03  74000 74300 75000 73700 60609
2014.04.04  74400 74800 75900 74100 49905
2014.04.07  74400 73600 75300 73400 48891
2014.04.08  74400 73900 75600 73600 51626
2014.04.09  74500 74100 74800 73600 44770
2014.04.10  73400 75000 75200 73100 47606
2014.04.11  75500 72600 75800 72200 42961
2014.04.14  74600 75600 75600 74000 30147
2014.04.15  74800 74200 75000 73300 33939
2014.04.16  72600 74400 74400 72200 122553
2014.04.17  73600 72800 73600 72400 43448
2014.04.18  73600 74000 74000 72700 40144
2014.04.21  73700 73600 73900 71700 72670
2014.04.22  74300 73700 74300 73000 45081
2014.04.23  74400 74500 75000 73400 44924
2014.04.24  73200 74600 74600 72400 73204
2014.04.25  71300 72600 72900 70600 70145
2014.04.28  71500 71700 72100 70500 50389
2014.04.29  72100 71200 72400 71000 25584
2014.04.30  72500 72300 72800 71700 12422
2014.05.02  71700 72700 72800 71100 37243
2014.05.07  71500 71700 72200 70500 40879
2014.05.08  70900 70900 71700 70500 23656
2014.05.09  72300 71100 72700 70800 25423
2014.05.12  73400 71000 73500 71000 44578
2014.05.13  72900 73000 73200 71800 47202
2014.05.14  73400 72900 74100 71800 61605
2014.05.15  73000 73300 73800 72900 24732
2014.05.16  72000 72900 73000 70900 73253
2014.05.19  70600 72000 72200 70300 68416
2014.05.20  70500 71000 71100 70400 32261
2014.05.21  71100 70400 71200 70400 31712
2014.05.22  71400 70600 71500 70600 36621
2014.05.23  71400 71100 72000 70900 29477
2014.05.26  71800 70500 72000 70300 98932
2014.05.27  71900 71200 72400 70600 62929
2014.05.28  71700 71800 72100 71200 35293
2014.05.29  70300 71200 71600 70200 81980
2014.05.30  67400 70800 70800 67400 160284
2014.06.02  66400 67400 67900 66200 80461
2014.06.03  65300 65900 66600 65100 113138
2014.06.05  63800 65300 65700 62000 167722
2014.06.09  64500 62500 65000 62100 74321
2014.06.10  67500 64200 69100 64200 168415
2014.06.11  67200 67200 67500 66100 56362
2014.06.12  66900 67200 67900 66900 38590
2014.06.13  65800 66900 67200 65400 68457
2014.06.16  65800 65500 66300 65400 51832
2014.06.17  66300 65400 66300 65400 63943
2014.06.18  67000 66000 68200 66000 65840
2014.06.19  67600 66800 67900 66400 47944
2014.06.20  66700 67200 67900 65200 85167
2014.06.23  67600 66800 67800 66500 43318
2014.06.24  67600 67600 68800 66800 51219
2014.06.25  68000 67300 69600 67300 72310
2014.06.26  68300 68700 68900 66900 39283
2014.06.27  70000 68300 70100 67700 50980
2014.06.30  69700 70300 70400 68900 49348
2014.07.01  68200 69700 69700 67900 46561
2014.07.02  68600 68400 68800 68000 31858
2014.07.03  69800 68900 70000 68700 50096
2014.07.04  70500 69600 70600 69400 48113
2014.07.07  68700 70400 70400 68500 61847
2014.07.08  69900 68700 70200 68600 36282
2014.07.09  70500 69700 70600 69300 46758
2014.07.10  72100 70900 72900 70900 113661
2014.07.11  71900 72100 72800 71000 58147
2014.07.14  72900 71600 73100 71100 68420
2014.07.15  72000 72900 73500 72000 59787
2014.07.16  72200 72000 72700 71400 23182
2014.07.17  70000 72300 72300 69800 120985
2014.07.18  68900 69000 70300 68000 112228
2014.07.21  67300 69100 69600 67000 97664
2014.07.22  68500 67000 68900 66200 87129
2014.07.23  67800 68500 68500 67200 70420
2014.07.24  67100 68000 68000 66600 74629
2014.07.25  66600 67600 67600 66200 75125
2014.07.28  67200 66800 67600 66400 85545
2014.07.29  67700 67000 68000 66100 62789
2014.07.30  68400 66800 68500 66600 62904
2014.07.31  68600 68400 69000 67600 57301
2014.08.01  69100 67800 69100 67800 31789
2014.08.04  67300 69000 69000 67100 51564
2014.08.05  68100 67300 68600 67300 43850
2014.08.06  66200 67800 67900 65000 99727
2014.08.07  65400 66200 66200 65300 56964
2014.08.08  64900 65600 65600 64200 49828
2014.08.11  67800 64700 68500 64700 84963
2014.08.12  67000 68000 68000 65500 52469
2014.08.13  71000 66600 71200 66400 193875
2014.08.14  71500 71000 72000 69000 101431
2014.08.18  71000 71500 71700 70600 31403
2014.08.19  72700 70400 73300 70400 129195
2014.08.20  73200 72700 74000 72000 103644
2014.08.21  74300 73600 74500 72600 84143
2014.08.22  75900 74000 75900 73700 147522
2014.08.25  77000 75900 77100 73900 101725
2014.08.26  75500 76900 77000 75500 78852
2014.08.27  77800 75900 77900 75500 93703
2014.08.28  77000 77700 77900 75500 91505
2014.08.29  75000 76400 76400 74100 69763
2014.09.01  75700 74900 75800 74000 53393
2014.09.02  77800 75000 78300 75000 104249
2014.09.03  79000 77300 79400 77300 100213
2014.09.04  78800 79000 79600 78000 109388
2014.09.05  77500 78700 78800 77100 87284
2014.09.11  75900 77000 77900 75800 37308
2014.09.12  75300 75600 76500 74700 70475
2014.09.15  75700 75900 77500 74600 69655
2014.09.16  75200 76300 76400 74500 45840
2014.09.17  75000 74800 75600 74300 25159
2014.09.18  75000 75400 76100 73900 27914
2014.09.19  77200 75000 77800 74400 63932
2014.09.22  76000 76500 77300 75100 54251
2014.09.23  76400 75000 76600 74900 40396
2014.09.24  75800 76800 77300 75600 38216
2014.09.25  75200 75800 76300 74400 41837
2014.09.26  75100 74500 76200 74100 47566
2014.09.29  73200 75500 76100 72700 51395
2014.09.30  72500 74200 74200 71100 95593
2014.10.01  70000 71900 72200 68100 122535
2014.10.02  70700 68800 71400 67900 87839
2014.10.06  68400 70500 71400 68200 64732
2014.10.07  67000 69000 69000 66900 72414
2014.10.08  70900 66900 70900 66700 66698
2014.10.10  70900 70900 71000 68000 66508
2014.10.13  68500 70800 70800 68000 61227
2014.10.14  68300 69500 69700 67100 66438
2014.10.15  71500 67500 71700 67500 89675
2014.10.16  70100 71300 71900 69400 87143
2014.10.17  69400 70000 70800 68600 48321
2014.10.20  68100 70500 70500 68000 58591
2014.10.21  68400 68000 68800 67600 53004
2014.10.22  67500 68500 68900 66400 121178
2014.10.23  66400 67200 67600 66400 42288
2014.10.24  64800 66400 66500 64600 107783
2014.10.27  65300 65000 65900 64800 50569
2014.10.28  65200 65100 65700 64200 38531
2014.10.29  66100 64600 66400 64300 46323
2014.10.30  66100 66100 66600 64800 36203
2014.10.31  66100 66500 66900 65500 63978
2014.11.03  64500 66100 66500 64400 48554
2014.11.04  64400 64400 65100 64100 38320
2014.11.05  63800 63800 64800 63700 30476
2014.11.06  65900 63500 66100 62900 56795
2014.11.07  66000 66000 66100 63700 67352
2014.11.10  67700 65900 69700 65300 138010
2014.11.11  69300 67700 69900 67200 76602
2014.11.12  73500 69700 74400 69000 151125
2014.11.13  73700 74000 75800 72600 137362
2014.11.14  73200 74000 74000 71200 74942
2014.11.17  72400 73200 73200 71100 44578
2014.11.18  72400 73100 73900 71200 49878
2014.11.19  73800 72400 74500 71300 40829
2014.11.20  74300 73900 75200 72300 62837
2014.11.21  72700 73600 73800 72300 39626
2014.11.24  73400 72000 73800 72000 45878
2014.11.25  73400 73300 73800 72400 57840
2014.11.26  72900 73000 73100 71700 68706
2014.11.27  71900 73800 73800 71700 52239
2014.11.28  71300 71800 72300 70600 52326
2014.12.01  70300 71800 71800 69500 28084
2014.12.02  71800 69400 71900 69200 33604
2014.12.03  72400 71500 72600 70700 28049
2014.12.04  70400 72100 72500 70000 48854
2014.12.05  70400 70000 71100 69100 46591
2014.12.08  70000 70400 71100 69500 33927
2014.12.09  69300 70000 70700 69200 35201
2014.12.10  70900 69000 70900 69000 38116
2014.12.11  69900 70700 70700 69100 35979
2014.12.12  67900 70200 70300 67400 57510
2014.12.15  67800 68100 68500 67000 67190
2014.12.16  68300 67200 68500 67100 35594
2014.12.17  69300 67600 69400 67600 33804
2014.12.18  68300 68600 69200 68100 19978
2014.12.19  68200 67600 69300 67600 37186
2014.12.22  68400 69100 69100 67200 43544
2014.12.23  66700 67300 68300 66200 72260
2014.12.24  67600 67100 68100 66500 26487
2014.12.26  66400 68100 68100 65900 50049
2014.12.29  65500 65700 66400 64300 84743
2014.12.30  67500 64700 67700 64700 60472
2015.01.02  64600 66600 67200 64600 70921
2015.01.05  62800 64800 64800 62700 107089
2015.01.06  63100 62700 64200 62500 56040
2015.01.07  60400 62700 63200 59900 112505
2015.01.08  57300 60900 60900 57300 203659
2015.01.09  57100 57700 58200 56500 112296
2015.01.12  57600 56800 58200 56800 74523
2015.01.13  56900 57600 57600 56300 83071
2015.01.14  54300 56800 57300 53700 196266
2015.01.15  54700 53900 55300 53300 147218
2015.01.16  53300 54900 54900 53200 92990
2015.01.19  53200 53600 53700 52400 75690
2015.01.20  54100 53600 55200 52700 210193
2015.01.21  52100 53700 53800 51800 113491
2015.01.22  51600 52200 52600 51600 83268
2015.01.23  51800 52000 52300 51500 66161
2015.01.26  53400 51800 56800 51800 95050
2015.01.27  51800 53200 53500 51600 90282
2015.01.28  52300 51900 52500 51600 74963
2015.01.29  52600 52100 53100 52100 51557
2015.01.30  53900 52800 54100 52500 110068
2015.02.02  51700 54000 54000 51500 181180
2015.02.03  52200 52100 52600 51500 83167
2015.02.04  54300 52500 55400 52500 355890
2015.02.05  56300 54500 56600 53500 168604
2015.02.06  54500 56100 56200 54200 142230
2015.02.09  52400 54500 54600 52100 149574
2015.02.10  53300 52500 53500 52300 81868
2015.02.11  53300 53100 54100 52500 85050
2015.02.12  53900 53400 54200 53400 52350
2015.02.13  53800 54600 54600 53500 42123
2015.02.16  53400 53800 54000 52800 67994
2015.02.17  53500 52800 54100 52800 40104
2015.02.23  54100 54000 54600 53800 53156
2015.02.24  53900 54100 54400 53300 64337
2015.02.25  54500 54000 54800 53500 60158
2015.02.26  56800 55300 56800 55200 181283
2015.02.27  56500 56700 57000 55500 135300
2015.03.02  57700 56500 58300 56000 146285
2015.03.03  58000 57800 58600 57500 110745
2015.03.04  56300 57700 58000 56200 102340
2015.03.05  57700 56300 58100 56300 110538
2015.03.06  60100 58100 60100 57400 209063
2015.03.09  65400 61200 65400 59900 484598
2015.03.10  65500 65600 65900 64100 230218
2015.03.11  64200 64200 64900 62600 148215
2015.03.12  64800 64200 65500 63400 82503
2015.03.13  64100 65900 66000 63800 84920
2015.03.16  62400 64000 64000 61900 117782
2015.03.17  64000 63100 65200 63000 74321
2015.03.18  64800 64000 65300 63800 69926
2015.03.19  64200 65400 65400 62800 95941
2015.03.20  63400 64200 64500 62300 79210
2015.03.23  62300 63400 63400 61600 99777
2015.03.24  65000 63000 65300 62200 129497
2015.03.25  64300 65300 65600 64000 51361
2015.03.26  63000 64300 64400 62600 34906
2015.03.27  64800 63000 65000 63000 109949
2015.03.30  67200 64500 67200 64300 110289
2015.03.31  67500 67200 69100 66200 143808
2015.04.01  68200 67600 69300 67100 82596
2015.04.02  66000 68200 68400 65500 69522
2015.04.03  65600 65500 66500 63600 152487
2015.04.06  64900 65000 66400 64800 63959
2015.04.07  68400 65800 68400 65800 163105
2015.04.08  69900 69000 69900 68500 131393
2015.04.09  69300 69700 70800 68600 65113
2015.04.10  71400 69700 71500 68400 102453
2015.04.13  68900 71200 71200 68500 103314
2015.04.14  73000 69500 73500 69200 186982
2015.04.15  74600 73300 74800 71600 123298
2015.04.16  73700 74000 74600 72800 78545
2015.04.17  74000 74100 74400 73000 68879
2015.04.20  73800 72600 73900 72200 62183
2015.04.21  71600 73300 73800 71500 74795
2015.04.22  72700 72200 72800 70600 73753
2015.04.23  72400 73800 73900 71700 82888
2015.04.24  72200 72600 73100 71000 63429
2015.04.27  70700 72000 72100 68600 86269
2015.04.28  71800 71700 73000 70700 75874
2015.04.29  71400 71400 72600 70400 45259
2015.04.30  71200 71100 71900 69000 101468
2015.05.04  72900 71800 73600 71100 69314
2015.05.06  71900 72900 73500 71800 53011
2015.05.07  72100 71400 72300 69700 37814
2015.05.08  71600 72100 72600 70700 30639
2015.05.11  76600 74500 78400 73900 260420
2015.05.12  78200 76800 80000 76600 194310
2015.05.13  79800 77600 79900 77400 124815
2015.05.14  80300 79800 81100 78800 146777
2015.05.15  79800 80900 80900 78500 73776
2015.05.18  80400 79400 80400 78300 74136
2015.05.19  82000 80800 82500 79900 102133
2015.05.20  82000 84600 84600 80700 92268
2015.05.21  83200 81900 83800 80500 107032
2015.05.22  83300 84000 85000 82300 65287
2015.05.26  82200 83300 83900 81600 41603
2015.05.27  83600 83500 85100 80000 110085
2015.05.28  80600 82300 83900 80500 82993
2015.05.29  84000 80800 84000 80800 94927
2015.06.01  81200 82500 83900 79500 128265
2015.06.02  80900 81200 81500 79000 105012
2015.06.03  81000 81000 82100 79200 65059
2015.06.04  81700 81700 82700 80000 81512
2015.06.05  80100 82000 82100 79200 61641
2015.06.08  77700 79300 79900 77200 116955
2015.06.09  78100 76900 79300 76700 71378
2015.06.10  76300 78700 78900 74400 139625
2015.06.11  74900 76600 77500 74600 87098
2015.06.12  74400 75200 76300 73700 122901
2015.06.15  72700 73100 73800 72100 84314
2015.06.16  69300 72500 72800 67100 292818
2015.06.17  71200 69600 71300 68200 119889
2015.06.18  70200 70900 71100 69600 93496
2015.06.19  69500 69700 70700 69000 67656
2015.06.22  74800 70000 75800 69700 138340
2015.06.23  74300 74600 75000 72600 78574
2015.06.24  75800 74500 76300 74000 74149
2015.06.25  73100 75100 75900 72900 119939
2015.06.26  74800 73100 75000 72700 73886
2015.06.29  72700 73500 74700 72700 45821
2015.06.30  75700 72600 75900 70400 65100
2015.07.01  74300 75000 75200 73800 54582
2015.07.02  72500 73700 74700 72300 59926
2015.07.03  73100 72500 74000 71400 58315
2015.07.06  71800 72300 72600 70300 70512
2015.07.07  71800 71300 72500 67500 120324
2015.07.08  68700 71400 71400 68200 104373
2015.07.09  66500 68000 68000 64800 152315
2015.07.10  67100 65700 67400 65700 56900
2015.07.13  69000 67100 69000 66200 67733
2015.07.14  69100 69200 69700 68100 98016
2015.07.15  69700 68500 69700 68000 49626
2015.07.16  69700 69000 70300 68700 78866
2015.07.17  67400 69200 70000 66900 115934
2015.07.20  65700 67000 67300 65200 82804
2015.07.21  66600 66100 66600 65300 58410
2015.07.22  65700 66500 66500 65200 39256
2015.07.23  68300 66300 68400 66200 70002
2015.07.24  68500 67400 69100 66500 68203
2015.07.27  63800 67300 67600 63400 167633
2015.07.28  62900 63500 64700 62000 128098
2015.07.29  64700 63400 64700 62700 60201
2015.07.30  62900 61900 64500 61900 47024
2015.07.31  64200 62900 64200 62500 42724
2015.08.03  62600 64000 64000 62600 51386
2015.08.04  64500 62500 65200 62000 90486
2015.08.05  63500 63800 64500 62800 110871
2015.08.06  60400 63500 63900 60200 179197
2015.08.07  64000 60400 65200 60400 239490
2015.08.10  64200 64000 65500 62900 107771
2015.08.11  63200 64800 65600 62300 121595
2015.08.12  62300 63000 63300 60600 99825
2015.08.13  62200 62500 62700 61200 63025
2015.08.17  62300 62000 63000 61500 48664
2015.08.18  61100 62100 62700 61000 55190
2015.08.19  63300 60500 64500 60500 150535
2015.08.20  62600 64400 64400 61800 80266
2015.08.21  63600 60000 64800 58000 97664
2015.08.24  60500 61000 63600 60000 121494
2015.08.25  60500 60500 61500 59000 95611
2015.08.26  62200 59700 62200 59400 125504
2015.08.27  66300 62400 66500 62400 326302
2015.08.28  65900 67700 67700 64700 112976
2015.08.31  64900 65000 65500 64500 32589
2015.09.01  63100 64200 66000 62700 64122
2015.09.02  63600 63200 64400 61800 68605
2015.09.03  62600 64400 64500 61700 48638
2015.09.04  59800 62600 63000 59800 105170
2015.09.07  58200 59000 60300 58200 95264
2015.09.08  57100 58200 59500 56900 104508
2015.09.09  59300 57500 59800 57500 59995
2015.09.10  61000 58200 61100 58200 64926
2015.09.11  60000 61200 61200 59000 53116
2015.09.14  59000 61000 61000 58500 61066
2015.09.15  60900 58900 61500 58900 71464
2015.09.16  64000 61900 64700 61700 140015
2015.09.17  63300 64000 64400 62300 57891
2015.09.18  64500 63400 64800 63400 104155
2015.09.21  64500 64400 65200 63500 50327
2015.09.22  67200 65400 67400 64500 91801
2015.09.23  67600 67500 68600 66900 152207
2015.09.24  67800 68500 69700 66700 105756
2015.09.25  67000 67800 67800 64900 75286
2015.09.30  66200 66700 66700 64700 60663
2015.10.01  66000 66300 67100 64500 43043
2015.10.02  65900 67300 68200 64800 99755
2015.10.05  66700 66900 67600 65900 26811
2015.10.06  65200 67700 67800 64900 53166
2015.10.07  64500 65200 66000 64000 29021
2015.10.08  64000 64100 65300 63200 51142
2015.10.12  61500 63500 63700 61400 102989
2015.10.13  61800 61800 62600 61500 47779
2015.10.14  62200 61200 62600 60900 49468
2015.10.15  61700 62500 62500 61100 37256
2015.10.16  61000 62000 62200 60800 57196
2015.10.19  61400 61700 61700 60700 40083
2015.10.20  60700 61600 61600 60000 55266
2015.10.21  59700 60600 61200 59500 105918
2015.10.22  58400 59800 60300 58200 88582
2015.10.23  59900 58600 60300 58200 71201
2015.10.26  61100 60400 61300 60200 38328
2015.10.27  59700 61200 61200 59600 53749
2015.10.28  59100 59800 60200 58400 64441
2015.10.29  58400 59100 59400 58400 37712
2015.10.30  58200 58600 58800 57000 69471
2015.11.02  57300 58200 58500 57100 79562
2015.11.03  57700 58000 58900 57600 65389
2015.11.04  60500 57900 60700 57900 104840
2015.11.05  60600 60900 60900 59200 67818
2015.11.06  59600 60000 60600 59300 46415
2015.11.09  56500 57600 58500 56500 165669
2015.11.10  56000 56700 56800 55400 57061
2015.11.11  56400 56100 56700 55300 44433
2015.11.12  57000 56500 57000 55300 35832
2015.11.13  56000 55600 56600 55300 70209
2015.11.16  53500 54000 55200 53500 94751
2015.11.17  56100 54700 56200 54100 76802
2015.11.18  55800 56600 57400 55800 61095
2015.11.19  57500 56900 57800 56100 58011
2015.11.20  57600 57400 57900 56900 32923
2015.11.23  57600 57900 58500 56500 25053
2015.11.24  58000 57100 58200 57100 21080
2015.11.25  58400 57800 58600 57800 49404
2015.11.26  58000 58700 58800 57000 63641
2015.11.27  58000 58200 58500 57600 34373
2015.11.30  58000 57900 58300 56700 49420
2015.12.01  59400 58000 59800 57700 49836
2015.12.02  60000 59400 60100 58600 44104
2015.12.03  59800 60000 60300 59300 29501
2015.12.04  59600 58900 60400 58900 37707
2015.12.07  60100 60200 60200 59200 30714
2015.12.08  59300 60300 60300 59200 32658
2015.12.09  59800 59200 59800 58400 74037
2015.12.10  58400 59800 59800 57300 52441
2015.12.11  56200 58400 58400 56100 79714
2015.12.14  55200 55800 55800 54500 70689
2015.12.15  55600 55800 55900 54200 70485
2015.12.16  55900 56000 56300 55300 38866
2015.12.17  57100 56200 57100 55500 31311
2015.12.18  57000 56600 57300 55700 44276
2015.12.21  57100 56500 57500 55800 65341
2015.12.22  57500 57500 57500 56400 29788
2015.12.23  58600 57500 58900 57000 44940
2015.12.24  59200 59000 59400 58000 34821
2015.12.28  59300 59400 59400 58200 27920
2015.12.29  58300 59200 59200 57900 29707
2015.12.30  59000 58800 59300 57600 26662
2016.01.04  57000 59000 59000 57000 19553
2016.01.05  56900 56000 57500 56000 25890
2016.01.06  60000 57300 60600 57000 71500
2016.01.07  60400 60000 61600 59600 79758
2016.01.08  58400 59300 60000 58400 52288
2016.01.11  57600 58500 58900 57600 16375
2016.01.12  57600 57700 58300 57200 18816
2016.01.13  59200 57600 59600 57500 25980
2016.01.14  58700 58500 59200 57800 23805
2016.01.15  59400 59200 61200 59100 93982
2016.01.18  59600 58900 60300 58900 33886
2016.01.19  57500 58400 59200 57100 77146
2016.01.20  55000 57500 57500 54500 96752
2016.01.21  55800 55500 56000 54800 39133
2016.01.22  56500 55300 56800 55300 24196
2016.01.25  57200 56500 57400 56500 35810
2016.01.26  55700 57000 57200 55300 57224
2016.01.27  55800 56500 56500 55400 35130
2016.01.28  56500 55600 56500 55600 18770
2016.01.29  56000 56500 56500 55600 33672
2016.02.01  56300 56000 56500 55500 40101
2016.02.02  54800 56300 56300 54700 77009
2016.02.03  54500 54800 55000 53800 41967
2016.02.04  55300 54500 55600 54500 23988
2016.02.05  54900 55400 55400 54400 24225
2016.02.11  53300 53000 54000 53000 22115
2016.02.12  51800 52600 53000 51600 51524
2016.02.15  51500 52800 52800 51300 54363
2016.02.16  52400 51600 52800 51600 39629
2016.02.17  52300 52400 52800 51900 25728
2016.02.18  52400 52500 53300 52100 42069
2016.02.19  52400 52400 52600 52100 21209
2016.02.22  53200 52400 53200 52400 29352
2016.02.23  52900 53500 53700 52700 28855
2016.02.24  52900 52500 53400 52400 28772
2016.02.25  52800 53200 53400 52400 21318
2016.02.26  52800 52900 53100 52500 24408
2016.02.29  53300 53100 53500 52700 40563
2016.03.02  54200 53300 54600 53200 49626
2016.03.03  54700 54200 54800 54200 52629
2016.03.04  54000 54900 54900 53600 48483
2016.03.07  52900 54400 54600 52600 107201
2016.03.08  53300 52900 53300 52700 51771
2016.03.09  53500 53300 53600 52800 40264
2016.03.10  54500 53500 54600 53500 57747
2016.03.11  54000 54700 54700 53700 39876
2016.03.14  53800 54400 54500 53500 28608
2016.03.15  53400 54200 54200 53300 35523
2016.03.16  53000 53700 53700 52800 55437
2016.03.17  53600 53200 53600 53000 50523
2016.03.18  53700 53700 53900 53200 33833
2016.03.21  52800 53800 54000 52400 65919
2016.03.22  52400 52800 53200 52100 59196
2016.03.23  52700 52600 53300 52400 30385
2016.03.24  52600 52700 52900 52200 22548
2016.03.25  52600 52500 52600 52000 38722
2016.03.28  52200 52600 52600 51900 28646
2016.03.29  51700 52100 52300 51500 56872
2016.03.30  51600 51700 52000 51400 66373
2016.03.31  51200 51600 52100 50800 80068
2016.04.01  51000 51200 51800 50500 92885
2016.04.04  51100 51100 51500 50700 44492
2016.04.05  52400 51400 52600 51400 85381
2016.04.06  51900 52400 52400 51400 60261
2016.04.07  51500 52000 52000 51100 50871
2016.04.08  51000 51500 51500 50500 82262
2016.04.11  50700 51100 51300 50500 47155
2016.04.12  50400 50900 51000 50000 84834
2016.04.14  50100 50600 50800 50000 114999
2016.04.15  51700 50500 51900 50400 133107
2016.04.18  51800 51700 52200 51200 65814
2016.04.19  51500 52000 52000 51300 68611
2016.04.20  51200 51300 51600 50700 113945
2016.04.21  50900 51200 51500 50900 79408
2016.04.22  53900 51000 54300 50900 411503
2016.04.25  53900 53500 54300 53300 128859
2016.04.26  54600 54300 54700 53000 137558
2016.04.27  54300 54000 54700 53800 122041
2016.04.28  54400 54500 55000 54000 106997
2016.04.29  56400 54100 56900 54000 173329
2016.05.02  55700 56200 56800 55000 133096
2016.05.03  54600 56200 56200 54100 113034
2016.05.04  55400 54300 55800 54000 113923
2016.05.09  54700 54000 55500 51900 209400
2016.05.10  55100 54700 55200 53200 107401
2016.05.11  54600 55500 55500 54200 94345
2016.05.12  54500 54300 55000 53200 73314
2016.05.13  53000 54200 54700 53000 72400
2016.05.16  52100 52800 52800 51900 96912
2016.05.17  51900 51900 52200 51100 81330
2016.05.18  51200 52000 52000 51000 47822
2016.05.19  51000 51500 51500 50200 116671
2016.05.20  52100 51200 52100 51200 56228
2016.05.23  51500 52300 52300 51200 50990
2016.05.24  51400 51500 51800 50700 83235
2016.05.25  52200 51400 52400 50900 69130
2016.05.26  51200 52200 52300 51200 51935
2016.05.27  51500 51300 51700 50900 47387
2016.05.30  51000 51300 51600 50900 50307
2016.05.31  51800 51300 51800 50700 76197
2016.06.01  50900 51700 51700 50700 89768
2016.06.02  50900 50900 51300 50700 53538
2016.06.03  51600 51000 51900 50800 61628
2016.06.07  52300 51900 52500 51000 68977
2016.06.08  52800 52400 53200 51700 106661
2016.06.09  52000 52800 52900 51500 70815
2016.06.10  50900 51900 51900 50300 118186
2016.06.13  48650 49950 49950 48050 167210
2016.06.14  48350 48050 48600 48050 95295
2016.06.15  48600 48350 48600 48250 51260
2016.06.16  47950 48600 48600 47050 108487
2016.06.17  47900 47600 48200 47600 61990
2016.06.20  47850 48000 48250 47700 53893
2016.06.21  48400 48100 48600 48050 60742
2016.06.22  47700 48550 48550 47600 127514
2016.06.23  47550 47650 47650 47250 82640
2016.06.24  44800 47800 47950 44200 238791
2016.06.27  44200 43450 44450 43450 149778
2016.06.28  45000 43700 45350 43600 164269
2016.06.29  46700 46000 47550 46000 177573
2016.06.30  46100 46900 47300 46050 103586
2016.07.01  47000 46300 47100 46250 61208
2016.07.04  46900 47400 47400 46600 37713
2016.07.05  45950 46900 46900 45750 58837
2016.07.06  44750 46050 46050 44650 90887
2016.07.07  44500 44950 45000 44150 116236
2016.07.08  44100 44500 44700 43750 85819
2016.07.11  44350 44350 44750 44200 70960
2016.07.12  44150 44350 44350 44000 79278
2016.07.13  44650 44400 44900 44250 57561
2016.07.14  44200 44650 44800 44050 68105
2016.07.15  44850 44500 44950 44300 60456
2016.07.18  44300 44900 44900 44250 68136
2016.07.19  43950 44400 44500 43800 88962
2016.07.20  43650 43850 44100 43250 89382
2016.07.21  42800 43600 43750 42700 154357
2016.07.22  42650 42850 42850 42450 100642
2016.07.25  42700 42900 42950 42500 104480
2016.07.26  45300 43050 45350 43050 282102
2016.07.27  44850 45500 46000 44600 115332
2016.07.28  45200 44900 45300 44200 92167
2016.07.29  44750 45250 45300 44650 52167
2016.08.01  45000 44850 45100 44600 45249
2016.08.02  45250 45000 45550 44800 75029
2016.08.03  45350 45400 45600 44850 70443
2016.08.04  45150 45350 45450 44900 35722
2016.08.05  44900 45000 45250 44550 49701
2016.08.08  46400 45100 46400 45100 105752
2016.08.09  46500 46700 47250 45950 85818
2016.08.10  46700 46550 46950 46350 61566
2016.08.11  46700 46450 47100 46450 61949
2016.08.12  46500 46850 47100 46250 53574
2016.08.16  47200 46600 48050 46600 104929
2016.08.17  46750 47350 47400 46100 57527
2016.08.18  46200 46450 46800 46150 41950
2016.08.19  45350 46300 46350 45150 56115
2016.08.22  44450 45350 45400 44350 63697
2016.08.23  44000 44250 44750 43650 71037
2016.08.24  44000 43900 44600 43700 56652
2016.08.25  44100 45000 45000 43900 80630
2016.08.26  44300 44100 44300 43550 104069
2016.08.29  43750 44300 44300 43450 75158
2016.08.30  44150 43750 44300 43500 73894
2016.08.31  44000 43850 44200 43800 75244
2016.09.01  43600 44000 44050 43550 47847
2016.09.02  44350 44000 44600 43600 39969
2016.09.05  44600 44650 45200 44400 49391
2016.09.06  44250 44600 44750 44050 31082
2016.09.07  44250 44250 44600 44000 43653
2016.09.08  43850 44300 44400 43700 40449
2016.09.09  43600 43650 43800 43400 32893
2016.09.12  42950 43100 43300 42900 47339
2016.09.13  42600 43200 43200 42600 55674
2016.09.19  42800 42450 42900 42300 31297
2016.09.20  42950 43050 43300 42800 38895
2016.09.21  43800 43000 44150 43000 60012
2016.09.22  44500 44300 44950 44100 94085
2016.09.23  44750 44250 45050 44250 64436
2016.09.26  43850 44950 45000 43650 57130
2016.09.27  44100 43800 44300 43350 36286
2016.09.28  44650 44100 44700 43950 40375
2016.09.29  44800 45200 45550 44550 54214
2016.09.30  44300 44800 44850 43800 37145
2016.10.04  44300 44300 44350 43950 24918
2016.10.05  45400 44350 45400 44350 67191
2016.10.06  45100 45500 45850 44900 40813
2016.10.07  44400 45100 45350 44000 55992
2016.10.10  44350 44700 44700 44050 36946
2016.10.11  44400 44200 44600 44150 29844
2016.10.12  45400 44400 45500 44150 47084
2016.10.13  44650 45350 45350 44450 33458
2016.10.14  45100 45200 45200 44600 31352
2016.10.17  44950 44900 45200 44700 23812
2016.10.18  44500 45000 45200 44450 24836
2016.10.19  44650 44700 45300 44350 34525
2016.10.20  44800 45000 45050 44350 21710
2016.10.21  44250 44900 44900 44250 37346
2016.10.24  44300 44300 44350 44050 26828
2016.10.25  44600 44300 44850 44250 50596
2016.10.26  44950 44850 45100 44550 78526
2016.10.27  45000 45000 45100 44750 51960
2016.10.28  44900 45000 45050 44700 45358
2016.10.31  44150 44900 45000 43700 43514
2016.11.01  43200 43850 44000 42950 44918
2016.11.02  42000 42800 42850 41200 137758
2016.11.03  42000 41400 42050 41200 59388
2016.11.04  42000 41550 42050 41350 50121
2016.11.07  43450 42100 43700 42100 65423
2016.11.08  43500 43700 43800 43100 50077
2016.11.09  42850 43400 44350 41950 109755
2016.11.10  43600 43250 43800 43050 48028
2016.11.11  43750 43800 44100 43350 62390
2016.11.14  43450 43900 43900 43250 26644
2016.11.15  43700 44000 44000 42650 38550
2016.11.16  44900 43800 44950 43650 94941
2016.11.17  44950 45100 45100 44600 44554
2016.11.18  44950 44700 45000 44550 28570
2016.11.21  44250 45100 45100 43900 24364
2016.11.22  45000 44800 45050 44600 77427
2016.11.23  46300 45000 46350 44850 127663
2016.11.24  45500 46350 46650 44950 75890
2016.11.25  45800 45500 46350 45150 54709
2016.11.28  45400 45950 46000 44800 44683
2016.11.29  46050 45550 46150 45450 51567
2016.11.30  45750 46100 46300 45600 63424
2016.12.01  46100 45750 46250 45700 38587
2016.12.02  46100 45350 46200 44850 63130
2016.12.05  45000 45950 46100 45000 39829
2016.12.06  45300 45000 45550 44950 22923
2016.12.07  45200 45300 45500 44550 50755
2016.12.08  45400 45350 45400 44600 48983
2016.12.09  45250 45400 45600 44850 29411
2016.12.12  45000 45300 45500 44900 37834
2016.12.13  45250 45150 45500 44850 34766
2016.12.14  46300 45250 46350 45250 73235
2016.12.15  46700 46000 46800 45700 55657
2016.12.16  45750 46800 46800 45600 54007
2016.12.19  45550 46050 46150 45400 33808
2016.12.20  45500 45850 45850 45200 39118
2016.12.21  45200 45500 45850 44800 42273
2016.12.22  44600 45200 45200 44550 29137
2016.12.23  44200 44600 44900 44050 36124
2016.12.26  43400 44500 44500 43350 44202
2016.12.27  42900 43300 43300 42700 69461
2016.12.28  42350 42650 42700 42100 78883
2016.12.29  42200 42350 42350 41900 52874
2017.01.02  41700 42100 42200 41650 45521
2017.01.03  42100 41550 42350 41500 43844
2017.01.04  42850 42250 42950 42200 68830
2017.01.05  43550 42650 43700 42650 61668
2017.01.06  42800 43200 43500 42750 43315
2017.01.09  42900 42800 42950 42000 65674
2017.01.10  41850 42700 42700 41800 68986
2017.01.11  41800 42000 42000 41500 55557
2017.01.12  42400 41550 42400 41550 38489
2017.01.13  42050 42400 42400 41950 38228
2017.01.16  41950 42100 42200 41650 43925
2017.01.17  42050 41850 42100 41650 25046
2017.01.18  42400 42050 42450 41850 37052
2017.01.19  42000 42500 42550 41850 40092
2017.01.20  42050 42100 42200 41900 29968
2017.01.23  41950 42050 42200 41850 15482
2017.01.24  41850 41650 42000 41650 28513
2017.01.25  41650 42000 42000 41650 16802
2017.01.26  41800 41850 42100 41700 25291
2017.01.31  41950 41850 42000 41700 31919
2017.02.01  41550 41850 42000 41250 71872
2017.02.02  41400 41450 41600 41350 27773
2017.02.03  41050 41550 41550 40800 35783
2017.02.06  40950 41000 41100 40350 55521
2017.02.07  41650 41050 41800 40950 31526
2017.02.08  41500 41700 41800 41300 37334
2017.02.09  42200 41600 42300 41300 40740
2017.02.10  44350 43200 44850 43200 283685
2017.02.13  45650 44350 45750 44350 108705
2017.02.14  45200 45600 45600 44600 86574
2017.02.15  46000 45000 46600 44900 108077
2017.02.16  45400 46400 46400 45000 54826
2017.02.17  46250 45400 46600 44950 90097
2017.02.20  46350 46350 46500 45700 57190
2017.02.21  48650 46350 48850 46350 222268
2017.02.22  49050 49100 49700 48200 134527
2017.02.23  49100 48800 49200 48750 60018
2017.02.24  48900 49150 49750 48500 56087
2017.02.27  49050 49000 49700 48900 68635
2017.02.28  48300 48800 48900 47450 81488
2017.03.02  48150 47900 48700 47100 112300
2017.03.03  47400 48100 48100 46750 56856
2017.03.06  47200 46450 47650 46100 86006
2017.03.07  48000 47100 48200 47100 45899
2017.03.08  48500 47850 48700 47550 56685
2017.03.09  48300 48100 48600 47950 24445
2017.03.10  49700 48550 50200 48450 112459
2017.03.13  49850 49750 50300 49150 66661
2017.03.14  49400 49450 49950 48500 67004
2017.03.15  48800 49650 49650 48050 77022
2017.03.16  49400 49000 49400 48200 43691
2017.03.17  49900 49400 49950 49350 44095
2017.03.20  49500 49900 50100 49000 38934
2017.03.21  49600 49400 49600 48800 33623
2017.03.22  49750 49550 50200 49050 40898
2017.03.23  49450 49750 49900 49400 32673
2017.03.24  52200 49450 52500 49350 171032
2017.03.27  52900 52500 53400 52300 138108
2017.03.28  52800 53000 53400 52300 73105
2017.03.29  53000 52800 53100 52200 74388
2017.03.30  53500 53000 54200 52600 87850
2017.03.31  53600 53700 54400 53300 63356
2017.04.03  53900 53600 54700 53300 57803
2017.04.04  53600 53900 54100 52700 54255
2017.04.05  53900 53700 54800 53300 62544
2017.04.06  54400 53700 54400 53000 54659
2017.04.07  53900 54400 54500 53500 51970
2017.04.10  53900 53900 53900 53100 50464
2017.04.11  53600 54000 54200 52500 54917
2017.04.12  55100 53700 55500 53300 110620
2017.04.13  56100 56000 56300 55000 83179
2017.04.14  55700 55800 56200 54900 25832
2017.04.17  56900 56000 57100 54700 54729
2017.04.18  56600 56900 56900 55000 88301
2017.04.19  56000 56500 56600 55400 43237
2017.04.20  55700 56400 56500 55100 50285
2017.04.21  55700 55700 56500 55400 45345
2017.04.24  55000 55700 55900 54100 81492
2017.04.25  56000 55200 56300 54100 81659
2017.04.26  56100 55500 56600 55500 58982
2017.04.27  56600 56100 56900 55600 47751
2017.04.28  55000 56500 56500 54700 52315
2017.05.02  54500 55000 55300 54000 42552
2017.05.04  54900 54500 55300 54000 38451
2017.05.08  55400 55000 55400 54000 63272
2017.05.10  55300 55500 55900 54900 49147
2017.05.11  55600 55400 56100 54800 55844
2017.05.12  57700 56100 58000 55800 132807
2017.05.15  60100 58000 60200 58000 144982
2017.05.16  61800 60200 62100 60200 128486
2017.05.17  61900 61800 62200 61300 114015
2017.05.18  61500 61900 63200 61100 91406
2017.05.19  62400 61500 62900 61400 85096
2017.05.22  62500 62700 62900 61400 47433
2017.05.23  63100 63000 63500 61400 70299
2017.05.24  63500 63400 63500 62500 48734
2017.05.25  63100 63500 63600 62600 36790
2017.05.26  62700 63300 64500 59300 83592
2017.05.29  62700 62700 62700 61500 62974
2017.05.30  63700 62600 63700 62100 68784
2017.05.31  65000 64000 65100 63400 114482
2017.06.01  68000 65000 68400 64700 187586
2017.06.02  68600 68900 70100 68100 130574
2017.06.05  68100 68600 68600 67300 84986
2017.06.07  71100 68100 71700 67300 164111
2017.06.08  70000 71100 71200 69600 75331
2017.06.09  70000 70500 70700 69200 71385
2017.06.12  69400 70000 70000 68200 51648
2017.06.13  70100 69900 71200 69400 67067
2017.06.14  69400 70800 71300 69100 64822
2017.06.15  68000 69200 69800 67200 94526
2017.06.16  69100 68400 69500 66700 95298
2017.06.19  67700 68900 68900 67500 62266
2017.06.20  67700 67500 68200 65700 97339
2017.06.21  66500 67800 67900 66200 71518
2017.06.22  65700 65700 66800 65200 76413
2017.06.23  67300 65700 69000 65600 92038
2017.06.26  65900 67300 67300 65400 66353
2017.06.27  71000 66700 71200 66300 235911
2017.06.28  71600 71000 71900 69900 104547
2017.06.29  70300 70600 71300 69700 63023
2017.06.30  69800 70800 70800 68700 51812
2017.07.03  69700 69100 69900 68700 47020
2017.07.04  67700 68800 69600 67100 71006
2017.07.05  68700 67700 69000 67700 27823
2017.07.06  67300 68400 68600 66900 53968
2017.07.07  65100 67000 67100 65000 70381
2017.07.10  65200 65900 65900 64500 50392
2017.07.11  65800 64500 65900 63500 98591
2017.07.12  65400 65600 68100 64200 77958
2017.07.13  67000 65800 68000 65800 69105
2017.07.14  68700 67800 68800 67100 71098
2017.07.17  65900 69200 69200 65200 65883
2017.07.18  68400 66700 69000 65900 95172
2017.07.19  67700 68400 68800 66800 60727
2017.07.20  65900 67700 67900 65200 86741
2017.07.21  65500 66400 66800 65200 51285
2017.07.24  66300 66200 66500 65200 43015
2017.07.25  66400 66400 66600 65600 40312
2017.07.26  65700 66400 66700 65100 33713
2017.07.27  65800 65200 66000 64200 50869
2017.07.28  66500 65800 66500 64500 50165
2017.07.31  69600 69100 70100 68100 239018
2017.08.01  69100 69700 70600 68700 102171
2017.08.02  69200 69500 69700 68900 108071
2017.08.03  69000 69100 69500 67700 84717
2017.08.04  69500 68900 69800 68700 63224
2017.08.07  68600 69900 70300 68600 29686
2017.08.08  67900 69400 69400 66700 65905
2017.08.09  67400 66900 68100 66900 34296
2017.08.10  67000 66800 67700 65500 58179
2017.08.11  64500 67000 67000 63800 86924
2017.08.14  61800 64100 65600 61800 94548
2017.08.16  64700 62800 65600 62500 125551
2017.08.17  64700 65400 65400 62700 78497
2017.08.18  65100 64700 65500 64300 62771
2017.08.21  66300 65100 67300 64500 121636
2017.08.22  66600 67000 67000 66000 46809
2017.08.23  67900 67000 68000 66400 68521
2017.08.24  69500 68000 69600 67900 63579
2017.08.25  68900 70000 70100 68800 34162
2017.08.28  70300 69300 70500 69300 79541
2017.08.29  70100 70000 70900 68400 48055
2017.08.30  69500 70200 70300 68600 27432
2017.08.31  68400 68900 69500 66600 76635
2017.09.01  68900 68400 69500 66900 93400
