2008.01.24  10350 9000 10350 7700 3467810
2008.01.25  10200 10500 10650 9700 728446
2008.01.28  11000 9910 11500 9800 939405
2008.01.29  10750 11000 11150 10500 478971
2008.01.30  9800 10650 10900 9610 292213
2008.01.31  10700 10050 11050 9600 310031
2008.02.01  10300 10700 10800 10200 198708
2008.02.04  11700 10650 11800 10300 509980
2008.02.05  12500 11600 12700 11300 463617
2008.02.11  12750 12200 12950 12150 213780
2008.02.12  12750 12850 13400 12700 295544
2008.02.13  13000 12950 14100 12550 403885
2008.02.14  14200 13350 14950 13300 546044
2008.02.15  14300 13900 14650 13800 189987
2008.02.18  14800 14300 14800 14000 184159
2008.02.19  15050 15300 15900 14950 245535
2008.02.20  16250 14800 16400 14300 448902
2008.02.21  16150 16350 17250 16000 347505
2008.02.22  16450 16300 16500 15500 153637
2008.02.25  16750 16750 16900 16250 137499
2008.02.26  17000 16750 17650 16400 275725
2008.02.27  16700 17050 17350 16400 182525
2008.02.28  16400 16500 16700 15200 225867
2008.02.29  16850 16050 16950 15900 127152
2008.03.03  16750 16400 17200 16400 97463
2008.03.04  17100 17250 17300 16850 201786
2008.03.05  18700 17300 19050 17150 340556
2008.03.06  18650 19050 19050 18250 224121
2008.03.07  19200 18400 19500 18300 193412
2008.03.10  18300 19100 19250 18300 263884
2008.03.11  18600 18300 18650 17550 218026
2008.03.12  17600 18900 18950 17600 146750
2008.03.13  16900 17400 17800 16100 189320
2008.03.14  17500 17000 17500 15900 136229
2008.03.17  16900 17150 17300 16150 100542
2008.03.18  16950 16700 17200 16600 63365
2008.03.19  17200 17650 17650 17000 75264
2008.03.20  17700 16900 17750 16650 61260
2008.03.21  18300 17950 18600 17950 74553
2008.03.24  18000 18300 18300 17500 81788
2008.03.25  17600 18050 18050 17300 66104
2008.03.26  16300 17350 17350 16300 150115
2008.03.27  17850 16300 18100 16150 283552
2008.03.28  18050 17550 18100 17350 161152
2008.03.31  18150 18000 18200 17200 96274
2008.04.01  17500 17550 17900 17400 58484
2008.04.02  18000 17600 18450 17500 156180
2008.04.03  18300 18200 18850 17850 109262
2008.04.04  18000 18300 18400 18000 99894
2008.04.07  18000 17850 18100 17800 47451
2008.04.08  18000 18150 18150 17750 39436
2008.04.10  18850 18000 18850 17600 114236
2008.04.11  18900 18900 19000 18500 119990
2008.04.14  18500 18650 18800 18400 51143
2008.04.15  19750 18600 19800 18600 154688
2008.04.16  19700 19850 20350 19500 157302
2008.04.17  19400 19700 19900 19150 70883
2008.04.18  19950 19900 20100 19550 41766
2008.04.21  20000 20250 20300 19700 77725
2008.04.22  20000 20050 20050 19500 47720
2008.04.23  20250 19950 20250 19800 83229
2008.04.24  20250 20400 20400 19800 96320
2008.04.25  19950 20300 20400 19650 53655
2008.04.28  20000 19950 20000 19300 57740
2008.04.29  19950 20000 20000 19500 41930
2008.04.30  20000 20000 20200 19500 100459
2008.05.02  20100 20000 20200 19850 113110
2008.05.06  21850 20300 22000 20250 258186
2008.05.07  21850 21950 22000 21150 150889
2008.05.08  22000 21750 22400 21300 283399
2008.05.09  22750 22350 22800 20800 295358
2008.05.13  22250 22750 22750 21950 164449
2008.05.14  21500 22000 22500 21450 80023
2008.05.15  23350 21700 23350 21700 303854
2008.05.16  24700 23600 25300 22900 287186
2008.05.19  24800 24900 25300 24300 204302
2008.05.20  25700 25000 25700 24700 193166
2008.05.21  25400 25250 26250 25250 163038
2008.05.22  25500 25250 25750 24200 181447
2008.05.23  25500 25250 26100 25050 115267
2008.05.26  24750 25300 25500 24350 104456
2008.05.27  23700 24200 24550 22350 157254
2008.05.28  22650 23650 23650 22350 152518
2008.05.29  23000 22650 23700 22650 117010
2008.05.30  22900 23050 23450 21800 130942
2008.06.02  22250 22950 22950 21900 197804
2008.06.03  22000 21750 22600 21400 97070
2008.06.04  23800 21900 24100 21900 160982
2008.06.05  23400 23800 24350 22700 108502
2008.06.09  22700 22600 23400 22450 74683
2008.06.10  22700 23100 23100 22350 50700
2008.06.11  23650 22600 23700 22600 107037
2008.06.12  23900 23550 24800 23000 118747
2008.06.13  23700 24350 24350 23350 48225
2008.06.16  23950 23800 24750 23400 73133
2008.06.17  24350 23950 24350 23500 85520
2008.06.18  24500 24050 24600 23700 141680
2008.06.19  25000 24500 25000 23700 164801
2008.06.20  23950 25350 25400 23900 114758
2008.06.23  23350 23300 23400 22550 94188
2008.06.24  22450 22950 23400 22450 62743
2008.06.25  23000 22400 23300 22350 103845
2008.06.26  23800 22750 23900 22500 117490
2008.06.27  23600 23700 23800 22850 175884
2008.06.30  22650 23600 23600 22350 58343
2008.07.01  20500 22650 22650 20200 133941
2008.07.02  21000 20000 21000 18750 192399
2008.07.03  20200 20250 20750 19800 71685
2008.07.04  20000 20200 20950 20000 57700
2008.07.07  20100 20000 20750 20000 56270
2008.07.08  20200 20400 20450 18500 81550
2008.07.09  20450 20400 21000 20200 61407
2008.07.10  20250 20050 20450 19700 42331
2008.07.11  21300 20250 21300 20250 43630
2008.07.14  20450 20900 21300 20350 75161
2008.07.15  19400 20200 20600 19400 64471
2008.07.16  19650 19600 20300 19000 61473
2008.07.17  19950 20000 20450 19750 68681
2008.07.18  20050 20300 20350 19800 87293
2008.07.21  20500 20050 20650 20050 67650
2008.07.22  20500 20250 20700 20000 55251
2008.07.23  21550 20550 21600 20400 98280
2008.07.24  22300 21550 22700 21350 142675
2008.07.25  21000 21800 22300 20650 142621
2008.07.28  22350 21200 22400 21050 380132
2008.07.29  21500 21600 22100 20700 241030
2008.07.30  21300 21700 21900 20300 148150
2008.07.31  21250 21350 21550 20600 51611
2008.08.01  21350 20950 21650 20700 48971
2008.08.04  20800 21500 21500 20800 29000
2008.08.05  20800 20500 21250 20500 41639
2008.08.06  21000 21350 21600 21000 58345
2008.08.07  20650 20800 21150 20300 43203
2008.08.08  21500 20300 21600 20050 45817
2008.08.11  21450 21850 21850 21400 45530
2008.08.12  21700 21650 21800 21300 27600
2008.08.13  21600 21650 21800 20900 40214
2008.08.14  21450 21100 21600 21100 32970
2008.08.18  22500 21250 22500 21250 119524
2008.08.19  22150 22450 22500 21650 244799
2008.08.20  21500 22000 22300 21500 73446
2008.08.21  21850 21700 22000 21050 77470
2008.08.22  20100 21500 21550 19850 118332
2008.08.25  20100 20500 20700 20100 42368
2008.08.26  20350 19900 20500 19700 27710
2008.08.27  20000 20500 20600 19450 41780
2008.08.28  20200 20050 20300 19850 1641519
2008.08.29  21300 20300 21500 20300 118490
2008.09.01  19650 20800 21200 19500 59004
2008.09.02  19400 19250 20300 16750 83493
2008.09.03  19200 18650 19400 18100 61620
2008.09.04  19450 19050 19950 18750 66800
2008.09.05  19000 18700 19250 18650 28067
2008.09.08  20200 19300 20600 19300 50100
2008.09.09  19900 20200 20600 19450 39445
2008.09.10  20300 19550 20300 19550 37231
2008.09.11  20300 20250 20400 19850 26420
2008.09.12  21100 20600 21300 20300 57652
2008.09.16  18750 19150 19700 18500 100450
2008.09.17  19500 19400 20100 19100 107662
2008.09.18  19150 18800 19300 18000 89496
2008.09.19  19600 19750 20000 19450 58780
2008.09.22  18500 19700 19750 17550 290937
2008.09.23  18500 18100 18700 17850 107008
2008.09.24  18500 18300 18800 18300 69163
2008.09.25  18500 18300 18700 18300 44367
2008.09.26  18500 18800 18800 18200 72204
2008.09.29  18250 18500 18950 17900 93342
2008.09.30  18350 17300 18400 16700 56400
2008.10.01  18300 18350 18550 17950 33970
2008.10.02  18300 18300 18400 17800 33528
2008.10.06  17750 17850 18350 17200 78608
2008.10.07  16500 17100 17200 16100 112162
2008.10.08  14050 15250 15600 14050 296134
2008.10.09  13600 13100 14100 11950 291374
2008.10.10  12450 12350 13000 11600 227721
2008.10.13  13050 12350 13300 12350 184304
2008.10.14  14500 13850 14500 13850 220420
2008.10.15  13850 14450 14500 13800 78232
2008.10.16  12600 12800 14500 12300 125715
2008.10.17  12950 13250 13500 11550 98650
2008.10.20  12850 13100 13750 12250 95613
2008.10.21  13200 13200 13900 13050 80275
2008.10.22  12700 12900 13800 11700 53908
2008.10.23  10800 11950 12100 10800 86561
2008.10.24  9200 10250 10500 9200 198040
2008.10.27  7890 8200 9300 7820 117487
2008.10.28  9070 6950 9070 6920 87665
2008.10.29  9300 10000 10300 8930 103692
2008.10.30  10650 9800 10650 9800 90550
2008.10.31  11600 11000 11950 10100 114820
2008.11.03  11600 11600 12100 11400 131036
2008.11.04  11250 11400 11450 10900 66690
2008.11.05  11250 11700 12200 10950 168321
2008.11.06  9800 10650 10650 9740 95572
2008.11.07  10100 9010 10750 9000 65620
2008.11.10  10650 10800 11150 10100 107968
2008.11.11  10850 10600 10900 10200 35012
2008.11.12  10350 10250 10650 10250 40601
2008.11.13  9260 9650 9700 9190 66723
2008.11.14  9440 9600 9990 9370 38610
2008.11.17  8950 9200 9490 8920 161399
2008.11.18  8200 8660 8890 8200 95880
2008.11.19  7700 8270 8400 7490 115601
2008.11.20  6550 7150 7350 6550 177312
2008.11.21  7040 6000 7100 6000 235286
2008.11.24  6990 7040 7300 6840 111813
2008.11.25  7080 7400 7550 6900 135180
2008.11.26  7070 7110 7250 7020 61292
2008.11.27  7500 7410 7750 7170 140121
2008.11.28  7300 7700 7700 7300 109087
2008.12.01  7680 7330 8100 7220 172465
2008.12.02  7160 7330 7510 7120 94145
2008.12.03  7130 7340 7400 7130 73049
2008.12.04  7190 7350 7350 7130 54246
2008.12.05  7220 7260 7320 7150 62710
2008.12.08  7820 7620 8200 7410 155711
2008.12.09  8280 8000 8550 7700 200121
2008.12.10  8300 8290 8500 8090 99314
2008.12.11  8350 8450 8450 8180 91508
2008.12.12  8070 8210 8450 7900 95090
2008.12.15  8590 8280 8800 8160 104710
2008.12.16  8530 8600 9000 8520 66545
2008.12.17  8400 8750 8990 8300 75067
2008.12.18  8180 8400 8520 8160 45598
2008.12.19  7890 8080 8170 7760 123640
2008.12.22  7990 7810 8000 7810 55155
2008.12.23  8360 8000 8500 7880 150994
2008.12.24  8350 8480 8530 8240 123270
2008.12.26  8240 8400 8460 8240 64442
2008.12.29  7900 8240 8240 7820 59640
2008.12.30  8000 7910 8250 7910 44150
2009.01.02  8300 8010 8420 8010 70671
2009.01.05  8120 8470 8470 8120 63102
2009.01.06  8280 8130 8760 8130 84486
2009.01.07  9070 8350 9280 8320 195984
2009.01.08  10000 8840 10300 8710 233200
2009.01.09  9990 10200 10200 9660 113671
2009.01.12  9500 9760 9900 9410 66610
2009.01.13  9440 9660 9660 9250 46640
2009.01.14  9650 9580 9970 9500 116325
2009.01.15  8600 9260 9300 8520 97340
2009.01.16  8800 8790 8870 8500 44113
2009.01.19  9030 8860 9440 8860 53830
2009.01.20  9300 9000 9450 8800 59744
2009.01.21  9400 8970 9530 8810 106150
2009.01.22  10150 9660 10800 9510 507968
2009.01.23  9700 9990 9990 9560 113419
2009.01.28  9450 9740 10100 9220 132460
2009.01.29  9450 9470 9540 9200 57260
2009.01.30  9380 9430 9540 9230 67265
2009.02.02  9150 9310 9360 9080 106912
2009.02.03  9150 9050 9260 9020 66640
2009.02.04  9640 9400 9950 9260 183340
2009.02.05  9790 9650 9910 9460 96580
2009.02.06  9800 10200 10400 9680 187022
2009.02.09  9750 9800 9900 9610 75042
2009.02.10  10200 9680 10300 9680 175630
2009.02.11  10200 9930 10250 9880 110516
2009.02.12  11200 10500 11700 10500 645891
2009.02.13  11200 11450 11650 10850 358090
2009.02.16  11050 11400 11750 10800 449272
2009.02.17  10900 11550 12000 10800 1407458
2009.02.18  10350 10800 11000 10100 415578
2009.02.19  10650 10500 11000 10250 460656
2009.02.20  9700 10450 10600 9500 291909
2009.02.23  9700 9600 9940 9050 281109
2009.02.24  9050 9110 9440 8800 264422
2009.02.25  9000 9450 9490 9000 160792
2009.02.26  8860 9050 9500 8400 171676
2009.02.27  8890 8850 8950 8580 80143
2009.03.02  8000 8580 8840 8000 120509
2009.03.03  8090 7600 8090 7330 176412
2009.03.04  8750 8100 8870 7940 118801
2009.03.05  8880 9000 9050 8750 73663
2009.03.06  8840 8610 8860 8560 58871
2009.03.09  10100 9050 10150 8910 516931
2009.03.10  10000 9900 10100 9660 213049
2009.03.11  9910 10250 10300 9810 168555
2009.03.12  9280 9830 9910 9280 118672
2009.03.13  9060 9500 9500 8980 118610
2009.03.16  9420 9250 9530 8970 114298
2009.03.17  9190 9630 9800 9010 293407
2009.03.18  9470 9300 9480 9200 133358
2009.03.19  9250 9450 9600 9250 142421
2009.03.20  9710 9390 9720 9200 106172
2009.03.23  10650 9750 10700 9750 428411
2009.03.24  10550 10950 10950 10350 194284
2009.03.25  12100 10450 12100 10250 904741
2009.03.26  12800 12050 12950 11900 759946
2009.03.27  12600 12700 12950 12150 532336
2009.03.30  12300 12600 13300 12100 679884
2009.03.31  12350 12500 13000 12200 472050
2009.04.01  13100 12550 13500 12500 814705
2009.04.02  15050 13500 15050 13450 858569
2009.04.03  14300 15550 15650 14200 690007
2009.04.06  13800 14400 14850 13800 573763
2009.04.07  15100 14100 15750 13750 881780
2009.04.08  15000 14800 15400 14000 528492
2009.04.09  15250 15400 16050 14900 559381
2009.04.10  15150 15600 15850 14950 375553
2009.04.13  16000 15500 16750 15050 651765
2009.04.14  16900 16500 17600 15950 645927
2009.04.15  17100 16550 17400 15800 412194
2009.04.16  17150 18000 18550 17000 561630
2009.04.17  16200 17400 17700 16000 337972
2009.04.20  16550 16200 16650 15400 210644
2009.04.21  17000 15850 17350 15800 230045
2009.04.22  17350 17300 17400 16500 271938
2009.04.23  19950 17500 19950 17150 799592
2009.04.24  21800 20950 22650 20450 899673
2009.04.27  22000 22000 23800 21400 567403
2009.04.28  22450 22950 23100 21200 429935
2009.04.29  23000 23700 23900 22100 467189
2009.04.30  22800 22800 25300 22300 773084
2009.05.04  22300 23000 23400 21600 286761
2009.05.06  23950 22000 24300 21900 457134
2009.05.07  24500 23950 24950 23750 282672
2009.05.08  23650 24600 24600 23000 337345
2009.05.11  22600 23950 23950 22600 186442
2009.05.12  22400 22250 23300 22000 183018
2009.05.13  24300 22600 24500 22400 265745
2009.05.14  24400 23800 24550 23200 200428
2009.05.15  24600 25000 25300 23800 216585
2009.05.18  24800 24600 24850 23600 117338
2009.05.19  26150 25700 26400 24850 494788
2009.05.20  27000 26600 27000 25850 331537
2009.05.21  25100 26700 27650 24000 411290
2009.05.22  23300 24500 25050 23300 463626
2009.05.25  24150 22950 24500 21800 471467
2009.05.26  24200 24650 25400 23900 353017
2009.05.27  24500 24700 25800 24100 395583
2009.05.28  23000 24300 24950 22650 298795
2009.05.29  23250 23350 23600 22750 125570
2009.06.01  24700 23000 24700 22900 240338
2009.06.02  25000 25600 26350 25000 335691
2009.06.03  26400 25500 26400 25050 383126
2009.06.04  25000 26700 27300 25000 339955
2009.06.05  25200 25500 26500 24000 270507
2009.06.08  25700 25700 26150 25000 147201
2009.06.09  25200 25850 26200 25150 106456
2009.06.10  26000 25200 26100 25000 271196
2009.06.11  26350 26300 27250 26100 543344
2009.06.12  24250 26150 26400 23050 740382
2009.06.15  24400 24350 24700 23950 140461
2009.06.16  24000 24050 24300 23850 92152
2009.06.17  22600 23850 24000 22200 301633
2009.06.18  22500 22550 23200 22350 114880
2009.06.19  22100 22800 22800 21000 184844
2009.06.22  22550 21900 22550 21550 96908
2009.06.23  21000 22300 22300 20700 164725
2009.06.24  20100 21000 21600 19200 218645
2009.06.25  20300 20100 20850 20050 96631
2009.06.26  21000 20550 21500 20500 118614
2009.06.29  19150 21100 21300 18700 125978
2009.06.30  18800 19500 19750 18400 184555
2009.07.01  18900 18500 19250 18500 84735
2009.07.02  19150 19150 19650 19150 97869
2009.07.03  19600 18700 19600 18550 70239
2009.07.06  20800 19700 20850 19550 127726
2009.07.07  20200 20800 20800 20200 88222
2009.07.08  19700 20150 20300 19000 71291
2009.07.09  19200 19700 19850 19050 76924
2009.07.10  17000 19200 19450 17000 328793
2009.07.13  16400 16700 17200 16350 148846
2009.07.14  17300 16600 17300 16350 140574
2009.07.15  18000 17350 18550 17350 232722
2009.07.16  17100 18250 18250 17050 145907
2009.07.17  17550 17350 17750 16800 88549
2009.07.20  17850 17550 18250 17550 139986
2009.07.21  17150 17900 18400 17050 202870
2009.07.22  18000 17300 18000 16650 136522
2009.07.23  17850 18150 18200 17450 95837
2009.07.24  17800 17900 18400 17450 79711
2009.07.27  17750 17800 18300 17550 97322
2009.07.28  18300 17750 18300 17450 162666
2009.07.29  20400 18550 20900 18450 602152
2009.07.30  19650 19750 20000 19200 213875
2009.07.31  19200 19750 19950 19100 142782
2009.08.03  19600 19300 19750 18700 162191
2009.08.04  18700 19500 19800 18700 125308
2009.08.05  18150 18800 19050 18150 124588
2009.08.06  18300 18300 18800 17950 125824
2009.08.07  18550 18200 18650 18200 103621
2009.08.10  18500 18750 18800 18300 85680
2009.08.11  19000 18400 19400 18300 151217
2009.08.12  18900 19000 19200 18650 89993
2009.08.13  19000 19000 19600 18850 242141
2009.08.14  16300 19200 19200 16300 1347487
2009.08.17  15450 16400 16500 15000 647570
2009.08.18  15450 15100 15900 15100 210840
2009.08.19  15000 15650 15800 15000 154223
2009.08.20  15150 15200 15700 14900 121874
2009.08.21  14800 15250 15350 14050 300628
2009.08.24  14600 14900 15000 14400 177491
2009.08.25  15300 14450 15450 14400 198191
2009.08.26  15700 15300 15700 15100 113384
2009.08.27  15300 15550 15650 14900 141115
2009.08.28  15300 15500 15500 15050 51822
2009.08.31  15350 15200 15550 14900 162842
2009.09.01  15000 15150 15300 14750 74414
2009.09.02  14450 14650 14700 14250 114535
2009.09.03  14000 14250 14400 13750 134630
2009.09.04  14200 14000 14500 13950 62097
2009.09.07  13800 14400 14400 13800 81518
2009.09.08  13850 13750 14450 13500 127045
2009.09.09  13900 14150 14150 13350 69986
2009.09.10  15050 13900 15200 13750 162840
2009.09.11  15250 15500 16000 15100 284893
2009.09.14  15100 15300 15300 14750 86327
2009.09.15  15450 15250 15700 15000 137611
2009.09.16  15200 15300 15750 15000 140318
2009.09.17  14950 15350 15400 14950 92040
2009.09.18  14850 14750 15200 14750 70826
2009.09.21  14450 15100 15100 14300 97817
2009.09.22  14550 14300 14800 14300 80143
2009.09.23  14150 14750 14750 14000 63705
2009.09.24  13950 14200 14300 13800 69687
2009.09.25  13700 13650 13800 13350 112556
2009.09.28  13000 13450 13550 13000 92500
2009.09.29  13200 13050 13450 12800 93954
2009.09.30  13150 13000 13550 13000 60805
2009.10.01  13150 13050 13350 12400 59430
2009.10.05  12850 12850 13250 12850 41478
2009.10.06  12950 13050 13350 12800 34280
2009.10.07  14850 13050 14850 12950 180651
2009.10.08  14750 15350 15400 14150 209398
2009.10.09  14550 14900 14900 14400 109700
2009.10.12  14750 14550 14900 14250 115285
2009.10.13  14850 15100 15650 14700 224013
2009.10.14  14550 14800 14950 14300 71580
2009.10.15  14700 14700 15000 14400 64939
2009.10.16  14600 14650 14900 14550 69043
2009.10.19  14450 14450 14550 14100 41123
2009.10.20  14700 14550 15350 14550 160073
2009.10.21  14400 14600 15000 14400 49864
2009.10.22  14150 14300 14550 14150 55637
2009.10.23  14200 14200 14600 14150 42347
2009.10.26  14300 14100 14500 14100 35476
2009.10.27  13600 14300 14300 13450 95830
2009.10.28  12650 13600 13700 12550 143136
2009.10.29  11900 12300 12550 11600 148282
2009.10.30  12100 12100 12350 11850 94572
2009.11.02  11400 11350 11600 10900 121012
2009.11.03  11000 11400 11550 10950 96304
2009.11.04  11000 10950 11250 10900 144212
2009.11.05  10900 11150 11200 10900 93325
2009.11.06  11000 11000 11200 10800 106070
2009.11.09  11100 11050 11350 11000 63620
2009.11.10  10650 11200 11400 10650 196956
2009.11.11  10250 10700 10850 10150 176861
2009.11.12  10250 10300 10450 10150 105014
2009.11.13  10400 10200 10450 10100 69631
2009.11.16  10950 10550 11000 10400 220779
2009.11.17  10700 11000 11000 10500 109653
2009.11.18  10450 10600 10750 10350 113529
2009.11.19  10350 10400 10600 10200 142406
2009.11.20  11000 10350 11250 10350 399444
2009.11.23  10850 10850 11100 10700 141730
2009.11.24  11400 10800 11750 10800 485150
2009.11.25  13100 11450 13100 11450 600121
2009.11.26  13200 13500 14300 12600 1043621
2009.11.27  13000 13200 13800 12800 836534
2009.11.30  13450 13400 14150 13250 530861
2009.12.01  13950 13750 14150 13200 500308
2009.12.02  13100 13950 14050 13050 383908
2009.12.03  13600 13200 13600 12650 344488
2009.12.04  13450 13650 13750 13200 267223
2009.12.07  13300 13600 13850 13150 294264
2009.12.08  13800 13150 13850 13100 258681
2009.12.09  14000 13600 14350 13400 419875
2009.12.10  14850 13950 15000 13850 716797
2009.12.11  14850 14950 15000 14500 289757
2009.12.14  14700 15000 15200 14300 339604
2009.12.15  14700 14800 15350 14650 294386
2009.12.16  14600 14700 14950 14050 254158
2009.12.17  14200 14650 14800 14200 162267
2009.12.18  14250 13800 14450 13800 137154
2009.12.21  13750 14150 14250 13700 211481
2009.12.22  14000 13900 14000 13250 247262
2009.12.23  13650 13950 14400 13400 169236
2009.12.24  13350 13700 13900 13350 132660
2009.12.28  13300 13150 13750 13100 133207
2009.12.29  13250 13500 13500 13150 77639
2009.12.30  14200 13150 14200 13000 180502
2010.01.04  14250 14150 14300 13750 96141
2010.01.05  13900 14450 14450 13900 100180
2010.01.06  14800 14050 14850 14050 262100
2010.01.07  15000 14950 15700 14750 361925
2010.01.08  15050 15000 15300 14550 129002
2010.01.11  14800 15050 15300 14800 172070
2010.01.12  14750 14850 14900 14350 117446
2010.01.13  14050 14600 14750 14050 111422
2010.01.14  14550 14100 14650 13900 155544
2010.01.15  14600 14550 15000 14350 133760
2010.01.18  15250 14600 15500 14300 356315
2010.01.19  15200 15300 15650 14750 323130
2010.01.20  16550 15550 16550 15450 1425105
2010.01.21  16950 16800 17450 16650 1417811
2010.01.22  16300 16500 16950 15850 612470
2010.01.25  15150 15900 15950 14050 655920
2010.01.26  13600 15000 15100 13600 521427
2010.01.27  13350 13900 13950 13300 351662
2010.01.28  13650 13400 13900 13100 271540
2010.01.29  12500 13500 13550 12300 371347
2010.02.01  12900 12550 13000 12350 164321
2010.02.02  12750 13150 13350 12700 198736
2010.02.03  12750 12950 13050 12700 136397
2010.02.04  12550 12800 12800 12450 122971
2010.02.05  11950 11600 12050 11500 199584
2010.02.08  11300 12100 12100 11300 162514
2010.02.09  11500 11100 11500 11000 175540
2010.02.10  10900 11500 11600 10850 448630
2010.02.11  11300 11050 11400 11000 222147
2010.02.12  11400 11500 11550 11100 238247
2010.02.16  11500 11050 11500 10900 212104
2010.02.17  11550 11850 11850 11500 162658
2010.02.18  11300 11650 11700 11250 154443
2010.02.19  11400 11350 11500 11050 178871
2010.02.22  11650 11600 11950 11500 161250
2010.02.23  11700 11600 11900 11500 143843
2010.02.24  11600 11600 11800 11600 58203
2010.02.25  11150 11800 11800 11100 160047
2010.02.26  11050 11150 11300 11000 89440
2010.03.02  11400 10900 11450 10900 138210
2010.03.03  11300 11400 11400 11200 54951
2010.03.04  11200 11200 11350 11100 89021
2010.03.05  11300 11400 11400 11200 73901
2010.03.08  11850 11450 11950 11450 225328
2010.03.09  11750 11900 11950 11700 92050
2010.03.10  11650 11850 11850 11600 71416
2010.03.11  11500 11700 11900 11500 112516
2010.03.12  11400 11550 11600 11350 123489
2010.03.15  11250 11350 11450 11100 148987
2010.03.16  11300 11200 11350 11150 102931
2010.03.17  11200 11400 11500 11100 214294
2010.03.18  11250 11200 11450 11150 236177
2010.03.19  11600 11400 11600 11350 185940
2010.03.22  12200 11600 12300 11600 556533
2010.03.23  12050 12350 12400 11900 200202
2010.03.24  12200 12200 12300 11950 159540
2010.03.25  12250 12200 12400 12050 155286
2010.03.26  12000 12250 12300 11900 121099
2010.03.29  12500 11700 12550 11650 349483
2010.03.30  12600 12500 12750 12400 249269
2010.03.31  12400 12600 12600 12300 83848
2010.04.01  12350 12300 12650 12300 73586
2010.04.02  12050 12500 12500 11850 160210
2010.04.05  11350 12050 12150 10400 183032
2010.04.06  11300 11250 11650 11200 85351
2010.04.07  11500 11450 11650 11350 67115
2010.04.08  11400 11500 11600 11250 54198
2010.04.09  11500 11400 11650 11400 54150
2010.04.12  11550 11500 11650 11500 46974
2010.04.13  11500 11650 11650 11300 54722
2010.04.14  11400 11500 11550 11300 91423
2010.04.15  11600 11550 11800 11450 78490
2010.04.16  11500 11650 11850 11450 104523
2010.04.19  11200 11350 11400 11200 88428
2010.04.20  11350 11250 11450 11250 91877
2010.04.21  11300 11300 11400 11250 90023
2010.04.22  11100 11300 11400 11050 95832
2010.04.23  11000 11050 11150 10850 116651
2010.04.26  10950 10800 11150 10800 82931
2010.04.27  11200 10900 11200 10900 55910
2010.04.28  10900 10900 11050 10850 62190
2010.04.29  10850 10950 11000 10750 68823
2010.04.30  11250 10900 11500 10900 115775
2010.05.03  10850 11100 11250 10800 75179
2010.05.04  10900 10950 11050 10700 75371
2010.05.06  10200 10100 10550 9990 235976
2010.05.07  9620 9800 9800 9500 200446
2010.05.10  9900 9720 9970 9710 76831
2010.05.11  9930 10000 10300 9930 90570
2010.05.12  9670 9930 10150 9630 65260
2010.05.13  9900 9730 10100 9700 77480
2010.05.14  10000 9900 10150 9730 61819
2010.05.17  9810 10000 10000 9800 52564
2010.05.18  9600 9810 9880 9600 87806
2010.05.19  9370 9390 9440 9170 79660
2010.05.20  9020 9250 9490 8980 70275
2010.05.24  8890 8700 8960 8530 68221
2010.05.25  8350 8800 8800 8290 143180
2010.05.26  8470 8350 8610 8350 56121
2010.05.27  8670 8340 8750 8290 55670
2010.05.28  8880 8720 9050 8710 59770
2010.05.31  9470 8830 9680 8830 70848
2010.06.01  9500 9850 9850 9220 85480
2010.06.03  9590 9740 9740 9460 42062
2010.06.04  9500 9660 9660 9420 25926
2010.06.07  9200 9350 9500 9060 30371
2010.06.08  9380 9120 9380 9120 27432
2010.06.09  9230 9480 9480 9200 17950
2010.06.10  9330 9230 9390 9230 28670
2010.06.11  9800 9390 10000 9380 110932
2010.06.14  9630 9900 9900 9610 42056
2010.06.15  9650 9730 9770 9630 15392
2010.06.16  9680 9720 9830 9660 39280
2010.06.17  9740 9680 9880 9670 38691
2010.06.18  9750 9800 9820 9650 21449
2010.06.21  10050 9750 10100 9720 79081
2010.06.22  10200 10000 10350 9860 70170
2010.06.23  10450 10250 10550 10050 61081
2010.06.24  10500 10300 10700 10300 45864
2010.06.25  10700 10300 10700 10250 57253
2010.06.28  10500 10700 10800 10450 61151
2010.06.29  10350 10450 10650 10150 52200
2010.06.30  10550 10100 10550 10050 36070
2010.07.01  10900 10350 11000 10300 90960
2010.07.02  10650 10750 10950 10650 51566
2010.07.05  10400 10600 10700 10350 20240
2010.07.06  10050 10250 10300 10050 34430
2010.07.07  9950 10150 10200 9950 38693
2010.07.08  10000 10150 10150 9800 55555
2010.07.09  9790 10050 10050 9740 60289
2010.07.12  9550 9790 9790 9530 93994
2010.07.13  9530 9530 9720 9530 75908
2010.07.14  9500 9670 9740 9490 94272
2010.07.15  9700 9520 9840 9520 61720
2010.07.16  9550 9830 9830 9500 46270
2010.07.19  9410 9350 9560 9350 43510
2010.07.20  9250 9490 9490 9250 87937
2010.07.21  9290 9300 9350 9240 35950
2010.07.22  9010 9340 9340 9010 51271
2010.07.23  9020 9120 9200 9000 39920
2010.07.26  8940 9030 9280 8900 83073
2010.07.27  8840 9000 9010 8820 70241
2010.07.28  8720 8820 8860 8600 77983
2010.07.29  8900 8700 8920 8700 47820
2010.07.30  9080 8900 9080 8860 53750
2010.08.02  8890 9060 9150 8880 38699
2010.08.03  8820 8830 8900 8650 66170
2010.08.04  8890 8820 8910 8690 36570
2010.08.05  8810 8890 8890 8750 24621
2010.08.06  8950 8810 8950 8720 23074
2010.08.09  9250 8950 9420 8920 82210
2010.08.10  8800 9190 9190 8800 124486
2010.08.11  8850 8830 9000 8750 58335
2010.08.12  8610 8850 8850 8600 57965
2010.08.13  8680 8610 8760 8610 23110
2010.08.16  8570 8620 8830 8430 45087
2010.08.17  8610 8510 8650 8510 40430
2010.08.18  8640 8620 8770 8600 17620
2010.08.19  8510 8640 8740 8460 61751
2010.08.20  8460 8570 8570 8380 44577
2010.08.23  8460 8500 8630 8450 25006
2010.08.24  8390 8440 8500 8310 52931
2010.08.25  8120 8350 8420 8040 67490
2010.08.26  7770 8120 8180 7710 60690
2010.08.27  7700 7680 7830 7560 59849
2010.08.30  7720 7890 7890 7550 68952
2010.08.31  7530 7560 7700 7470 63282
2010.09.01  7530 7540 7750 7520 54002
2010.09.02  7730 7600 7770 7570 79010
2010.09.03  7760 7740 7870 7710 66060
2010.09.06  7800 7770 7850 7730 43927
2010.09.07  7760 7750 7820 7680 30133
2010.09.08  7650 7570 7740 7540 46802
2010.09.09  7680 7650 7770 7620 36791
2010.09.10  8250 7700 8300 7700 176327
2010.09.13  8290 8250 8330 8120 73347
2010.09.14  8450 8220 8790 8210 123824
2010.09.15  8550 8450 8650 8410 61754
2010.09.16  8240 8640 8640 8210 81160
2010.09.17  8350 8370 8380 8200 43840
2010.09.20  8500 8350 8790 8250 37080
2010.09.24  8380 8580 8580 8260 28550
2010.09.27  8290 8400 8460 8250 42191
2010.09.28  8330 8280 8340 8210 43631
2010.09.29  8260 8280 8390 8180 28250
2010.09.30  8270 8200 8350 8200 39416
2010.10.01  8550 8350 8550 8240 93146
2010.10.04  8790 8640 8890 8640 109337
2010.10.05  8710 8740 8800 8640 40028
2010.10.06  9110 8720 9160 8720 126080
2010.10.07  9800 9200 10200 9080 365930
2010.10.08  10750 10000 10800 9700 411488
2010.10.11  10600 10650 10650 10250 306534
2010.10.12  10700 10850 10850 10350 204618
2010.10.13  12300 12000 12300 11950 1518739
2010.10.14  12050 12500 12500 11700 1705119
2010.10.15  12750 12050 12800 11850 852980
2010.10.18  13550 13800 14600 13550 1752468
2010.10.19  13200 13200 13900 12800 722851
2010.10.20  12850 13100 13650 12800 539407
2010.10.21  12450 13000 13000 12300 605298
2010.10.22  14300 12600 14300 12500 1220922
2010.10.25  13850 14300 14500 13800 1283285
2010.10.26  13750 13950 14150 13600 443930
2010.10.27  13750 13800 14300 13700 509728
2010.10.28  13650 14000 14500 13500 576005
2010.10.29  12750 13800 13850 12500 674060
2010.11.01  12900 12800 12900 12250 485721
2010.11.02  12450 12850 12900 12450 291881
2010.11.03  12900 12500 13350 12500 511106
2010.11.04  11200 13150 13300 11050 954799
2010.11.05  11400 11400 11900 10950 605882
2010.11.08  11100 11300 11550 11000 238018
2010.11.09  11400 11500 11950 11300 318168
2010.11.10  11150 11250 11450 11050 218462
2010.11.11  11000 11250 11500 11000 260091
2010.11.12  10400 11100 11150 10150 462058
2010.11.15  10000 10300 10400 9820 283553
2010.11.16  9710 10050 10150 9520 216586
2010.11.17  9680 9500 9930 9440 168919
2010.11.18  9980 9710 10300 9710 231313
2010.11.19  9980 10100 10300 9820 187578
2010.11.22  10350 10150 10550 9990 266612
2010.11.23  9980 10350 10450 9900 170634
2010.11.24  9590 9200 9650 9100 255545
2010.11.25  9430 9770 9770 9420 109365
2010.11.26  8850 9340 9430 8700 301148
2010.11.29  9120 8800 9230 8800 131908
2010.11.30  9050 9050 9190 8910 107089
2010.12.01  9230 9090 9350 9000 58749
2010.12.02  9330 9300 9400 9180 95961
2010.12.03  9220 9380 9470 9140 73751
2010.12.06  8990 9220 9370 8990 89466
2010.12.07  9000 9070 9200 8950 73630
2010.12.08  9010 8900 9050 8900 58931
2010.12.09  9460 9070 9460 9010 129561
2010.12.10  9430 9400 9470 9280 60630
2010.12.13  9650 9370 9810 9330 175660
2010.12.14  9880 9610 9950 9600 170389
2010.12.15  9790 9970 9970 9700 96174
2010.12.16  9650 9780 9780 9540 55082
2010.12.17  10900 9700 11000 9600 781060
2010.12.20  11000 10600 11000 10300 403792
2010.12.21  11750 11300 11850 11200 466043
2010.12.22  12600 11700 13400 11300 1545697
2010.12.23  12700 12600 13000 12350 484466
2010.12.24  12200 12800 13000 12150 354856
2010.12.27  11300 11900 12400 11250 393486
2010.12.28  11450 11450 11750 11150 320616
2010.12.29  12450 11550 12850 11550 641859
2010.12.30  12400 12650 12650 11850 309410
2011.01.03  12650 12350 12650 12150 264691
2011.01.04  12450 12200 12600 12100 231721
2011.01.05  12650 12300 12800 12050 524081
2011.01.06  12200 12650 12900 12200 317350
2011.01.07  11800 12300 12300 11750 273658
2011.01.10  11900 11800 12200 11800 169035
2011.01.11  12000 12100 12450 11850 154613
2011.01.12  11950 11950 12100 11750 173859
2011.01.13  11850 11950 12100 11450 210541
2011.01.14  11650 11850 12100 11600 235722
2011.01.17  11300 11750 11850 11200 228323
2011.01.18  10800 11400 11400 10600 296322
2011.01.19  10900 10850 11300 10600 203583
2011.01.20  11600 11000 11650 10950 237643
2011.01.21  11150 11300 11650 11100 132501
2011.01.24  11300 11100 11300 10850 105792
2011.01.25  11900 11500 12200 11450 524214
2011.01.26  11600 12100 12200 11450 208708
2011.01.27  12400 11500 13300 11500 1187374
2011.01.28  12150 12900 12900 11950 432518
2011.01.31  12450 11800 12600 11750 263388
2011.02.01  12800 12500 12950 12400 257987
2011.02.07  12500 12950 13000 12400 209704
2011.02.08  12700 12600 13100 12400 308028
2011.02.09  12500 12750 12800 12450 201900
2011.02.10  12650 12400 12650 12200 260943
2011.02.11  6750 6420 7330 6060 568882
2011.02.14  7150 6950 7250 6930 424555
2011.02.15  6880 7150 7150 6820 185878
2011.02.16  6400 6750 6890 6390 242246
2011.02.17  6150 6480 6480 6030 186355
2011.02.18  6450 6160 6470 6080 102821
2011.02.21  6320 6380 6480 6250 89418
2011.02.22  6250 6160 6250 6070 56251
2011.02.23  6340 6150 6480 6110 156953
2011.02.24  6340 6260 6590 6260 116866
2011.02.25  6460 6330 6550 6210 96961
2011.02.28  6440 6550 6590 6300 111834
2011.03.02  6200 6500 6500 6100 78530
2011.03.03  6100 6150 6270 6100 97168
2011.03.04  5670 6060 6060 5580 854471
2011.03.07  5710 5740 5870 5690 259223
2011.03.08  5780 5790 5820 5660 201890
2011.03.09  5930 5770 6170 5770 548369
2011.03.10  5750 5860 6020 5740 248726
2011.03.11  5660 5610 5780 5560 166200
2011.03.14  5030 5650 5650 5000 535319
2011.03.15  4930 5050 5370 4735 433537
2011.03.16  4950 4930 5110 4900 200680
2011.03.17  5100 4950 5320 4850 331797
2011.03.18  5090 5100 5260 5080 125344
2011.03.21  5360 5150 5360 5100 167360
2011.03.22  5360 5340 5410 5330 180650
2011.03.23  5380 5440 5620 5330 163465
2011.03.24  5360 5410 5520 5330 108973
2011.03.25  5230 5390 5400 5220 161428
2011.03.28  5400 5290 5400 5170 155765
2011.03.29  5710 5460 5770 5460 503773
2011.03.30  5790 5710 5820 5640 210764
2011.03.31  5700 5820 5820 5600 181395
2011.04.01  5750 5700 5800 5590 249410
2011.04.04  6000 5730 6400 5720 881613
2011.04.05  6060 6050 6170 5910 394054
2011.04.06  6020 6060 6110 5950 260807
2011.04.07  5870 6040 6050 5790 239022
2011.04.08  5940 5870 6100 5820 297020
2011.04.11  6500 5980 6610 5960 1692795
2011.04.12  6400 6540 6690 6350 931107
2011.04.13  6660 6500 6670 6360 554332
2011.04.14  6430 6560 6640 6420 443550
2011.04.15  6610 6500 6710 6440 439561
2011.04.18  6310 6610 6620 6120 681554
2011.04.19  6310 6220 6310 6050 319440
2011.04.20  6130 6340 6360 6130 298442
2011.04.21  6140 6290 6290 6100 308305
2011.04.22  5910 6140 6190 5800 394676
2011.04.25  5910 5920 6110 5880 235590
2011.04.26  5800 5950 5960 5750 286576
2011.04.27  5910 5810 5940 5780 263366
2011.04.28  5880 6020 6020 5760 176814
2011.04.29  5550 5850 5850 5550 256678
2011.05.02  5670 5550 5730 5540 158398
2011.05.03  5640 5550 5750 5550 122822
2011.05.04  5570 5660 5700 5540 86841
2011.05.06  5510 5510 5590 5340 160703
2011.05.09  5380 5450 5530 5380 155262
2011.05.11  5230 5380 5480 5200 212095
2011.05.12  5160 5180 5340 5160 120671
2011.05.13  5300 5160 5420 5130 164944
2011.05.16  5200 5290 5300 5150 104393
2011.05.17  5060 5120 5200 4950 220234
2011.05.18  5100 5010 5290 5010 106157
2011.05.19  5000 5140 5240 4995 135883
2011.05.20  4970 4995 5080 4950 99426
2011.05.23  4800 4915 4930 4720 149220
2011.05.24  4830 4660 4845 4660 67281
2011.05.25  4730 4800 4920 4730 101312
2011.05.26  4805 4710 4850 4710 88811
2011.05.27  4970 4830 5090 4830 100248
2011.05.30  4900 5020 5050 4880 59131
2011.05.31  4930 4890 5040 4840 90276
2011.06.01  4890 4990 5030 4855 86900
2011.06.02  4740 4770 4800 4725 81452
2011.06.03  4775 4690 4830 4690 68871
2011.06.07  4925 4935 4990 4800 90622
2011.06.08  4830 4870 4950 4800 68092
2011.06.09  4710 4840 4915 4670 179730
2011.06.10  4820 4810 5010 4730 118853
2011.06.13  4835 4895 4930 4730 80600
2011.06.14  4760 4770 4870 4750 57021
2011.06.15  4600 4750 4880 4570 108739
2011.06.16  4430 4500 4570 4400 128232
2011.06.17  4250 4430 4475 4210 174019
2011.06.20  4350 4260 4465 4255 178652
2011.06.21  4360 4370 4420 4345 73380
2011.06.22  4475 4400 4550 4400 83589
2011.06.23  4535 4430 4590 4400 50760
2011.06.24  4670 4500 4670 4500 83563
2011.06.27  4560 4670 4690 4560 68899
2011.06.28  4615 4560 4680 4560 38194
2011.06.29  4815 4680 4900 4620 177905
2011.06.30  4830 4805 4890 4770 62939
2011.07.01  4790 4875 4875 4785 56936
2011.07.04  4890 4820 4900 4820 52761
2011.07.05  4800 4745 4870 4745 109154
2011.07.06  4870 4800 4870 4790 54842
2011.07.07  5040 4855 5200 4855 104683
2011.07.08  4930 5060 5090 4845 127040
2011.07.11  4945 4945 5030 4830 58430
2011.07.12  4870 4820 5240 4750 347757
2011.07.13  4915 4940 4990 4890 75914
2011.07.14  4950 4915 4990 4880 77488
2011.07.15  5220 4950 5220 4890 252686
2011.07.18  5180 5230 5360 5130 183801
2011.07.19  5240 5190 5300 5180 120407
2011.07.20  5180 5300 5300 5180 108261
2011.07.21  5080 5190 5190 5020 93290
2011.07.22  5070 5210 5210 5050 58798
2011.07.25  5060 5050 5160 5030 93450
2011.07.26  5270 5050 5290 5050 152271
2011.07.27  5280 5420 5420 5230 94800
2011.07.28  5130 5210 5240 5110 124626
2011.07.29  5120 5100 5170 5080 48686
2011.08.01  5150 5130 5180 5090 117770
2011.08.02  5010 5120 5160 4980 88206
2011.08.03  4640 4970 4970 4260 202172
2011.08.04  4590 4700 4735 4550 102505
2011.08.05  4250 4025 4390 4025 177373
2011.08.08  3790 4065 4230 3615 322025
2011.08.09  3530 3455 3690 3230 438655
2011.08.10  4000 3720 4055 3720 357330
2011.08.11  4200 3720 4355 3720 285266
2011.08.12  4600 4310 4600 4310 250407
2011.08.16  4880 4700 4935 4700 217263
2011.08.17  4975 4875 4980 4685 146183
2011.08.18  4800 4965 4990 4800 194519
2011.08.19  4390 4475 4665 4360 191120
2011.08.22  4685 4430 5040 4390 878836
2011.08.23  4640 4730 4790 4530 264491
2011.08.24  4635 4750 4820 4605 92685
2011.08.25  4625 4865 4870 4610 83437
2011.08.26  4800 4735 4900 4510 122482
2011.08.29  4900 4970 5050 4800 182960
2011.08.30  4895 4965 4965 4770 144756
2011.08.31  4905 4940 4940 4810 88135
2011.09.01  4855 4910 4960 4850 119061
2011.09.02  4870 4855 4935 4725 119661
2011.09.05  4735 4800 4880 4730 69447
2011.09.06  4730 4590 4745 4585 98641
2011.09.07  5090 4730 5340 4700 360686
2011.09.08  5000 5190 5200 4950 125268
2011.09.09  5100 5090 5300 4960 278960
2011.09.14  4930 5200 5260 4930 193420
2011.09.15  4990 5100 5100 4900 106871
2011.09.16  5040 5070 5090 4950 92454
2011.09.19  4850 4955 5040 4815 92626
2011.09.20  4690 4755 4785 4690 121447
2011.09.21  4745 4775 4780 4670 67549
2011.09.22  4750 4625 4770 4535 106800
2011.09.23  4470 4560 4660 4470 83731
2011.09.26  3950 4475 4500 3880 179663
2011.09.27  4100 3950 4145 3950 141775
2011.09.28  4310 4260 4440 4110 145098
2011.09.29  4400 4180 4470 4180 116770
2011.09.30  4440 4445 4510 4390 51814
2011.10.04  4205 4200 4245 4110 37434
2011.10.05  4050 4155 4320 4010 65505
2011.10.06  4180 4155 4245 4140 33422
2011.10.07  4200 4210 4290 4170 58740
2011.10.10  4170 4245 4295 4150 42757
2011.10.11  4190 4285 4285 4160 60684
2011.10.12  4170 4190 4260 4140 37479
2011.10.13  4255 4175 4270 4175 63330
2011.10.14  4225 4265 4280 4160 27065
2011.10.17  4365 4255 4380 4235 73115
2011.10.18  4250 4290 4340 4240 55711
2011.10.19  4220 4270 4310 4220 60182
2011.10.20  4170 4230 4300 4120 53545
2011.10.21  4150 4225 4225 4070 64125
2011.10.24  4200 4165 4260 4165 67661
2011.10.25  4235 4295 4300 4190 76966
2011.10.26  4170 4150 4200 4150 56011
2011.10.27  4255 4170 4260 4170 90175
2011.10.28  4300 4400 4450 4300 123862
2011.10.31  4315 4315 4400 4305 51762
2011.11.01  4315 4310 4350 4250 41040
2011.11.02  4190 4185 4235 4150 56330
2011.11.03  4150 4280 4280 4150 46280
2011.11.04  4280 4255 4280 4185 53016
2011.11.07  4530 4335 4570 4280 113311
2011.11.08  4440 4560 4635 4440 64633
2011.11.09  4385 4520 4520 4365 37330
2011.11.10  4185 4270 4270 4155 56555
2011.11.11  4175 4210 4265 4160 70671
2011.11.14  4470 4380 4745 4215 325661
2011.11.15  4580 4470 4630 4460 171600
2011.11.16  4295 4630 4630 4295 156011
2011.11.17  4335 4330 4375 4270 83796
2011.11.18  4250 4250 4320 4210 56414
2011.11.21  4220 4365 4390 4205 60510
2011.11.22  4185 4110 4235 4110 74900
2011.11.23  4075 4200 4215 4050 84754
2011.11.24  4030 4010 4070 3980 68332
2011.11.25  3950 4000 4135 3930 79211
2011.11.28  4010 4020 4035 3970 43320
2011.11.29  4020 4060 4110 4010 63362
2011.11.30  4015 4005 4060 3960 30924
2011.12.01  4080 4190 4190 4070 50948
2011.12.02  4055 4115 4120 4025 24060
2011.12.05  4080 4065 4145 4050 32072
2011.12.06  4030 4070 4100 4000 77633
2011.12.07  4050 4065 4095 4020 34853
2011.12.08  4070 4030 4085 4020 41242
2011.12.09  4020 4050 4050 4010 52585
2011.12.12  4050 4100 4100 4015 97278
2011.12.13  3965 4005 4030 3965 88147
2011.12.14  3940 3960 4000 3935 53240
2011.12.15  3815 3960 3960 3790 101320
2011.12.16  3845 3895 3900 3830 34506
2011.12.19  3600 3820 3855 3500 62850
2011.12.20  3780 3750 3780 3625 42580
2011.12.21  3835 3790 3860 3770 39792
2011.12.22  3790 3810 3910 3790 39370
2011.12.23  3790 3795 3895 3790 42169
2011.12.26  3800 3900 3900 3790 34370
2011.12.27  3740 3835 3850 3740 43561
2011.12.28  3760 3740 3800 3620 115330
2011.12.29  3755 3760 3795 3695 28840
2012.01.02  3780 3795 3850 3780 37900
2012.01.03  3780 3780 3845 3750 38070
2012.01.04  3860 3850 3865 3785 44440
2012.01.05  3845 3900 3910 3790 102794
2012.01.06  3860 3890 3890 3800 55920
2012.01.09  3770 3850 3850 3740 66605
2012.01.10  3835 3775 3835 3775 45659
2012.01.11  3820 3875 3875 3800 40722
2012.01.12  4005 3825 4025 3805 194436
2012.01.13  4015 4005 4050 3950 88508
2012.01.16  3990 4020 4020 3935 46070
2012.01.17  3960 3990 4045 3940 79502
2012.01.18  3970 3960 4010 3940 62140
2012.01.19  3890 3970 3985 3885 63676
2012.01.20  3925 3935 3935 3870 63887
2012.01.25  3990 3970 4150 3970 109136
2012.01.26  3965 4000 4010 3910 90572
2012.01.27  4025 3965 4045 3935 78194
2012.01.30  4150 4025 4220 4000 278181
2012.01.31  4145 4155 4210 4090 103551
2012.02.01  4145 4145 4205 4120 75521
2012.02.02  4200 4200 4210 4140 103680
2012.02.03  4180 4210 4370 4160 185666
2012.02.06  4100 4270 4270 4100 87321
2012.02.07  4075 4050 4140 4030 91890
2012.02.08  4105 4080 4145 4080 88020
2012.02.09  4135 4145 4145 4050 93760
2012.02.10  4385 4200 4535 4155 584877
2012.02.13  4370 4435 4560 4350 232381
2012.02.14  4420 4330 4440 4300 132580
2012.02.15  4400 4450 4550 4380 162182
2012.02.16  5060 4520 5060 4515 2711484
2012.02.17  5200 4970 5370 4845 1728247
2012.02.20  5380 5110 5840 5060 1714278
2012.02.21  5140 5550 5550 5130 860162
2012.02.22  5000 5150 5270 4905 536267
2012.02.23  5080 5050 5280 4960 647329
2012.02.24  4910 5160 5230 4910 337310
2012.02.27  4925 4910 5050 4760 354356
2012.02.28  5230 4975 5340 4970 707037
2012.02.29  5320 5520 5780 5320 1329203
2012.03.02  5410 5300 5440 5290 396754
2012.03.05  5300 5400 5480 5160 303363
2012.03.06  5070 5230 5270 5020 274801
2012.03.07  5030 4920 5090 4880 180634
2012.03.08  5430 5050 5450 5010 404958
2012.03.09  5290 5470 5610 5280 450076
2012.03.12  5490 5300 5510 5200 477350
2012.03.13  5530 5460 5690 5450 413764
2012.03.14  5470 5620 5620 5430 264823
2012.03.15  5350 5460 5540 5290 242206
2012.03.16  5450 5340 5570 5270 623185
2012.03.19  5330 5410 5440 5250 244957
2012.03.20  5310 5370 5420 5270 160205
2012.03.21  5040 5250 5280 5020 326873
2012.03.22  4830 5060 5130 4820 238324
2012.03.23  4905 4860 4925 4825 58931
2012.03.26  4675 4915 4990 4675 118221
2012.03.27  4685 4725 4810 4680 88176
2012.03.28  4835 4645 4840 4645 102971
2012.03.29  4785 4850 4870 4645 84322
2012.03.30  4920 4785 4970 4775 76018
2012.04.02  4875 4950 4990 4835 49920
2012.04.03  4745 4880 4925 4730 98884
2012.04.04  4725 4710 4780 4695 84270
2012.04.05  4830 4710 4920 4710 108399
2012.04.06  4755 4840 4850 4750 70440
2012.04.09  4480 4625 4710 4480 149446
2012.04.10  4455 4400 4560 4400 43559
2012.04.12  4530 4665 4665 4440 62050
2012.04.13  4700 4640 4715 4560 48181
2012.04.16  4755 4700 4775 4680 33963
2012.04.17  4730 4705 4860 4695 33070
2012.04.18  4705 4790 4790 4700 52639
2012.04.19  4685 4730 4740 4620 45945
2012.04.20  4660 4710 4710 4610 33164
2012.04.23  4590 4695 4700 4580 20690
2012.04.24  4460 4465 4580 4445 74090
2012.04.25  4445 4590 4590 4420 39857
2012.04.26  4425 4540 4540 4155 1390880
2012.04.27  4465 4380 4565 4380 43447
2012.04.30  4470 4610 4610 4400 41222
2012.05.02  4460 4470 4570 4350 38297
2012.05.03  4415 4435 4490 4355 66140
2012.05.04  4365 4360 4415 4315 60505
2012.05.07  4280 4310 4360 4155 59060
2012.05.08  4325 4300 4375 4200 37995
2012.05.09  4320 4355 4360 4220 28582
2012.05.10  4370 4320 4370 4240 29320
2012.05.11  4270 4390 4390 4240 51766
2012.05.14  4235 4260 4340 4200 23996
2012.05.15  4180 4190 4210 4000 53051
2012.05.16  4000 4095 4170 3995 40409
2012.05.17  4050 4050 4135 3990 35550
2012.05.18  3990 3990 4080 3945 51000
2012.05.21  3925 4090 4090 3810 50677
2012.05.22  4000 3885 4000 3845 51025
2012.05.23  3915 3930 4030 3885 29742
2012.05.24  4055 3865 4100 3865 55465
2012.05.25  4195 4055 4230 4055 48143
2012.05.29  4180 4195 4250 4105 36330
2012.05.30  4140 4270 4270 4110 17990
2012.05.31  4070 4100 4130 4030 19374
2012.06.01  3945 4095 4095 3945 42654
2012.06.04  3850 3820 3900 3750 65380
2012.06.05  3900 3850 3925 3850 24304
2012.06.07  4005 3950 4120 3950 31167
2012.06.08  3975 4010 4045 3965 14507
2012.06.11  3975 4115 4135 3915 57120
2012.06.12  3920 3880 3930 3870 39192
2012.06.13  4090 3980 4090 3870 56762
2012.06.14  3965 4005 4020 3960 39692
2012.06.15  3870 3965 3990 3870 40350
2012.06.18  3900 3885 3970 3880 57083
2012.06.19  3855 3855 3950 3850 40718
2012.06.20  3870 3880 3930 3860 23740
2012.06.21  3940 3875 3940 3875 34130
2012.06.22  3905 3925 3925 3810 48333
2012.06.25  3905 3935 3950 3880 46333
2012.06.26  3885 3905 3950 3875 49273
2012.06.27  3870 3925 3930 3870 17970
2012.06.28  3870 3890 3935 3840 32530
2012.06.29  3850 3840 3875 3800 42116
2012.07.02  3850 3860 3895 3840 39687
2012.07.03  3925 3835 3945 3835 67646
2012.07.04  3965 3930 3975 3915 36822
2012.07.05  3990 3970 4000 3935 26955
2012.07.06  3990 4025 4040 3940 30131
2012.07.09  3935 4000 4030 3935 16274
2012.07.10  3940 3960 3960 3895 34131
2012.07.11  3985 3920 3985 3920 26691
2012.07.12  4020 3950 4275 3950 243673
2012.07.13  4080 4095 4095 3960 81430
2012.07.16  4110 4070 4180 4070 40140
2012.07.17  4120 4110 4160 4100 52239
2012.07.18  4105 4220 4220 4040 34010
2012.07.19  4070 4130 4135 4005 44108
2012.07.20  4030 4080 4080 4005 40943
2012.07.23  3860 4050 4050 3860 53001
2012.07.24  3820 3750 3890 3730 58170
2012.07.25  3650 3740 3810 3650 63364
2012.07.26  3730 3585 3735 3585 16782
2012.07.27  3780 3730 3860 3730 26265
2012.07.30  3740 3845 3895 3740 13665
2012.07.31  3730 3815 3815 3650 31790
2012.08.01  3730 3785 3790 3720 10090
2012.08.02  3705 3815 3815 3650 21840
2012.08.03  3720 3700 3770 3615 11260
2012.08.06  3755 3730 3840 3720 18540
2012.08.07  3745 3735 3790 3720 27340
2012.08.08  3750 3785 3785 3730 30170
2012.08.09  3785 3780 3800 3745 67199
2012.08.10  3795 3800 3875 3765 29011
2012.08.13  3810 3795 3880 3770 32184
2012.08.14  3810 3795 3830 3775 18332
2012.08.16  3825 3845 3845 3775 25545
2012.08.17  3820 3840 3850 3795 41934
2012.08.20  3875 3830 3880 3820 45228
2012.08.21  3860 3865 3890 3835 32050
2012.08.22  3965 3875 4020 3785 143890
2012.08.23  4000 4020 4070 3900 76391
2012.08.24  3900 3995 4000 3860 65043
2012.08.27  3900 3900 3915 3855 34408
2012.08.28  3890 3950 3980 3885 70020
2012.08.29  3835 3890 3900 3815 63150
2012.08.30  3770 3840 3840 3735 49250
2012.08.31  3740 3815 3815 3725 35760
2012.09.03  3765 3770 3795 3725 47336
2012.09.04  3900 3770 3980 3770 128312
2012.09.05  4030 3975 4105 3915 225113
2012.09.06  4005 4110 4115 4005 74347
2012.09.07  4050 4040 4135 4035 142673
2012.09.10  4330 4120 4425 4110 322781
2012.09.11  4530 4355 4725 4280 685111
2012.09.12  4455 4495 4610 4440 258505
2012.09.13  4510 4460 4600 4415 100845
2012.09.14  4475 4560 4560 4390 92551
2012.09.17  4500 4425 4595 4425 86091
2012.09.18  4440 4450 4570 4400 93431
2012.09.19  4405 4440 4470 4350 105230
2012.09.20  4580 4420 4610 4420 183252
2012.09.21  4520 4605 4630 4460 79340
2012.09.24  4480 4525 4595 4455 78911
2012.09.25  4550 4500 4680 4485 210271
2012.09.26  4485 4480 4550 4475 69895
2012.09.27  4425 4485 4530 4420 88490
2012.09.28  4480 4415 4495 4415 31814
2012.10.02  4475 4575 4575 4470 27810
2012.10.04  4610 4500 4640 4500 128528
2012.10.05  4590 4620 4630 4460 73583
2012.10.08  4240 4590 4590 4230 210719
2012.10.09  4210 4205 4350 4185 85182
2012.10.10  4150 4230 4230 4100 37107
2012.10.11  4125 4150 4160 4035 48835
2012.10.12  4075 4100 4120 4050 48481
2012.10.15  4150 4100 4200 4060 105302
2012.10.16  4070 4200 4200 4025 50441
2012.10.17  4025 4075 4100 3980 61710
2012.10.18  3980 4015 4075 3955 31105
2012.10.19  4015 3875 4015 3875 52262
2012.10.22  4060 4000 4060 3925 22622
2012.10.23  4050 4090 4090 3975 33192
2012.10.24  3995 3950 3995 3935 22752
2012.10.25  3990 3980 4025 3925 26927
2012.10.26  3900 3950 4000 3855 15744
2012.10.29  3830 3870 3895 3740 44810
2012.10.30  3780 3730 3830 3730 19360
2012.10.31  3800 3765 3835 3765 23203
2012.11.01  3775 3825 3835 3725 24602
2012.11.02  3775 3800 3845 3750 23950
2012.11.05  3815 3750 3840 3750 23970
2012.11.06  3810 3865 3870 3780 13350
2012.11.07  3840 3870 3870 3805 9500
2012.11.08  3800 3820 3820 3725 22670
2012.11.09  3665 3750 3825 3625 70259
2012.11.12  3675 3720 3720 3615 38270
2012.11.13  3660 3640 3690 3630 31390
2012.11.14  3675 3755 3755 3640 21320
2012.11.15  3580 3640 3675 3430 62063
2012.11.16  3405 3635 3635 3400 37305
2012.11.19  3400 3550 3550 3390 30997
2012.11.20  3340 3400 3415 3340 62068
2012.11.21  3150 3375 3375 3150 81779
2012.11.22  3255 3175 3255 3175 52375
2012.11.23  3250 3200 3340 3150 55894
2012.11.26  3355 3255 3365 3250 25681
2012.11.27  3040 3320 3325 3030 240306
2012.11.28  3120 3000 3125 2995 65600
2012.11.29  3150 3080 3170 3080 23410
2012.11.30  3215 3140 3235 3140 35161
2012.12.03  3225 3240 3265 3180 23766
2012.12.04  3220 3225 3285 3205 18471
2012.12.05  3450 3200 3700 3200 202685
2012.12.06  3440 3495 3550 3370 34341
2012.12.07  3295 3360 3485 3265 52710
2012.12.10  3225 3260 3330 3160 30970
2012.12.11  2910 3115 3125 2775 354023
2012.12.12  2985 2820 3050 2820 79100
2012.12.13  3015 2945 3020 2945 22401
2012.12.14  2990 3060 3060 2950 31370
2012.12.17  3015 2975 3020 2950 28125
2012.12.18  3010 2980 3030 2980 32762
2012.12.20  3255 3010 3325 3010 117334
2012.12.21  3190 3300 3300 3180 40196
2012.12.24  3170 3235 3235 3130 27767
2012.12.26  3235 3280 3280 3170 20463
2012.12.27  3265 3280 3290 3190 13348
2012.12.28  3200 3265 3270 3200 33884
2013.01.02  3250 3175 3300 3175 15812
2013.01.03  3230 3325 3325 3220 29450
2013.01.04  3220 3230 3260 3200 22161
2013.01.07  3185 3250 3275 3160 33432
2013.01.08  3150 3195 3215 3150 25060
2013.01.09  3190 3110 3220 3110 22322
2013.01.10  3200 3220 3220 3180 12973
2013.01.11  3140 3235 3235 3140 40942
2013.01.14  3160 3230 3230 3110 14920
2013.01.15  3130 3200 3200 3105 15788
2013.01.16  3070 3150 3150 2665 44026
2013.01.17  3070 3080 3110 3000 8460
2013.01.18  3045 3025 3095 3010 16660
2013.01.21  3000 2975 3090 2975 36425
2013.01.22  2980 2980 3030 2980 15316
2013.01.23  2975 2980 3010 2940 40667
2013.01.24  2960 2980 2980 2905 38854
2013.01.25  2900 2880 2980 2870 30434
2013.01.28  2940 2845 2960 2845 44092
2013.01.29  2945 2945 3000 2905 13337
2013.01.30  2950 3025 3025 2890 10288
2013.01.31  2855 3015 3015 2850 37187
2013.02.01  2885 2855 2915 2840 23363
2013.02.04  3035 2900 3195 2900 91751
2013.02.05  3040 3045 3100 3000 45539
2013.02.06  3040 3040 3105 3035 38305
2013.02.07  2975 3140 3175 2955 33828
2013.02.08  3010 2975 3110 2970 31313
2013.02.12  3020 3010 3075 2950 25581
2013.02.13  2965 3005 3095 2935 43964
2013.02.14  3050 2955 3100 2940 53810
2013.02.15  3505 3505 3505 3445 363396
2013.02.18  3520 3620 3780 3515 1135194
2013.02.19  3520 3550 3670 3475 490198
2013.02.20  3500 3530 3590 3500 140280
2013.02.21  3340 3425 3540 3290 177184
2013.02.22  3410 3350 3440 3345 90493
2013.02.25  3470 3480 3510 3360 110516
2013.02.26  3515 3490 3515 3400 70824
2013.02.27  3730 3565 3890 3565 516071
2013.02.28  3570 3750 3750 3550 178207
2013.03.04  3695 3600 3745 3585 132690
2013.03.05  3850 3700 4245 3695 874921
2013.03.06  4030 3940 4160 3890 425330
2013.03.07  4010 4030 4120 3940 263680
2013.03.08  4000 4010 4090 3995 159485
2013.03.11  3900 3890 4020 3890 357577
2013.03.12  3930 3905 3950 3850 90903
2013.03.13  3945 3930 3980 3835 83817
2013.03.14  3905 3865 4025 3750 86252
2013.03.15  3865 3915 3915 3800 72316
2013.03.18  3845 3860 4050 3835 164524
2013.03.19  3960 4000 4000 3850 81707
2013.03.20  3880 4050 4050 3860 54621
2013.03.21  3825 3820 3920 3820 92139
2013.03.22  3860 3840 3905 3835 45130
2013.03.25  3810 3840 3890 3800 67220
2013.03.26  3885 3805 3900 3805 41673
2013.03.27  3985 4030 4240 3935 249020
2013.03.28  3970 3985 4020 3915 69565
2013.03.29  4000 3985 4045 3945 53875
2013.04.01  3995 4015 4180 3970 115869
2013.04.02  3835 3980 3990 3760 130440
2013.04.03  3825 3930 3930 3710 107441
2013.04.04  3665 3850 3850 3550 98672
2013.04.05  3530 3655 3655 3435 106581
2013.04.08  3500 3480 3645 3405 56311
2013.04.09  3430 3430 3540 3380 41782
2013.04.10  3445 3430 3490 3410 14690
2013.04.11  3480 3450 3535 3420 46513
2013.04.12  3440 3530 3530 3430 31031
2013.04.15  3375 3440 3450 3295 46112
2013.04.16  3340 3250 3365 3250 60158
2013.04.17  3390 3415 3420 3305 51125
2013.04.18  3535 3390 3700 3330 115917
2013.04.19  3630 3535 3630 3475 87610
2013.04.22  3535 3680 3680 3480 65192
2013.04.23  3565 3485 3575 3480 49821
2013.04.24  3740 3635 3865 3565 132660
2013.04.25  3515 3680 3690 3515 169091
2013.04.26  3445 3555 3555 3350 89401
2013.04.29  3360 3395 3445 3360 37150
2013.04.30  3510 3360 3650 3360 59082
2013.05.02  3475 3515 3600 3455 47820
2013.05.03  3500 3610 3610 3470 20658
2013.05.06  3490 3510 3600 3450 32041
2013.05.07  3490 3455 3540 3405 39442
2013.05.08  3405 3460 3530 3405 43567
2013.05.09  3485 3420 3495 3410 35199
2013.05.10  3455 3485 3495 3425 29820
2013.05.13  3410 3465 3475 3395 29649
2013.05.14  3370 3410 3440 3335 49792
2013.05.15  3455 3370 3480 3370 23700
2013.05.16  3420 3465 3495 3370 43170
2013.05.20  3445 3435 3480 3375 22222
2013.05.21  3590 3470 3695 3445 132335
2013.05.22  3590 3610 3670 3560 78750
2013.05.23  3535 3640 3640 3535 22837
2013.05.24  3560 3545 3640 3500 57250
2013.05.27  3455 3605 3605 3445 32530
2013.05.28  3445 3465 3465 3400 58492
2013.05.29  3490 3450 3550 3420 35700
2013.05.30  3435 3490 3650 3430 68890
2013.05.31  3020 3525 3525 3020 285936
2013.06.03  3080 3130 3190 3075 211782
2013.06.04  3125 3090 3145 3040 41754
2013.06.05  3125 3125 3170 3085 77390
2013.06.07  3150 3100 3160 3090 76771
2013.06.10  3135 3170 3170 3080 54892
2013.06.11  3120 3190 3190 3110 25255
2013.06.12  3270 3075 3295 3075 80470
2013.06.13  3145 3275 3275 3130 38781
2013.06.14  3110 3150 3275 3110 23376
2013.06.17  3115 3110 3225 3110 20670
2013.06.18  3130 3220 3220 3070 19740
2013.06.19  3060 3100 3190 3050 30012
2013.06.20  3025 2950 3095 2950 77180
2013.06.21  2960 2960 3005 2940 81628
2013.06.24  2990 3100 3100 2900 29111
2013.06.25  2795 2980 2980 2700 115002
2013.06.26  2855 2820 2890 2780 47150
2013.06.27  2935 2900 2985 2820 27780
2013.06.28  3025 3035 3060 2935 30880
2013.07.01  3015 3120 3120 3010 28410
2013.07.02  3105 3100 3105 3000 41158
2013.07.03  3060 3055 3115 3010 22031
2013.07.04  3025 3085 3085 3000 35710
2013.07.05  3065 3010 3115 3010 16510
2013.07.08  3020 3045 3095 2960 41649
2013.07.09  3050 2995 3055 2980 23100
2013.07.10  3015 3050 3090 3010 9740
2013.07.11  3075 3000 3090 3000 19040
2013.07.12  3075 3050 3095 3050 16050
2013.07.15  3110 3105 3110 3060 30144
2013.07.16  3170 3110 3200 3065 55139
2013.07.17  3395 3180 3495 3170 140689
2013.07.18  3630 3395 3660 3340 166922
2013.07.19  3545 3650 3685 3490 151769
2013.07.22  3410 3485 3540 3410 52652
2013.07.23  3425 3410 3540 3410 27114
2013.07.24  3450 3515 3515 3420 21420
2013.07.25  3600 3485 3680 3420 105135
2013.07.26  3625 3600 3625 3500 32591
2013.07.29  3560 3635 3670 3550 52952
2013.07.30  3865 3500 3995 3500 607387
2013.07.31  3600 3850 3850 3550 408328
2013.08.01  3535 3630 3640 3505 121301
2013.08.02  3605 3780 3850 3605 383013
2013.08.05  3650 3735 3735 3605 95654
2013.08.06  3730 3600 3765 3600 104101
2013.08.07  3900 3730 3975 3730 246529
2013.08.08  3955 3930 4045 3850 255364
2013.08.09  3945 3955 4120 3930 220886
2013.08.12  3920 3940 4030 3905 140402
2013.08.13  3780 3880 3920 3780 153690
2013.08.14  3880 3820 3950 3810 57012
2013.08.16  3960 3865 3960 3830 120331
2013.08.19  4140 4005 4220 4000 274245
2013.08.20  4140 4070 4330 4010 340848
2013.08.21  4050 4135 4220 3950 193342
2013.08.22  3845 3915 3995 3840 103824
2013.08.23  3875 3860 3930 3780 75875
2013.08.26  3615 3930 3950 3615 246249
2013.08.27  3715 3635 3835 3600 110350
2013.08.28  3735 3640 3790 3630 80780
2013.08.29  3755 3685 3780 3685 53910
2013.08.30  3670 3705 3765 3640 81560
2013.09.02  3750 3625 3765 3625 44385
2013.09.03  3845 3745 3895 3745 55541
2013.09.04  3835 3865 3940 3815 39430
2013.09.05  3850 3970 3975 3830 65960
2013.09.06  3800 3930 3930 3730 54889
2013.09.09  3760 3880 3880 3700 37850
2013.09.10  3740 3740 3780 3690 49115
2013.09.11  3695 3740 3770 3675 56813
2013.09.12  3680 3670 3740 3635 57683
2013.09.13  3640 3650 3715 3630 71216
2013.09.16  3665 3680 3760 3565 93864
2013.09.17  3660 3690 3735 3630 31040
2013.09.23  3655 3675 3695 3600 46160
2013.09.24  3670 3640 3670 3570 45500
2013.09.25  3685 3670 3725 3625 20890
2013.09.26  3885 3740 3975 3690 180000
2013.09.27  3870 3890 3950 3815 80727
2013.09.30  3880 4000 4000 3850 123569
2013.10.01  3985 3850 4085 3820 126091
2013.10.02  4170 4010 4280 3955 414638
2013.10.04  4250 4230 4260 4090 202981
2013.10.07  4185 4235 4270 4135 80899
2013.10.08  4185 4210 4220 4100 50511
2013.10.10  4040 4180 4390 4040 197250
2013.10.11  3975 4040 4070 3960 84600
2013.10.14  3990 3975 4015 3915 62330
2013.10.15  3945 3990 4030 3910 77860
2013.10.16  3925 3940 3970 3855 46731
2013.10.17  3945 4000 4040 3870 83252
2013.10.18  3935 3970 3975 3895 26944
2013.10.21  3800 3935 3940 3735 98412
2013.10.22  3755 3800 3830 3700 42178
2013.10.23  3730 3735 3890 3680 45501
2013.10.24  3870 3700 3875 3650 51780
2013.10.25  3760 3825 3940 3750 47057
2013.10.28  3850 3805 3870 3750 27504
2013.10.29  3890 3810 3985 3805 52113
2013.10.30  3875 3950 3950 3835 36760
2013.10.31  3705 3925 3925 3690 64327
2013.11.01  3750 3675 3765 3655 18090
2013.11.04  3815 3750 3865 3710 45630
2013.11.05  3750 3795 3845 3725 22940
2013.11.06  3705 3720 3805 3680 33524
2013.11.07  3630 3700 3720 3610 86223
2013.11.08  3650 3580 3665 3570 39719
2013.11.11  3640 3650 3690 3580 26611
2013.11.12  3640 3610 3665 3600 26771
2013.11.13  3625 3610 3685 3610 22881
2013.11.14  3485 3665 3665 3485 71591
2013.11.15  3800 3560 3800 3490 81600
2013.11.18  3750 3780 3795 3665 61400
2013.11.19  3645 3700 3855 3640 49069
2013.11.20  3680 3650 3740 3590 17841
2013.11.21  3635 3730 3750 3530 35250
2013.11.22  3540 3575 3625 3515 1478680
2013.11.25  3530 3550 3640 3490 40054
2013.11.26  3545 3505 3590 3480 79682
2013.11.27  3545 3540 3585 3500 30910
2013.11.28  3540 3490 3590 3490 16390
2013.11.29  3540 3540 3545 3505 29522
2013.12.02  3530 3500 3615 3500 35567
2013.12.03  3510 3510 3520 3450 28751
2013.12.04  3305 3470 3510 3285 78428
2013.12.05  3380 3305 3420 3305 26280
2013.12.06  3375 3405 3405 3340 15140
2013.12.09  3360 3340 3405 3280 52190
2013.12.10  3375 3300 3395 3150 99810
2013.12.11  3380 3430 3430 3290 10840
2013.12.12  3325 3260 3375 3260 18140
2013.12.13  3330 3275 3340 3240 18930
2013.12.16  3320 3280 3420 3200 39230
2013.12.17  3305 3235 3320 3215 38449
2013.12.18  3205 3235 3330 3200 36989
2013.12.19  3240 3280 3280 3170 25070
2013.12.20  3240 3225 3245 3175 19000
2013.12.23  3380 3390 3560 3250 163915
2013.12.24  3380 3400 3450 3335 37320
2013.12.26  3415 3380 3550 3375 155430
2013.12.27  3365 3380 3415 3300 37916
2013.12.30  3380 3390 3390 3300 33060
2014.01.02  3345 3380 3380 3300 30159
2014.01.03  3420 3315 3420 3315 45581
2014.01.06  3430 3375 3465 3375 37161
2014.01.07  3440 3475 3475 3415 9550
2014.01.08  3445 3475 3475 3400 23140
2014.01.09  3575 3465 3620 3445 72365
2014.01.10  3595 3595 3600 3485 28500
2014.01.13  3630 3540 3650 3530 39378
2014.01.14  3605 3630 3650 3535 27470
2014.01.15  3575 3565 3665 3565 41270
2014.01.16  3540 3620 3620 3525 24591
2014.01.17  3470 3520 3545 3465 43255
2014.01.20  3385 3470 3470 3340 66036
2014.01.21  3360 3370 3410 3350 33831
2014.01.22  3430 3360 3430 3350 23006
2014.01.23  3420 3400 3455 3390 25116
2014.01.24  3420 3465 3465 3380 25668
2014.01.27  3410 3375 3425 3370 37264
2014.01.28  3400 3450 3450 3390 24235
2014.01.29  3420 3375 3440 3375 10690
2014.02.03  3400 3420 3490 3370 21093
2014.02.04  3410 3330 3445 3330 52135
2014.02.05  3410 3420 3450 3390 39940
2014.02.06  3410 3450 3525 3405 18260
2014.02.07  3445 3460 3460 3350 46141
2014.02.10  3535 3490 3545 3440 30682
2014.02.11  4065 3585 4065 3580 723140
2014.02.12  4420 4330 4500 4040 2466133
2014.02.13  4450 4370 4540 4320 792427
2014.02.14  4355 4480 4540 4215 576869
2014.02.17  4475 4350 4750 4240 1096689
2014.02.18  4360 4435 4475 4330 375303
2014.02.19  4435 4370 4480 4260 497322
2014.02.20  4380 4435 4570 4270 546211
2014.02.21  4745 4460 4870 4345 1409237
2014.02.24  4735 4795 4810 4660 336568
2014.02.25  4770 4745 4800 4630 247899
2014.02.26  4300 4720 4780 4210 1097540
2014.02.27  4225 4320 4385 4200 289103
2014.02.28  4290 4225 4315 4150 164465
2014.03.03  4090 4185 4270 4070 294253
2014.03.04  4080 4055 4200 4010 162273
2014.03.05  4170 4090 4250 4040 168752
2014.03.06  4105 4140 4265 4045 192730
2014.03.07  4120 4115 4185 4060 72164
2014.03.10  4200 4170 4235 4155 166881
2014.03.11  4110 4230 4235 4075 140456
2014.03.12  3950 4065 4080 3850 438045
2014.03.13  4005 3950 4010 3900 107740
2014.03.14  4030 3845 4040 3840 73923
2014.03.17  4005 4000 4060 3985 69072
2014.03.18  4000 4035 4035 3965 52415
2014.03.19  3965 4035 4035 3940 60560
2014.03.20  3925 3965 3985 3865 73868
2014.03.21  3940 3875 3940 3835 147952
2014.03.24  4030 3900 4065 3900 71429
2014.03.25  3995 4010 4065 3980 49965
2014.03.26  4015 3975 4045 3915 31562
2014.03.27  4105 4015 4150 4000 92194
2014.03.28  4140 4120 4165 4065 119604
2014.03.31  4140 4120 4190 4000 76013
2014.04.01  4070 4090 4145 4040 81470
2014.04.02  4055 4070 4090 4005 58750
2014.04.03  4035 4090 4090 4005 32301
2014.04.04  4020 4045 4045 3980 56652
2014.04.07  4080 4000 4090 3995 81923
2014.04.08  4085 4100 4175 4075 82480
2014.04.09  4080 4105 4105 4040 63272
2014.04.10  4100 4065 4120 4065 81164
2014.04.11  4105 4100 4230 4065 137641
2014.04.14  4310 4120 4310 4085 202695
2014.04.15  4295 4320 4335 4255 122029
2014.04.16  4220 4335 4335 4165 124222
2014.04.17  4175 4230 4255 4140 55453
2014.04.18  4180 4225 4230 4165 68923
2014.04.21  4120 4150 4210 4100 66135
2014.04.22  4110 4130 4155 4085 64743
2014.04.23  4095 4095 4190 4085 53781
2014.04.24  4160 4105 4175 4105 26862
2014.04.25  4150 4160 4250 4115 52750
2014.04.28  4190 4130 4245 4130 48375
2014.04.29  4160 4240 4240 4160 42148
2014.04.30  4075 4210 4225 4050 69204
2014.05.02  4190 4075 4225 4050 66416
2014.05.07  4270 4200 4390 4150 229948
2014.05.08  4300 4370 4640 4245 612729
2014.05.09  4300 4275 4335 4250 81323
2014.05.12  4315 4285 4390 4280 98220
2014.05.13  4400 4305 4470 4305 179794
2014.05.14  4485 4470 4600 4380 232009
2014.05.15  4555 4495 4565 4460 240380
2014.05.16  4545 4555 4600 4450 112551
2014.05.19  4395 4580 4580 4365 158110
2014.05.20  4500 4340 4530 4320 91260
2014.05.21  4460 4500 4525 4425 105603
2014.05.22  4390 4445 4500 4385 92191
2014.05.23  4360 4350 4410 4345 50230
2014.05.26  4375 4400 4490 4360 80947
2014.05.27  4535 4360 4595 4360 186953
2014.05.28  4535 4540 4600 4480 121382
2014.05.29  4595 4525 4650 4500 124473
2014.05.30  4615 4635 4995 4560 712021
2014.06.02  4845 4580 4845 4575 233147
2014.06.03  4120 4120 4120 4120 162891
2014.06.05  4100 4000 4160 3950 557266
2014.06.09  3640 4225 4225 3500 892074
2014.06.10  3665 3710 3745 3555 198460
2014.06.11  3660 3665 3685 3590 139591
2014.06.12  3680 3645 3755 3645 93493
2014.06.13  3680 3680 3680 3560 60700
2014.06.16  3590 3600 3635 3570 63245
2014.06.17  3590 3590 3630 3525 89844
2014.06.18  3590 3550 3630 3530 98782
2014.06.19  3725 3575 3735 3575 187402
2014.06.20  3730 3635 3740 3635 135147
2014.06.23  3195 3780 3780 3185 610574
2014.06.24  3185 3200 3245 2940 319319
2014.06.25  3095 3100 3185 3070 325660
2014.06.26  3020 2935 3145 2925 208539
2014.06.27  3000 3020 3075 2950 104936
2014.06.30  3080 2960 3090 2950 53514
2014.07.01  3205 3085 3210 2850 114007
2014.07.02  3310 3185 3310 3165 172948
2014.07.03  3320 3360 3360 3280 83782
2014.07.04  3350 3320 3360 3255 50721
2014.07.07  3300 3410 3415 3265 72177
2014.07.08  3240 3245 3330 3180 72119
2014.07.09  3190 3240 3270 3145 67975
2014.07.10  2770 3190 3190 2730 717975
2014.07.11  2820 2775 2830 2605 373967
2014.07.14  3110 2890 3190 2855 1098331
2014.07.15  3140 3220 3380 3140 1067849
2014.07.16  3050 3115 3130 2995 173648
2014.07.17  2950 2915 3055 2915 260924
2014.07.18  3390 2910 3390 2905 1835019
2014.07.21  3595 3460 3840 3260 3244314
2014.07.22  3640 3640 3830 3540 1240322
2014.07.23  3435 3595 3690 3435 655588
2014.07.24  3365 3470 3495 3320 343928
2014.07.25  3350 3420 3420 3320 222121
2014.07.28  3115 3365 3370 3115 364429
2014.07.29  3190 3115 3240 3080 328044
2014.07.30  3310 3190 3330 3030 323858
2014.07.31  3310 3600 3690 3310 1424568
2014.08.01  3370 3200 3475 3170 550710
2014.08.04  3875 3405 3875 3370 2871083
2014.08.05  3820 3910 3975 3775 1303577
2014.08.06  3620 3850 3865 3575 1383597
2014.08.07  3750 3630 3870 3590 1034022
2014.08.08  3950 3850 4195 3765 2114560
2014.08.11  3990 4020 4020 3850 747106
2014.08.12  4050 3940 4390 3935 1384604
2014.08.13  3875 4030 4150 3775 785368
2014.08.14  3875 3870 3990 3815 433885
2014.08.18  4195 3920 4315 3910 1600946
2014.08.19  4240 4245 4255 4085 602736
2014.08.20  3815 4280 4325 3605 1931853
2014.08.21  3590 3520 3730 3475 3195311
2014.08.22  3755 3615 3840 3570 1146137
2014.08.25  3970 3700 4000 3695 1610182
2014.08.26  3930 3990 3990 3830 680679
2014.08.27  4070 3920 4300 3855 2212872
2014.08.28  4340 4130 4605 4065 3952733
2014.08.29  4300 4340 4530 4170 2696112
2014.09.01  4945 4530 4945 4480 1367306
2014.09.02  5340 5590 5680 5120 6392814
2014.09.03  5460 5360 5640 5230 4058806
2014.09.04  5020 5350 5410 4765 3547140
2014.09.05  5180 5020 5250 4920 1574130
2014.09.11  4850 5200 5230 4830 1839634
2014.09.12  5100 4815 5320 4735 5082192
2014.09.15  4985 5100 5210 4820 2543464
2014.09.16  5250 5120 5620 5060 5939049
2014.09.17  5150 5240 5270 4980 2583504
2014.09.18  5080 5200 5230 5080 1267828
2014.09.19  5170 4925 5170 4855 1337175
2014.09.22  5040 5130 5290 5020 1892162
2014.09.23  4960 4990 5210 4955 1045871
2014.09.24  5010 4950 5150 4910 886386
2014.09.25  4880 5090 5130 4860 821888
2014.09.26  4595 4790 4790 4500 1574833
2014.09.29  4420 4590 4725 4325 947915
2014.09.30  4490 4440 4670 4425 848964
2014.10.01  4280 4540 4640 4115 1438539
2014.10.02  4355 4170 4375 4150 556457
2014.10.06  4380 4300 4480 4175 824004
2014.10.07  4750 4400 4915 4350 2961620
2014.10.08  4595 4750 4755 4585 899495
2014.10.10  4730 4635 4915 4605 1877574
2014.10.13  4640 4780 4980 4585 2009907
2014.10.14  4425 4650 4650 4350 1044408
2014.10.15  4320 4425 4460 4230 865561
2014.10.16  4920 4335 4960 4265 3051157
2014.10.17  4780 4860 5250 4725 3510615
2014.10.20  4930 4750 5190 4635 2466396
2014.10.21  5070 5000 5360 4930 3794152
2014.10.22  5070 4935 5190 4860 1443038
2014.10.23  4600 5100 5170 4505 2514678
2014.10.24  4830 4800 4850 4635 1338708
2014.10.27  4800 4920 5070 4740 1063419
2014.10.28  4775 4790 4940 4735 833157
2014.10.29  4630 4800 4825 4550 1035608
2014.10.30  4600 4580 4780 4570 765615
2014.10.31  4685 4675 4745 4605 688016
2014.11.03  4300 4500 4545 4200 1634027
2014.11.04  4140 4400 4450 4065 1134046
2014.11.05  3980 4215 4240 3980 942222
2014.11.06  3740 3920 4035 3600 1638740
2014.11.07  3875 3660 3965 3660 1001262
2014.11.10  3910 3850 3975 3795 564148
2014.11.11  3985 3950 4085 3910 721927
2014.11.12  3935 3985 4050 3900 315375
2014.11.13  3930 3905 4050 3890 376815
2014.11.14  3840 3920 3950 3785 429558
2014.11.17  3710 3870 3870 3635 314856
2014.11.18  3800 3690 3810 3690 227173
2014.11.19  3805 3820 3835 3735 178294
2014.11.20  3730 3800 3870 3730 307506
2014.11.21  3915 3735 4040 3720 1138964
2014.11.24  3955 3925 3965 3845 335053
2014.11.25  3800 3955 3965 3790 451382
2014.11.26  3800 3845 3920 3770 541080
2014.11.27  3790 3780 3840 3705 288008
2014.11.28  3710 3800 3960 3700 487584
2014.12.01  4200 4130 4265 3975 3632087
2014.12.02  4200 4070 4265 4070 1012714
2014.12.03  4235 4200 4395 4165 763154
2014.12.04  4180 4280 4365 4180 413325
2014.12.05  4140 4180 4225 4050 313211
2014.12.08  4280 4190 4320 4115 445089
2014.12.09  4425 4240 4430 4165 713756
2014.12.10  4450 4485 4555 4330 762059
2014.12.11  4430 4450 4500 4315 905656
2014.12.12  4430 4945 5090 4375 3454800
2014.12.15  4175 4220 4360 4175 1319460
2014.12.16  4500 4125 4670 3980 1976703
2014.12.17  4485 4415 4770 4355 2361432
2014.12.18  4200 4415 4510 4085 1064349
2014.12.19  4215 4210 4345 4195 577475
2014.12.22  4110 4215 4225 4095 564566
2014.12.23  4105 4120 4215 4075 393538
2014.12.24  4130 4150 4185 4090 389970
2014.12.26  4300 4160 4350 4130 801056
2014.12.29  4210 4320 4350 4170 615031
2014.12.30  4210 4205 4230 4145 362595
2015.01.02  3990 4095 4155 3940 916756
2015.01.05  4000 3940 4065 3930 362301
2015.01.06  3910 3990 4040 3895 455723
2015.01.07  3840 3875 4000 3835 428976
2015.01.08  3890 3880 3945 3865 226211
2015.01.09  3900 3955 3960 3875 265912
2015.01.12  3955 3905 4010 3905 604683
2015.01.13  3930 3985 3985 3905 325557
2015.01.14  4000 3940 4165 3915 2811175
2015.01.15  3920 3995 4015 3900 630086
2015.01.16  3690 3910 3910 3675 1585076
2015.01.19  3840 3705 3870 3685 781901
2015.01.20  3930 3870 3950 3820 414403
2015.01.21  4515 3950 4515 3940 7578923
2015.01.22  4205 4480 4525 4150 4221584
2015.01.23  4255 4250 4525 4200 5548638
2015.01.26  4280 4255 4350 4235 1060908
2015.01.27  4120 4270 4365 4085 1425750
2015.01.28  4250 4085 4390 4050 1955093
2015.01.29  4260 4255 4350 4245 752421
2015.01.30  4250 4305 4325 4130 572927
2015.02.02  4410 4270 4555 4205 2972961
2015.02.03  4390 4415 4620 4380 2083171
2015.02.04  4565 4465 4565 4360 1453945
2015.02.05  4510 4530 4900 4500 4147254
2015.02.06  4475 4460 4515 4380 1090186
2015.02.09  4270 4535 4560 4240 1277314
2015.02.10  4230 4265 4325 4120 721595
2015.02.11  4290 4280 4355 4230 601699
2015.02.12  4310 4315 4340 4230 396456
2015.02.13  4360 4360 4440 4300 580190
2015.02.16  4350 4380 4480 4320 685882
2015.02.17  4240 4350 4360 4230 597759
2015.02.23  4100 4200 4230 4065 592199
2015.02.24  4180 4100 4220 4100 515408
2015.02.25  4145 4220 4245 4110 471889
2015.02.26  4205 4160 4330 4115 1055231
2015.02.27  4250 4250 4325 4210 541852
2015.03.02  4285 4250 4335 4230 536588
2015.03.03  4260 4300 4315 4240 361339
2015.03.04  4270 4250 4365 4245 848016
2015.03.05  4205 4270 4345 4195 787391
2015.03.06  4190 4230 4235 4150 477761
2015.03.09  4125 4155 4220 4120 381446
2015.03.10  4035 4125 4170 3995 512875
2015.03.11  4060 3980 4065 3970 254105
2015.03.12  4140 4065 4165 4060 272310
2015.03.13  4165 4130 4190 4130 301570
2015.03.16  4200 4165 4230 4120 451483
2015.03.17  4190 4185 4255 4150 467615
2015.03.18  4245 4230 4320 4200 807275
2015.03.19  4230 4245 4275 4170 275008
2015.03.20  4360 4205 4360 4205 690146
2015.03.23  4365 4370 4405 4335 542004
2015.03.24  4400 4365 4460 4335 826275
2015.03.25  4385 4400 4445 4370 448792
2015.03.26  4275 4375 4375 4245 479382
2015.03.27  4300 4275 4330 4250 326168
2015.03.30  4385 4340 4405 4280 418986
2015.03.31  4440 4390 4460 4355 466504
2015.04.01  4360 4440 4460 4360 405239
2015.04.02  4530 4365 4735 4365 4160500
2015.04.03  4625 4630 4655 4535 1036245
2015.04.06  4700 4650 4740 4595 952840
2015.04.07  4660 4700 4765 4610 726690
2015.04.08  4560 4695 4695 4525 668886
2015.04.09  4625 4570 4680 4560 495356
2015.04.10  4400 4625 4650 4275 1724709
2015.04.13  4490 4430 4520 4350 968590
2015.04.14  4395 4570 4570 4370 727565
2015.04.15  4420 4400 4480 4390 388511
2015.04.16  4520 4430 4535 4415 656047
2015.04.17  4575 4700 4770 4550 2040894
2015.04.20  4645 4535 4680 4485 991640
2015.04.21  4620 4735 4735 4600 852672
2015.04.22  4450 4615 4680 4280 959358
2015.04.23  4330 4430 4480 4310 699780
2015.04.24  4380 4330 4535 4265 1745275
2015.04.27  4410 4490 4505 4410 791508
2015.04.28  4440 4365 4465 4355 581633
2015.04.29  4410 4440 4600 4400 2375583
2015.04.30  4210 4690 4845 4205 8396668
2015.05.04  4840 4630 4840 4430 7600718
2015.05.06  5560 5000 5560 4800 13502093
2015.05.07  6010 5850 6250 5660 22134008
2015.05.08  6210 6060 6210 5810 11129685
2015.05.11  6650 6090 6810 6050 15565422
2015.05.12  6660 6600 7180 6500 11605926
2015.05.13  6720 6660 6870 6400 5331741
2015.05.14  6630 6980 7340 6600 6325435
2015.05.15  6840 7000 7000 6400 7307147
2015.05.18  6470 6800 6910 6470 4455714
2015.05.19  6700 6530 6700 6250 4847524
2015.05.20  6380 6530 6740 6270 4680907
2015.05.21  6410 6300 6500 6150 2863037
2015.05.22  6410 6410 6850 6330 5714096
2015.05.26  6530 6470 6730 6410 3567040
2015.05.27  7160 6600 7280 6560 11609986
2015.05.28  7190 7440 7520 7040 4928512
2015.05.29  6700 7190 7250 6630 4087254
2015.06.01  6600 6690 6800 6470 3044937
2015.06.02  5960 6500 6600 5880 5893608
2015.06.03  6120 5960 6300 5740 4901603
2015.06.04  5980 6190 6230 5950 2362569
2015.06.05  5860 5810 5970 5720 2183581
2015.06.08  6070 5890 6290 5830 3056951
2015.06.09  6140 6110 6200 6000 1747926
2015.06.10  6060 6100 6230 6040 1551168
2015.06.11  5470 6060 6140 5160 11481157
2015.06.12  5570 5700 5810 5500 4466311
2015.06.15  5450 5530 5750 5370 1574023
2015.06.16  5450 5350 5600 5310 1567470
2015.06.17  5570 5510 5710 5450 1818080
2015.06.18  5470 5570 5590 5420 1030185
2015.06.19  5740 5480 5780 5420 1660474
2015.06.22  6060 5720 6190 5690 3321316
2015.06.23  6090 6120 6250 5980 2262377
2015.06.24  6240 6120 6340 6070 2480537
2015.06.25  6120 6240 6320 6090 1639127
2015.06.26  5930 6100 6160 5890 1582591
2015.06.29  5660 5590 5840 5500 2076597
2015.06.30  5730 5640 5790 5510 1437534
2015.07.01  5990 5850 6060 5820 2067849
2015.07.02  5970 6080 6140 5900 1668191
2015.07.03  5950 5950 6110 5920 1810010
2015.07.06  5950 5810 6100 5740 1851877
2015.07.07  6500 6100 6910 5920 11770085
2015.07.08  6530 6670 6820 6290 5762520
2015.07.09  6760 6450 6760 6350 3435392
2015.07.10  6660 6820 6970 6610 2751103
2015.07.13  6710 6560 6770 6520 1853187
2015.07.14  6710 6810 6950 6660 3464499
2015.07.15  6910 6780 6910 6520 2797166
2015.07.16  6720 7120 7310 6710 5212121
2015.07.17  6620 6720 6780 6520 2042955
2015.07.20  6750 6720 7010 6690 2470988
2015.07.21  6750 6860 6870 6670 1585739
2015.07.22  7250 6710 7250 6700 4024495
2015.07.23  7260 7250 7380 7030 3112248
2015.07.24  7180 7350 7720 7090 5795885
2015.07.27  7150 7320 7360 7090 2192893
2015.07.28  6960 6990 7100 6800 1780328
2015.07.29  6690 6780 7050 6620 1575679
2015.07.30  6420 6700 6830 6390 2311824
2015.07.31  6840 6520 6860 6520 2907446
2015.08.03  7050 6950 7300 6870 3212390
2015.08.04  7160 7000 7210 6960 1640814
2015.08.05  7120 7200 7230 7060 1225435
2015.08.06  6960 7150 7270 6920 1268752
2015.08.07  6960 6880 6970 6710 1209085
2015.08.10  6860 6960 7090 6860 857184
2015.08.11  6630 6860 6880 6520 1396289
2015.08.12  6780 6580 6780 6470 1268315
2015.08.13  6800 6730 6870 6670 877353
2015.08.17  6540 6830 6850 6520 797206
2015.08.18  6230 6500 6570 6210 1358462
2015.08.19  6070 6100 6160 5780 1742238
2015.08.20  6020 5980 6220 5980 944882
2015.08.21  5570 5650 5830 5480 2066266
2015.08.24  5570 5410 5790 5400 1808853
2015.08.25  5920 5850 5960 5600 1780696
2015.08.26  6460 5920 6910 5860 5326566
2015.08.27  6330 6520 6550 6200 1589419
2015.08.28  6620 6400 6620 6370 1457587
2015.08.31  6790 6670 6850 6590 1678240
2015.09.01  6790 6790 6860 6580 1283682
2015.09.02  7040 6640 7080 6610 2710896
2015.09.03  6900 7120 7250 6890 2538170
2015.09.04  6640 6930 6980 6610 1508223
2015.09.07  6730 6600 6820 6550 932838
2015.09.08  7030 6770 7120 6660 2537685
2015.09.09  7300 7150 7300 7050 2513053
2015.09.10  7300 7240 7390 7190 1405786
2015.09.11  6910 6970 7040 6720 4011454
2015.09.14  6650 6880 6890 6620 2078618
2015.09.15  6870 6700 6880 6640 1424358
2015.09.16  6720 6850 6900 6670 1456225
2015.09.17  6260 6650 6720 6110 4130221
2015.09.18  6350 6280 6370 6170 1419293
2015.09.21  6290 6300 6380 6250 956937
2015.09.22  6370 6350 6490 6310 1223758
2015.09.23  6060 6320 6340 6060 1566726
2015.09.24  6340 6160 6380 6150 1268659
2015.09.25  6470 6180 6470 6160 1391209
2015.09.30  6260 6290 6390 6180 1068703
2015.10.01  6270 6270 6350 6210 805033
2015.10.02  6310 6280 6430 6260 911015
2015.10.05  6370 6330 6560 6320 1265138
2015.10.06  6040 6420 6460 5780 3464025
2015.10.07  6000 5980 6080 5850 997839
2015.10.08  5940 6010 6060 5900 687003
2015.10.12  5840 5960 5970 5730 970457
2015.10.13  5950 5940 6040 5860 698247
2015.10.14  6060 5950 6200 5890 1230045
2015.10.15  6160 6100 6160 6020 527976
2015.10.16  6130 6190 6230 6070 537543
2015.10.19  5980 6070 6090 5920 663232
2015.10.20  5950 6000 6040 5940 428103
2015.10.21  5990 5940 6090 5900 476800
2015.10.22  5900 5970 6030 5860 413588
2015.10.23  5790 5910 5930 5790 514498
2015.10.26  5840 5820 5920 5740 415780
2015.10.27  5990 5850 6030 5800 523899
2015.10.28  5950 5950 6100 5940 488826
2015.10.29  5910 6000 6090 5860 437600
2015.10.30  5810 5920 5940 5750 498335
2015.11.02  5600 5710 5770 5600 615733
2015.11.03  5870 5600 5940 5600 734044
2015.11.04  5960 5870 5960 5760 357995
2015.11.05  6110 5910 6280 5850 1834099
2015.11.06  5910 6110 6130 5880 638608
2015.11.09  5700 5870 5890 5630 882973
2015.11.10  5820 5650 5820 5550 554622
2015.11.11  5760 5760 5840 5750 353290
2015.11.12  5770 5730 5900 5730 296755
2015.11.13  6010 5690 6130 5690 1082061
2015.11.16  5960 5860 6060 5840 483040
2015.11.17  6150 6000 6150 5960 802048
2015.11.18  6110 6120 6220 6100 759653
2015.11.19  6180 6110 6290 6080 983459
2015.11.20  6070 6170 6180 6010 621571
2015.11.23  6040 6150 6150 6030 476623
2015.11.24  6060 6050 6110 6020 345543
2015.11.25  6040 6100 6110 6010 369561
2015.11.26  6300 6070 6320 6040 1227540
2015.11.27  7740 6360 7910 6300 24425761
2015.11.30  7700 7600 8050 7500 11924356
2015.12.01  7470 7770 8370 7450 11092995
2015.12.02  7670 7670 7820 7270 4919154
2015.12.03  7760 7660 8150 7490 5818417
2015.12.04  7760 7650 7930 7650 2886057
2015.12.07  7860 7890 8420 7810 6929090
2015.12.08  7300 7790 7910 7300 3589236
2015.12.09  7450 7300 7580 7160 3211435
2015.12.10  7210 7380 7470 7020 2236801
2015.12.11  7190 7230 7380 7100 1555465
2015.12.14  6850 7370 7530 6850 3978639
2015.12.15  7330 6880 7380 6880 3247507
2015.12.16  7310 7410 7550 7160 1931906
2015.12.17  7440 7310 7460 7230 1371659
2015.12.18  7380 7370 7530 7320 1056205
2015.12.21  7220 7330 7350 7180 1088684
2015.12.22  7980 7300 8050 7270 7756853
2015.12.23  7800 8010 8270 7720 3861173
2015.12.24  8010 7850 8190 7850 3934207
2015.12.28  7920 8040 8180 7820 2367797
2015.12.29  7800 7820 7940 7600 1626352
2015.12.30  8240 7800 8240 7800 3996145
2016.01.04  7830 8180 8240 7820 2305402
2016.01.05  7880 7700 8020 7650 2187357
2016.01.06  7880 7920 8070 7500 2699533
2016.01.07  7700 7870 7930 7580 1304646
2016.01.08  7550 7510 7660 7370 1221063
2016.01.11  7600 7490 7830 7490 1194107
2016.01.12  7490 7630 7720 7440 891640
2016.01.13  7530 7560 7680 7490 793165
2016.01.14  7320 7340 7420 7170 1385973
2016.01.15  7070 7420 7440 7060 1171006
2016.01.18  7080 7010 7240 6930 1123315
2016.01.19  7250 7010 7390 7000 1201890
2016.01.20  6980 7270 7310 6860 1036277
2016.01.21  6840 6970 7090 6820 762074
2016.01.22  7020 6950 7210 6880 897505
2016.01.25  7090 7110 7180 7000 579115
2016.01.26  6980 6990 7090 6940 439458
2016.01.27  6720 7020 7080 6640 1024035
2016.01.28  6830 6670 6920 6670 624359
2016.01.29  6730 6830 6880 6540 757030
2016.02.01  6530 6780 6830 6480 740131
2016.02.02  6500 6500 6610 6470 543065
2016.02.03  6840 6430 6850 6310 1330679
2016.02.04  6950 6840 6950 6750 766681
2016.02.05  6930 6950 6980 6850 464121
2016.02.11  6610 6640 6820 6570 647738
2016.02.12  6090 6450 6600 5940 1439670
2016.02.15  6390 6150 6430 6110 713016
2016.02.16  6540 6400 6580 6400 301285
2016.02.17  6390 6570 6600 6370 323850
2016.02.18  6630 6500 6820 6450 487200
2016.02.19  6710 6610 6730 6530 283050
2016.02.22  6700 6710 6740 6590 261301
2016.02.23  6860 6710 7020 6640 977600
2016.02.24  6800 6820 6910 6760 392150
2016.02.25  6680 6590 6730 6570 619975
2016.02.26  6830 6720 6830 6680 301639
2016.02.29  6470 6780 6900 6380 1086088
2016.03.02  6700 6610 6760 6560 442835
2016.03.03  6620 6710 6720 6580 252161
2016.03.04  6710 6580 6980 6580 556650
2016.03.07  6720 6710 6830 6680 364855
2016.03.08  6650 6750 6750 6460 504490
2016.03.09  6540 6700 6710 6480 467894
2016.03.10  6490 6540 6600 6410 426599
2016.03.11  6450 6500 6550 6450 358124
2016.03.14  6700 6610 6860 6600 1131205
2016.03.15  6700 6720 6760 6650 333904
2016.03.16  6890 6740 6960 6660 953340
2016.03.17  6940 6940 7030 6840 849311
2016.03.18  6430 6880 6880 6390 2124843
2016.03.21  6480 6660 6760 6460 949464
2016.03.22  6630 6510 6650 6390 731910
2016.03.23  6600 6590 6740 6540 747105
2016.03.24  6410 6550 6610 6270 1217761
2016.03.25  6300 6640 6750 6150 1870565
2016.03.28  5950 6220 6260 5860 2232285
2016.03.29  5990 5980 6150 5970 1124131
2016.03.30  5660 5950 5990 5660 1537750
2016.03.31  6050 5790 6160 5780 1884323
2016.04.01  5910 6020 6100 5910 709415
2016.04.04  6230 6030 6280 5910 1167976
2016.04.05  6240 6210 6330 6150 682402
2016.04.06  6140 6190 6260 6110 445767
2016.04.07  6100 6110 6290 6080 591884
2016.04.08  6000 6100 6140 5880 820710
2016.04.11  6420 6150 6530 6090 2626474
2016.04.12  6470 6420 6480 6240 1231741
2016.04.14  5150 5140 5530 5110 5045503
2016.04.15  5200 5230 5300 5150 1583365
2016.04.18  5010 5210 5260 4985 1443924
2016.04.19  5100 5100 5190 5040 985310
2016.04.20  5110 5100 5200 5090 844343
2016.04.21  5170 5190 5230 5070 1132880
2016.04.22  4970 5130 5190 4940 1259452
2016.04.25  4605 4930 4955 4565 3358507
2016.04.26  4590 4605 4675 4590 1152077
2016.04.27  4585 4610 4670 4570 823198
2016.04.28  4640 4600 4720 4595 1021074
2016.04.29  4590 4670 4670 4575 607013
2016.05.02  4400 4570 4590 4375 1032619
2016.05.03  4585 4475 4630 4465 1043208
2016.05.04  4325 4460 4500 4320 1159985
2016.05.09  4165 4310 4350 4105 1182732
2016.05.10  4325 4120 4325 4120 639846
2016.05.11  4320 4360 4375 4280 405004
2016.05.12  4390 4270 4435 4270 494918
2016.05.13  4225 4385 4400 4210 767098
2016.05.16  4425 4230 4520 4225 1275538
2016.05.17  4360 4390 4425 4280 560428
2016.05.18  4400 4440 4535 4330 1048692
2016.05.19  4310 4450 4495 4310 530645
2016.05.20  4540 4310 4640 4285 1140059
2016.05.23  4610 4555 4735 4520 1073797
2016.05.24  4540 4705 4800 4540 1408837
2016.05.25  5230 4595 5380 4585 10908715
2016.05.26  4780 4840 4945 4730 3889303
2016.05.27  4655 4775 4850 4605 1553726
2016.05.30  4795 4650 4915 4625 1984260
2016.05.31  4900 4765 4960 4760 1411231
2016.06.01  4795 4880 4920 4775 832447
2016.06.02  5020 4850 5080 4850 2107433
2016.06.03  5160 5040 5270 4940 1774493
2016.06.07  5050 5200 5270 5010 1177800
2016.06.08  4930 5040 5090 4890 961740
2016.06.09  4805 5000 5000 4780 882817
2016.06.10  4825 4780 4855 4750 443197
2016.06.13  4635 4740 4770 4625 570350
2016.06.14  4530 4550 4615 4460 743278
2016.06.15  4530 4580 4630 4475 406160
2016.06.16  4380 4530 4600 4350 794017
2016.06.17  4475 4410 4545 4390 408286
2016.06.20  4600 4470 4625 4415 427358
2016.06.21  4590 4600 4660 4520 402851
2016.06.22  4765 4640 5090 4600 2838865
2016.06.23  4650 4700 4740 4610 610838
2016.06.24  4355 4715 4800 4140 1834260
2016.06.27  4355 4165 4450 4165 772857
2016.06.28  4400 4280 4440 4270 400238
2016.06.29  4455 4450 4565 4435 494240
2016.06.30  4495 4495 4550 4485 242510
2016.07.01  4680 4545 4810 4540 1205507
2016.07.04  4740 4730 4850 4705 584442
2016.07.05  4890 4835 4980 4745 1297591
2016.07.06  4820 4820 4890 4730 679894
2016.07.07  4900 4930 4930 4805 634236
2016.07.08  4880 4880 5040 4845 876931
2016.07.11  4880 4960 4970 4845 464865
2016.07.12  4875 4885 4930 4810 458732
2016.07.13  4975 4890 5020 4880 951560
2016.07.14  4870 5000 5000 4815 631329
2016.07.15  4870 5200 5260 4840 2108837
2016.07.18  4775 4870 4875 4750 460474
2016.07.19  4830 4865 4940 4810 810469
2016.07.20  4825 4800 4870 4800 382640
2016.07.21  4810 4835 4870 4810 298311
2016.07.22  4940 4815 4955 4815 563834
2016.07.25  4935 4950 5030 4920 541933
2016.07.26  4955 4915 4970 4880 354712
2016.07.27  4935 4980 4985 4925 325394
2016.07.28  4915 4970 4970 4910 231695
2016.07.29  4885 4920 4945 4880 192097
2016.08.01  5060 4890 5070 4880 980189
2016.08.02  5000 5040 5090 4990 502899
2016.08.03  4855 4990 4990 4855 547673
2016.08.04  4860 4830 4950 4830 311519
2016.08.05  5010 4940 5020 4885 733392
2016.08.08  5240 5030 5340 4945 3373217
2016.08.09  5030 5320 5370 4975 3188534
2016.08.10  4630 4600 4720 4510 3341977
2016.08.11  4550 4630 4650 4550 810157
2016.08.12  4630 4585 4675 4585 655712
2016.08.16  4580 4630 4680 4580 538034
2016.08.17  4465 4535 4550 4415 777424
2016.08.18  4425 4450 4530 4425 394564
2016.08.19  4475 4410 4475 4410 236165
2016.08.22  4405 4480 4510 4395 330336
2016.08.23  4430 4450 4465 4395 306555
2016.08.24  4525 4480 4700 4430 605078
2016.08.25  4700 4690 4785 4555 2019171
2016.08.26  4690 4745 4770 4645 608036
2016.08.29  4710 4665 4920 4630 1001265
2016.08.30  4770 4745 4855 4735 422635
2016.08.31  4660 4780 4810 4655 495696
2016.09.01  4825 4670 4880 4670 650808
2016.09.02  4895 4820 4900 4755 482165
2016.09.05  4890 4915 5040 4890 817176
2016.09.06  5000 4860 5030 4860 734353
2016.09.07  5000 5100 5230 4995 1830522
2016.09.08  4980 5090 5180 4795 1353480
2016.09.09  4980 5300 5300 4980 1676053
2016.09.12  4985 4830 5030 4820 486756
2016.09.13  5010 4985 5100 4970 454919
2016.09.19  5050 5010 5120 4870 932685
2016.09.20  5170 5060 5340 5060 1486191
2016.09.21  5180 5210 5320 5160 741444
2016.09.22  5100 5160 5290 5100 567572
2016.09.23  5220 5160 5280 5050 584887
2016.09.26  5180 5320 5570 5150 2363379
2016.09.27  5120 5130 5200 5090 609636
2016.09.28  5080 5130 5160 5010 493672
2016.09.29  5020 5070 5140 5020 514474
2016.09.30  4885 5060 5070 4880 603971
2016.10.04  4890 4850 4960 4850 325459
2016.10.05  4885 4865 4950 4810 366516
2016.10.06  4790 4860 4930 4765 445378
2016.10.07  4695 4795 4840 4645 628436
2016.10.10  4595 4695 4740 4595 394049
2016.10.11  4570 4605 4660 4530 479316
2016.10.12  4570 4530 4615 4530 288985
2016.10.13  4645 4570 4835 4570 760799
2016.10.14  4585 4645 4690 4585 232973
2016.10.17  4470 4580 4585 4470 264190
2016.10.18  4490 4400 4540 4400 232559
2016.10.19  4470 4490 4520 4465 158203
2016.10.20  4500 4440 4640 4440 234411
2016.10.21  4490 4505 4560 4485 112546
2016.10.24  4710 4535 4855 4400 1781178
2016.10.25  4465 4655 4690 4465 611108
2016.10.26  4605 4520 4845 4490 1900455
2016.10.27  4740 4620 4775 4620 521497
2016.10.28  4800 4750 4840 4685 601309
2016.10.31  4815 4850 5210 4810 7939796
2016.11.01  4710 4750 4985 4655 1915413
2016.11.02  4410 4745 4750 4400 1101508
2016.11.03  4305 4300 4445 4300 636618
2016.11.04  4365 4300 4535 4270 984478
2016.11.07  4450 4400 4670 4350 1279424
2016.11.08  4470 4465 4530 4400 436040
2016.11.09  4065 4470 4480 3900 1180583
2016.11.10  4220 4165 4260 4150 438608
2016.11.11  4275 4180 4290 4135 440911
2016.11.14  4280 4370 4430 4275 488687
2016.11.15  4320 4205 4340 4160 415284
2016.11.16  4265 4290 4340 4245 322871
2016.11.17  4160 4215 4265 4135 518051
2016.11.18  4050 4160 4220 3980 547635
2016.11.21  4010 4035 4210 3905 817611
2016.11.22  4000 4015 4050 3965 366052
2016.11.23  2945 3090 3300 2850 8592461
2016.11.24  2940 3020 3090 2935 2413169
2016.11.25  3000 2940 3050 2940 1003623
2016.11.28  2960 3060 3065 2960 700486
2016.11.29  3010 2940 3065 2935 1031821
2016.11.30  2880 2990 3005 2805 1724195
2016.12.01  2885 2885 2895 2810 713765
2016.12.02  2865 2865 2945 2850 550649
2016.12.05  2760 2865 2880 2760 630575
2016.12.06  2830 2740 2850 2740 571202
2016.12.07  2630 2815 2845 2620 974495
2016.12.08  2735 2640 2780 2640 745696
2016.12.09  2845 2780 2950 2710 830096
2016.12.12  2830 2845 2875 2810 557392
2016.12.13  2995 3025 3275 2970 6128095
2016.12.14  2895 3010 3045 2890 1149412
2016.12.15  2935 2880 2975 2840 709661
2016.12.16  2935 2925 3000 2905 598119
2016.12.19  2900 2925 2960 2895 389418
2016.12.20  2950 2900 3010 2900 869877
2016.12.21  2960 3060 3075 2955 986476
2016.12.22  2905 2975 2975 2905 372510
2016.12.23  3020 2905 3055 2900 1131489
2016.12.26  2960 3025 3060 2920 713502
2016.12.27  2880 2950 3015 2880 398188
2016.12.28  2930 2885 2955 2855 317673
2016.12.29  2895 2920 2940 2885 373800
2017.01.02  2825 2910 2910 2810 444425
2017.01.03  2925 2820 2930 2820 369919
2017.01.04  2960 2930 2990 2905 524598
2017.01.05  3000 2975 3080 2965 566463
2017.01.06  3130 3010 3225 3000 2060115
2017.01.09  2995 3145 3145 2980 837086
2017.01.10  2925 3005 3030 2915 662283
2017.01.11  2945 2930 3010 2930 447436
2017.01.12  3040 2935 3055 2935 815896
2017.01.13  2970 3045 3090 2960 599749
2017.01.16  2880 2970 2990 2875 443139
2017.01.17  2895 2835 2945 2835 391486
2017.01.18  2895 2900 2925 2870 216281
2017.01.19  2895 2905 2950 2895 273526
2017.01.20  2950 2885 3000 2885 701359
2017.01.23  2930 2935 3000 2920 379723
2017.01.24  2780 2935 2955 2780 641822
2017.01.25  2690 2780 2800 2690 459256
2017.01.26  2680 2690 2725 2675 311099
2017.01.31  2635 2690 2710 2615 332473
2017.02.01  2680 2625 2700 2620 272585
2017.02.02  2755 2730 2860 2705 1401732
2017.02.03  2895 2785 3075 2785 4301441
2017.02.06  2965 2950 2975 2825 1077929
2017.02.07  2940 2955 3020 2895 791296
2017.02.08  2850 2940 3160 2845 4646453
2017.02.09  3080 2875 3090 2870 3019430
2017.02.10  3070 3130 3135 2995 1738577
2017.02.13  2915 3020 3025 2915 881576
2017.02.14  2960 2910 2970 2890 693029
2017.02.15  2985 3055 3075 2980 1468096
2017.02.16  2870 2955 2955 2855 1265078
2017.02.17  2985 2880 3015 2850 1395621
2017.02.20  2915 2980 3005 2915 669617
2017.02.21  2955 2925 2965 2895 674713
2017.02.22  2870 2935 2955 2860 793482
2017.02.23  2790 2855 2875 2785 715667
2017.02.24  2725 2660 2745 2625 826617
2017.02.27  2685 2730 2740 2660 523102
2017.02.28  2630 2670 2720 2605 531487
2017.03.02  2500 2675 2675 2490 978818
2017.03.03  2380 2490 2520 2335 893851
2017.03.06  2410 2400 2480 2350 444645
2017.03.07  2440 2400 2470 2400 322379
2017.03.08  2430 2450 2470 2410 303808
2017.03.09  2455 2465 2480 2420 618964
2017.03.10  2455 2450 2480 2280 612651
2017.03.13  2410 2455 2460 2400 503597
2017.03.14  2330 2420 2420 2315 655050
2017.03.15  2340 2335 2360 2285 718626
2017.03.16  2380 2345 2500 2300 1736332
2017.03.17  2310 2380 2385 2300 782725
2017.03.20  2185 2290 2310 2170 875465
2017.03.21  2160 2165 2235 2160 454924
2017.03.22  2140 2155 2175 2110 544908
2017.03.23  2165 2160 2205 2135 451513
2017.03.24  2155 2165 2190 2130 373723
2017.03.27  2025 2155 2160 1985 1134662
2017.03.28  2120 2035 2120 2035 587764
2017.03.29  2065 2105 2130 2060 483320
2017.03.30  2135 2060 2235 2035 958825
2017.03.31  2190 2125 2205 2125 592461
2017.04.03  2195 2225 2240 2165 388732
2017.04.04  2130 2185 2200 2115 490670
2017.04.05  2140 2130 2165 2100 168328
2017.04.06  2095 2140 2160 2095 280160
2017.04.07  2130 2095 2145 2085 227487
2017.04.10  2025 2130 2140 2010 613572
2017.04.11  2080 2025 2120 2015 392198
2017.04.12  2045 2075 2115 2035 295827
2017.04.13  2050 2035 2070 2030 185098
2017.04.14  2040 2045 2085 2030 222314
2017.04.17  2080 2050 2090 2040 190611
2017.04.18  2040 2080 2090 2040 234972
2017.04.19  2070 2040 2080 2040 329508
2017.04.20  2060 2060 2095 2045 313013
2017.04.21  2045 2065 2075 2040 234494
2017.04.24  1970 2045 2055 1955 751962
2017.04.25  1970 1975 1995 1955 251304
2017.04.26  2000 1975 2045 1975 482196
2017.04.27  2010 2010 2025 1995 210938
2017.04.28  1990 2010 2025 1990 215996
2017.05.02  1945 1980 2005 1935 567403
2017.05.04  1960 1900 1975 1900 240266
2017.05.08  1995 1940 2020 1935 434447
2017.05.10  2020 2000 2055 2000 439950
2017.05.11  2000 2010 2050 1995 269400
2017.05.12  2005 2000 2025 1990 240707
2017.05.15  1550 1650 1680 1530 4506202
2017.05.16  1610 1560 1615 1525 1981572
2017.05.17  1605 1640 1745 1600 3676458
2017.05.18  1605 1605 1630 1570 664309
2017.05.19  1640 1590 1640 1590 574209
2017.05.22  1640 1670 1685 1635 730665
2017.05.23  1645 1640 1670 1640 477384
2017.05.24  1680 1645 1700 1645 674128
2017.05.25  1665 1670 1680 1645 346771
2017.05.26  1645 1670 1680 1635 602966
2017.05.29  1610 1650 1660 1600 791889
2017.05.30  1650 1580 1680 1580 1615939
2017.05.31  1475 1475 1490 1430 1402746
2017.06.01  1445 1455 1485 1440 367549
2017.06.02  1465 1455 1475 1435 455721
2017.06.05  1460 1455 1465 1440 248103
2017.06.07  1475 1465 1540 1450 865999
2017.06.08  1470 1475 1500 1445 367687
2017.06.09  1485 1460 1485 1445 275352
2017.06.12  1465 1480 1500 1455 225484
2017.06.13  1505 1465 1510 1465 327554
2017.06.14  1505 1515 1520 1485 205595
2017.06.15  1475 1490 1495 1470 195035
2017.06.16  1475 1480 1490 1455 237421
2017.06.19  1445 1480 1485 1435 376497
2017.06.20  1415 1420 1445 1405 427100
2017.06.21  1325 1415 1415 1320 943711
2017.06.22  1355 1320 1365 1320 430865
2017.06.23  1405 1340 1450 1320 903416
2017.06.26  1355 1395 1420 1355 383482
2017.06.27  1390 1360 1485 1340 2029024
2017.06.28  1410 1390 1440 1360 945005
2017.06.29  1415 1410 1435 1385 339268
2017.06.30  1360 1415 1415 1350 804635
2017.07.03  1340 1360 1360 1305 634298
2017.07.04  1300 1330 1350 1290 595068
2017.07.05  1340 1295 1420 1295 1477387
2017.07.06  1350 1350 1400 1340 859212
2017.07.07  1505 1330 1555 1325 8467024
2017.07.10  1470 1455 1510 1420 2318121
2017.07.11  1475 1470 1565 1445 4243268
2017.07.12  1530 1480 1570 1470 3380837
2017.07.13  1510 1525 1610 1505 2767003
2017.07.14  1415 1470 1485 1400 1588837
2017.07.17  1375 1420 1430 1345 667167
2017.07.18  1340 1380 1390 1330 640408
2017.07.19  1350 1330 1365 1320 340034
2017.07.20  1355 1355 1380 1335 395777
2017.07.21  1350 1365 1400 1350 1012478
2017.07.24  1320 1350 1365 1305 614603
2017.07.25  1170 1210 1225 1165 4889406
2017.07.26  1140 1180 1195 1135 1724512
2017.07.27  1145 1140 1170 1100 3209656
2017.07.28  1135 1140 1140 1115 1241473
2017.07.31  1080 1120 1130 1035 1657098
2017.08.01  1095 1080 1115 1075 1115066
2017.08.02  1085 1105 1125 1085 792641
2017.08.03  1060 1090 1095 1055 1100645
2017.08.04  1080 1060 1100 1050 917345
2017.08.07  1100 1085 1110 1065 917742
2017.08.08  1100 1100 1140 1095 1543735
2017.08.09  1110 1095 1130 1095 1293612
2017.08.10  1075 1115 1125 1050 1810192
2017.08.11  1025 1055 1055 1015 1500354
2017.08.14  1020 1025 1040 1010 712240
2017.08.16  1050 1020 1050 1020 892267
2017.08.17  1065 1050 1075 1040 615579
2017.08.18  1055 1060 1075 1050 789290
2017.08.21  1060 1055 1065 1045 469169
2017.08.22  1085 1060 1100 1055 1305844
2017.08.23  1120 1095 1130 1090 1226057
2017.08.24  1110 1120 1125 1090 766819
2017.08.25  1135 1105 1175 1085 4018331
2017.08.28  1110 1145 1145 1110 691930
2017.08.29  1095 1105 1115 1080 810086
2017.08.30  1120 1095 1120 1085 538254
2017.08.31  1100 1125 1125 1095 437368
2017.09.01  1285 1100 1430 1095 32152636
