2011.07.21  6700 7680 8250 6530 13193213
2011.07.22  6780 6890 7250 6370 3108508
2011.07.25  6250 6800 6870 6230 961059
2011.07.26  6230 6250 6470 6060 760205
2011.07.27  6230 6230 6420 6160 489044
2011.07.28  6400 6120 6520 6080 693052
2011.07.29  6110 6400 6470 6100 382788
2011.08.01  6120 6210 6220 6060 315685
2011.08.02  6010 6090 6170 5930 299936
2011.08.03  5720 6060 6060 5720 253694
2011.08.04  5550 5730 5830 5540 385695
2011.08.05  5100 4880 5260 4830 394951
2011.08.08  4345 4825 5070 4340 274242
2011.08.09  3695 3805 3995 3695 446831
2011.08.10  4080 3905 4240 3905 404519
2011.08.11  4060 3620 4180 3620 241667
2011.08.12  4390 4400 4615 4230 335305
2011.08.16  4755 4690 4770 4560 214024
2011.08.17  5060 4760 5170 4670 209701
2011.08.18  4900 5110 5130 4855 179148
2011.08.19  4390 4510 4765 4310 135858
2011.08.22  4190 4205 4495 4000 111700
2011.08.23  4460 4230 4480 4230 58445
2011.08.24  4430 4530 4720 4430 74876
2011.08.25  4460 4580 4670 4450 76596
2011.08.26  4700 4380 4720 4380 124119
2011.08.29  5030 4715 5150 4715 126929
2011.08.30  4810 5090 5300 4810 138304
2011.08.31  4915 4895 5040 4800 103177
2011.09.01  4980 5090 5300 4960 163973
2011.09.02  4915 5120 5120 4900 55517
2011.09.05  4640 4745 4980 4550 94802
2011.09.06  4340 4350 4590 4210 86389
2011.09.07  4765 4400 4980 4400 108606
2011.09.08  4770 4930 4930 4590 54008
2011.09.09  5010 4790 5260 4550 161091
2011.09.14  4920 4925 5190 4800 199298
2011.09.15  5020 5030 5160 4820 157383
2011.09.16  5450 5120 5600 5080 464903
2011.09.19  6160 5600 6260 5600 1378843
2011.09.20  6060 5980 6170 5840 450128
2011.09.21  6070 6200 6430 5950 487876
2011.09.22  5500 5810 5970 5490 312680
2011.09.23  4845 5010 5160 4840 314152
2011.09.26  4120 4905 5040 4120 356022
2011.09.27  4520 4150 4680 4150 174959
2011.09.28  4520 4710 4795 4520 112682
2011.09.29  5000 4425 5090 4350 167167
2011.09.30  5200 5190 5450 5000 115899
2011.10.04  5040 4800 5100 4660 87760
2011.10.05  4760 5200 5230 4760 75442
2011.10.06  5090 5080 5150 4820 95803
2011.10.07  5300 5350 5480 5100 138218
2011.10.10  5450 5470 5530 5250 105968
2011.10.11  5400 5600 5680 5400 91032
2011.10.12  5220 5400 5460 5150 86992
2011.10.13  5320 5300 5510 5270 94792
2011.10.14  5110 5320 5420 5000 103627
2011.10.17  5220 5210 5290 5140 78013
2011.10.18  5100 5190 5190 5000 83438
2011.10.19  5080 5220 5220 5050 74046
2011.10.20  5060 5120 5440 5030 173064
2011.10.21  5230 5160 5250 5060 109287
2011.10.24  5100 5360 5360 5070 168023
2011.10.25  5320 5190 5560 5060 319329
2011.10.26  5240 5310 5390 5220 156146
2011.10.27  5200 5240 5300 5110 180558
2011.10.28  5070 5300 5350 5010 110754
2011.10.31  4910 5200 5200 4910 118298
2011.11.01  5200 4800 5640 4780 971306
2011.11.02  5120 5020 5190 4985 112514
2011.11.03  5080 5170 5270 5030 105828
2011.11.04  5160 5260 5280 5080 140656
2011.11.07  5100 5180 5290 5100 106412
2011.11.08  5350 5220 5490 5130 662192
2011.11.09  5930 5450 6130 5420 1104509
2011.11.10  5990 5710 6100 5520 502940
2011.11.11  5710 6440 6580 5650 587047
2011.11.14  6030 5810 6180 5750 356392
2011.11.15  6050 6010 6180 5850 318781
2011.11.16  5750 6250 6250 5750 303521
2011.11.17  5780 5850 5850 5640 141209
2011.11.18  5830 5730 5880 5560 167608
2011.11.21  5700 5830 5910 5690 142728
2011.11.22  5610 5530 5700 5500 185208
2011.11.23  5630 5800 6060 5630 349155
2011.11.24  5960 5710 5960 5550 310373
2011.11.25  5600 5900 6020 5580 264119
2011.11.28  5280 5600 5710 5250 326879
2011.11.29  5340 5340 5480 5310 178693
2011.11.30  5160 5400 5400 5140 176617
2011.12.01  5150 5270 5430 5110 271615
2011.12.02  5100 5170 5200 4955 261732
2011.12.05  5300 5100 5330 5040 214328
2011.12.06  5510 5300 5540 5240 491580
2011.12.07  5430 5500 5600 5380 261081
2011.12.08  5460 5470 5620 5430 328830
2011.12.09  5180 5400 5450 5180 303097
2011.12.12  5170 5240 5260 5130 207042
2011.12.13  5160 5120 5290 5060 265816
2011.12.14  5080 5180 5180 5080 121589
2011.12.15  4895 5030 5170 4890 204916
2011.12.16  4915 4895 4975 4860 150165
2011.12.19  4550 4880 4950 4230 222752
2011.12.20  4675 4515 4690 4515 80655
2011.12.21  4800 4745 4840 4740 103573
2011.12.22  4725 4700 4850 4670 72089
2011.12.23  4795 4725 4845 4725 85724
2011.12.26  4800 4875 4875 4780 68621
2011.12.27  4780 4835 4835 4710 75149
2011.12.28  4680 4780 4790 4635 65178
2011.12.29  4695 4650 4730 4625 51742
2012.01.02  4670 4695 4770 4640 71957
2012.01.03  4735 4680 4770 4680 98482
2012.01.04  4890 4790 4985 4735 170625
2012.01.05  4900 4890 4965 4850 94170
2012.01.06  4765 4880 4960 4765 103770
2012.01.09  4725 4760 4780 4620 117220
2012.01.10  4830 4740 4855 4730 90190
2012.01.11  4970 4870 5130 4845 275715
2012.01.12  4995 5000 5170 4970 147582
2012.01.13  4990 5030 5130 4980 112277
2012.01.16  4970 5010 5120 4960 141306
2012.01.17  4970 5050 5050 4905 90270
2012.01.18  4970 4975 5020 4935 64789
2012.01.19  4940 4980 5020 4885 114996
2012.01.20  4840 4965 4970 4815 92555
2012.01.25  4795 4835 4890 4765 62111
2012.01.26  4850 4890 4890 4805 29562
2012.01.27  4930 4870 5040 4845 97241
2012.01.30  4850 4950 4990 4850 73990
2012.01.31  4965 4850 4975 4795 118268
2012.02.01  4970 4970 5020 4925 88741
2012.02.02  4970 5010 5070 4945 100035
2012.02.03  4990 4925 5000 4925 57593
2012.02.06  4990 5050 5050 4925 126556
2012.02.07  5050 5300 5330 5030 214699
2012.02.08  5040 5030 5090 4950 143420
2012.02.09  5480 5110 5600 5070 1292111
2012.02.10  5540 5460 5660 5340 289868
2012.02.13  5370 5540 5560 5370 157639
2012.02.14  5530 5330 5740 5310 337868
2012.02.15  5400 5510 5570 5360 174278
2012.02.16  5410 5400 5460 5340 134236
2012.02.17  5400 5460 5640 5360 193232
2012.02.20  5380 5420 5460 5340 106988
2012.02.21  5270 5360 5430 5210 179174
2012.02.22  5250 5270 5350 5240 117061
2012.02.23  5480 5250 5480 5230 256292
2012.02.24  5470 5570 5570 5370 227526
2012.02.27  5440 5470 5480 5350 143054
2012.02.28  5320 5410 5480 5310 155345
2012.02.29  5460 5350 5460 5300 151888
2012.03.02  5470 5510 5510 5400 135843
2012.03.05  5600 5470 5670 5430 381550
2012.03.06  5580 5620 5670 5420 295946
2012.03.07  5510 5480 5610 5310 110265
2012.03.08  5740 5570 5830 5540 505694
2012.03.09  5690 5780 5790 5640 184946
2012.03.12  5260 5700 5730 5260 365200
2012.03.13  5140 5320 5360 5080 356824
2012.03.14  5140 5220 5240 5090 235149
2012.03.15  5010 5150 5150 4935 254399
2012.03.16  5050 4985 5100 4970 156085
2012.03.19  5120 5050 5150 5030 116885
2012.03.20  5110 5100 5150 5040 155754
2012.03.21  5060 5090 5100 5000 59111
2012.03.22  4975 5040 5070 4895 141492
2012.03.23  4960 5000 5000 4910 37203
2012.03.26  4910 4970 4980 4815 88749
2012.03.27  4900 4910 4970 4830 80861
2012.03.28  4755 4930 4930 4755 100389
2012.03.29  4585 4715 4755 4565 102111
2012.03.30  4635 4520 4690 4520 48018
2012.04.02  4725 4640 4740 4615 28056
2012.04.03  4725 4800 4800 4635 38257
2012.04.04  4580 4725 4725 4510 71374
2012.04.05  4450 4570 4570 4325 112144
2012.04.06  4500 4450 4505 4375 31583
2012.04.09  4370 4525 4525 4325 35303
2012.04.10  4350 4330 4440 4310 39225
2012.04.12  4385 4350 4395 4280 27297
2012.04.13  4490 4385 4590 4385 20843
2012.04.16  4530 4460 4530 4445 14842
2012.04.17  4615 4545 4645 4520 21562
2012.04.18  4570 4645 4650 4500 46009
2012.04.19  4540 4570 4600 4500 28070
2012.04.20  4440 4500 4530 4385 48781
2012.04.23  4420 4440 4450 4360 29619
2012.04.24  4280 4430 4430 4270 48809
2012.04.25  4170 4295 4350 4105 35000
2012.04.26  4050 4200 4200 3925 41816
2012.04.27  4080 4000 4170 4000 35447
2012.04.30  4200 4100 4215 4060 35081
2012.05.02  4270 4160 4290 4150 13699
2012.05.03  4280 4250 4330 4250 27041
2012.05.04  4305 4300 4315 4255 15721
2012.05.07  4220 4280 4280 4155 24251
2012.05.08  4230 4220 4325 4150 27474
2012.05.09  4205 4225 4230 4200 24851
2012.05.10  4190 4160 4225 4110 27671
2012.05.11  4360 4200 4360 4115 77892
2012.05.14  4200 4280 4330 4200 75004
2012.05.15  4090 4130 4155 4000 46991
2012.05.16  4070 4000 4205 4000 25015
2012.05.17  3990 4070 4070 3910 57248
2012.05.18  3660 3925 3980 3660 70873
2012.05.21  3655 3670 3775 3600 19764
2012.05.22  3850 3700 3850 3700 32755
2012.05.23  3880 3805 3900 3805 19461
2012.05.24  3965 3820 3965 3820 16286
2012.05.25  3980 3965 3995 3900 10732
2012.05.29  3980 4000 4000 3900 3846
2012.05.30  3940 3945 4025 3900 9110
2012.05.31  4000 3970 4000 3855 12701
2012.06.01  4000 4080 4080 3985 13502
2012.06.04  3740 3970 3970 3690 37951
2012.06.05  3795 3690 3795 3690 34923
2012.06.07  3885 3830 3925 3830 12640
2012.06.08  3820 3925 3925 3810 12322
2012.06.11  3830 3890 3935 3830 16875
2012.06.12  3825 3795 3845 3705 24822
2012.06.13  3880 3985 4015 3825 30611
2012.06.14  3920 3840 3970 3835 10207
2012.06.15  3900 3950 3950 3880 10228
2012.06.18  3930 3950 3950 3900 23398
2012.06.19  3915 3900 3940 3875 14695
2012.06.20  3915 3930 3940 3850 35001
2012.06.21  3925 3905 3995 3880 63391
2012.06.22  3900 3800 3915 3800 21729
2012.06.25  3820 3950 3950 3770 48179
2012.06.26  3740 3750 3820 3700 36561
2012.06.27  3765 3750 3885 3700 23824
2012.06.28  3780 3795 3795 3740 17935
2012.06.29  3830 3780 3845 3740 17794
2012.07.02  3865 3935 3935 3830 16278
2012.07.03  3900 3920 3920 3865 22032
2012.07.04  3840 3920 3920 3800 31551
2012.07.05  3930 3890 3970 3820 22289
2012.07.06  3910 3970 3970 3875 26143
2012.07.09  3960 3910 4000 3875 40745
2012.07.10  4005 3945 4015 3945 38762
2012.07.11  4010 4005 4030 3915 23066
2012.07.12  3995 4000 4010 3940 26288
2012.07.13  4000 4020 4020 3830 33102
2012.07.16  4025 4015 4060 3950 17010
2012.07.17  4025 4035 4035 3960 17839
2012.07.18  3970 3980 4020 3860 32413
2012.07.19  3955 3950 4005 3905 25405
2012.07.20  3955 3955 3970 3905 17250
2012.07.23  3915 3880 3915 3810 70503
2012.07.24  3900 4050 4050 3840 61256
2012.07.25  3835 3815 3900 3805 10289
2012.07.26  3900 3840 3900 3800 20893
2012.07.27  3990 3950 3990 3910 32453
2012.07.30  4010 4050 4050 3980 47259
2012.07.31  4045 4010 4050 3970 52997
2012.08.01  4045 4050 4190 4045 71722
2012.08.02  4025 4045 4090 4010 43176
2012.08.03  3975 4025 4065 3975 24422
2012.08.06  4075 4030 4090 4030 47686
2012.08.07  4120 4090 4120 4055 47767
2012.08.08  4035 4120 4140 4035 63853
2012.08.09  4060 4050 4085 4035 76135
2012.08.10  4050 4035 4100 4035 46408
2012.08.13  4060 4035 4130 4035 48789
2012.08.14  4060 4050 4120 4050 51114
2012.08.16  4060 4090 4090 4035 51779
2012.08.17  4030 4085 4085 4000 60739
2012.08.20  4035 4090 4090 4005 20028
2012.08.21  3990 4035 4035 3955 35775
2012.08.22  3955 3985 4015 3955 37491
2012.08.23  3970 4025 4025 3925 36382
2012.08.24  3960 3940 4020 3925 36888
2012.08.27  3880 3940 3970 3820 34597
2012.08.28  3805 3890 3890 3795 50077
2012.08.29  3815 3800 3830 3775 45524
2012.08.30  3745 3830 3830 3710 57839
2012.08.31  3765 3710 3770 3710 26161
2012.09.03  3820 3775 3840 3765 20955
2012.09.04  3810 3830 3830 3765 30187
2012.09.05  3790 3810 3865 3790 30223
2012.09.06  3850 3790 3875 3790 27264
2012.09.07  3850 3860 3915 3835 23564
2012.09.10  3850 3860 3880 3825 16351
2012.09.11  3825 3815 3850 3750 39110
2012.09.12  3825 3825 3835 3780 35233
2012.09.13  3850 3820 3870 3795 39158
2012.09.14  3870 3880 3880 3820 52203
2012.09.17  3900 3870 3970 3835 60249
2012.09.18  3925 3940 3955 3895 31983
2012.09.19  3985 3965 4015 3925 36850
2012.09.20  4110 4000 4160 4000 135689
2012.09.21  4115 4115 4190 4050 91134
2012.09.24  4050 4115 4150 4050 35654
2012.09.25  4030 4040 4080 3985 34092
2012.09.26  3960 3965 4085 3960 26965
2012.09.27  4080 3970 4080 3940 46668
2012.09.28  4055 4100 4185 4030 51791
2012.10.02  4060 4070 4090 4010 34930
2012.10.04  4040 4040 4090 4000 51130
2012.10.05  4110 4040 4120 3980 71473
2012.10.08  4060 4125 4125 4020 50200
2012.10.09  4025 4050 4105 4010 95849
2012.10.10  4075 4030 4090 3995 84778
2012.10.11  4190 4090 4350 4075 279673
2012.10.12  4370 4200 4370 4195 116596
2012.10.15  5020 4425 5020 4410 896897
2012.10.16  5290 5290 5480 5050 1271443
2012.10.17  5500 5360 5620 5200 786435
2012.10.18  5340 5650 5760 5200 653444
2012.10.19  5590 5300 5590 5110 306753
2012.10.22  5910 5410 5940 5400 458604
2012.10.23  5450 5950 6030 5400 455424
2012.10.24  5440 5440 5670 5300 294358
2012.10.25  5500 5550 6000 5480 1095146
2012.10.26  5250 5510 5650 5250 239668
2012.10.29  4990 5250 5390 4860 174794
2012.10.30  5460 5100 5490 5050 265906
2012.10.31  5370 5440 5550 5250 198431
2012.11.01  5170 5440 5440 5090 139011
2012.11.02  5250 5270 5400 5170 118506
2012.11.05  5300 5250 5370 5170 100151
2012.11.06  5090 5400 5400 5000 122865
2012.11.07  4910 5100 5110 4780 243883
2012.11.08  4690 4790 4830 4595 235959
2012.11.09  4900 4650 4900 4600 188513
2012.11.12  4725 4900 4900 4695 122669
2012.11.13  4630 4725 4845 4550 195641
2012.11.14  4625 4600 4675 4510 59151
2012.11.15  4340 4520 4585 4270 99118
2012.11.16  4220 4320 4385 4190 84242
2012.11.19  4275 4260 4400 4245 77619
2012.11.20  4440 4285 4525 4285 132121
2012.11.21  4455 4445 4505 4405 54137
2012.11.22  4610 4460 4665 4450 126414
2012.11.23  4560 4590 4635 4445 84262
2012.11.26  4475 4570 4580 4475 47708
2012.11.27  4360 4530 4530 4355 52757
2012.11.28  4500 4335 4500 4325 50629
2012.11.29  4530 4505 4570 4435 40056
2012.11.30  4520 4510 4580 4455 42968
2012.12.03  4360 4485 4550 4350 40329
2012.12.04  4250 4360 4380 4170 109888
2012.12.05  4180 4220 4325 4135 50729
2012.12.06  4110 4230 4230 4100 68420
2012.12.07  4150 4115 4250 4100 58807
2012.12.10  4450 4155 4480 4150 116970
2012.12.11  4435 4430 4495 4360 57032
2012.12.12  4500 4410 4535 4410 48658
2012.12.13  4400 4500 4555 4315 74018
2012.12.14  4455 4395 4455 4325 27151
2012.12.17  4525 4435 4745 4435 292850
2012.12.18  4550 4625 4670 4430 78587
2012.12.20  4400 4510 4545 4375 69729
2012.12.21  4360 4380 4490 4300 49016
2012.12.24  4380 4350 4410 4320 56661
2012.12.26  4430 4650 4650 4410 65343
2012.12.27  4400 4400 4430 4300 35920
2012.12.28  4450 4345 4465 4320 38164
2013.01.02  4515 4470 4545 4460 47682
2013.01.03  4540 4530 4600 4480 63604
2013.01.04  4570 4560 4570 4470 49561
2013.01.07  4520 4600 4600 4475 37027
2013.01.08  4490 4500 4520 4475 21578
2013.01.09  4600 4490 4650 4440 106744
2013.01.10  4830 4640 4875 4560 187868
2013.01.11  4790 4910 4995 4750 90122
2013.01.14  4870 4790 4870 4730 78618
2013.01.15  4725 4915 4950 4700 89130
2013.01.16  4715 4725 4825 4665 41684
2013.01.17  4585 4720 4720 4510 107491
2013.01.18  4500 4590 4670 4500 82309
2013.01.21  4440 4525 4565 4440 108319
2013.01.22  4475 4430 4475 4425 52643
2013.01.23  4580 4485 4605 4455 68639
2013.01.24  4545 4580 4605 4525 52415
2013.01.25  4645 4545 4705 4530 150742
2013.01.28  4540 4670 4680 4490 66893
2013.01.29  4510 4540 4540 4430 120980
2013.01.30  4350 4510 4560 4325 100191
2013.01.31  4115 4350 4375 4090 381956
2013.02.01  4130 4125 4140 4045 67006
2013.02.04  3995 4140 4140 3980 106052
2013.02.05  4010 3950 4055 3950 56424
2013.02.06  4125 4020 4185 4020 64356
2013.02.07  4130 4125 4200 3825 48154
2013.02.08  4255 4130 4290 4090 36104
2013.02.12  4410 4200 4410 4200 121447
2013.02.13  4685 4470 4685 4470 266160
2013.02.14  4685 4685 4765 4635 142905
2013.02.15  4750 4685 4770 4600 116208
2013.02.18  4760 4840 4890 4690 138685
2013.02.19  4960 4740 4975 4740 265236
2013.02.20  4960 4960 5000 4815 113745
2013.02.21  4905 4900 5000 4855 89022
2013.02.22  4800 4870 4900 4720 125006
2013.02.25  4970 5080 5160 4915 539371
2013.02.26  4975 4895 4985 4840 160602
2013.02.27  4885 4970 5090 4885 133737
2013.02.28  4750 4890 4950 4750 176773
2013.03.04  4795 4760 4810 4745 45458
2013.03.05  4915 4795 4975 4795 139004
2013.03.06  4915 4985 5050 4870 85640
2013.03.07  4930 4915 4970 4880 52083
2013.03.08  5110 4960 5270 4955 248966
2013.03.11  5130 5110 5220 4980 102439
2013.03.12  5110 5130 5240 5050 84258
2013.03.13  5210 5140 5380 5140 171352
2013.03.14  5290 5260 5300 5110 131808
2013.03.15  5200 5290 5320 5180 114360
2013.03.18  4950 5090 5170 4935 192533
2013.03.19  5060 4960 5080 4950 84306
2013.03.20  4870 5020 5060 4850 92053
2013.03.21  4790 4985 4985 4730 59517
2013.03.22  4870 4785 4875 4740 39455
2013.03.25  5050 4910 5090 4910 69484
2013.03.26  5060 5050 5080 4970 40983
2013.03.27  4910 5060 5080 4910 58049
2013.03.28  5020 4895 5060 4890 65604
2013.03.29  5010 5040 5050 4970 44312
2013.04.01  5140 5080 5280 4990 111060
2013.04.02  5100 5200 5220 5010 49822
2013.04.03  5100 5090 5130 4995 72273
2013.04.04  4950 5030 5090 4760 55822
2013.04.05  4800 5010 5030 4700 109345
2013.04.08  4655 4750 4820 4645 83766
2013.04.09  4680 4600 4695 4525 63148
2013.04.10  4920 4670 4920 4630 45971
2013.04.11  5040 5040 5130 4975 161732
2013.04.12  5200 5100 5280 5040 322278
2013.04.15  5610 5140 5620 5120 388428
2013.04.16  5750 5520 5750 5490 321665
2013.04.17  5740 5750 5840 5580 186371
2013.04.18  5730 5620 5910 5580 281229
2013.04.19  5980 5730 6040 5580 321213
2013.04.22  6080 5990 6160 5940 315153
2013.04.23  6120 6080 6250 6010 298337
2013.04.24  6200 6170 6330 6040 252295
2013.04.25  6270 6210 6500 6150 313276
2013.04.26  6350 6270 6450 6170 151157
2013.04.29  6640 6280 6660 6280 200744
2013.04.30  6600 6690 6720 6490 115141
2013.05.02  6530 6570 6690 6420 82614
2013.05.03  6730 6570 6980 6540 211396
2013.05.06  6740 6750 6810 6680 83053
2013.05.07  6970 6780 7130 6600 199937
2013.05.08  6950 7100 7120 6880 96517
2013.05.09  6930 7040 7090 6830 134301
2013.05.10  6920 6940 6980 6860 72824
2013.05.13  6810 6930 6930 6630 110211
2013.05.14  6800 6800 6850 6520 207278
2013.05.15  7200 6860 7240 6820 211584
2013.05.16  7170 7190 7280 7060 132086
2013.05.20  7080 7120 7180 6990 80964
2013.05.21  7090 7080 7150 6870 77923
2013.05.22  7390 7100 7400 7100 202116
2013.05.23  7200 7390 7480 7200 67107
2013.05.24  7120 7200 7310 7020 106099
2013.05.27  7120 7120 7250 7080 60773
2013.05.28  7210 7120 7220 7050 85162
2013.05.29  7010 7240 7290 6990 88792
2013.05.30  6970 7000 7120 6720 114826
2013.05.31  7020 6980 7040 6700 128186
2013.06.03  7060 6880 7220 6870 77127
2013.06.04  6970 7070 7100 6820 56546
2013.06.05  6750 7000 7000 6720 39200
2013.06.07  6570 6710 6810 6320 90783
2013.06.10  6850 6600 6890 6550 38716
2013.06.11  6890 6770 7030 6770 34263
2013.06.12  6870 6830 6960 6830 19568
2013.06.13  6780 6850 6910 6710 15790
2013.06.14  6770 6810 6910 6620 15806
2013.06.17  6540 6690 6800 6370 69228
2013.06.18  6800 6490 6900 6400 41099
2013.06.19  6610 6760 6890 6510 33172
2013.06.20  6420 6500 6600 6410 20422
2013.06.21  6320 6200 6430 6000 57262
2013.06.24  6200 6450 6450 6080 34143
2013.06.25  5900 6100 6160 5640 84149
2013.06.26  5810 5900 6100 5640 80105
2013.06.27  6100 5910 6180 5910 78864
2013.06.28  6090 6140 6200 5990 33021
2013.07.01  6120 6050 6170 6000 17532
2013.07.02  6160 6140 6190 6050 31879
2013.07.03  5940 6130 6210 5900 53359
2013.07.04  6000 5950 6100 5820 33600
2013.07.05  6000 6020 6140 5950 19586
2013.07.08  5860 5950 6050 5860 19667
2013.07.09  6190 5860 6300 5770 50250
2013.07.10  6140 6170 6250 6110 22217
2013.07.11  6350 6140 6430 6020 60850
2013.07.12  6550 6500 6640 6380 63726
2013.07.15  6840 6560 6960 6430 182948
2013.07.16  7490 7600 7860 7290 1347097
2013.07.17  7500 7360 7810 7200 897164
2013.07.18  7320 7430 7540 7310 369953
2013.07.19  7160 7310 7400 7100 272358
2013.07.22  7250 7210 7550 7120 314001
2013.07.23  7410 7240 7420 7140 152255
2013.07.24  7570 7400 7630 7350 241081
2013.07.25  7330 7550 7670 7310 211475
2013.07.26  7390 7450 7450 7230 118401
2013.07.29  7000 7400 7430 6990 241217
2013.07.30  7100 7210 7330 6930 380502
2013.07.31  7220 7050 7230 6980 302942
2013.08.01  6980 7100 7160 6970 150142
2013.08.02  7470 7040 7490 7040 356518
2013.08.05  8150 7540 8310 7450 784600
2013.08.06  8150 8190 8370 8090 446124
2013.08.07  8050 8210 8310 8050 175301
2013.08.08  8410 8150 8740 8040 586380
2013.08.09  8210 8410 8460 8210 176732
2013.08.12  8230 8150 8570 8120 188547
2013.08.13  7800 8180 8230 7700 373988
2013.08.14  7810 7810 7980 7750 217638
2013.08.16  7430 7670 7700 7300 301033
2013.08.19  7530 7620 7790 7480 489741
2013.08.20  7080 7410 7520 7050 344077
2013.08.21  7000 7160 7230 6890 186060
2013.08.22  6710 6800 6970 6670 237054
2013.08.23  7340 6900 7460 6820 400626
2013.08.26  7390 7340 7550 7260 229604
2013.08.27  7180 7350 7480 7080 236405
2013.08.28  7100 6980 7170 6980 100346
2013.08.29  7150 7130 7270 7120 107861
2013.08.30  7150 7170 7310 7100 54138
2013.09.02  7120 7130 7230 7030 68866
2013.09.03  7180 7130 7330 7100 82666
2013.09.04  7180 7270 7270 7090 94954
2013.09.05  7150 7180 7250 7130 40949
2013.09.06  6900 7150 7170 6900 144651
2013.09.09  6730 6920 7000 6720 96266
2013.09.10  6700 6740 6790 6570 131849
2013.09.11  6870 6840 6950 6820 54689
2013.09.12  6820 6950 7030 6820 63457
2013.09.13  6860 6850 7130 6850 102356
2013.09.16  7020 6900 7180 6830 74881
2013.09.17  7040 7020 7130 6920 84703
2013.09.23  7630 7440 7890 7440 835429
2013.09.24  7730 7630 7830 7470 417697
2013.09.25  8880 8140 8880 8060 1926405
2013.09.26  9090 9300 9490 9010 3769759
2013.09.27  9300 9020 9300 8890 1275684
2013.09.30  9170 9200 9960 9020 3430123
2013.10.01  8880 9200 9380 8700 1027059
2013.10.02  8860 8950 9190 8770 605073
2013.10.04  9000 8520 9000 8400 821129
2013.10.07  8540 9220 9220 8540 615188
2013.10.08  8670 8450 8810 8440 370233
2013.10.10  8590 8550 8760 8490 273305
2013.10.11  8590 8730 8970 8550 341354
2013.10.14  8790 8600 8790 8430 216352
2013.10.15  8590 8820 8940 8570 335515
2013.10.16  8470 8730 8750 8350 281836
2013.10.17  8120 8630 8680 8010 480718
2013.10.18  8420 8130 8700 7950 671093
2013.10.21  8340 8900 9120 8340 798593
2013.10.22  8300 8260 8460 8230 215736
2013.10.23  7810 8240 8340 7800 309524
2013.10.24  8100 7850 8210 7750 181908
2013.10.25  7900 8190 8210 7890 160034
2013.10.28  8020 7910 8060 7880 88634
2013.10.29  7970 8020 8060 7890 87924
2013.10.30  8350 8010 8560 7900 411605
2013.10.31  7990 8240 8320 7890 291465
2013.11.01  8020 8040 8220 7950 127651
2013.11.04  7990 7920 8020 7900 126723
2013.11.05  7940 8240 8330 7920 309068
2013.11.06  7590 7800 7840 7500 247501
2013.11.07  7730 7600 7920 7530 231355
2013.11.08  7550 7670 7890 7520 80260
2013.11.11  7260 7560 7720 7160 136254
2013.11.12  7530 7120 7590 7120 111883
2013.11.13  7520 7530 7650 7420 89331
2013.11.14  7700 7570 7870 7560 168257
2013.11.15  7850 7800 8060 7710 252827
2013.11.18  8280 8000 8320 7870 480703
2013.11.19  8080 8180 8190 7850 366391
2013.11.20  8240 8180 8280 8070 188818
2013.11.21  7900 8150 8200 7880 152983
2013.11.22  8020 7940 8070 7850 90912
2013.11.25  7930 7950 8120 7930 103349
2013.11.26  7670 8030 8030 7630 131965
2013.11.27  7650 7800 7800 7490 116770
2013.11.28  7540 7700 7750 7510 159639
2013.11.29  7620 7550 7660 7510 55342
2013.12.02  7400 7620 7700 7290 161037
2013.12.03  6960 7310 7470 6870 241553
2013.12.04  6940 7190 7240 6850 187213
2013.12.05  7200 6930 7210 6780 117391
2013.12.06  7170 7110 7190 7090 78892
2013.12.09  7200 7210 7280 7150 83102
2013.12.10  7520 7130 7580 7100 156314
2013.12.11  7500 7460 7540 7340 125642
2013.12.12  7390 7540 7600 7320 119431
2013.12.13  7230 7340 7400 7190 69529
2013.12.16  6990 7370 7370 6990 94614
2013.12.17  6900 6950 7090 6900 47944
2013.12.18  6940 6900 7180 6880 74246
2013.12.19  6960 7020 7080 6860 37115
2013.12.20  6970 6960 7090 6910 23712
2013.12.23  7030 7000 7160 6940 62566
2013.12.24  7090 7030 7090 6990 34598
2013.12.26  7110 7160 7230 7050 43082
2013.12.27  7150 7070 7210 7000 59801
2013.12.30  7150 7140 7200 7100 21337
2014.01.02  6980 7150 7200 6950 43110
2014.01.03  6870 7030 7030 6810 45879
2014.01.06  6920 6870 6990 6870 35207
2014.01.07  7090 6920 7090 6850 45827
2014.01.08  7000 7120 7170 7000 43355
2014.01.09  7000 7000 7100 6910 36889
2014.01.10  7250 6960 7370 6960 153760
2014.01.13  7300 7290 7330 7170 56477
2014.01.14  7450 7300 7530 7220 164318
2014.01.15  7590 7720 7820 7580 220929
2014.01.16  7590 7550 7650 7430 66556
2014.01.17  7870 7600 7880 7600 191962
2014.01.20  7740 7850 7930 7720 72435
2014.01.21  7680 7860 7860 7650 101808
2014.01.22  7690 7680 7730 7600 46738
2014.01.23  7650 7740 7880 7600 116835
2014.01.24  7350 7610 7740 7150 145651
2014.01.27  7040 7100 7160 6960 123283
2014.01.28  7090 6930 7190 6900 43293
2014.01.29  7050 7150 7200 7050 48604
2014.02.03  7090 6960 7090 6950 40072
2014.02.04  6930 6950 7060 6930 43183
2014.02.05  6980 6990 7120 6970 41373
2014.02.06  7220 6970 7230 6970 55237
2014.02.07  7300 7230 7340 7220 30032
2014.02.10  7270 7300 7390 7250 30372
2014.02.11  7350 7410 7510 7290 115191
2014.02.12  7300 7370 7470 7250 37968
2014.02.13  7120 7310 7360 7120 52883
2014.02.14  7600 7120 7600 7120 130084
2014.02.17  7650 7620 7680 7530 72828
2014.02.18  7730 7840 8090 7730 248174
2014.02.19  7740 7800 7870 7700 94704
2014.02.20  7710 7810 7910 7700 65072
2014.02.21  7750 7720 7800 7600 55095
2014.02.24  7560 7700 7780 7560 69608
2014.02.25  7600 7570 7700 7540 58349
2014.02.26  7660 7760 7770 7550 59919
2014.02.27  7460 7710 7710 7460 58497
2014.02.28  7420 7530 7580 7390 45112
2014.03.03  7920 7410 7920 7320 184813
2014.03.04  7850 7850 7970 7750 116008
2014.03.05  7800 7900 7970 7800 98514
2014.03.06  8070 7830 8090 7810 174420
2014.03.07  8040 8090 8190 7900 152995
2014.03.10  8040 8200 8380 7990 185915
2014.03.11  8090 8120 8350 8050 324833
2014.03.12  7960 8090 8150 7900 135605
2014.03.13  8100 8000 8150 7960 104455
2014.03.14  7990 7970 8080 7930 85301
2014.03.17  7740 8130 8130 7740 148405
2014.03.18  7640 7810 7880 7630 116432
2014.03.19  7610 7680 7740 7560 73475
2014.03.20  7500 7600 7650 7450 78719
2014.03.21  7630 7530 7750 7530 64565
2014.03.24  7510 7600 7720 7500 72638
2014.03.25  7350 7550 7650 7300 100027
2014.03.26  7260 7360 7500 7260 70759
2014.03.27  7340 7210 7360 7140 61776
2014.03.28  7350 7280 7470 7280 45631
2014.03.31  7390 7360 7500 7330 45488
2014.04.01  7580 7400 7620 7400 83623
2014.04.02  7580 7550 7640 7530 42400
2014.04.03  7550 7670 7720 7510 74111
2014.04.04  7550 7550 7640 7430 42526
2014.04.07  8070 7550 8070 7550 436506
2014.04.08  7910 8070 8070 7870 149393
2014.04.09  8190 8050 8240 7950 310210
2014.04.10  8160 8220 8390 8080 168775
2014.04.11  8170 8050 8230 7910 93400
2014.04.14  8190 8240 8390 8080 151469
2014.04.15  8030 8220 8220 8000 106046
2014.04.16  8070 8080 8190 8000 82119
2014.04.17  8430 8520 9190 8410 1002141
2014.04.18  8400 8530 8650 8260 184588
2014.04.21  8310 8380 8520 8310 101442
2014.04.22  8320 8290 8390 8240 90458
2014.04.23  8330 8500 8750 8330 255990
2014.04.24  8100 8300 8430 8050 79402
2014.04.25  8030 8200 8280 7970 82580
2014.04.28  8050 7950 8080 7920 54357
2014.04.29  7960 8190 8190 7960 39703
2014.04.30  7980 8010 8100 7980 37946
2014.05.02  7850 8100 8100 7850 43672
2014.05.07  7740 7770 7840 7500 94673
2014.05.08  8020 7920 8020 7740 59951
2014.05.09  8110 7980 8110 7910 59547
2014.05.12  7980 8150 8190 7980 52777
2014.05.13  8130 7980 8190 7980 76300
2014.05.14  8310 8130 8320 8130 74195
2014.05.15  8330 8310 8350 8180 67125
2014.05.16  8110 8330 8350 8110 55695
2014.05.19  8020 8150 8250 7920 55374
2014.05.20  8060 8040 8100 7880 35867
2014.05.21  8150 8050 8230 7950 32306
2014.05.22  8070 8160 8280 8040 32207
2014.05.23  8080 8100 8150 8040 30912
2014.05.26  8050 8080 8160 7960 52582
2014.05.27  8110 8060 8160 7940 46658
2014.05.28  8390 8140 8390 8080 199435
2014.05.29  8370 8440 8510 8320 75912
2014.05.30  8090 8320 8370 8090 89998
2014.06.02  7790 8090 8120 7720 88901
2014.06.03  7790 7650 8050 7650 46366
2014.06.05  7260 7730 7870 7230 183304
2014.06.09  7140 7280 7490 7100 88424
2014.06.10  7300 7100 7400 7070 60577
2014.06.11  7340 7290 7480 7290 32123
2014.06.12  7310 7340 7450 7250 34047
2014.06.13  7350 7350 7370 7210 11661
2014.06.16  7470 7390 7600 7370 39403
2014.06.17  7650 7650 7790 7570 121241
2014.06.18  7500 7650 7770 7330 28874
2014.06.19  7500 7460 7570 7380 41849
2014.06.20  7360 7550 7550 7290 29658
2014.06.23  7200 7370 7470 7200 30533
2014.06.24  7280 7200 7360 7150 46875
2014.06.25  7450 7290 7470 7230 28662
2014.06.26  7630 7490 7750 7450 62670
2014.06.27  7700 7650 7770 7640 15191
2014.06.30  7690 7700 7800 7650 15670
2014.07.01  7770 7690 7810 7590 38143
2014.07.02  7830 7740 7880 7710 45595
2014.07.03  7740 7830 7880 7690 45416
2014.07.04  7760 7740 7830 7680 26232
2014.07.07  7690 7850 7850 7540 39456
2014.07.08  7530 7620 7680 7400 43078
2014.07.09  7600 7490 7610 7330 36558
2014.07.10  7770 7600 7790 7510 21859
2014.07.11  7690 7650 7750 7570 14407
2014.07.14  7870 7700 7930 7550 85909
2014.07.15  7870 7910 7910 7800 30311
2014.07.16  7880 7960 8070 7760 42015
2014.07.17  7750 7990 7990 7700 34043
2014.07.18  7800 7690 7850 7600 21960
2014.07.21  7850 7800 7980 7790 45297
2014.07.22  7890 7960 7960 7730 21327
2014.07.23  7870 7910 7950 7770 34936
2014.07.24  7870 7900 8030 7820 52188
2014.07.25  8020 7880 8050 7870 44875
2014.07.28  7860 8030 8070 7790 42980
2014.07.29  7700 7940 7940 7590 35829
2014.07.30  7500 7650 7820 7450 55316
2014.07.31  7470 7420 7530 7250 78811
2014.08.01  7530 7250 7550 7250 25234
2014.08.04  7520 7430 7550 7430 11305
2014.08.05  7600 7600 7630 7470 33450
2014.08.06  7550 7600 7600 7440 30978
2014.08.07  7470 7510 7670 7250 33228
2014.08.08  7380 7430 7470 7310 16608
2014.08.11  7450 7360 7490 7350 12406
2014.08.12  7480 7540 7550 7380 13923
2014.08.13  7530 7520 7530 7370 14006
2014.08.14  7580 7510 7620 7500 22784
2014.08.18  7520 7580 7580 7430 24068
2014.08.19  7460 7480 7580 7350 29508
2014.08.20  7340 7420 7530 7250 41197
2014.08.21  7330 7270 7350 7240 20684
2014.08.22  7470 7330 7580 7260 59323
2014.08.25  7700 7500 7700 7380 60604
2014.08.26  7740 7680 7920 7590 82174
2014.08.27  7870 7650 7920 7600 50773
2014.08.28  7850 7820 7940 7760 31025
2014.08.29  7630 7720 7930 7400 68450
2014.09.01  7330 7700 7700 7250 71033
2014.09.02  7250 7310 7430 7180 65083
2014.09.03  7200 7220 7350 7190 59773
2014.09.04  7150 7150 7290 7090 55320
2014.09.05  7320 7130 7400 7100 39726
2014.09.11  7290 7280 7410 7200 31832
2014.09.12  7060 7220 7280 6900 171221
2014.09.15  6980 7050 7060 6940 139878
2014.09.16  6960 6920 7180 6920 34188
2014.09.17  7140 6910 7230 6910 38365
2014.09.18  7170 7060 7240 7060 43069
2014.09.19  7170 7100 7200 7090 27828
2014.09.22  7220 7100 7270 7100 21600
2014.09.23  7010 7270 7270 6970 77955
2014.09.24  6870 6930 7050 6790 74458
2014.09.25  7060 7190 7220 7060 60530
2014.09.26  6920 7060 7140 6920 43026
2014.09.29  6700 6780 7080 6580 90501
2014.09.30  6410 6650 6750 6400 99303
2014.10.01  5970 6410 6490 5950 166594
2014.10.02  6170 5970 6300 5970 98254
2014.10.06  6200 6300 6320 6170 39348
2014.10.07  6150 6290 6290 5990 86610
2014.10.08  6250 6150 6260 6050 34883
2014.10.10  6150 6250 6250 5930 133708
2014.10.13  5930 6030 6080 5860 83721
2014.10.14  5820 5890 6040 5810 33044
2014.10.15  5920 5820 5980 5790 26752
2014.10.16  5860 5920 5960 5700 32542
2014.10.17  5990 5860 6110 5810 60387
2014.10.20  6120 6150 6170 6020 43603
2014.10.21  6100 6100 6150 5990 24738
2014.10.22  6120 6070 6170 6060 25553
2014.10.23  6230 6180 6260 6120 53489
2014.10.24  6250 6300 6360 6150 51583
2014.10.27  6230 6300 6300 6190 25731
2014.10.28  6290 6330 6500 6210 46657
2014.10.29  6350 6290 6390 6180 28074
2014.10.30  6350 6310 6370 6130 22031
2014.10.31  6350 6210 6410 6200 19190
2014.11.03  6340 6440 6440 6300 21846
2014.11.04  6240 6390 6440 6150 52234
2014.11.05  6250 6350 6350 6140 25996
2014.11.06  6070 6200 6320 6050 23416
2014.11.07  6180 6070 6220 6070 14017
2014.11.10  6180 6180 6300 6070 24126
2014.11.11  6220 6180 6240 6180 25829
2014.11.12  6260 6170 6360 6150 36699
2014.11.13  6500 6320 6560 6320 77130
2014.11.14  6530 6500 6590 6440 34006
2014.11.17  6410 6580 6780 6410 18601
2014.11.18  6430 6450 6510 6370 27429
2014.11.19  6360 6390 6460 6260 15300
2014.11.20  6310 6360 6420 6150 35837
2014.11.21  6250 6380 6380 6200 20489
2014.11.24  6240 6180 6280 6180 35750
2014.11.25  6340 6280 6360 6200 27822
2014.11.26  6310 6310 6400 6300 13775
2014.11.27  6360 6300 6400 6300 7698
2014.11.28  6300 6370 6400 6240 16188
2014.12.01  6190 6220 6300 6090 36083
2014.12.02  6170 6110 6230 6100 17616
2014.12.03  6010 6100 6170 6010 38663
2014.12.04  6090 6020 6120 5950 30770
2014.12.05  6160 6100 6160 6040 21329
2014.12.08  6130 6140 6200 6070 28084
2014.12.09  6000 6100 6140 5930 44988
2014.12.10  6040 6000 6100 5990 16239
2014.12.11  5920 5900 6040 5830 57804
2014.12.12  5970 5890 5980 5860 25613
2014.12.15  5880 5970 5970 5730 37129
2014.12.16  5820 5880 5880 5750 9710
2014.12.17  5580 5770 5820 5500 89008
2014.12.18  5510 5860 5860 5420 125771
2014.12.19  5800 5530 5810 5530 95401
2014.12.22  5930 5870 5930 5650 49143
2014.12.23  5860 5870 5960 5800 17479
2014.12.24  5950 5860 5950 5820 24341
2014.12.26  5860 5870 5950 5820 41539
2014.12.29  5790 5920 5930 5750 20753
2014.12.30  5890 5750 5890 5710 28928
2015.01.02  5970 5890 5970 5830 47371
2015.01.05  5930 5970 5980 5810 51552
2015.01.06  5780 5900 5910 5760 23080
2015.01.07  5800 5700 5810 5620 48861
2015.01.08  5800 5770 5850 5700 37118
2015.01.09  6050 5850 6080 5820 41442
2015.01.12  6240 6050 6250 6030 77964
2015.01.13  6260 6240 6340 6210 72565
2015.01.14  6280 6330 6350 6250 22382
2015.01.15  6270 6280 6300 6210 47472
2015.01.16  6210 6230 6280 6080 59550
2015.01.19  6090 6190 6210 6000 60143
2015.01.20  6080 6090 6150 5990 37854
2015.01.21  6040 6080 6140 6010 34316
2015.01.22  6220 6100 6240 6040 60703
2015.01.23  6400 6230 6470 6220 69102
2015.01.26  6360 6450 6450 6250 18791
2015.01.27  6180 6360 6360 6170 62808
2015.01.28  6170 6160 6250 6150 36783
2015.01.29  6280 6170 6280 6160 39558
2015.01.30  6240 6320 6360 6210 40098
2015.02.02  6160 6220 6280 6130 31025
2015.02.03  6160 6160 6200 6120 13631
2015.02.04  6260 6160 6370 6150 62793
2015.02.05  6210 6300 6300 6210 27935
2015.02.06  6230 6250 6260 6160 41725
2015.02.09  6130 6260 6260 6130 34080
2015.02.10  6000 6070 6160 5940 60181
2015.02.11  6000 6010 6040 5910 30654
2015.02.12  5920 6000 6000 5840 66439
2015.02.13  5820 5930 5930 5740 118210
2015.02.16  6130 6100 6310 5990 149867
2015.02.17  6110 6140 6170 5990 39647
2015.02.23  6290 6140 6300 6100 94829
2015.02.24  6370 6380 6420 6230 87905
2015.02.25  6370 6390 6410 6260 38809
2015.02.26  6470 6330 6470 6300 44417
2015.02.27  6540 6470 6570 6410 48119
2015.03.02  6510 6540 6650 6460 42345
2015.03.03  6480 6460 6510 6440 30174
2015.03.04  6400 6510 6520 6400 36467
2015.03.05  6410 6420 6490 6350 32492
2015.03.06  6710 6420 6790 6420 216611
2015.03.09  6920 6890 7070 6740 248442
2015.03.10  6750 6930 6930 6700 74245
2015.03.11  6800 6700 6860 6590 66048
2015.03.12  6920 6760 6950 6720 76422
2015.03.13  6820 6920 6950 6770 42994
2015.03.16  6760 6780 6850 6690 38543
2015.03.17  6850 6770 6860 6760 48198
2015.03.18  6760 6900 6910 6740 30171
2015.03.19  6650 6760 6780 6640 49659
2015.03.20  6640 6590 6720 6570 45222
2015.03.23  6810 6590 6820 6590 61734
2015.03.24  6740 6770 6810 6700 25614
2015.03.25  6790 6800 6810 6710 28684
2015.03.26  6610 6760 6790 6550 83540
2015.03.27  6600 6560 6650 6380 72648
2015.03.30  6850 6620 6890 6620 92992
2015.03.31  6850 6930 6930 6740 36670
2015.04.01  6780 6820 6850 6690 54477
2015.04.02  6770 6770 6890 6710 31702
2015.04.03  6870 6740 6880 6740 35179
2015.04.06  7090 7050 7350 7010 196345
2015.04.07  7030 7180 7210 7000 56201
2015.04.08  7090 7060 7090 6980 54416
2015.04.09  7100 7090 7150 6950 88716
2015.04.10  7030 7140 7150 7010 39059
2015.04.13  7000 7030 7070 6870 72411
2015.04.14  7150 7010 7170 6920 94934
2015.04.15  7100 7180 7180 7030 29938
2015.04.16  7100 7080 7220 7060 39226
2015.04.17  7160 7090 7190 7060 43918
2015.04.20  7110 7110 7170 7050 48500
2015.04.21  7060 7090 7170 7040 52496
2015.04.22  6830 7070 7090 6740 88915
2015.04.23  6900 6990 7200 6850 89579
2015.04.24  6810 6890 6950 6750 46382
2015.04.27  6910 6810 6930 6810 38759
2015.04.28  6800 6930 6950 6700 51507
2015.04.29  6780 6800 6820 6700 32827
2015.04.30  6600 6720 6800 6600 42196
2015.05.04  6710 6570 6760 6570 35084
2015.05.06  6630 6680 6760 6530 38846
2015.05.07  6600 6620 6620 6500 30730
2015.05.08  6680 6600 6700 6570 43417
2015.05.11  6740 6700 6810 6650 41851
2015.05.12  6740 6740 6780 6690 49007
2015.05.13  6750 6740 6770 6670 29483
2015.05.14  6850 6760 6860 6700 43980
2015.05.15  6880 6850 6940 6850 55069
2015.05.18  6550 6760 6760 6500 140270
2015.05.19  6570 6550 6610 6490 29788
2015.05.20  6350 6570 6590 6350 97843
2015.05.21  6320 6360 6380 6240 49968
2015.05.22  6340 6320 6350 6250 48097
2015.05.26  6310 6380 6380 6180 53097
2015.05.27  6100 6230 6300 6010 57388
2015.05.28  5890 6100 6140 5880 166917
2015.05.29  5950 5930 6000 5870 44004
2015.06.01  5870 5880 5930 5800 65210
2015.06.02  5760 5870 5870 5740 41279
2015.06.03  5800 5750 5830 5690 28186
2015.06.04  5950 5790 5960 5770 49570
2015.06.05  5850 5860 5960 5750 68470
2015.06.08  5830 5760 5830 5760 40924
2015.06.09  5950 5780 5950 5770 40516
2015.06.10  5940 5940 5970 5840 57099
2015.06.11  6000 5950 6010 5880 41500
2015.06.12  6050 6000 6090 5960 48211
2015.06.15  6050 6030 6050 5980 23542
2015.06.16  6080 6050 6100 5960 31494
2015.06.17  6060 6030 6080 5990 24683
2015.06.18  6020 6050 6050 5970 18961
2015.06.19  6030 6020 6060 5960 34960
2015.06.22  6050 6030 6060 5910 34357
2015.06.23  6230 6010 6250 5990 62430
2015.06.24  6430 6230 6440 6210 71757
2015.06.25  6460 6430 6480 6370 33989
2015.06.26  6500 6470 6600 6440 89588
2015.06.29  6400 6280 6440 6280 56670
2015.06.30  6390 6210 6410 6160 36569
2015.07.01  6790 6610 6940 6560 187503
2015.07.02  6900 6790 6900 6730 56460
2015.07.03  6970 6870 6990 6850 98330
2015.07.06  6870 6860 6960 6800 87192
2015.07.07  6870 6840 7020 6830 77317
2015.07.08  6920 6850 6950 6840 55532
2015.07.09  6990 6920 6990 6800 71278
2015.07.10  6990 6990 7030 6940 28886
2015.07.13  6990 6990 7010 6900 40493
2015.07.14  7100 6990 7100 6940 94535
2015.07.15  7130 7120 7210 7050 67788
2015.07.16  7450 7080 7450 7080 156663
2015.07.17  7450 7450 7590 7280 106840
2015.07.20  7400 7440 7440 7320 27627
2015.07.21  7320 7320 7490 7320 64327
2015.07.22  7120 7320 7360 7120 54297
2015.07.23  7230 7120 7290 7120 62088
2015.07.24  7140 7210 7230 7110 63784
2015.07.27  7000 7060 7140 6990 73277
2015.07.28  6900 6950 6950 6750 42458
2015.07.29  6870 6810 6920 6810 37760
2015.07.30  6700 6910 6930 6630 52159
2015.07.31  6700 6700 6770 6590 25796
2015.08.03  6750 6700 6800 6680 33732
2015.08.04  7100 6750 7100 6710 37089
2015.08.05  7130 7050 7270 7050 34860
2015.08.06  7130 7210 7250 7100 37063
2015.08.07  7130 7100 7130 7000 36996
2015.08.10  7030 7080 7130 6980 19640
2015.08.11  6920 7030 7030 6910 31383
2015.08.12  6800 6920 6920 6540 50399
2015.08.13  6980 6710 7040 6710 62529
2015.08.17  6810 7050 7100 6800 54531
2015.08.18  6650 6810 6840 6520 77885
2015.08.19  6440 6530 6620 6250 53804
2015.08.20  6300 6270 6430 6250 27662
2015.08.21  6050 5950 6350 5900 62069
2015.08.24  5980 6050 6100 5850 39443
2015.08.25  6170 5980 6200 5880 75394
2015.08.26  6320 6170 6450 6150 64067
2015.08.27  6540 6360 6550 6360 37807
2015.08.28  6560 6480 6610 6480 11884
2015.08.31  7070 6870 7650 6810 568775
2015.09.01  7100 7000 7250 7000 96226
2015.09.02  7060 7010 7190 6920 76734
2015.09.03  7080 7090 7220 7030 63682
2015.09.04  6630 7080 7100 6580 83167
2015.09.07  6640 6560 6710 6550 26176
2015.09.08  6480 6600 6710 6440 32136
2015.09.09  6580 6500 6600 6480 30244
2015.09.10  6740 6530 6740 6530 29893
2015.09.11  6790 6680 6830 6680 43005
2015.09.14  6790 6800 6830 6700 28708
2015.09.15  6710 6790 6790 6700 14408
2015.09.16  6770 6740 6790 6700 21465
2015.09.17  6870 6790 6910 6700 52540
2015.09.18  6900 6890 6950 6770 35038
2015.09.21  7210 6860 7210 6740 118352
2015.09.22  7230 7210 7230 7090 42625
2015.09.23  7470 7470 8100 7380 957982
2015.09.24  8220 7650 8850 7520 1729535
2015.09.25  8200 8370 8800 8110 648839
2015.09.30  9070 8540 9480 8410 1867215
2015.10.01  8830 9070 9100 8690 602100
2015.10.02  8530 8920 9000 8350 473816
2015.10.05  8870 8590 8890 8510 468604
2015.10.06  10050 9250 11350 9110 5196918
2015.10.07  9500 9940 9940 9350 1032051
2015.10.08  9500 9440 9650 9050 544329
2015.10.12  9850 9680 10100 9430 835632
2015.10.13  10150 9940 11000 9690 1080603
2015.10.14  10950 10000 11100 9990 1126391
2015.10.15  10900 10900 11100 10600 469075
2015.10.16  10800 11050 11450 10750 525345
2015.10.19  11050 10750 11250 10400 575195
2015.10.20  10900 11150 11850 10900 897117
2015.10.21  11200 10950 11400 10700 315329
2015.10.22  10400 11300 11350 10350 538425
2015.10.23  10400 10650 10700 10000 523250
2015.10.26  10750 10450 10800 10200 334471
2015.10.27  10350 10650 10750 10200 360421
2015.10.28  10150 10000 10150 9900 542878
2015.10.29  10050 10300 10300 9940 310379
2015.10.30  9630 9900 10050 9510 374236
2015.11.02  10100 9970 10250 9660 405305
2015.11.03  9920 10200 10250 9640 271083
2015.11.04  10000 10050 10250 9960 221178
2015.11.05  10000 10100 10250 9930 194257
2015.11.06  9720 9900 9960 9430 308695
2015.11.09  9060 9740 9740 9060 256746
2015.11.10  9370 8870 9420 8810 346261
2015.11.11  9800 9430 9950 9270 181553
2015.11.12  9710 9800 9900 9680 115864
2015.11.13  10850 10150 11800 9990 2364512
2015.11.16  10750 10650 11300 10600 532430
2015.11.17  11700 11000 12500 10750 1731733
2015.11.18  11950 11800 12300 11550 647544
2015.11.19  12100 12250 12600 11900 723466
2015.11.20  12200 12050 12300 11700 430106
2015.11.23  12150 12650 13300 11900 915498
2015.11.24  12150 12100 12350 11750 415834
2015.11.25  11750 12300 12300 11700 310790
2015.11.26  12050 11850 12250 11750 416363
2015.11.27  11800 12400 12450 11500 474465
2015.11.30  12200 11750 12200 11500 372715
2015.12.01  12000 12100 12250 11800 281431
2015.12.02  12250 12000 12900 11900 988759
2015.12.03  12700 12150 12750 11900 409072
2015.12.04  12400 12450 12750 12150 341779
2015.12.07  12350 12850 13050 12250 711962
2015.12.08  12250 12300 12650 11800 491948
2015.12.09  12200 12300 12650 12100 296113
2015.12.10  12450 12100 12450 11850 443989
2015.12.11  13350 12800 13350 12550 1624000
2015.12.14  12800 13150 13600 12700 768848
2015.12.15  12350 12900 13050 11950 564927
2015.12.16  11650 12500 12500 11650 1714952
2015.12.17  12000 11950 12250 11400 838044
2015.12.18  12150 11850 12250 11700 361412
2015.12.21  12750 12150 12750 12050 426820
2015.12.22  12450 12700 12850 12300 540107
2015.12.23  12400 12650 12750 12200 444713
2015.12.24  11900 12400 12450 11850 386568
2015.12.28  11750 11700 12050 11700 209922
2015.12.29  12000 11900 12200 11700 182497
2015.12.30  12400 12050 12550 11850 401411
2016.01.04  12800 12850 13300 12700 835044
2016.01.05  13800 12700 14150 12600 1482736
2016.01.06  14100 14000 14100 13150 785896
2016.01.07  13400 13800 14100 13250 560100
2016.01.08  14150 13100 14250 12950 561313
2016.01.11  13200 14050 14050 13200 473403
2016.01.12  13050 13400 13400 13000 285536
2016.01.13  13500 13450 13700 13100 359521
2016.01.14  13650 13100 13650 12950 404575
2016.01.15  13100 14000 14500 13000 970746
2016.01.18  13400 12850 13400 12750 386887
2016.01.19  12600 13250 13350 12350 623414
2016.01.20  12100 12550 12700 11850 421380
2016.01.21  12850 12450 12950 12100 851864
2016.01.22  12550 12900 12900 12400 258891
2016.01.25  12600 12750 12750 12450 190695
2016.01.26  11100 12500 12500 10800 1193416
2016.01.27  11400 11350 11600 11000 365397
2016.01.28  11150 11400 11450 11050 252717
2016.01.29  10850 11200 11300 10450 541715
2016.02.01  11000 10750 11000 10450 352716
2016.02.02  10600 11000 11000 10550 189506
2016.02.03  11000 10500 11050 10500 333722
2016.02.04  11400 11050 11450 10850 361923
2016.02.05  11400 11300 11550 11150 262596
2016.02.11  10400 10900 11150 10350 324377
2016.02.12  10750 10150 11000 9950 489068
2016.02.15  10500 11000 11000 10500 301865
2016.02.16  11200 10600 11350 10600 322775
2016.02.17  11350 11250 11650 10900 372262
2016.02.18  11650 11500 12150 11450 460033
2016.02.19  11500 11700 11900 11450 177620
2016.02.22  11600 11400 11900 11400 201339
2016.02.23  10900 11700 11800 10900 295465
2016.02.24  11100 10850 11350 10850 156508
2016.02.25  11000 11200 11350 10950 141500
2016.02.26  11550 11550 11800 11300 545758
2016.02.29  11350 11550 11750 11350 164325
2016.03.02  11850 11600 11950 11500 269364
2016.03.03  12500 11950 12600 11750 713680
2016.03.04  12550 12500 12550 12250 182060
2016.03.07  12200 12600 12600 12150 234834
2016.03.08  12200 12150 12350 11850 171980
2016.03.09  12450 12200 12600 12000 230552
2016.03.10  12450 12600 12600 12250 135506
2016.03.11  12900 12400 13250 12300 812144
2016.03.14  13100 13000 13350 12900 435126
2016.03.15  12600 13000 13050 12500 248916
2016.03.16  12750 12700 12800 12500 176595
2016.03.17  12550 12900 13150 12550 277718
2016.03.18  12400 12750 12750 12400 177723
2016.03.21  12650 12750 13050 12600 342108
2016.03.22  12300 12600 12700 12200 261415
2016.03.23  11850 12350 12400 11750 298780
2016.03.24  11800 11850 12000 11600 158048
2016.03.25  11900 11950 12050 11600 156239
2016.03.28  11300 11800 11900 11200 185747
2016.03.29  11350 11350 11500 11250 141599
2016.03.30  11400 11500 11550 11250 126714
2016.03.31  11800 11500 11950 11400 203024
2016.04.01  11700 11850 11850 11450 112472
2016.04.04  12650 11950 12650 11900 535642
2016.04.05  12700 12500 12850 12300 324946
2016.04.06  12500 12500 12600 12350 138940
2016.04.07  12050 12650 12650 11900 228830
2016.04.08  12100 11900 12100 11800 132638
2016.04.11  12800 12250 12850 12150 604793
2016.04.12  12450 12750 12750 12400 193604
2016.04.14  12100 12550 12550 11950 249454
2016.04.15  12150 12100 12300 11950 90912
2016.04.18  12000 12200 12250 12000 74619
2016.04.19  12250 12000 12300 12000 138944
2016.04.20  12350 12350 12450 12150 138997
2016.04.21  12550 12350 12600 12150 241072
2016.04.22  12900 12550 13000 12500 544538
2016.04.25  13400 13050 13600 12850 717493
2016.04.26  13200 13450 13500 12950 291625
2016.04.27  13200 13100 13600 12900 526704
2016.04.28  13550 13400 13700 13250 551878
2016.04.29  13000 13350 13400 12900 420886
2016.05.02  12750 12950 12950 12650 152650
2016.05.03  12600 12700 12950 12350 396095
2016.05.04  12800 12550 12950 12450 315806
2016.05.09  13150 12900 13150 12700 232762
2016.05.10  13200 13100 13200 12750 254735
2016.05.11  13050 13250 13250 12900 148864
2016.05.12  13050 12850 13200 12850 247578
2016.05.13  12350 12900 12950 12300 516256
2016.05.16  12400 12150 12600 12050 381231
2016.05.17  12650 12450 12750 12250 281199
2016.05.18  12450 12500 12650 12100 249864
2016.05.19  12450 12450 12700 12350 129316
2016.05.20  13100 12550 13100 12250 276857
2016.05.23  13250 13200 13450 13000 261432
2016.05.24  13150 13350 13350 13050 158706
2016.05.25  12800 13150 13200 12650 329987
2016.05.26  12850 12800 13150 12650 213992
2016.05.27  13200 12950 13300 12850 245803
2016.05.30  13050 13300 13500 13000 225511
2016.05.31  13100 13050 13300 12950 205995
2016.06.01  13400 13000 13500 13000 342302
2016.06.02  13250 13500 13650 13200 219298
2016.06.03  13400 13300 13450 13050 189652
2016.06.07  13000 13750 14100 12950 856442
2016.06.08  12500 13100 13300 12500 411487
2016.06.09  12250 12650 12750 12050 269173
2016.06.10  12050 12250 12450 12000 203093
2016.06.13  12200 12050 12350 11900 160487
2016.06.14  12150 12300 12350 12000 73268
2016.06.15  12000 12000 12200 11500 201159
2016.06.16  11400 11900 12100 11300 222846
2016.06.17  11200 11600 11750 11200 116791
2016.06.20  11450 11250 11500 11250 63355
2016.06.21  10450 11350 11350 10350 734899
2016.06.22  10600 10550 10700 10400 196771
2016.06.23  10400 10500 10550 10250 143914
2016.06.24  9950 10600 10800 9660 454451
2016.06.27  10000 9750 10150 9600 247834
2016.06.28  10350 9970 10350 9910 187609
2016.06.29  10400 10500 10700 10350 225786
2016.06.30  10250 10500 10650 10200 183533
2016.07.01  10250 10400 10400 10200 218875
2016.07.04  10050 10350 10500 10000 163828
2016.07.05  10100 10000 10200 9920 137040
2016.07.06  9800 10050 10150 9750 203046
2016.07.07  10000 9970 10100 9850 114525
2016.07.08  10450 10300 10900 10250 680201
2016.07.11  10600 10300 10600 10100 177035
2016.07.12  10300 10500 10600 10300 106336
2016.07.13  10400 10300 10450 10150 129247
2016.07.14  10400 10400 10500 10200 90472
2016.07.15  10400 10900 11000 10350 187627
2016.07.18  10350 10500 10500 10200 70683
2016.07.19  10200 10600 10600 10200 76185
2016.07.20  10300 10300 10400 10150 76489
2016.07.21  10400 10400 10500 10100 129822
2016.07.22  10150 10400 10500 9990 163803
2016.07.25  10200 10150 10250 10000 79585
2016.07.26  10250 10250 10300 10100 51705
2016.07.27  10050 10250 10250 10050 66280
2016.07.28  10450 10100 10500 10050 171653
2016.07.29  10450 10500 10600 10350 81016
2016.08.01  10600 10350 10700 10300 137431
2016.08.02  10650 10650 10800 10550 117435
2016.08.03  10900 10550 11050 10500 203812
2016.08.04  10900 11000 11050 10750 138203
2016.08.05  11050 11100 11350 10950 281704
2016.08.08  11000 11100 11100 10850 92787
2016.08.09  11100 11150 11150 10850 82547
2016.08.10  11150 10950 11250 10950 112941
2016.08.11  11250 11150 11350 10950 96266
2016.08.12  11000 11250 11350 10850 126650
2016.08.16  10750 10950 11100 10750 92741
2016.08.17  10900 10600 11000 10600 77865
2016.08.18  11200 10900 11250 10850 89530
2016.08.19  11300 11250 11300 11050 78170
2016.08.22  11150 11350 11600 11150 143577
2016.08.23  11200 11300 11550 11150 150644
2016.08.24  11100 11250 11450 10950 95902
2016.08.25  11100 11000 11250 10900 44371
2016.08.26  10950 11100 11100 10600 76821
2016.08.29  10350 10800 11000 10200 128716
2016.08.30  11100 10300 12100 10300 1198353
2016.08.31  11250 11150 11300 10850 142835
2016.09.01  11550 11250 11750 11050 223059
2016.09.02  11500 11550 11700 11300 82711
2016.09.05  11450 11750 11750 11450 98888
2016.09.06  11500 11550 11950 11400 181440
2016.09.07  11150 11650 11650 11000 136064
2016.09.08  10750 11050 11200 10550 167722
2016.09.09  10850 10650 10850 10450 58213
2016.09.12  10400 10500 10800 10400 45972
2016.09.13  10600 10500 10700 10450 32108
2016.09.19  10650 10550 10800 10500 30584
2016.09.20  10700 10650 10750 10450 28493
2016.09.21  11150 10800 11300 10650 105902
2016.09.22  11300 11200 11400 11050 63585
2016.09.23  11400 11350 11400 11200 44278
2016.09.26  11300 11400 11450 11200 31612
2016.09.27  11250 11200 11350 11000 31409
2016.09.28  10950 11150 11300 10900 59070
2016.09.29  11050 11050 11200 10950 66003
2016.09.30  11050 11050 11100 10800 36043
2016.10.04  11250 11100 11600 11100 145729
2016.10.05  11000 11200 11350 10850 74846
2016.10.06  11000 11000 11100 10700 111678
2016.10.07  11000 11000 11050 10850 57111
2016.10.10  11250 10900 11300 10900 83682
2016.10.11  11250 11300 11350 11050 78387
2016.10.12  11100 11100 11250 10900 66753
2016.10.13  11100 11050 11200 10900 55467
2016.10.14  11000 11100 11150 10950 35231
2016.10.17  11350 10950 11600 10950 241340
2016.10.18  11350 11250 11450 11250 64583
2016.10.19  11250 11350 11450 11150 72969
2016.10.20  11000 11400 11400 11000 83182
2016.10.21  10500 11000 11150 10450 166508
2016.10.24  10250 10550 10800 10200 149567
2016.10.25  10100 10300 10350 10000 100905
2016.10.26  10200 10050 10250 9930 66902
2016.10.27  10400 10100 10400 10100 36840
2016.10.28  10200 10400 10400 10100 29647
2016.10.31  9780 10150 10150 9780 76051
2016.11.01  9810 9620 9930 9620 48007
2016.11.02  9300 9650 9710 9260 101470
2016.11.03  9400 9140 9480 9130 47955
2016.11.04  9450 9380 9500 9240 25040
2016.11.07  10000 9460 10100 9460 83836
2016.11.08  9980 10100 10100 9800 47232
2016.11.09  9300 10100 10100 9030 138088
2016.11.10  9260 9440 9510 9210 102869
2016.11.11  9000 9260 9330 8970 98245
2016.11.14  9240 8910 9800 8890 182328
2016.11.15  9210 9530 9550 9100 44767
2016.11.16  9300 9300 9350 9220 36837
2016.11.17  9430 9320 9460 9220 38692
2016.11.18  9370 9440 9490 9330 26663
2016.11.21  9200 9440 9440 9170 22618
2016.11.22  9060 9170 9240 9040 32197
2016.11.23  8730 9060 9140 8600 59722
2016.11.24  8230 8810 8870 8220 116572
2016.11.25  8250 8240 8260 8090 54364
2016.11.28  8110 8210 8300 8110 59536
2016.11.29  8150 8150 8270 8050 39975
2016.11.30  8100 8150 8150 8050 30358
2016.12.01  8090 8050 8170 8040 20226
2016.12.02  7890 8110 8140 7810 51492
2016.12.05  7460 7890 7890 7450 101626
2016.12.06  7830 7400 7830 7400 62207
2016.12.07  7800 7850 7850 7560 30360
2016.12.08  7800 7850 7960 7780 48437
2016.12.09  8130 7810 8160 7800 93409
2016.12.12  8230 8200 8360 8150 80244
2016.12.13  8320 8320 8340 8200 46899
2016.12.14  8270 8330 8410 8150 51718
2016.12.15  8520 8100 8610 8100 108342
2016.12.16  8520 8520 8570 8360 42072
2016.12.19  8380 8520 8560 8340 50235
2016.12.20  8360 8300 8520 8300 21587
2016.12.21  8430 8330 8430 8300 37252
2016.12.22  8320 8400 8500 8300 28311
2016.12.23  8360 8400 8450 8310 25762
2016.12.26  8330 8400 8430 8290 42814
2016.12.27  8360 8310 8470 8300 46681
2016.12.28  8850 8350 9340 8350 452004
2016.12.29  9030 8840 9130 8790 120543
2017.01.02  8930 8840 8940 8680 97093
2017.01.03  8940 8930 8970 8740 58641
2017.01.04  8940 8980 9010 8820 41962
2017.01.05  8910 8930 8990 8840 48982
2017.01.06  8930 8950 8960 8850 23331
2017.01.09  8770 8860 8890 8670 55382
2017.01.10  8800 8720 8850 8650 22224
2017.01.11  8800 8870 8870 8660 33055
2017.01.12  8800 8770 8880 8710 37191
2017.01.13  8850 8810 8950 8760 33729
2017.01.16  8750 8850 8850 8500 64825
2017.01.17  8900 8900 9140 8660 76744
2017.01.18  8910 8900 8990 8800 30655
2017.01.19  8850 8910 9030 8830 40990
2017.01.20  8770 8810 8850 8550 75314
2017.01.23  8500 8770 8770 8500 27165
2017.01.24  8460 8520 8600 8290 35062
2017.01.25  8500 8360 8570 8360 15749
2017.01.26  8560 8490 8600 8390 19073
2017.01.31  8540 8680 8680 8440 28472
2017.02.01  8830 8560 8870 8550 68298
2017.02.02  8800 8830 8930 8720 39576
2017.02.03  8810 8810 8850 8730 35047
2017.02.06  8820 8850 8940 8760 25393
2017.02.07  8810 8890 8900 8710 25195
2017.02.08  8810 8810 8880 8690 23147
2017.02.09  8800 8810 8830 8710 7851
2017.02.10  8980 8870 8990 8760 54857
2017.02.13  9120 9010 9120 8920 37116
2017.02.14  9100 9120 9180 9060 19771
2017.02.15  9070 9150 9150 8970 29525
2017.02.16  9180 9090 9190 9070 47381
2017.02.17  9250 9180 9280 9060 31725
2017.02.20  9400 9250 9500 9150 52083
2017.02.21  9430 9330 9480 9330 23336
2017.02.22  9140 9470 9470 9110 76708
2017.02.23  9030 9140 9150 8960 72085
2017.02.24  9050 9080 9110 8950 38388
2017.02.27  9040 9050 9070 8980 15041
2017.02.28  8990 9000 9050 8940 29032
2017.03.02  8870 8960 9000 8770 31252
2017.03.03  8720 8810 8890 8590 55165
2017.03.06  8710 8720 8720 8590 22649
2017.03.07  8610 8630 8780 8440 75302
2017.03.08  8560 8570 8640 8520 26964
2017.03.09  8560 8560 8670 8460 35061
2017.03.10  8690 8570 8700 8480 26202
2017.03.13  8800 8640 8820 8640 40552
2017.03.14  8740 8760 8900 8620 43393
2017.03.15  8720 8740 8830 8630 23144
2017.03.16  8770 8710 8790 8660 19514
2017.03.17  8930 8930 9050 8880 40658
2017.03.20  9050 9030 9140 8940 62083
2017.03.21  8950 9040 9090 8840 56131
2017.03.22  8940 8900 8980 8830 56922
2017.03.23  9030 8920 9050 8740 43096
2017.03.24  9090 9030 9100 8850 37372
2017.03.27  9090 9130 9130 9000 41884
2017.03.28  9160 9150 9160 9040 63177
2017.03.29  9240 9140 9250 9120 31836
2017.03.30  9400 9250 9450 9090 75688
2017.03.31  9480 9390 9510 9300 54890
2017.04.03  9470 9480 9620 9360 57185
2017.04.04  9650 9570 9720 9470 101182
2017.04.05  9860 9770 9860 9660 106838
2017.04.06  9850 9850 9870 9680 41941
2017.04.07  10000 9770 10050 9770 70168
2017.04.10  10100 9940 10250 9840 96436
2017.04.11  10200 10250 10300 9930 91545
2017.04.12  10450 10250 10500 10050 103330
2017.04.13  10550 10450 11000 10300 192322
2017.04.14  10500 10450 10650 10350 54057
2017.04.17  10600 10400 10650 10300 59821
2017.04.18  10550 10700 10700 10300 53248
2017.04.19  11000 10500 11000 10350 111669
2017.04.20  13000 11450 14150 11300 5888599
2017.04.21  12350 12900 12900 12150 1316129
2017.04.24  12850 12400 12900 11650 1301716
2017.04.25  13000 12950 13300 12650 823165
2017.04.26  12950 13200 13300 12600 438968
2017.04.27  12400 12750 12800 12200 343804
2017.04.28  12050 12450 12500 12000 287200
2017.05.02  12200 12100 12400 12000 203497
2017.05.04  12150 12150 12400 11750 293470
2017.05.08  12100 12150 12250 11900 159410
2017.05.10  12200 12100 12400 12000 238762
2017.05.11  11900 12250 12500 11900 342878
2017.05.12  11900 11950 12150 11750 118811
2017.05.15  12100 11950 12350 11850 201116
2017.05.16  12150 12050 12600 12000 464054
2017.05.17  11800 12150 12350 11700 460771
2017.05.18  12000 11700 12150 11350 192866
2017.05.19  11950 12100 12100 11800 108856
2017.05.22  11800 12000 12200 11800 223912
2017.05.23  11650 11900 11900 11450 194851
2017.05.24  12150 11600 12200 11600 338036
2017.05.25  12000 12200 12300 11700 359999
2017.05.26  12850 11800 12850 11700 912542
2017.05.29  13050 12900 13150 12600 388273
2017.05.30  13050 13100 13450 12800 437778
2017.05.31  13000 13050 13200 12800 182466
2017.06.01  12700 13000 13050 12550 281537
2017.06.02  13100 12650 13350 12550 484673
2017.06.05  13150 13050 13200 12850 183509
2017.06.07  13200 13150 13250 12900 162958
2017.06.08  12950 13200 13250 12900 142656
2017.06.09  13450 13050 13650 12900 639551
2017.06.12  12900 13400 13500 12700 331677
2017.06.13  12850 12850 13050 12550 226235
2017.06.14  13000 12800 13200 12700 222274
2017.06.15  13900 13200 14050 13050 1083639
2017.06.16  14250 14000 14800 13900 1100502
2017.06.19  14450 14400 14850 14200 471792
2017.06.20  14600 14650 14700 14250 311215
2017.06.21  15000 14550 15000 14000 474230
2017.06.22  14200 15100 15100 14000 390050
2017.06.23  14150 14200 14300 13850 246308
2017.06.26  14200 14200 14700 14050 497255
2017.06.27  13950 14150 14200 13750 304813
2017.06.28  14200 13800 14600 13750 513188
2017.06.29  14000 14450 14450 13800 320680
2017.06.30  14850 13700 14900 13700 683413
2017.07.03  14300 15200 15400 14100 548035
2017.07.04  13900 14300 14450 13900 238945
2017.07.05  14550 14050 14650 14000 298838
2017.07.06  14750 14350 14900 14150 494037
2017.07.07  14700 14600 14900 14500 328789
2017.07.10  16500 15050 16600 14750 1511027
2017.07.11  16600 16400 17150 16300 859551
2017.07.12  17100 16600 18250 16600 1923210
2017.07.13  17000 17300 17400 16450 623599
2017.07.14  17600 17150 17700 16750 783514
2017.07.17  18900 17750 18950 17650 1035465
2017.07.18  18100 18700 19450 17550 1226235
2017.07.19  17750 17900 18600 17450 987678
2017.07.20  17100 17800 17850 16900 866466
2017.07.21  17250 17250 17550 16950 637619
2017.07.24  18400 17500 18900 17350 1367917
2017.07.25  18400 18750 18750 17750 1025519
2017.07.26  17300 18350 18400 17000 825822
2017.07.27  16850 17350 17850 16600 450614
2017.07.28  16100 17000 17100 15950 830668
2017.07.31  16300 15650 16450 15300 642886
2017.08.01  15800 16300 16700 15800 416114
2017.08.02  16550 15800 16600 15700 470139
2017.08.03  15950 16600 16750 15750 392030
2017.08.04  15900 16100 16250 15550 243421
2017.08.07  15200 16150 16150 15100 338360
2017.08.08  15600 15250 15650 14750 364309
2017.08.09  14700 15300 15500 14650 371555
2017.08.10  15000 14600 15200 14450 403643
2017.08.11  15300 14500 15400 14450 717258
2017.08.14  15700 15600 15900 15300 620311
2017.08.16  16050 15700 16400 15600 674560
2017.08.17  16200 16150 16350 15900 288451
2017.08.18  17100 15800 17400 15750 986005
2017.08.21  17300 17100 17300 16850 419200
2017.08.22  17300 17600 17650 17050 387585
2017.08.23  17700 17450 18050 17050 596165
2017.08.24  17900 17650 18300 17650 703833
2017.08.25  17200 17850 17950 17200 615483
2017.08.28  16900 17300 17700 16850 503141
2017.08.29  17250 16600 17400 16600 442132
2017.08.30  17300 17250 17750 17150 382461
2017.08.31  17250 17550 17700 17200 337458
2017.09.01  17650 17950 18200 17600 924580
