2012.01.31   4290 4000 4600 3765 10266891
2012.02.01   4090 4350 4380 4000 1030290
2012.02.02   4010 4185 4185 3855 417042
2012.02.03   4020 3970 4250 3925 459266
2012.02.06   4100 4050 4430 4005 518002
2012.02.07   4060 4155 4245 3950 333842
2012.02.08   4045 4070 4130 3960 268348
2012.02.09   4035 4095 4100 3980 178572
2012.02.10   4000 4035 4065 3940 251643
2012.02.13   4110 4090 4195 4000 181810
2012.02.14   4220 4180 4260 4120 322026
2012.02.15   4140 4145 4215 4050 202202
2012.02.16   4200 4140 4250 4100 384720
2012.02.17   4440 4310 4600 4295 1079748
2012.02.20   5010 4515 5100 4515 1946162
2012.02.21   5250 5130 5470 4960 683584
2012.02.22   5200 5250 5300 4990 471006
2012.02.23   5280 5190 5400 5060 477538
2012.02.24   5300 5450 5450 5190 289773
2012.02.27   5140 5350 5350 5090 220991
2012.02.28   5130 5100 5190 5000 245655
2012.02.29   5600 5170 5790 5000 886284
2012.03.02   5600 5600 5710 5470 290504
2012.03.05   5630 5530 5680 5410 167848
2012.03.06   5420 5600 5650 5200 270058
2012.03.07   5310 5340 5410 5170 134915
2012.03.08   5320 5330 5470 5250 148912
2012.03.09   5320 5270 5340 5200 147571
2012.03.12   5400 5320 5430 5250 95477
2012.03.13   5400 5400 5450 5250 124124
2012.03.14   5600 5440 5840 5400 421130
2012.03.15   5540 5660 5690 5520 121578
2012.03.16   5400 5540 5540 5310 218508
2012.03.19   5260 5400 5400 5160 219280
2012.03.20   5250 5200 5250 5130 111499
2012.03.21   5170 5160 5250 5100 122337
2012.03.22   5230 5220 5320 5120 125347
2012.03.23   5300 5230 5360 5110 73099
2012.03.26   5200 5290 5380 5140 58552
2012.03.27   5140 5210 5270 5000 105819
2012.03.28   5050 5090 5130 4945 170234
2012.03.29   4975 4950 5050 4895 65516
2012.03.30   4860 4990 4990 4860 78945
2012.04.02   4705 4965 4965 4705 80026
2012.04.03   4630 4740 4740 4475 109386
2012.04.04   4500 4615 4725 4475 72121
2012.04.05   4545 4590 4590 4410 70239
2012.04.06   4725 4500 4755 4485 85156
2012.04.09   4770 4700 4830 4650 117689
2012.04.10   4950 4790 5080 4720 270749
2012.04.12   4840 4855 4990 4700 65058
2012.04.13   4850 4895 4900 4775 39902
2012.04.16   4765 4750 4775 4700 30624
2012.04.17   4770 4795 4850 4650 45109
2012.04.18   4795 4900 4900 4730 43027
2012.04.19   4775 4830 4830 4735 10639
2012.04.20   4875 4820 4900 4720 28986
2012.04.23   4860 4755 4915 4755 34046
2012.04.24   4830 4800 4850 4740 59079
2012.04.25   4860 4880 4900 4800 77727
2012.04.26   4890 4900 4990 4790 44900
2012.04.27   4895 4940 5000 4800 35833
2012.04.30   4880 4895 4895 4750 29169
2012.05.02   5010 4800 5010 4790 59783
2012.05.03   5060 4975 5110 4950 97150
2012.05.04   4960 5010 5060 4930 47466
2012.05.07   4900 4925 4980 4855 42460
2012.05.08   4910 4930 4960 4850 37026
2012.05.09   4980 4940 5100 4835 56188
2012.05.10   4970 5050 5050 4900 21386
2012.05.11   4955 4970 4995 4910 17215
2012.05.14   4940 5020 5020 4850 13402
2012.05.15   4875 4940 4940 4795 15793
2012.05.16   4670 4875 4875 4650 21422
2012.05.17   4790 4680 4790 4670 23985
2012.05.18   4740 4790 4790 4600 18526
2012.05.21   4740 4510 4830 4510 13996
2012.05.22   4750 4785 4785 4615 19655
2012.05.23   4750 4700 4850 4610 44675
2012.05.24   4720 4735 4815 4695 63474
2012.05.25   4735 4660 4800 4650 18875
2012.05.29   4710 4775 4775 4630 21997
2012.05.30   4660 4750 4750 4600 23299
2012.05.31   4680 4660 4745 4590 20193
2012.06.01   4715 4680 4740 4635 25039
2012.06.04   4680 4705 4750 4555 23460
2012.06.05   4685 4730 4745 4685 27224
2012.06.07   4740 4785 4785 4685 8316
2012.06.08   4780 4740 4790 4665 20402
2012.06.11   4770 4820 4830 4650 35492
2012.06.12   4880 4900 4930 4800 100674
2012.06.13   5090 4950 5150 4890 199347
2012.06.14   5150 5090 5300 4975 268490
2012.06.15   5130 5200 5200 5060 108141
2012.06.18   5130 5200 5310 5130 151866
2012.06.19   5030 5130 5160 4990 98806
2012.06.20   5070 5030 5180 5000 105977
2012.06.21   5060 5050 5100 4990 50862
2012.06.22   5030 4970 5050 4970 57360
2012.06.25   5040 5100 5100 4995 62840
2012.06.26   5030 5000 5100 4990 82294
2012.06.27   5280 5130 5400 5060 277255
2012.06.28   5240 5300 5300 5160 122850
2012.06.29   5290 5280 5360 5200 84497
2012.07.02   5230 5340 5380 5150 101194
2012.07.03   5310 5320 5460 5300 131373
2012.07.04   5250 5260 5350 5150 86334
2012.07.05   5260 5220 5330 5170 77545
2012.07.06   5240 5230 5290 5170 76471
2012.07.09   5390 5240 5390 5200 67456
2012.07.10   5370 5420 5500 5340 53842
2012.07.11   5360 5500 5550 5340 129362
2012.07.12   5340 5300 5460 5260 53880
2012.07.13   5290 5340 5380 5090 75890
2012.07.16   5240 5400 5400 5170 41630
2012.07.17   5290 5200 5400 5200 91615
2012.07.18   5200 5230 5310 5150 66174
2012.07.19   5250 5200 5300 5130 77511
2012.07.20   5180 5280 5280 5110 76367
2012.07.23   5170 5110 5270 5100 58529
2012.07.24   5180 5100 5190 5070 34157
2012.07.25   5250 5180 5350 5150 115953
2012.07.26   5250 5320 5330 5190 50604
2012.07.27   5240 5220 5310 5200 61035
2012.07.30   5220 5220 5290 5180 43654
2012.07.31   5230 5230 5260 5150 49543
2012.08.01   5210 5200 5240 5140 35556
2012.08.02   5200 5220 5240 5150 42772
2012.08.03   5280 5190 5320 5140 70225
2012.08.06   5300 5280 5430 5260 146433
2012.08.07   5220 5360 5360 5220 36910
2012.08.08   5220 5220 5270 5150 59959
2012.08.09   5220 5240 5310 5140 55989
2012.08.10   5220 5300 5300 5110 56979
2012.08.13   5180 5220 5230 5150 28239
2012.08.14   5150 5220 5220 5070 69133
2012.08.16   5130 5170 5190 5080 50578
2012.08.17   5160 5240 5240 5100 57606
2012.08.20   5160 5200 5200 5150 34837
2012.08.21   5160 5200 5200 5090 46502
2012.08.22   5140 5170 5170 5050 69396
2012.08.23   5110 5140 5140 5070 33364
2012.08.24   5070 5120 5120 5040 28689
2012.08.27   5100 5020 5110 5020 50428
2012.08.28   5190 5100 5250 5100 91072
2012.08.29   5220 5200 5280 5130 70119
2012.08.30   5170 5210 5240 5100 26047
2012.08.31   5160 5180 5230 5130 43319
2012.09.03   5160 5130 5210 5060 56875
2012.09.04   5150 5150 5160 5100 32953
2012.09.05   5140 5140 5140 5070 36546
2012.09.06   5130 5150 5150 5070 31620
2012.09.07   5130 5160 5160 5080 18351
2012.09.10   5090 5140 5140 5090 26472
2012.09.11   5140 5090 5190 5080 35287
2012.09.12   5080 5140 5140 5070 38572
2012.09.13   5060 5090 5110 5010 58414
2012.09.14   5040 5070 5100 4990 74029
2012.09.17   5030 5000 5060 4980 42704
2012.09.18   4955 5020 5030 4920 81067
2012.09.19   5300 4960 5400 4895 432632
2012.09.20   5590 5430 5700 5370 833210
2012.09.21   5590 5630 5820 5540 232880
2012.09.24   5470 5500 5750 5400 181955
2012.09.25   5480 5400 5570 5250 115657
2012.09.26   5400 5530 5550 5320 89691
2012.09.27   5360 5400 5440 5290 80437
2012.09.28   5510 5410 5630 5380 157706
2012.10.02   5420 5510 5520 5380 98182
2012.10.04   5340 5420 5420 5270 110618
2012.10.05   5610 5340 5610 5300 182253
2012.10.08   5960 5650 6200 5530 323413
2012.10.09   5940 5930 6200 5870 202846
2012.10.10   5950 5940 6010 5790 109776
2012.10.11   5880 5910 6000 5760 106982
2012.10.12   5850 5810 5940 5780 72487
2012.10.15   5830 5830 5900 5660 104076
2012.10.16   5800 5880 5930 5690 86169
2012.10.17   5700 5800 5920 5700 79084
2012.10.18   5700 5800 5800 5580 105963
2012.10.19   5710 5730 5730 5590 75881
2012.10.22   5680 5780 5780 5560 57631
2012.10.23   5670 5620 5710 5610 70692
2012.10.24   5670 5600 5690 5550 50368
2012.10.25   5670 5670 5670 5590 44765
2012.10.26   5590 5670 5690 5520 75998
2012.10.29   5490 5590 5630 5370 77187
2012.10.30   5490 5570 5570 5380 15730
2012.10.31   5550 5500 5650 5420 25143
2012.11.01   5430 5480 5570 5390 36734
2012.11.02   5420 5480 5480 5380 21715
2012.11.05   5450 5390 5570 5380 26907
2012.11.06   5430 5350 5440 5340 19583
2012.11.07   5430 5430 5430 5350 19137
2012.11.08   5490 5370 5570 5350 28787
2012.11.09   5580 5480 5580 5400 14133
2012.11.12   5550 5500 5580 5490 16010
2012.11.13   5430 5590 5590 5410 35050
2012.11.14   5380 5370 5480 5300 31750
2012.11.15   5290 5310 5360 5230 22462
2012.11.16   5220 5290 5340 5030 29625
2012.11.19   5170 5160 5240 5110 16534
2012.11.20   5260 5140 5310 5100 30940
2012.11.21   5240 5350 5350 5120 19688
2012.11.22   5170 5210 5210 5120 31497
2012.11.23   5150 5130 5180 5040 33546
2012.11.26   5130 5150 5190 5050 13633
2012.11.27   5120 5200 5200 5080 29861
2012.11.28   5140 5120 5160 5090 5102
2012.11.29   5200 5200 5290 5140 9045
2012.11.30   5190 5220 5230 5150 19766
2012.12.03   5170 5180 5180 5070 20260
2012.12.04   5120 5110 5170 5040 29233
2012.12.05   5090 5120 5140 5000 46301
2012.12.06   5070 5090 5090 5000 21062
2012.12.07   5070 5010 5080 5000 34333
2012.12.10   5040 5050 5080 4990 24606
2012.12.11   5300 5030 5380 4990 124761
2012.12.12   5200 5300 5340 5070 40442
2012.12.13   5080 5180 5290 5080 33516
2012.12.14   5110 5040 5130 5020 20716
2012.12.17   5100 5160 5160 5020 15333
2012.12.18   5090 5100 5150 4970 27456
2012.12.20   5100 5050 5140 5000 29385
2012.12.21   5070 5100 5130 5000 39548
2012.12.24   5030 5050 5090 4995 31727
2012.12.26   5120 5060 5140 5020 31937
2012.12.27   5140 5140 5180 5090 32829
2012.12.28   5120 5140 5150 5010 18155
2013.01.02   5170 5160 5250 5120 22812
2013.01.03   5180 5180 5200 5110 21118
2013.01.04   5120 5180 5200 5050 20708
2013.01.07   5040 5070 5130 5020 27452
2013.01.08   5010 5090 5090 4990 32694
2013.01.09   5010 4940 5050 4910 79607
2013.01.10   5030 5040 5090 4960 38963
2013.01.11   5150 5030 5230 5030 62904
2013.01.14   5020 5150 5200 5000 34401
2013.01.15   5100 5090 5100 5000 9977
2013.01.16   5040 5100 5100 4990 12233
2013.01.17   5030 5050 5090 4950 23343
2013.01.18   5010 5030 5030 4950 6667
2013.01.21   5010 4980 5020 4960 10221
2013.01.22   5010 4975 5050 4960 10923
2013.01.23   4985 5010 5010 4950 30652
2013.01.24   4995 4985 5000 4940 23762
2013.01.25   4910 4995 4995 4855 13065
2013.01.28   4850 4915 4990 4850 16658
2013.01.29   4930 4855 4935 4800 13133
2013.01.30   4930 4830 4940 4830 5863
2013.01.31   4925 4900 4930 4780 29671
2013.02.01   4790 4835 4885 4245 37535
2013.02.04   4700 4795 4795 4655 19883
2013.02.05   4690 4635 4710 4470 85726
2013.02.06   4685 4680 4685 4550 22245
2013.02.07   4810 4685 4820 4685 35166
2013.02.08   4800 4945 4945 4700 22859
2013.02.12   4800 4800 4890 4740 12246
2013.02.13   4790 4745 4795 4695 29748
2013.02.14   4790 4790 4870 4700 8876
2013.02.15   4780 4715 4800 4715 13541
2013.02.18   4780 4845 4845 4735 9634
2013.02.19   4770 4805 4805 4735 19109
2013.02.20   4750 4790 4790 4730 28249
2013.02.21   4830 4750 4835 4740 52047
2013.02.22   4860 4800 4890 4780 30318
2013.02.25   4850 4900 4900 4780 40655
2013.02.26   4825 4840 4840 4750 17765
2013.02.27   4830 4820 4830 4760 3250
2013.02.28   4820 4835 4835 4755 25214
2013.03.04   4810 4830 4830 4755 17554
2013.03.05   4815 4800 4830 4770 22603
2013.03.06   4765 4815 4815 4720 32491
2013.03.07   4710 4780 4780 4600 49175
2013.03.08   4715 4730 4730 4590 87172
2013.03.11   4705 4715 4715 4610 5793
2013.03.12   4680 4705 4705 4580 23630
2013.03.13   4675 4680 4680 4600 22379
2013.03.14   4685 4690 4695 4630 13967
2013.03.15   4740 4680 4750 4600 46903
2013.03.18   5040 4740 5100 4720 301822
2013.03.19   5070 5050 5090 4990 54954
2013.03.20   5200 5010 5240 5010 81709
2013.03.21   5200 5200 5250 5070 59099
2013.03.22   5290 5120 5350 5120 68859
2013.03.25   5150 5290 5330 5130 50969
2013.03.26   5360 5150 5430 5140 127040
2013.03.27   5230 5260 5370 5180 50949
2013.03.28   5340 5250 5400 5250 79433
2013.03.29   5470 5370 5530 5340 126554
2013.04.01   5460 5530 5540 5390 115310
2013.04.02   5210 5590 5590 5180 173705
2013.04.03   5150 5210 5270 5000 67283
2013.04.04   5120 5030 5180 4970 58664
2013.04.05   5100 5160 5160 4995 25653
2013.04.08   4800 5100 5170 4800 96859
2013.04.09   4845 5010 5010 4700 39238
2013.04.10   4910 4850 4910 4670 82160
2013.04.11   4890 4920 4950 4835 28674
2013.04.12   4890 4820 4935 4810 18544
2013.04.15   4820 4890 4930 4805 12356
2013.04.16   4750 4820 4820 4705 53623
2013.04.17   4740 4800 4800 4685 40161
2013.04.18   4840 4740 4935 4740 24274
2013.04.19   5100 4890 5210 4860 281463
2013.04.22   5300 5130 5350 5020 102285
2013.04.23   5280 5400 5490 5220 198811
2013.04.24   5260 5280 5380 5230 72750
2013.04.25   5370 5300 5390 5170 107026
2013.04.26   5510 5380 5540 5370 348116
2013.04.29   5420 5560 5570 5360 138461
2013.04.30   5360 5500 5530 5260 180988
2013.05.02   5360 5360 5420 5330 75521
2013.05.03   5350 5430 5440 5280 57031
2013.05.06   5480 5350 5500 5340 183483
2013.05.07   5440 5500 5500 5390 59635
2013.05.08   5490 5480 5520 5400 111655
2013.05.09   5500 5500 5510 5440 117818
2013.05.10   5650 5520 5780 5460 270862
2013.05.13   5770 5640 5880 5640 200841
2013.05.14   5600 5770 5800 5430 131009
2013.05.15   6160 5730 6430 5680 735147
2013.05.16   6310 6280 6500 6160 687360
2013.05.20   6390 6290 6510 6140 242590
2013.05.21   6420 6400 6440 6270 146450
2013.05.22   6450 6520 6660 6300 257499
2013.05.23   6370 6420 6530 6360 84470
2013.05.24   6370 6400 6400 6230 153783
2013.05.27   6600 6280 6670 6260 237061
2013.05.28   6800 6600 6840 6590 142701
2013.05.29   6820 6820 6890 6700 116016
2013.05.30   6740 6880 6880 6620 108610
2013.05.31   6430 6740 6780 6360 129438
2013.06.03   6250 6490 6560 6220 127093
2013.06.04   6260 6250 6430 6100 73214
2013.06.05   6150 6390 6390 5900 130170
2013.06.07   5980 6100 6300 5850 86978
2013.06.10   6100 5880 6100 5880 48691
2013.06.11   6080 6060 6200 6000 56767
2013.06.12   6070 5990 6240 5970 80407
2013.06.13   5900 6190 6190 5830 100125
2013.06.14   5900 6000 6000 5780 64387
2013.06.17   5510 5930 5970 5510 97904
2013.06.18   5630 5570 5770 5430 90681
2013.06.19   5700 5630 5770 5610 71510
2013.06.20   5500 5580 5730 5480 65541
2013.06.21   5460 5500 5500 5150 80107
2013.06.24   5410 5460 5630 5410 55624
2013.06.25   5150 5410 5450 5140 119240
2013.06.26   5280 5480 5480 5190 36457
2013.06.27   5520 5280 5560 5280 64333
2013.06.28   5550 5470 5580 5470 31342
2013.07.01   5550 5600 5600 5520 15185
2013.07.02   5400 5580 5580 5400 31382
2013.07.03   5180 5430 5440 5100 82212
2013.07.04   5280 5280 5340 5100 50325
2013.07.05   5330 5310 5400 5280 39552
2013.07.08   5180 5330 5410 5130 38215
2013.07.09   5210 5200 5300 5100 35705
2013.07.10   5190 5210 5290 5120 16322
2013.07.11   5130 5170 5290 5130 40162
2013.07.12   5190 5180 5290 5140 33810
2013.07.15   5130 5200 5200 5070 96855
2013.07.16   5090 5130 5140 5040 107123
2013.07.17   5080 5100 5100 4980 61577
2013.07.18   5050 5060 5120 5050 32300
2013.07.19   5140 5110 5150 5050 34114
2013.07.22   5230 5210 5250 5110 108078
2013.07.23   5210 5200 5250 5160 33347
2013.07.24   5220 5170 5290 5160 34987
2013.07.25   5240 5220 5370 5210 50806
2013.07.26   5260 5240 5280 5200 21808
2013.07.29   5120 5280 5280 5120 30889
2013.07.30   5280 5120 5290 5100 49863
2013.07.31   5320 5280 5370 5200 39910
2013.08.01   5340 5340 5470 5260 51543
2013.08.02   5350 5350 5380 5210 31672
2013.08.05   5320 5350 5440 5290 33613
2013.08.06   5290 5370 5370 5200 21735
2013.08.07   5290 5240 5300 5240 27853
2013.08.08   5270 5290 5290 5190 37424
2013.08.09   5290 5290 5370 5240 24331
2013.08.12   6080 6080 6080 6030 1248277
2013.08.13   5930 6360 6370 5930 2036910
2013.08.14   5870 5910 6000 5700 453421
2013.08.16   5880 5870 6160 5830 669868
2013.08.19   5680 5860 5900 5630 272661
2013.08.20   5420 5700 5780 5420 225778
2013.08.21   5450 5420 5450 5260 148168
2013.08.22   5240 5360 5440 5180 91754
2013.08.23   5350 5300 5390 5280 87616
2013.08.26   5310 5350 5420 5280 103214
2013.08.27   5310 5340 5500 5300 147401
2013.08.28   5260 5270 5310 5200 40836
2013.08.29   5230 5280 5330 5190 65805
2013.08.30   5180 5230 5230 5110 57727
2013.09.02   5370 5200 5490 5120 59758
2013.09.03   5360 5350 5410 5240 35523
2013.09.04   5300 5330 5370 5260 24286
2013.09.05   5300 5300 5340 5250 29009
2013.09.06   5290 5330 5390 5280 80257
2013.09.09   5230 5320 5320 5200 44268
2013.09.10   5200 5260 5300 5180 28850
2013.09.11   5370 5250 5460 5240 115643
2013.09.12   5410 5340 5420 5280 49311
2013.09.13   5400 5350 5420 5340 15265
2013.09.16   5400 5370 5450 5340 29227
2013.09.17   5370 5400 5500 5330 26088
2013.09.23   5340 5370 5420 5310 43121
2013.09.24   5240 5340 5340 5210 54343
2013.09.25   5300 5240 5300 5180 33825
2013.09.26   5260 5290 5290 5210 29229
2013.09.27   5260 5230 5300 5220 45580
2013.09.30   5250 5250 5300 5210 25337
2013.10.01   5150 5120 5260 5120 59071
2013.10.02   5210 5200 5230 5150 13551
2013.10.04   5180 5170 5230 5130 35699
2013.10.07   5080 5150 5220 5020 86654
2013.10.08   5140 5080 5150 5060 37952
2013.10.10   5100 5120 5160 5080 22897
2013.10.11   5160 5100 5180 5100 29731
2013.10.14   5190 5160 5240 5150 42573
2013.10.15   5200 5150 5200 5150 19755
2013.10.16   5170 5160 5220 5140 42403
2013.10.17   5080 5170 5200 5010 90890
2013.10.18   5090 5090 5130 5030 50970
2013.10.21   5090 5090 5120 4980 58677
2013.10.22   5080 5040 5090 5010 35420
2013.10.23   5070 5050 5090 5040 23766
2013.10.24   5100 5050 5100 5050 25228
2013.10.25   5100 5070 5120 5060 14872
2013.10.28   5100 5120 5120 5060 9148
2013.10.29   5090 5070 5100 5030 41648
2013.10.30   5080 5050 5100 5000 42446
2013.10.31   5030 5040 5080 4970 53392
2013.11.01   4995 4995 5010 4975 12359
2013.11.04   5000 5000 5010 4960 10448
2013.11.05   4990 4965 5000 4955 6912
2013.11.06   4885 4950 5010 4885 33066
2013.11.07   4930 4880 4950 4880 12825
2013.11.08   4890 4860 4940 4750 44713
2013.11.11   4765 4855 4950 4695 40714
2013.11.12   4795 4705 4850 4700 23979
2013.11.13   4720 4775 4840 4700 52235
2013.11.14   4785 4730 4785 4725 4160
2013.11.15   4825 4835 4850 4745 47388
2013.11.18   4690 4825 4835 4680 82728
2013.11.19   4560 4695 4725 4520 52452
2013.11.20   4720 4600 4740 4600 11697
2013.11.21   4585 4720 4760 4580 16938
2013.11.22   4650 4550 4670 4550 7494
2013.11.25   4760 4645 4770 4550 11598
2013.11.26   4800 4800 4850 4750 6257
2013.11.27   4735 4780 4850 4730 4863
2013.11.28   4790 4735 4840 4735 10551
2013.11.29   4790 4790 4820 4735 3836
2013.12.02   4750 4790 4820 4700 13545
2013.12.03   4700 4750 4750 4650 8411
2013.12.04   4705 4700 4745 4660 7763
2013.12.05   4690 4705 4730 4670 15403
2013.12.06   4720 4665 4730 4650 9503
2013.12.09   4705 4715 4740 4670 8852
2013.12.10   4700 4650 4735 4650 8853
2013.12.11   4615 4700 4715 4615 15401
2013.12.12   4620 4615 4650 4600 9961
2013.12.13   4660 4525 4670 4525 7595
2013.12.16   4640 4660 4690 4600 6258
2013.12.17   4595 4640 4640 4550 10599
2013.12.18   4615 4550 4640 4525 12219
2013.12.19   4530 4615 4615 4530 25799
2013.12.20   4590 4530 4645 4500 19699
2013.12.23   4615 4590 4630 4545 17001
2013.12.24   4645 4590 4650 4560 9704
2013.12.26   4690 4690 4690 4630 9348
2013.12.27   4775 4675 4850 4630 28403
2013.12.30   4890 4800 4890 4750 36964
2014.01.02   4805 4900 4930 4805 12365
2014.01.03   4840 4760 4880 4610 42870
2014.01.06   4920 4900 5000 4875 24705
2014.01.07   4965 4920 4970 4880 17434
2014.01.08   4905 4895 4990 4820 36542
2014.01.09   4910 4920 4920 4850 5844
2014.01.10   4890 4910 4980 4850 26206
2014.01.13   4880 4860 4890 4775 10639
2014.01.14   4885 4880 4910 4800 11038
2014.01.15   4890 4885 4935 4850 17234
2014.01.16   4850 4870 4900 4785 29677
2014.01.17   4770 4825 4850 4700 56166
2014.01.20   4925 4740 5130 4740 107071
2014.01.21   5010 4925 5150 4885 102148
2014.01.22   4915 5010 5050 4900 28071
2014.01.23   4900 4925 5000 4895 22453
2014.01.24   4900 4870 4960 4840 16138
2014.01.27   4780 4850 4870 4700 40551
2014.01.28   4910 4760 5000 4750 47416
2014.01.29   4995 4970 5010 4800 46169
2014.02.03   4995 4990 5020 4940 30142
2014.02.04   4945 4920 4990 4880 29389
2014.02.05   4945 4930 4975 4930 23750
2014.02.06   4960 4925 4990 4900 27252
2014.02.07   4940 4940 5000 4885 36575
2014.02.10   4980 4940 4990 4930 39025
2014.02.11   5120 4985 5200 4950 100846
2014.02.12   5080 5120 5170 5080 29845
2014.02.13   5100 5080 5140 5000 39313
2014.02.14   5120 5070 5130 5060 32746
2014.02.17   5390 5130 5410 5110 269979
2014.02.18   5420 5400 5630 5240 387113
2014.02.19   5450 5440 5580 5350 169906
2014.02.20   5450 5450 5550 5350 107036
2014.02.21   5370 5450 5450 5350 31851
2014.02.24   5400 5370 5500 5350 51215
2014.02.25   5540 5460 5660 5380 141950
2014.02.26   5560 5540 5630 5480 119368
2014.02.27   5500 5500 5580 5440 65302
2014.02.28   5410 5480 5530 5360 64846
2014.03.03   5320 5410 5450 5270 45999
2014.03.04   5360 5300 5420 5270 78504
2014.03.05   5860 5360 5890 5300 398575
2014.03.06   6010 5910 6250 5810 541900
2014.03.07   6100 6010 6150 5960 150930
2014.03.10   6220 6100 6470 6010 450055
2014.03.11   6280 6220 6290 6120 87566
2014.03.12   5910 6280 6310 5800 370777
2014.03.13   6110 5920 6130 5900 145172
2014.03.14   6000 6100 6120 5910 130112
2014.03.17   5740 6000 6060 5660 175942
2014.03.18   5860 5800 5900 5620 108239
2014.03.19   5880 5860 5930 5770 135714
2014.03.20   6090 5880 6130 5700 335265
2014.03.21   6130 6190 6190 6000 198982
2014.03.24   6170 6160 6200 6000 129480
2014.03.25   6150 6170 6210 6020 146301
2014.03.26   6470 6150 6470 5980 382359
2014.03.27   6350 6430 6520 6240 218643
2014.03.28   6590 6310 6610 6200 289670
2014.03.31   6480 6620 6690 6380 250720
2014.04.01   6500 6500 6580 6390 124088
2014.04.02   6540 6500 6630 6390 130626
2014.04.03   6600 6540 6670 6500 118680
2014.04.04   6760 6550 6790 6510 135135
2014.04.07   6530 6730 6730 6480 115381
2014.04.08   6480 6400 6530 6280 157481
2014.04.09   6420 6610 6650 6190 321363
2014.04.10   6460 6420 6520 6300 110545
2014.04.11   6460 6420 6600 6330 90589
2014.04.14   6400 6400 6440 6240 82000
2014.04.15   6400 6460 6470 6330 46732
2014.04.16   6250 6440 6440 6180 104462
2014.04.17   6130 6280 6300 6030 143668
2014.04.18   6160 6120 6210 6060 60726
2014.04.21   6180 6160 6280 6130 51427
2014.04.22   6200 6130 6200 6090 46853
2014.04.23   5990 6200 6240 5960 96796
2014.04.24   5970 5930 6020 5800 122311
2014.04.25   5920 5930 6050 5850 54493
2014.04.28   5920 5870 5960 5840 49417
2014.04.29   5940 5920 5970 5800 74190
2014.04.30   6050 5950 6130 5940 139932
2014.05.02   6060 6050 6080 5970 17322
2014.05.07   6010 6030 6100 5960 76670
2014.05.08   6010 5990 6110 5970 52089
2014.05.09   6040 6010 6120 6010 69622
2014.05.12   6170 6110 6390 6110 306262
2014.05.13   6070 6170 6210 6050 89690
2014.05.14   6190 6080 6230 6080 82599
2014.05.15   6230 6200 6290 6170 103470
2014.05.16   6220 6250 6290 6170 97518
2014.05.19   6010 6200 6230 6010 126964
2014.05.20   6050 6010 6100 5850 80779
2014.05.21   5940 5980 6190 5930 94028
2014.05.22   5950 6010 6020 5940 54631
2014.05.23   5930 5960 6040 5930 35174
2014.05.26   6100 5900 6150 5900 70101
2014.05.27   6040 6100 6100 6000 28014
2014.05.28   6000 6090 6090 5950 26017
2014.05.29   6100 6000 6100 5940 31620
2014.05.30   5980 6050 6080 5950 26016
2014.06.02   5710 5980 5980 5680 103488
2014.06.03   5660 5790 5790 5610 42888
2014.06.05   5520 5760 5760 5510 20521
2014.06.09   5470 5520 5520 5360 65247
2014.06.10   5740 5350 5740 5350 39978
2014.06.11   5800 5760 5810 5640 13225
2014.06.12   5830 5740 5830 5730 12615
2014.06.13   5730 5750 5820 5700 13066
2014.06.16   5680 5700 5760 5670 13756
2014.06.17   5700 5750 5750 5640 31430
2014.06.18   5710 5670 5750 5640 32473
2014.06.19   5700 5740 5740 5600 32614
2014.06.20   5680 5700 5720 5580 33300
2014.06.23   5590 5690 5690 5550 17708
2014.06.24   5640 5640 5640 5490 15135
2014.06.25   5640 5640 5730 5590 23994
2014.06.26   5620 5710 5710 5600 13559
2014.06.27   5620 5600 5670 5600 10985
2014.06.30   5620 5620 5620 5500 20336
2014.07.01   5640 5530 5670 5530 29806
2014.07.02   5640 5640 5740 5640 28837
2014.07.03   5700 5610 5710 5610 15248
2014.07.04   5860 5750 5950 5700 62207
2014.07.07   6000 5890 6150 5890 125044
2014.07.08   6030 6050 6100 5870 55521
2014.07.09   6080 6090 6090 5970 51623
2014.07.10   6050 6220 6230 6020 103686
2014.07.11   5910 6020 6070 5890 75568
2014.07.14   5850 5940 5940 5840 47641
2014.07.15   5860 5810 6100 5810 174013
2014.07.16   5850 5820 5900 5750 73655
2014.07.17   5930 5820 5950 5820 43808
2014.07.18   6000 5910 6030 5880 32773
2014.07.21   5970 5950 6000 5940 11691
2014.07.22   6050 5920 6050 5890 45679
2014.07.23   5980 6020 6060 5920 34520
2014.07.24   5890 5950 6010 5890 43979
2014.07.25   5810 5880 5950 5720 77707
2014.07.28   5870 5810 5930 5760 36684
2014.07.29   5860 5800 5880 5750 56590
2014.07.30   5810 5860 5940 5500 44966
2014.07.31   5740 5730 5860 5700 38721
2014.08.01   5800 5680 5840 5680 18825
2014.08.04   5800 5850 5860 5720 37908
2014.08.05   5800 5780 5880 5730 48806
2014.08.06   5880 5800 5900 5780 29662
2014.08.07   5980 5860 6020 5860 39124
2014.08.08   5970 5980 6000 5880 28473
2014.08.11   5900 5990 6000 5860 23318
2014.08.12   5910 5870 5950 5850 25277
2014.08.13   5900 5960 5960 5840 20328
2014.08.14   6040 5900 6080 5890 94801
2014.08.18   6050 6070 6220 6020 110557
2014.08.19   6000 6040 6100 5960 54083
2014.08.20   6030 6050 6070 5970 44402
2014.08.21   6120 6040 6140 5980 44951
2014.08.22   6200 6130 6290 6120 69075
2014.08.25   6070 6190 6220 6000 46986
2014.08.26   6200 6100 6210 6080 45865
2014.08.27   6230 6250 6250 6140 37751
2014.08.28   6210 6270 6270 6140 32007
2014.08.29   6190 6150 6230 6100 34955
2014.09.01   6120 6100 6200 6070 49342
2014.09.02   6180 6120 6190 6070 35392
2014.09.03   6160 6180 6230 6120 35611
2014.09.04   6400 6160 6410 6160 87783
2014.09.05   6400 6450 6470 6380 44548
2014.09.11   6210 6500 6500 6210 50446
2014.09.12   6190 6250 6290 6190 36419
2014.09.15   6220 6180 6350 6150 38577
2014.09.16   6490 6250 6520 6220 105053
2014.09.17   6330 6550 6550 6330 58765
2014.09.18   6310 6330 6430 6260 34752
2014.09.19   6320 6310 6360 6230 21132
2014.09.22   6240 6370 6380 6240 28283
2014.09.23   6160 6200 6240 6060 49977
2014.09.24   6350 6160 6450 6090 72949
2014.09.25   6420 6400 6450 6350 43542
2014.09.26   6510 6420 6540 6310 57561
2014.09.29   6420 6630 6630 6400 74605
2014.09.30   6500 6420 6500 6350 69391
2014.10.01   6260 6630 6630 6230 38375
2014.10.02   6300 6260 6340 6140 12320
2014.10.06   6080 6300 6350 6070 29905
2014.10.07   6300 6050 6360 6050 25991
2014.10.08   6140 6200 6310 6120 27057
2014.10.10   5970 6110 6140 5810 108467
2014.10.13   5980 5890 5990 5800 42830
2014.10.14   5940 6030 6030 5880 4165
2014.10.15   5950 5990 6000 5890 7088
2014.10.16   5930 6040 6040 5770 17885
2014.10.17   5860 5900 5960 5850 18415
2014.10.20   5950 5850 5960 5850 13766
2014.10.21   5950 5950 6000 5900 12915
2014.10.22   5950 6050 6060 5880 10297
2014.10.23   5950 6020 6020 5840 22386
2014.10.24   5950 5950 5970 5860 12428
2014.10.27   5900 5890 5970 5860 18555
2014.10.28   5860 5920 5930 5860 14740
2014.10.29   5930 5860 5930 5850 21781
2014.10.30   5970 5950 5970 5880 12639
2014.10.31   5910 5950 6000 5900 8730
2014.11.03   5850 5910 5910 5840 33547
2014.11.04   5780 5850 5900 5780 173511
2014.11.05   5800 5800 5860 5730 23676
2014.11.06   5750 5820 5820 5720 20655
2014.11.07   5800 5710 5820 5710 7908
2014.11.10   5760 5850 5850 5740 20293
2014.11.11   5900 5770 5900 5770 14638
2014.11.12   5940 5960 6020 5880 7917
2014.11.13   5940 6010 6010 5880 4789
2014.11.14   5990 5940 6010 5890 10569
2014.11.17   5730 5970 5970 5730 160319
2014.11.18   5630 5700 5770 5600 29341
2014.11.19   5580 5580 5700 5550 28710
2014.11.20   5450 5590 5620 5450 78165
2014.11.21   5500 5450 5550 5400 52760
2014.11.24   5460 5530 5530 5400 22795
2014.11.25   5500 5460 5530 5420 17015
2014.11.26   5500 5500 5530 5470 10762
2014.11.27   5580 5540 5580 5440 22810
2014.11.28   5710 5610 5720 5510 18550
2014.12.01   5650 5710 5750 5580 7502
2014.12.02   5580 5650 5650 5550 5153
2014.12.03   5670 5560 5690 5500 27369
2014.12.04   5600 5750 5750 5580 34670
2014.12.05   5670 5560 5680 5560 8529
2014.12.08   5560 5680 5680 5550 4554
2014.12.09   5550 5490 5600 5480 7478
2014.12.10   5550 5550 5590 5450 12627
2014.12.11   5510 5480 5540 5450 8275
2014.12.12   5530 5450 5570 5360 17337
2014.12.15   5350 5470 5470 5330 26125
2014.12.16   5240 5350 5350 5190 14144
2014.12.17   5160 5300 5300 5080 33438
2014.12.18   5180 5190 5260 5130 38523
2014.12.19   5250 5220 5290 5120 13212
2014.12.22   5190 5270 5270 5120 41158
2014.12.23   5260 5190 5260 5130 48601
2014.12.24   5210 5260 5260 5180 14895
2014.12.26   5330 5240 5350 5170 10675
2014.12.29   5300 5280 5440 5260 13437
2014.12.30   5150 5400 5400 5130 12825
2015.01.02   5190 5250 5250 5150 5297
2015.01.05   5230 5240 5290 5150 15768
2015.01.06   5140 5150 5200 5120 19872
2015.01.07   5160 5140 5270 5140 11262
2015.01.08   5220 5200 5250 5160 14768
2015.01.09   5230 5250 5250 5180 22324
2015.01.12   5200 5240 5260 5160 16253
2015.01.13   5180 5250 5250 5160 8956
2015.01.14   5200 5180 5230 5140 29230
2015.01.15   5130 5130 5220 5110 11699
2015.01.16   5100 5110 5110 5000 38055
2015.01.19   5070 5120 5150 5050 12040
2015.01.20   5060 5110 5110 5030 5688
2015.01.21   5210 5110 5240 5030 12241
2015.01.22   5080 5250 5260 5060 7517
2015.01.23   5130 5190 5190 5050 18070
2015.01.26   5130 5130 5150 5070 3442
2015.01.27   5200 5100 5200 5050 21942
2015.01.28   5300 5190 5390 5150 11569
2015.01.29   5290 5360 5360 5260 3227
2015.01.30   5300 5290 5300 5200 3490
2015.02.02   5230 5250 5290 5200 3840
2015.02.03   5240 5190 5320 5190 5690
2015.02.04   5240 5240 5300 5240 7885
2015.02.05   5180 5240 5240 5120 19765
2015.02.06   5110 5180 5240 5090 14569
2015.02.09   5140 5140 5190 5110 5721
2015.02.10   5190 5150 5200 5120 10530
2015.02.11   5190 5190 5190 5100 8723
2015.02.12   5120 5120 5190 5090 19336
2015.02.13   5300 5140 5340 5140 25794
2015.02.16   5190 5270 5320 5180 15895
2015.02.17   5330 5260 5450 5190 22560
2015.02.23   5430 5390 5430 5330 18769
2015.02.24   5400 5430 5440 5340 11595
2015.02.25   5410 5370 5410 5350 27906
2015.02.26   5540 5410 5610 5370 32123
2015.02.27   5500 5510 5510 5380 17203
2015.03.02   5560 5500 5730 5420 74799
2015.03.03   5500 5520 5580 5430 28312
2015.03.04   5490 5470 5570 5430 21444
2015.03.05   5470 5490 5540 5400 25365
2015.03.06   5450 5470 5490 5390 20935
2015.03.09   5540 5450 5600 5410 43521
2015.03.10   5510 5580 5580 5440 24825
2015.03.11   5550 5480 5620 5430 40821
2015.03.12   5500 5560 5560 5450 19833
2015.03.13   5410 5500 5520 5400 22110
2015.03.16   5510 5380 5530 5380 17482
2015.03.17   5490 5480 5500 5380 24176
2015.03.18   5660 5450 5680 5430 55158
2015.03.19   5550 5660 5680 5530 33216
2015.03.20   5800 5700 6150 5620 288573
2015.03.23   5830 5850 5880 5700 115763
2015.03.24   5750 5800 5820 5700 85594
2015.03.25   5880 5800 6000 5760 211169
2015.03.26   5770 5870 5880 5650 102275
2015.03.27   5720 5770 5890 5670 67796
2015.03.30   5880 5850 5940 5750 125110
2015.03.31   5960 5870 5990 5760 93362
2015.04.01   5960 5990 6100 5880 95954
2015.04.02   5890 5960 6020 5830 80683
2015.04.03   5840 5890 5930 5760 60509
2015.04.06   6100 5820 6310 5690 403606
2015.04.07   6040 6090 6110 5910 135775
2015.04.08   6440 6160 6470 6100 314468
2015.04.09   6530 6440 6850 6370 294359
2015.04.10   6460 6490 6600 6260 235613
2015.04.13   6660 6700 6920 6500 406890
2015.04.14   6250 6680 6690 6220 254805
2015.04.15   6450 6310 6470 6200 173567
2015.04.16   6290 6550 6560 6240 132508
2015.04.17   6280 6330 6380 6170 86852
2015.04.20   6100 6310 6380 6080 207601
2015.04.21   6110 6100 6210 6040 85656
2015.04.22   5800 6110 6160 5760 187091
2015.04.23   5750 5860 5910 5670 117257
2015.04.24   5860 5840 5940 5710 127900
2015.04.27   5850 5920 6030 5840 74940
2015.04.28   5860 5850 5900 5750 41231
2015.04.29   5890 5850 6010 5790 71254
2015.04.30   5880 5980 5980 5760 39697
2015.05.04   5770 5830 5880 5700 68195
2015.05.06   5810 5750 5840 5580 61087
2015.05.07   5860 5810 5860 5710 28075
2015.05.08   5870 5870 5990 5760 52015
2015.05.11   6000 5890 6080 5850 52216
2015.05.12   6030 6000 6070 5910 83724
2015.05.13   6100 6060 6120 5960 31922
2015.05.14   6100 6100 6150 6010 42026
2015.05.15   5930 6150 6150 5850 92125
2015.05.18   5900 5860 5910 5790 69594
2015.05.19   5770 5840 5920 5700 79979
2015.05.20   5700 5770 5860 5620 90669
2015.05.21   5780 5700 5840 5630 88442
2015.05.22   5750 5720 5820 5710 31348
2015.05.26   5800 5800 5830 5690 65743
2015.05.27   5920 5800 5920 5740 50580
2015.05.28   6150 6190 6500 6140 229758
2015.05.29   6090 6150 6190 5980 64236
2015.06.01   5960 6090 6090 5900 57220
2015.06.02   5750 5910 5960 5750 58969
2015.06.03   5650 5740 5780 5620 76270
2015.06.04   5710 5650 5740 5650 25087
2015.06.05   5740 5650 5770 5650 19560
2015.06.08   6100 6070 6260 5940 281753
2015.06.09   6070 6070 6130 5960 62627
2015.06.10   6010 6120 6120 5860 96203
2015.06.11   5970 5950 6030 5880 68929
2015.06.12   5880 5930 6000 5810 49246
2015.06.15   5920 5800 5920 5750 37890
2015.06.16   5810 5890 5890 5690 49092
2015.06.17   5830 5810 5950 5750 24923
2015.06.18   5830 5820 5900 5700 21535
2015.06.19   5990 5830 6060 5790 46371
2015.06.22   5900 6050 6050 5830 40004
2015.06.23   6030 5900 6100 5880 44583
2015.06.24   5900 6110 6110 5880 42138
2015.06.25   6050 5890 6050 5810 63345
2015.06.26   6220 6080 6250 5980 118425
2015.06.29   6090 6170 6260 5960 118324
2015.06.30   6160 6050 6230 5930 53372
2015.07.01   6330 6150 6400 6110 109838
2015.07.02   6400 6300 6440 6240 70191
2015.07.03   6430 6430 6520 6320 69880
2015.07.06   6180 6340 6400 6170 62249
2015.07.07   6180 6210 6290 6010 46662
2015.07.08   6250 6170 6290 6120 40047
2015.07.09   6320 6150 6350 6040 48502
2015.07.10   6300 6360 6360 6250 31145
2015.07.13   6350 6300 6430 6300 47482
2015.07.14   6850 6450 6850 6450 360203
2015.07.15   6780 6930 7190 6770 204021
2015.07.16   7000 6900 7100 6750 117491
2015.07.17   7040 7100 7100 6820 86531
2015.07.20   7000 7000 7080 6850 68141
2015.07.21   6950 6930 7000 6800 32635
2015.07.22   6730 6870 7000 6650 113071
2015.07.23   6800 6730 6840 6550 82740
2015.07.24   6360 6840 6840 6360 88795
2015.07.27   6190 6310 6390 6070 86744
2015.07.28   6190 6140 6250 5950 47530
2015.07.29   6220 6200 6370 6190 36336
2015.07.30   6050 6230 6340 5960 61698
2015.07.31   6070 6080 6140 5930 41890
2015.08.03   5970 6190 6190 5900 36273
2015.08.04   6130 5970 6130 5970 14823
2015.08.05   6270 6120 6280 6120 50131
2015.08.06   6270 6350 6350 6120 33942
2015.08.07   6220 6210 6250 6170 12467
2015.08.10   6010 6220 6220 6000 26840
2015.08.11   6040 6010 6080 5960 39984
2015.08.12   5910 6000 6090 5800 43977
2015.08.13   6150 5910 6180 5910 49048
2015.08.17   6050 6190 6200 6050 22352
2015.08.18   5900 6050 6050 5850 39291
2015.08.19   5830 5840 5890 5600 84073
2015.08.20   5800 5750 5910 5750 27613
2015.08.21   5530 5700 5710 5480 55265
2015.08.24   5650 5320 5780 5320 48470
2015.08.25   5720 5560 5790 5540 20107
2015.08.26   5880 5720 6000 5630 56216
2015.08.27   6010 5940 6130 5840 60841
2015.08.28   6070 6080 6080 5990 26203
2015.08.31   6040 6090 6140 5990 27904
2015.09.01   6000 6040 6150 6000 19668
2015.09.02   5880 6000 6000 5850 33086
2015.09.03   5930 5900 6010 5900 19223
2015.09.04   5890 5930 5990 5840 21418
2015.09.07   5800 5890 5890 5780 20626
2015.09.08   5730 5800 6190 5690 71817
2015.09.09   6000 5810 6020 5750 24422
2015.09.10   6000 6000 6020 5850 18314
2015.09.11   6030 6010 6150 5870 46984
2015.09.14   5970 6030 6070 5940 28586
2015.09.15   6000 6000 6050 5990 17541
2015.09.16   6050 6050 6060 5960 10803
2015.09.17   6140 6080 6150 5990 23105
2015.09.18   6150 6160 6190 6070 20252
2015.09.21   6020 6050 6130 5990 9124
2015.09.22   6100 6030 6120 6030 18365
2015.09.23   6060 6090 6130 6010 27039
2015.09.24   6090 6130 6140 6030 15806
2015.09.25   6030 6130 6130 5990 20077
2015.09.30   6070 6030 6080 5910 15584
2015.10.01   6010 6120 6120 5970 14564
2015.10.02   6010 6010 6090 6010 13172
2015.10.05   6130 6030 6170 6030 37895
2015.10.06   6080 6160 6160 6030 19716
2015.10.07   5990 6130 6130 5970 33000
2015.10.08   6030 6000 6030 5980 9713
2015.10.12   6130 6000 6130 5980 25604
2015.10.13   6200 6170 6360 6100 91074
2015.10.14   6210 6280 6280 6180 25579
2015.10.15   6290 6220 6320 6210 62774
2015.10.16   6270 6330 6330 6210 32543
2015.10.19   6190 6270 6270 6120 29258
2015.10.20   6180 6150 6190 6100 16981
2015.10.21   6140 6170 6170 6100 13623
2015.10.22   6030 6100 6120 6030 11602
2015.10.23   6010 6030 6150 6000 15002
2015.10.26   6090 6010 6100 6010 9584
2015.10.27   6070 6120 6120 5980 13653
2015.10.28   6040 6100 6100 5970 20826
2015.10.29   5960 6040 6040 5960 11499
2015.10.30   5970 5960 6070 5860 25170
2015.11.02   5970 5970 6020 5900 15266
2015.11.03   5880 5950 6030 5880 17450
2015.11.04   5900 5880 5930 5840 14633
2015.11.05   5910 5910 5920 5850 12799
2015.11.06   5900 5850 5900 5840 22806
2015.11.09   5830 5900 5910 5790 19779
2015.11.10   5670 5830 5830 5660 12069
2015.11.11   5790 5640 5790 5640 7143
2015.11.12   5730 5700 5780 5610 11273
2015.11.13   5700 5720 5740 5660 10382
2015.11.16   5680 5690 5700 5520 26724
2015.11.17   5860 5530 5910 5530 32535
2015.11.18   5830 5890 5890 5810 9595
2015.11.19   5910 5910 5980 5850 20304
2015.11.20   5900 5960 5960 5730 9697
2015.11.23   5750 5900 5900 5750 13908
2015.11.24   5780 5750 5790 5670 7521
2015.11.25   5700 5760 5770 5680 8600
2015.11.26   5680 5650 5760 5490 51199
2015.11.27   5720 5680 5730 5610 10804
2015.11.30   5720 5700 5780 5630 4536
2015.12.01   5700 5720 5770 5680 2027
2015.12.02   5620 5660 5750 5550 13508
2015.12.03   5580 5500 5630 5500 7718
2015.12.04   5580 5580 5610 5560 4055
2015.12.07   5680 5580 5680 5580 1512
2015.12.08   5550 5550 5640 5550 5836
2015.12.09   5550 5530 5550 5440 12148
2015.12.10   5450 5550 5570 5420 14922
2015.12.11   5550 5460 5550 5460 3741
2015.12.14   5470 5550 5550 5440 12962
2015.12.15   5500 5450 5520 5450 2853
2015.12.16   5540 5470 5600 5470 13231
2015.12.17   5550 5540 5600 5490 6485
2015.12.18   5550 5450 5580 5450 3788
2015.12.21   5530 5550 5560 5500 164667
2015.12.22   5630 5560 5860 5560 8419
2015.12.23   5660 5570 5690 5570 3855
2015.12.24   5700 5690 5700 5650 2855
2015.12.28   5690 5720 5720 5620 72420
2015.12.29   5770 5620 5830 5620 5946
2015.12.30   5970 5830 5970 5670 15300
2016.01.04   5820 5840 5920 5820 9706
2016.01.05   5800 5780 5820 5770 4215
2016.01.06   5820 5800 5830 5740 13139
2016.01.07   5870 5810 5900 5720 17106
2016.01.08   5870 5810 5870 5780 18058
2016.01.11   5850 5770 5860 5770 5819
2016.01.12   5830 5770 5880 5770 4788
2016.01.13   5840 5780 5840 5780 5688
2016.01.14   5800 5840 5850 5700 6356
2016.01.15   5750 5810 5820 5750 3530
2016.01.18   5700 5710 5740 5650 12533
2016.01.19   5690 5610 5730 5610 18716
2016.01.20   5790 5690 5880 5630 12382
2016.01.21   5840 5850 5870 5690 8079
2016.01.22   5770 5840 5840 5720 17765
2016.01.25   5850 5770 5850 5690 4171
2016.01.26   5880 5850 5890 5750 9463
2016.01.27   5760 5880 5900 5740 29197
2016.01.28   5910 5760 5910 5760 27041
2016.01.29   5950 5910 5970 5800 17771
2016.02.01   6010 5940 6010 5940 34533
2016.02.02   5920 6020 6020 5860 23854
2016.02.03   5910 5970 5970 5860 5712
2016.02.04   5920 5910 5970 5880 6091
2016.02.05   5860 5920 5920 5860 1783
2016.02.11   5910 5720 5990 5720 25517
2016.02.12   5900 5880 5940 5710 12263
2016.02.15   5870 5940 5940 5850 5879
2016.02.16   5840 5870 5920 5840 1782
2016.02.17   5910 5840 5930 5810 4520
2016.02.18   5860 5910 5960 5860 5730
2016.02.19   5890 5860 5900 5850 2004
2016.02.22   5900 5900 5900 5800 14985
2016.02.23   5970 5900 5980 5840 13647
2016.02.24   5970 6010 6010 5910 1259
2016.02.25   5790 6000 6000 5790 17026
2016.02.26   5850 5800 5910 5780 6830
2016.02.29   5850 5810 5850 5780 6851
2016.03.02   5860 5850 5900 5790 8931
2016.03.03   5900 5850 5900 5760 7884
2016.03.04   5870 5890 5900 5790 2360
2016.03.07   5550 5920 5920 5510 51496
2016.03.08   5630 5610 5850 5530 26236
2016.03.09   5570 5600 5800 5550 48470
2016.03.10   5600 5600 5600 5540 18081
2016.03.11   5600 5600 5600 5560 9291
2016.03.14   5530 5600 5600 5520 20583
2016.03.15   5500 5530 5560 5480 25852
2016.03.16   5470 5500 5500 5450 13341
2016.03.17   5450 5470 5470 5400 22096
2016.03.18   5410 5450 5450 5390 14740
2016.03.21   5380 5450 5450 5270 63107
2016.03.22   5430 5380 5430 5250 49716
2016.03.23   5440 5430 5700 5280 65999
2016.03.24   5320 5350 5450 5310 36160
2016.03.25   5390 5320 5410 5320 4295
2016.03.28   5420 5390 5430 5350 19203
2016.03.29   5390 5450 5490 5340 13016
2016.03.30   5340 5350 5380 5320 39583
2016.03.31   5350 5380 5380 5170 52167
2016.04.01   5280 5270 5350 5170 77285
2016.04.04   5270 5280 5280 5200 5215
2016.04.05   5280 5270 5300 5190 4379
2016.04.06   5270 5250 5290 5220 8484
2016.04.07   5270 5270 5300 5210 13121
2016.04.08   5280 5270 5380 5250 21435
2016.04.11   5320 5300 5650 5280 40274
2016.04.12   5340 5320 5360 5280 29863
2016.04.14   5250 5350 5360 5220 55647
2016.04.15   5310 5250 5310 5210 15673
2016.04.18   5320 5330 5470 5300 13524
2016.04.19   5490 5290 5520 5290 50022
2016.04.20   5800 5490 6900 5450 1719247
2016.04.21   5890 5800 6370 5750 732549
2016.04.22   5830 5900 6040 5700 266668
2016.04.25   5890 5790 6000 5650 171906
2016.04.26   5750 5820 5940 5730 73630
2016.04.27   5720 5750 5850 5670 53988
2016.04.28   5670 5780 5830 5640 41666
2016.04.29   5620 5720 5770 5560 45794
2016.05.02   5450 5700 5740 5450 46675
2016.05.03   5520 5450 5620 5450 25743
2016.05.04   5480 5420 5580 5380 60474
2016.05.09   5370 5490 5560 5360 50367
2016.05.10   5430 5510 5530 5420 26193
2016.05.11   5650 5480 5840 5470 69162
2016.05.12   5620 5690 5740 5570 42066
2016.05.13   5650 5620 5720 5580 22306
2016.05.16   5580 5580 5700 5560 28220
2016.05.17   5500 5640 5670 5480 29780
2016.05.18   5440 5500 5520 5380 27723
2016.05.19   5430 5440 5500 5360 15890
2016.05.20   5460 5370 5480 5370 24116
2016.05.23   5410 5460 5470 5410 17534
2016.05.24   5470 5340 5670 5340 34911
2016.05.25   5370 5470 5500 5250 35223
2016.05.26   5460 5330 5460 5330 13366
2016.05.27   5430 5460 5520 5390 19298
2016.05.30   5420 5340 5440 5210 36419
2016.05.31   5330 5350 5620 5330 14141
2016.06.01   5400 5330 5410 5280 22507
2016.06.02   5440 5400 5490 5360 26257
2016.06.03   5390 5500 5600 5350 16821
2016.06.07   5390 5340 5410 5330 28651
2016.06.08   5360 5410 5410 5300 26583
2016.06.09   5320 5310 5360 5290 25821
2016.06.10   5330 5320 5370 5270 31705
2016.06.13   5290 5330 5330 5250 15846
2016.06.14   5310 5250 5330 5210 9702
2016.06.15   5370 5270 5380 5230 8389
2016.06.16   5370 5370 5420 5300 21462
2016.06.17   5400 5410 5450 5350 15112
2016.06.20   5500 5360 5510 5360 27043
2016.06.21   5530 5500 5550 5440 13141
2016.06.22   5500 5530 5550 5480 10452
2016.06.23   5520 5500 5630 5460 14451
2016.06.24   5360 5470 5520 5250 41511
2016.06.27   5310 5360 5360 5190 11365
2016.06.28   5300 5310 5340 5170 18244
2016.06.29   5470 5300 5500 5300 14098
2016.06.30   5580 5500 5580 5470 13173
2016.07.01   5470 5580 5580 5470 9529
2016.07.04   5400 5530 5530 5300 39163
2016.07.05   5390 5400 5420 5340 7006
2016.07.06   5410 5390 5410 5320 16354
2016.07.07   5380 5410 5420 5380 7350
2016.07.08   5380 5380 5410 5320 7241
2016.07.11   5350 5390 5390 5300 18845
2016.07.12   5480 5350 5530 5300 36977
2016.07.13   5400 5520 5520 5370 19153
2016.07.14   5430 5360 5470 5360 12597
2016.07.15   5440 5460 5460 5380 14570
2016.07.18   5520 5450 5540 5350 33787
2016.07.19   5440 5550 5550 5440 25312
2016.07.20   5440 5420 5500 5370 9533
2016.07.21   5460 5390 5490 5390 27623
2016.07.22   5470 5480 5490 5390 17920
2016.07.25   5470 5470 5490 5420 15619
2016.07.26   5470 5450 5600 5430 39104
2016.07.27   5500 5470 5510 5460 43819
2016.07.28   5470 5540 5540 5400 51610
2016.07.29   5490 5520 5520 5450 18338
2016.08.01   5480 5530 5530 5460 26288
2016.08.02   5550 5480 5670 5480 257935
2016.08.03   6090 5550 6450 5550 1825417
2016.08.04   6350 6330 6460 5930 774242
2016.08.05   6130 6370 6570 6050 525510
2016.08.08   6120 6260 6430 6020 450867
2016.08.09   5980 6180 6800 5890 2602421
2016.08.10   6300 6570 7600 6150 5913919
2016.08.11   6080 6170 6320 5950 719779
2016.08.12   6180 6020 6270 6000 339555
2016.08.16   5960 6120 6270 5960 324709
2016.08.17   6050 5960 6250 5910 272900
2016.08.18   6000 6090 6230 6000 225572
2016.08.19   6000 5960 6100 5940 155661
2016.08.22   5870 6010 6080 5870 159086
2016.08.23   5840 5890 5910 5700 136129
2016.08.24   5970 5860 6020 5750 113883
2016.08.25   5760 5900 5970 5760 90912
2016.08.26   5680 5700 5820 5660 86923
2016.08.29   5550 5680 5740 5550 106679
2016.08.30   5680 5510 5780 5510 69823
2016.08.31   5620 5680 5720 5580 48437
2016.09.01   5710 5610 5720 5570 46751
2016.09.02   5730 5710 5790 5610 85633
2016.09.05   5820 5740 5870 5690 91763
2016.09.06   5750 5820 5820 5750 43998
2016.09.07   5760 5790 5830 5650 65897
2016.09.08   5650 5740 5800 5590 109009
2016.09.09   5690 5600 5980 5600 186303
2016.09.12   6100 5620 6180 5610 286361
2016.09.13   6000 6010 6090 5960 117901
2016.09.19   6150 6000 6280 6000 165219
2016.09.20   6250 6210 6250 6020 123228
2016.09.21   6120 6110 6230 6100 60734
2016.09.22   6180 6130 6380 6120 136955
2016.09.23   6270 6220 6440 6210 113491
2016.09.26   6390 6190 6490 6100 99712
2016.09.27   6130 6470 6470 6110 98710
2016.09.28   6250 6110 6250 6030 73174
2016.09.29   6270 6280 6370 6180 63455
2016.09.30   6010 6190 6250 6010 67946
2016.10.04   6010 6010 6150 5990 39337
2016.10.05   6180 6000 6180 5970 22352
2016.10.06   6090 6150 6220 6010 23234
2016.10.07   6050 6140 6140 6000 20417
2016.10.10   6060 6120 6120 5990 24205
2016.10.11   5980 6040 6190 5910 27423
2016.10.12   6090 5980 6090 5860 37014
2016.10.13   6080 6100 6160 6020 30773
2016.10.14   5970 6040 6080 5920 30080
2016.10.17   5950 5970 6000 5880 30476
2016.10.18   5870 5930 5950 5840 44617
2016.10.19   5930 6060 6150 5930 74047
2016.10.20   5880 5950 5960 5830 29302
2016.10.21   5790 5880 5900 5780 28129
2016.10.24   5730 5750 5800 5700 38079
2016.10.25   5890 5730 5970 5670 40636
2016.10.26   5900 5890 6010 5710 60115
2016.10.27   5900 5900 5960 5810 19723
2016.10.28   6100 5930 6230 5900 189884
2016.10.31   5940 6140 6150 5800 64810
2016.11.01   5800 5940 6040 5680 129667
2016.11.02   5630 5800 5820 5510 87412
2016.11.03   5630 5550 5720 5550 24968
2016.11.04   5650 5630 5720 5580 16802
2016.11.07   5650 5660 5750 5540 52127
2016.11.08   5740 5670 5800 5600 28097
2016.11.09   5460 5800 5970 5250 157365
2016.11.10   5840 5590 5940 5580 89720
2016.11.11   5940 5840 6000 5800 49094
2016.11.14   5960 6000 6000 5890 21993
2016.11.15   5910 5900 6000 5840 20456
2016.11.16   5970 5840 5970 5820 20211
2016.11.17   5920 5970 5970 5830 25387
2016.11.18   5820 5920 6000 5700 30063
2016.11.21   5870 5710 5870 5710 20404
2016.11.22   5910 5810 5940 5800 21504
2016.11.23   5850 5940 6020 5710 44506
2016.11.24   5790 5840 5930 5680 20392
2016.11.25   5920 5790 5950 5710 28905
2016.11.28   5720 5860 6020 5720 62590
2016.11.29   5940 5720 6000 5680 34497
2016.11.30   6000 5970 6000 5820 34999
2016.12.01   5980 6000 6000 5890 31927
2016.12.02   6070 5940 6160 5940 95904
2016.12.05   6020 6200 6200 5970 54567
2016.12.06   6100 6280 6280 6100 37400
2016.12.07   5930 6140 6140 5930 23543
2016.12.08   5930 5930 6010 5810 47589
2016.12.09   5940 5930 5950 5800 30973
2016.12.12   5940 5940 5960 5860 16170
2016.12.13   5910 5940 6060 5880 19988
2016.12.14   5810 5850 5920 5800 25635
2016.12.15   5800 5810 5910 5780 24709
2016.12.16   5900 5820 5950 5800 14435
2016.12.19   5990 6180 6180 5800 14336
2016.12.20   5920 5990 6050 5870 11731
2016.12.21   5850 5860 5930 5830 33997
2016.12.22   5830 5850 5900 5830 5547
2016.12.23   5800 5830 5890 5730 33524
2016.12.26   5710 5700 5860 5700 39839
2016.12.27   5720 5830 5830 5700 24568
2016.12.28   5750 5780 6250 5700 27263
2016.12.29   5620 5740 5740 5590 43735
2017.01.02   5840 5840 5870 5710 20834
2017.01.03   5810 5860 5890 5750 12806
2017.01.04   5760 5840 5840 5720 11458
2017.01.05   5760 5780 5800 5700 15992
2017.01.06   5720 5780 5780 5670 12389
2017.01.09   5870 5760 5870 5720 25374
2017.01.10   5890 5870 5890 5790 28041
2017.01.11   5890 5870 5900 5830 13888
2017.01.12   5800 5840 5920 5760 17661
2017.01.13   5930 5800 5980 5740 42458
2017.01.16   5850 5930 5950 5850 19292
2017.01.17   5880 5850 5910 5770 15929
2017.01.18   5890 5870 5930 5820 18945
2017.01.19   5800 5920 5920 5750 12828
2017.01.20   5760 5760 5790 5700 17538
2017.01.23   5860 5760 5950 5760 18448
2017.01.24   5810 5730 5840 5730 14495
2017.01.25   5840 5860 5920 5760 21131
2017.01.26   5840 5860 5860 5740 16874
2017.01.31   5910 5840 5980 5780 41033
2017.02.01   5920 5910 5970 5860 20089
2017.02.02   5990 5950 6020 5840 69232
2017.02.03   5920 5980 6010 5850 53180
2017.02.06   5950 5920 5950 5890 16220
2017.02.07   6000 5980 6150 5950 72369
2017.02.08   5990 6050 6050 5900 33266
2017.02.09   6060 5990 6190 5930 57421
2017.02.10   6030 6080 6100 5990 19455
2017.02.13   5910 6030 6070 5900 27532
2017.02.14   5840 5910 5920 5830 28193
2017.02.15   5850 5870 5930 5840 18765
2017.02.16   5760 5940 5940 5760 25307
2017.02.17   5800 5760 5880 5740 18423
2017.02.20   5890 5880 5930 5780 16259
2017.02.21   5820 5880 5880 5770 15841
2017.02.22   5850 5820 5850 5770 13753
2017.02.23   5810 5800 5950 5760 37162
2017.02.24   5760 5810 5850 5740 24697
2017.02.27   5730 5760 5790 5720 37413
2017.02.28   5770 5720 6050 5720 77797
2017.03.02   5690 5820 5820 5680 43410
2017.03.03   5680 5740 5740 5600 41271
2017.03.06   5700 5560 5720 5560 18938
2017.03.07   5820 5680 5900 5660 19579
2017.03.08   5770 5820 5870 5750 19886
2017.03.09   5680 5800 5860 5650 27843
2017.03.10   5880 5680 6240 5680 148423
2017.03.13   5960 5890 6210 5890 126303
2017.03.14   6140 5960 6200 5940 99079
2017.03.15   6000 6140 6140 6000 31221
2017.03.16   6020 6010 6060 5910 20953
2017.03.17   5900 6070 6070 5900 18308
2017.03.20   5950 5900 5960 5860 12204
2017.03.21   5870 5890 6110 5870 8200
2017.03.22   5810 5870 5980 5810 17892
2017.03.23   5740 5820 5880 5650 75785
2017.03.24   5670 5740 5780 5670 20747
2017.03.27   5780 5680 5810 5670 26540
2017.03.28   5910 5840 6060 5840 60560
2017.03.29   5900 5910 5920 5830 20240
2017.03.30   5850 5920 5920 5800 19700
2017.03.31   6000 5900 6060 5850 38127
2017.04.03   5980 6020 6030 5950 18621
2017.04.04   5900 5940 6030 5840 34771
2017.04.05   6010 5950 6010 5850 49750
2017.04.06   5830 5900 6000 5820 33456
2017.04.07   5980 5870 6450 5780 270453
2017.04.10   6050 5980 6070 5860 68201
2017.04.11   5950 5970 6100 5890 36553
2017.04.12   6000 5950 6100 5900 67755
2017.04.13   6060 6060 6200 6000 43191
2017.04.14   5920 6100 6100 5910 24254
2017.04.17   6020 6000 6100 5940 28533
2017.04.18   7030 6040 7450 6010 7512887
2017.04.19   6470 6830 8150 6290 10673770
2017.04.20   6200 6470 6670 6160 1227888
2017.04.21   6160 6350 6500 6100 785402
2017.04.24   6160 6110 6310 6070 349795
2017.04.25   6100 6120 6160 6090 187670
2017.04.26   5980 6150 6150 5950 252202
2017.04.27   6010 6010 6140 5980 152454
2017.04.28   6100 6030 6160 5990 143999
2017.05.02   6010 6140 6190 6010 83514
2017.05.04   6040 6000 6140 6000 63249
2017.05.08   6040 6050 6090 5990 71171
2017.05.10   7450 6100 7800 6060 7208970
2017.05.11   6740 7220 7290 6660 2193065
2017.05.12   7290 6830 8000 6670 8162608
2017.05.15   8100 7130 8660 7100 9751433
2017.05.16   7740 8030 8280 7680 1972229
2017.05.17   7270 8050 8800 7250 6668888
2017.05.18   7380 7450 7980 7050 2864493
2017.05.19   7090 7440 7460 6990 1118616
2017.05.22   7150 7000 7380 6950 1040404
2017.05.23   7550 7110 8110 7010 4044859
2017.05.24   7350 7580 7920 7230 1421472
2017.05.25   7580 7650 7720 7320 970420
2017.05.26   7270 7790 7870 7060 1336689
2017.05.29   8440 7200 9250 7140 10345284
2017.05.30   8650 9180 9950 8410 9597310
2017.05.31   8650 8680 9430 8090 8083016
2017.06.01   7510 8190 8410 7450 2413031
2017.06.02   7200 7410 7680 7110 2000943
2017.06.05   6880 7200 7380 6850 783181
2017.06.07   6960 6940 7360 6930 854532
2017.06.08   6730 6960 7080 6700 690058
2017.06.09   6900 6850 7050 6770 549112
2017.06.12   6840 6960 7110 6820 306344
2017.06.13   6760 6900 6910 6670 329583
2017.06.14   6850 6810 7030 6710 362688
2017.06.15   6850 6800 6980 6780 203477
2017.06.16   6790 6850 6930 6780 164978
2017.06.19   6600 6750 6780 6590 291418
2017.06.20   6400 6560 6640 6340 252406
2017.06.21   6400 6370 6490 6280 199392
2017.06.22   6470 6410 6560 6370 206633
2017.06.23   6620 6450 6810 6450 295750
2017.06.26   6570 6630 6720 6530 125171
2017.06.27   6590 6600 6700 6560 88995
2017.06.28   6550 6580 6650 6540 74355
2017.06.29   6560 6550 6660 6490 86332
2017.06.30   6400 6560 6570 6400 120788
2017.07.03   6490 6400 6520 6390 104011
2017.07.04   6470 6490 6550 6410 100894
2017.07.05   6660 6440 6740 6440 165153
2017.07.06   6730 6660 6750 6620 93832
2017.07.07   6760 6680 6780 6630 129762
2017.07.10   6750 6750 6850 6690 115065
2017.07.11   6730 6720 6800 6660 79922
2017.07.12   6630 6700 6780 6580 129810
2017.07.13   6550 6630 6650 6500 76084
2017.07.14   6450 6500 6610 6450 103256
2017.07.17   6650 6450 6650 6450 57071
2017.07.18   6640 6580 6690 6570 58889
2017.07.19   6720 6620 6750 6580 90208
2017.07.20   6710 6800 6800 6650 82419
2017.07.21   6740 6680 6750 6650 71062
2017.07.24   6780 6780 6780 6620 112864
2017.07.25   6520 6710 6740 6520 124710
2017.07.26   6460 6530 6600 6420 98435
2017.07.27   6370 6500 6540 6340 123860
2017.07.28   6430 6310 6480 6280 102659
2017.07.31   6480 6480 6540 6320 64112
2017.08.01   6620 6450 6630 6450 70461
2017.08.02   6600 6640 6640 6520 58550
2017.08.03   6440 6610 6620 6410 77985
2017.08.04   6460 6370 6520 6350 52177
2017.08.07   6670 6460 6720 6390 145822
2017.08.08   6640 6670 6700 6570 65749
2017.08.09   6640 6620 6700 6570 123420
2017.08.10   6660 6670 6770 6590 156588
2017.08.11  6450 6580 6640 6370 87555
2017.08.14  6560 6520 6610 6490 88976
2017.08.16  6700 6560 6730 6530 118373
2017.08.17  6920 6800 7060 6760 365280
2017.08.18  6910 6830 7100 6800 152146
2017.08.21  6980 6950 7050 6850 104474
2017.08.22  6950 6990 7050 6890 77941
2017.08.23  6840 6970 6970 6780 96555
2017.08.24  6760 6840 6860 6690 188385
2017.08.25  6900 7060 7440 6900 604893
