2009.04.17   9890 8600 9890 8600 3002435
2009.04.20   8410 8710 9600 8410 977352
2009.04.21   7150 7150 7150 7150 36702
2009.04.22   7060 6800 7530 6650 3791095
2009.04.23   6700 7060 7190 6590 1021800
2009.04.24   6790 6850 7400 6670 1208635
2009.04.27   5780 6860 7000 5780 1346498
2009.04.28   5180 5870 5910 4930 1733362
2009.04.29   5950 5200 5950 5020 1446939
2009.04.30   6150 5950 6420 5700 2364516
2009.05.04   6150 6400 6550 6140 1109158
2009.05.06   6200 6160 6550 5920 1487339
2009.05.07   6500 6370 6970 6300 1546765
2009.05.08   6700 6700 6820 6530 603098
2009.05.11   6490 6750 6760 6480 374511
2009.05.12   6300 6350 6500 6150 457519
2009.05.13   6660 6410 6700 6300 410976
2009.05.14   6700 6420 6810 6400 418634
2009.05.15   7060 6900 7460 6820 1009692
2009.05.18   7260 7100 7260 6850 330518
2009.05.19   8340 7530 8340 7530 830550
2009.05.20   9590 8700 9590 8400 1895362
2009.05.21   9560 10000 10800 9200 1959885
2009.05.22   9350 9550 10350 9230 1440213
2009.05.25   10700 9570 10750 8880 3488345
2009.05.26   9800 10850 11350 9420 1542274
2009.05.27   9800 10150 10500 9620 751793
2009.05.28   9000 9670 9910 8500 623435
2009.05.29   9670 9180 9860 8860 482343
2009.06.01   11100 9720 11100 9530 1021410
2009.06.02   11100 11750 12250 10700 1069702
2009.06.03   11400 11100 11400 10700 648131
2009.06.04   9950 11350 11500 9950 463435
2009.06.05   9790 10150 10250 9350 322616
2009.06.08   10000 9870 10350 9450 325252
2009.06.09   9700 10050 10250 9480 191622
2009.06.10   9890 9700 10250 9560 289198
2009.06.11   9930 9900 10250 9730 179575
2009.06.12   9760 10100 10350 9600 369200
2009.06.15   9420 9630 9840 9100 242112
2009.06.16   9450 9280 9480 9180 154408
2009.06.17   9600 9440 9700 9390 107519
2009.06.18   9270 9620 9940 9250 156396
2009.06.19   9450 9300 9550 9060 120288
2009.06.22   9710 9460 9710 9350 100993
2009.06.23   9010 9490 9490 8520 210500
2009.06.24   9200 9200 9200 8520 159767
2009.06.25   9450 9200 9510 9020 90951
2009.06.26   9450 9500 9540 9320 68543
2009.06.29   9000 9530 9530 9000 58699
2009.06.30   9100 9010 9290 8550 103001
2009.07.01   9000 8930 9350 8840 56591
2009.07.02   8830 9190 9190 8590 171788
2009.07.03   8530 8550 8670 8410 194872
2009.07.06   8520 8530 8670 8120 172417
2009.07.07   8520 8680 8680 8390 42070
2009.07.08   8050 8400 8470 8030 149139
2009.07.09   8300 8160 8800 8120 230038
2009.07.10   7780 8300 8400 7390 312194
2009.07.13   8000 7620 8000 7440 186919
2009.07.14   8170 8500 8590 8080 342484
2009.07.15   8170 8170 8430 8150 86950
2009.07.16   7900 8250 8380 7610 180144
2009.07.17   7640 7900 7900 7600 94737
2009.07.20   7920 7700 7920 7660 90713
2009.07.21   7940 7930 8080 7800 60125
2009.07.22   8400 8000 8570 7960 217025
2009.07.23   8700 8410 8750 8200 106756
2009.07.24   8520 8800 8800 8520 85869
2009.07.27   8610 8600 8690 8450 106956
2009.07.28   8650 8700 8800 8470 63783
2009.07.29   8550 8650 8720 8340 130478
2009.07.30   8320 8600 8600 8220 116624
2009.07.31   8320 8350 8560 8220 130255
2009.08.03   8460 8480 8610 8370 230080
2009.08.04   8370 8660 8660 8300 97998
2009.08.05   8430 8330 8540 8280 59295
2009.08.06   8290 8500 8670 8270 327463
2009.08.07   8050 8410 8420 8020 130349
2009.08.10   8040 8030 8160 7900 150673
2009.08.11   7960 7940 8100 7920 102698
2009.08.12   8010 7960 8070 7850 66180
2009.08.13   8200 8110 8240 7990 144914
2009.08.14   8050 8170 8260 8020 69225
2009.08.17   7510 8020 8080 7510 68242
2009.08.18   7490 7530 7650 7220 101506
2009.08.19   7420 7500 7510 7210 110253
2009.08.20   7700 7420 7700 7270 73123
2009.08.21   7700 7640 7740 7500 49825
2009.08.24   7430 7700 7740 7330 90378
2009.08.25   7250 7420 7420 6940 156674
2009.08.26   7450 7190 7450 7050 97646
2009.08.27   7360 7380 7430 7220 50473
2009.08.28   7250 7310 7380 7150 56064
2009.08.31   7790 7260 7900 7200 171674
2009.09.01   7750 7710 7790 7570 69618
2009.09.02   7860 7640 7930 7540 78666
2009.09.03   8140 7920 8150 7800 105446
2009.09.04   8010 8190 8190 7850 44363
2009.09.07   7960 7960 8150 7750 27457
2009.09.08   7540 7960 8040 7480 134035
2009.09.09   6800 7540 7540 6800 159417
2009.09.10   6900 6860 7100 6750 54595
2009.09.11   6890 6950 7100 6880 43807
2009.09.14   6950 6950 7160 6890 28641
2009.09.15   6960 7080 7080 6870 33085
2009.09.16   7080 7020 7340 6950 53613
2009.09.17   7190 7170 7220 6970 53659
2009.09.18   7100 7220 7390 7080 89862
2009.09.21   7470 7220 7510 7100 88003
2009.09.22   8000 7650 8110 7500 337915
2009.09.23   8250 8020 8420 7720 410865
2009.09.24   8220 8320 8590 8150 508578
2009.09.25   8020 8300 8420 7890 112312
2009.09.28   7670 7950 8000 7520 87046
2009.09.29   7670 7910 7910 7540 52635
2009.09.30   7500 7560 7750 7400 34587
2009.10.01   7000 7350 7470 7000 109611
2009.10.05   6800 6850 7040 6600 60863
2009.10.06   6900 6890 6970 6800 63977
2009.10.07   6980 7000 7160 6880 24009
2009.10.08   7380 7280 7390 7020 36348
2009.10.09   7540 7510 7760 7430 56360
2009.10.12   7400 7540 7590 7400 20487
2009.10.13   7450 7450 7450 7110 41950
2009.10.14   7600 7420 7650 7290 33659
2009.10.15   7690 7700 7720 7440 27699
2009.10.16   7800 7700 8090 7630 108245
2009.10.19   7810 7980 7980 7580 35244
2009.10.20   7800 7890 7920 7600 23967
2009.10.21   7790 7780 7800 7600 19217
2009.10.22   7450 7750 7750 7450 16320
2009.10.23   7600 7520 7640 7320 26289
2009.10.26   7480 7520 7690 7410 19855
2009.10.27   7360 7540 7540 7110 36318
2009.10.28   7140 7250 7360 6920 50568
2009.10.29   6860 7000 7070 6840 34319
2009.10.30   7000 6830 7080 6830 21101
2009.11.02   6860 7000 7000 6730 16919
2009.11.03   6860 6780 6900 6740 21512
2009.11.04   6880 6860 6970 6830 22178
2009.11.05   6780 7000 7150 6780 137158
2009.11.06   6600 6990 6990 6600 132614
2009.11.09   6400 6600 6670 6240 192500
2009.11.10   5870 6270 6380 5870 262666
2009.11.11   5880 5950 6140 5830 100245
2009.11.12   5700 5870 5990 5690 116478
2009.11.13   5480 5730 5850 5470 297574
2009.11.16   5490 5540 5550 5410 93393
2009.11.17   5730 5490 5840 5490 183889
2009.11.18   5970 5800 5970 5700 130215
2009.11.19   6170 6090 6340 6080 296260
2009.11.20   6230 6200 6230 6030 132084
2009.11.23   6000 6220 6240 5930 124006
2009.11.24   6000 6000 6080 5870 62635
2009.11.25   6000 6050 6060 5880 66492
2009.11.26   6400 6060 6800 6000 413382
2009.11.27   6250 6200 6550 6110 175815
2009.11.30   6450 6500 6690 6370 167958
2009.12.01   6460 6450 6590 6280 87013
2009.12.02   6610 6590 6650 6480 113743
2009.12.03   6640 6620 6700 6480 103455
2009.12.04   6580 6640 6640 6460 113226
2009.12.07   6500 6670 6670 6410 66366
2009.12.08   6450 6420 6550 6250 79437
2009.12.09   6590 6430 6860 6390 402160
2009.12.10   6390 6550 6640 6390 98657
2009.12.11   6480 6480 6510 6330 87303
2009.12.14   6920 6480 6930 6420 220109
2009.12.15   7050 6920 7120 6750 215970
2009.12.16   7380 7140 7490 7020 318414
2009.12.17   7300 7350 7440 7180 132004
2009.12.18   7300 7350 7570 7250 182660
2009.12.21   7190 7280 7280 7050 169340
2009.12.22   7280 7240 7470 7130 149297
2009.12.23   7900 7550 7950 7400 1151919
2009.12.24   7990 7910 8100 7730 393669
2009.12.28   8500 9180 9180 8500 1394115
2009.12.29   7800 8200 8230 7630 526311
2009.12.30   8100 7850 8150 7500 213000
2010.01.04   8110 8190 8400 7900 245493
2010.01.05   7700 8100 8180 7550 325433
2010.01.06   7570 7750 7990 7460 316200
2010.01.07   7530 7600 7760 7450 217536
2010.01.08   8030 7700 8030 7650 315580
2010.01.11   8100 8040 8500 8010 383677
2010.01.12   8000 7940 8070 7890 155567
2010.01.13   8000 8100 8390 7950 239149
2010.01.14   8220 8080 8240 7980 139752
2010.01.15   8300 8210 8450 8140 140732
2010.01.18   8690 8320 9300 8280 833311
2010.01.19   8460 8830 8860 8440 217448
2010.01.20   8350 8590 8670 8200 194079
2010.01.21   8460 8200 8480 8130 100413
2010.01.22   8280 8230 8640 8160 107386
2010.01.25   7750 8280 8340 7230 141565
2010.01.26   7270 7760 7900 7230 153693
2010.01.27   7350 7340 7750 7290 86731
2010.01.28   7550 7300 7600 7300 48494
2010.01.29   6950 7310 7490 6840 111140
2010.02.01   6900 6860 7050 6800 61334
2010.02.02   6920 6950 7140 6910 51965
2010.02.03   7050 6980 7120 6980 42974
2010.02.04   7100 7050 7100 6950 62124
2010.02.05   6600 6650 6890 6600 72893
2010.02.08   6250 6700 6700 6210 80060
2010.02.09   6250 6420 6420 6010 132286
2010.02.10   6400 6300 6540 6250 54491
2010.02.11   6620 6400 6630 6400 32795
2010.02.12   6710 6770 6770 6600 32364
2010.02.16   6660 6740 6770 6650 48340
2010.02.17   6860 6730 7100 6710 99339
2010.02.18   6710 6860 6980 6710 31032
2010.02.19   6400 6640 6780 6320 78622
2010.02.22   6530 6520 6630 6500 29267
2010.02.23   6750 6560 6800 6560 26078
2010.02.24   6870 6740 6880 6600 16488
2010.02.25   6700 6900 7000 6660 38867
2010.02.26   6670 6700 6880 6640 13976
2010.03.02   6630 6700 6880 6630 15762
2010.03.03   6770 6650 6950 6650 66390
2010.03.04   6570 6730 6870 6520 99623
2010.03.05   6590 6680 6680 6580 32329
2010.03.08   6700 6670 6780 6660 16661
2010.03.09   6860 6780 6980 6720 71010
2010.03.10   7010 6860 7050 6770 54700
2010.03.11   6980 6910 7090 6910 51683
2010.03.12   7060 7060 7290 6950 72921
2010.03.15   7200 6950 7210 6900 96717
2010.03.16   7060 7260 7280 6900 64406
2010.03.17   6960 7060 7110 6900 30883
2010.03.18   6950 6970 7020 6930 36010
2010.03.19   7100 6930 7110 6930 45806
2010.03.22   7030 7060 7100 6950 26304
2010.03.23   7200 7100 7200 7050 42534
2010.03.24   7000 7300 7300 6900 59009
2010.03.25   7000 7060 7060 6920 28760
2010.03.26   7000 7000 7050 6930 21213
2010.03.29   6840 6960 7000 6810 33503
2010.03.30   6790 6920 6920 6660 46400
2010.03.31   6750 6650 6870 6650 21712
2010.04.01   6850 6700 6900 6650 28010
2010.04.02   6650 6800 6880 6610 40976
2010.04.05   6400 6660 6700 6050 28967
2010.04.06   6400 6300 6570 6300 21789
2010.04.07   6440 6360 6530 6340 41368
2010.04.08   6350 6440 6480 6340 25530
2010.04.09   6320 6360 6400 6280 40461
2010.04.12   6250 6370 6370 6210 25836
2010.04.13   6320 6250 6550 6250 48916
2010.04.14   6280 6490 6490 6210 38731
2010.04.15   6200 6270 6310 6170 48421
2010.04.16   6090 6200 6340 6070 63243
2010.04.19   5960 6050 6110 5960 50427
2010.04.20   6010 5910 6070 5910 35866
2010.04.21   6190 6010 6190 6010 32868
2010.04.22   6190 6170 6270 6110 45745
2010.04.23   6130 6190 6240 6130 16668
2010.04.26   6030 6200 6200 6010 34679
2010.04.27   5940 5940 6120 5930 94001
2010.04.28   5640 5930 5930 5640 90334
2010.04.29   5730 5810 5850 5640 39012
2010.04.30   5700 5750 5900 5700 39580
2010.05.03   5610 5650 5700 5540 42044
2010.05.04   5660 5630 5790 5630 20382
2010.05.06   5650 5490 5650 5460 27988
2010.05.07   5440 5470 5500 5300 33548
2010.05.10   5560 5410 5590 5410 17274
2010.05.11   5530 5620 5700 5500 24989
2010.05.12   5430 5590 5630 5350 29701
2010.05.13   5600 5430 5640 5430 49783
2010.05.14   5460 5500 5640 5400 32129
2010.05.17   5050 5400 5410 5050 81210
2010.05.18   5100 5050 5200 5050 30505
2010.05.19   5110 5000 5150 4900 22859
2010.05.20   5000 5130 5130 4520 49563
2010.05.24   4790 4740 4995 4715 23176
2010.05.25   4350 4560 4630 4075 71634
2010.05.26   4360 4350 4690 4305 39456
2010.05.27   4515 4360 4550 4290 41524
2010.05.28   4495 4660 4660 4495 27744
2010.05.31   4650 4495 4770 4495 27303
2010.06.01   4935 4710 5010 4650 68319
2010.06.03   4890 4940 5140 4860 18468
2010.06.04   4885 4985 4985 4710 35759
2010.06.07   4565 4710 4820 4535 24714
2010.06.08   4600 4600 4675 4525 28679
2010.06.09   4685 4675 4770 4600 37971
2010.06.10   4845 4700 5090 4700 56442
2010.06.11   4870 4940 4960 4870 31148
2010.06.14   4880 4900 4935 4870 20590
2010.06.15   4870 4880 4980 4855 46402
2010.06.16   4795 4910 4970 4795 18250
2010.06.17   4710 4795 4900 4710 14074
2010.06.18   4605 4750 4795 4540 29876
2010.06.21   4610 4615 4730 4580 11080
2010.06.22   4600 4610 4690 4550 58066
2010.06.23   4625 4650 4790 4585 33018
2010.06.24   4600 4585 4740 4585 10806
2010.06.25   4590 4500 4670 4500 15482
2010.06.28   4660 4590 4690 4590 7078
2010.06.29   4605 4660 4690 4560 27687
2010.06.30   4500 4400 4605 4400 20246
2010.07.01   4525 4500 4600 4450 21265
2010.07.02   4310 4660 5200 4310 883364
2010.07.05   4355 4345 4450 4290 90636
2010.07.06   4200 4355 4355 4150 74864
2010.07.07   4265 4180 4280 4100 39850
2010.07.08   4300 4230 4395 4230 13967
2010.07.09   4275 4400 4400 4225 26619
2010.07.12   4200 4300 4300 4200 16999
2010.07.13   4250 4205 4380 4200 35063
2010.07.14   4235 4280 4350 4200 48344
2010.07.15   4240 4340 4345 4190 77052
2010.07.16   4235 4230 4320 4205 54764
2010.07.19   4145 4210 4235 4110 59564
2010.07.20   4150 4145 4180 4085 48708
2010.07.21   4150 4230 4230 4120 30940
2010.07.22   4000 4150 4190 3965 53776
2010.07.23   4000 4055 4095 3980 58516
2010.07.26   3845 4005 4005 3795 146634
2010.07.27   3700 3855 3900 3650 153341
2010.07.28   3750 3715 3845 3715 74183
2010.07.29   3830 3730 4020 3730 101141
2010.07.30   3840 3905 3905 3750 29599
2010.08.02   3775 3780 3890 3760 27364
2010.08.03   3780 3775 3810 3760 22057
2010.08.04   3705 3770 3835 3650 29623
2010.08.05   3700 3600 3790 3600 19853
2010.08.06   3700 3660 3770 3655 7237
2010.08.09   3830 3705 3915 3700 29999
2010.08.10   3850 3790 3870 3775 19489
2010.08.11   3780 3850 3850 3750 30612
2010.08.12   3770 3750 3800 3680 30539
2010.08.13   3860 3775 3910 3775 36140
2010.08.16   3760 3845 3940 3680 45937
2010.08.17   3680 3820 3820 3670 41783
2010.08.18   3605 3685 3735 3600 42220
2010.08.19   3700 3610 3735 3610 31515
2010.08.20   3750 3750 3810 3640 24090
2010.08.23   3750 3800 3810 3740 12721
2010.08.24   3815 3720 3815 3680 59737
2010.08.25   3670 3775 3780 3670 18300
2010.08.26   3745 3650 3745 3575 67414
2010.08.27   3830 4200 4290 3810 349849
2010.08.30   3680 3840 3880 3650 60166
2010.08.31   3490 3600 3645 3440 87374
2010.09.01   3435 3495 3545 3420 39025
2010.09.02   3330 3470 3490 3320 57907
2010.09.03   3405 3330 3425 3300 44160
2010.09.06   3435 3420 3520 3420 70533
2010.09.07   3465 3470 3530 3370 25172
2010.09.08   3350 3425 3490 3295 40507
2010.09.09   3390 3350 3425 3345 10861
2010.09.10   3500 3545 3685 3410 90590
2010.09.13   3515 3500 3555 3445 28483
2010.09.14   3430 3585 3585 3340 32523
2010.09.15   3460 3430 3500 3425 10576
2010.09.16   3495 3495 3540 3460 21477
2010.09.17   3550 3495 3735 3495 147404
2010.09.20   3630 3550 3700 3500 46349
2010.09.24   3615 3630 3700 3585 39021
2010.09.27   3540 3620 3665 3530 31694
2010.09.28   3450 3540 3570 3450 30157
2010.09.29   3440 3450 3490 3390 40712
2010.09.30   3405 3395 3500 3395 25064
2010.10.01   3630 3405 3685 3405 100302
2010.10.04   3715 3700 3800 3635 63206
2010.10.05   3695 3725 3725 3620 24011
2010.10.06   3790 3720 3815 3695 42508
2010.10.07   3900 3810 4110 3775 198676
2010.10.08   3940 3950 3950 3810 34886
2010.10.11   3885 4040 4040 3870 21786
2010.10.12   3720 3845 3980 3650 51993
2010.10.13   3785 3775 3885 3720 32664
2010.10.14   3855 3800 3940 3800 45141
2010.10.15   3810 3860 3930 3810 30022
2010.10.18   3915 3815 3970 3765 43816
2010.10.19   4145 3930 4375 3930 253814
2010.10.20   4300 4145 4430 4110 185224
2010.10.21   4250 4300 4370 4175 70753
2010.10.22   4390 4190 4395 4165 80672
2010.10.25   4575 4470 4800 4400 235786
2010.10.26   4600 4650 4745 4515 69366
2010.10.27   4340 4650 4700 4340 123695
2010.10.28   4220 4340 4380 4205 42116
2010.10.29   4200 4220 4300 4070 68602
2010.11.01   4275 4170 4280 4150 27600
2010.11.02   4430 4275 4525 4210 74646
2010.11.03   4400 4430 4570 4315 28737
2010.11.04   4250 4485 4485 4250 23628
2010.11.05   4150 4345 4390 4115 42486
2010.11.08   3935 4125 4200 3935 57375
2010.11.09   3905 3950 4120 3870 78891
2010.11.10   3925 3900 4030 3890 39260
2010.11.11   3930 3955 3955 3850 29246
2010.11.12   3680 3870 3930 3600 68312
2010.11.15   3530 3695 3695 3140 62641
2010.11.16   3400 3405 3495 3380 19726
2010.11.17   3410 3350 3420 3215 35691
2010.11.18   3295 3370 3450 3290 83058
2010.11.19   3490 3330 3525 3300 88146
2010.11.22   3480 3450 3525 3440 48520
2010.11.23   3500 3500 3645 3480 70775
2010.11.24   3350 3235 3445 3150 30158
2010.11.25   3420 3360 3470 3360 16790
2010.11.26   3450 3325 3595 3325 44571
2010.11.29   3505 3405 3520 3405 9742
2010.11.30   3525 3505 3590 3485 44292
2010.12.01   3505 3435 3550 3435 25332
2010.12.02   3590 3555 3845 3520 199795
2010.12.03   3520 3600 3700 3520 35952
2010.12.06   3315 3500 3595 3315 49366
2010.12.07   3330 3310 3400 3280 37995
2010.12.08   3330 3330 3450 3300 14910
2010.12.09   3375 3330 3400 3300 6145
2010.12.10   3425 3375 3495 3375 12066
2010.12.13   3495 3425 3535 3425 11547
2010.12.14   3490 3410 3555 3410 28671
2010.12.15   3500 3480 3530 3405 16876
2010.12.16   3600 3565 3680 3500 52196
2010.12.17   3655 3580 3880 3580 64658
2010.12.20   3530 3680 3680 3470 34059
2010.12.21   3620 3530 3700 3530 7739
2010.12.22   3660 3740 3740 3620 10374
2010.12.23   3630 3565 3730 3565 15341
2010.12.24   3615 3615 3660 3500 17207
2010.12.27   3535 3550 3650 3530 13708
2010.12.28   3560 3535 3635 3490 11126
2010.12.29   3675 3515 3700 3510 9807
2010.12.30   3665 3620 3695 3600 14791
2011.01.03   3750 3665 3810 3650 30176
2011.01.04   3840 3800 3875 3750 27572
2011.01.05   3830 3950 3950 3830 20580
2011.01.06   3800 3950 3950 3750 21944
2011.01.07   3795 3880 3885 3710 15179
2011.01.10   3840 3840 3915 3815 28781
2011.01.11   4055 3865 4100 3865 108768
2011.01.12   4095 4100 4200 4050 43894
2011.01.13   4105 4145 4190 4055 37713
2011.01.14   4080 4145 4145 4020 36046
2011.01.17   4110 4080 4275 3980 106294
2011.01.18   4060 4100 4165 3980 34508
2011.01.19   4050 4135 4135 4010 12431
2011.01.20   3880 3970 4050 3870 64917
2011.01.21   3800 3805 3880 3750 44438
2011.01.24   3710 3915 3915 3680 36928
2011.01.25   3765 3710 3800 3630 33915
2011.01.26   3760 3610 3820 3610 16169
2011.01.27   3765 3760 3810 3695 23559
2011.01.28   3710 3700 3765 3630 27293
2011.01.31   3615 3615 3710 3575 55678
2011.02.01   3595 3615 3665 3540 16534
2011.02.07   3650 3595 3685 3595 13058
2011.02.08   3595 3615 3700 3580 16910
2011.02.09   3410 3635 3635 3335 37641
2011.02.10   3380 3410 3440 3300 39452
2011.02.11   3300 3400 3420 3300 20449
2011.02.14   3300 3370 3370 3200 37300
2011.02.15   3155 3160 3260 3145 27283
2011.02.16   3070 3100 3150 2990 50474
2011.02.17   3040 3065 3130 3000 24667
2011.02.18   3145 3110 3160 3020 21987
2011.02.21   3170 3175 3200 3110 37817
2011.02.22   3095 3140 3245 3060 23075
2011.02.23   3170 3035 3190 3030 9563
2011.02.24   3120 3170 3200 3060 30528
2011.02.25   3080 3135 3135 2990 13293
2011.02.28   3060 3080 3145 3000 21769
2011.03.02   3020 3030 3060 2950 37051
2011.03.03   2985 2980 3040 2950 26979
2011.03.04   3180 2985 3180 2980 19889
2011.03.07   3100 3180 3185 3095 20647
2011.03.08   3140 3100 3185 3070 11644
2011.03.09   3135 3150 3190 3070 19316
2011.03.10   3220 3145 3275 3130 48735
2011.03.11   3280 3220 3295 3170 17315
2011.03.14   3280 3210 3280 3000 45007
2011.03.15   3120 3280 3295 2900 88261
2011.03.16   3165 3090 3175 3090 19299
2011.03.17   3225 3290 3290 3075 27313
2011.03.18   3305 3300 3350 3200 44674
2011.03.21   3400 3265 3450 3250 44029
2011.03.22   3455 3460 3485 3350 27050
2011.03.23   3470 3495 3495 3405 12852
2011.03.24   3505 3550 3550 3435 16773
2011.03.25   3475 3545 3545 3410 23178
2011.03.28   3465 3490 3515 3350 25325
2011.03.29   3485 3460 3485 3400 20684
2011.03.30   3560 3600 3600 3500 44734
2011.03.31   3545 3600 3600 3500 13824
2011.04.01   3580 3540 3605 3485 23653
2011.04.04   3480 3640 3640 3480 45273
2011.04.05   3500 3590 3590 3450 29033
2011.04.06   3580 3500 3600 3475 30599
2011.04.07   3745 3540 3800 3540 83276
2011.04.08   3700 3740 3790 3655 28228
2011.04.11   3695 3700 3780 3575 24792
2011.04.12   3675 3790 3790 3610 30791
2011.04.13   3720 3645 3725 3610 35941
2011.04.14   3730 3710 3740 3680 9914
2011.04.15   3835 3700 3930 3670 71136
2011.04.18   3840 3900 3900 3780 48375
2011.04.19   3735 3850 3900 3530 57205
2011.04.20   3840 3840 3845 3700 46490
2011.04.21   4045 3895 4135 3770 111409
2011.04.22   4030 4000 4100 3975 25723
2011.04.25   4060 4030 4100 3980 29731
2011.04.26   3960 4065 4065 3950 27170
2011.04.27   3850 4000 4000 3850 35121
2011.04.28   3600 3805 3810 3600 64523
2011.04.29   3605 3600 3700 3405 18484
2011.05.02   3635 3535 3645 3500 15913
2011.05.03   3655 3635 3655 3560 4105
2011.05.04   3610 3650 3660 3550 5059
2011.05.06   3500 3665 3665 3500 8354
2011.05.09   3525 3505 3545 3450 7141
2011.05.11   3490 3525 3595 3460 7245
2011.05.12   3325 3490 3490 3300 17951
2011.05.13   3170 3320 3320 3145 36539
2011.05.16   3200 3140 3205 3130 11895
2011.05.17   3200 3140 3270 3140 10081
2011.05.18   3450 3250 3660 3200 107846
2011.05.19   3490 3500 3650 3390 22862
2011.05.20   3510 3400 3535 3380 25367
2011.05.23   3400 3480 3585 3400 4959
2011.05.24   3295 3375 3595 3240 10130
2011.05.25   3335 3280 3410 3260 5082
2011.05.26   3400 3400 3400 3300 3106
2011.05.27   3390 3445 3445 3300 9216
2011.05.30   3470 3490 3640 3390 17529
2011.05.31   3510 3600 3600 3460 4684
2011.06.01   3510 3450 3570 3450 7668
2011.06.02   3400 3400 3510 3000 19819
2011.06.03   3450 3490 3490 3325 3317
2011.06.07   3415 3495 3495 3290 2914
2011.06.08   3225 3290 3345 3155 27612
2011.06.09   3160 3225 3225 3105 16391
2011.06.10   3190 3195 3260 3120 7572
2011.06.13   3215 3160 3345 3120 2135
2011.06.14   3120 3270 3270 3050 13986
2011.06.15   3050 3200 3200 3020 10005
2011.06.16   2970 3000 3050 2920 18397
2011.06.17   2900 2970 3170 2900 11159
2011.06.20   2920 2850 3155 2850 7913
2011.06.21   2960 2910 3090 2910 5545
2011.06.22   3015 2975 3040 2960 12470
2011.06.23   2980 3015 3015 2925 4477
2011.06.24   3075 2945 3080 2945 15417
2011.06.27   3145 3010 3165 3010 2591
2011.06.28   3140 3100 3190 3090 2894
2011.06.29   3090 3100 3190 2710 11353
2011.06.30   3135 3090 3145 3000 10708
2011.07.01   3075 3135 3135 3010 6492
2011.07.04   3080 3025 3100 3020 5546
2011.07.05   3100 3070 3195 3025 6030
2011.07.06   3100 3095 3105 3050 4333
2011.07.07   3055 3065 3145 3005 16083
2011.07.08   3000 3055 3120 2990 13490
2011.07.11   2850 3000 3000 2800 35287
2011.07.12   2815 2815 2850 2750 21463
2011.07.13   2830 2810 2835 2765 13918
2011.07.14   2840 2830 2890 2770 18784
2011.07.15   2875 2850 2930 2840 8924
2011.07.18   3065 2870 3085 2860 49385
2011.07.19   3080 3095 3095 2995 15794
2011.07.20   2990 3090 3090 2955 37374
2011.07.21   2960 3015 3015 2900 24691
2011.07.22   2990 2960 3095 2925 9522
2011.07.25   2990 2990 3050 2990 29552
2011.07.26   3000 3000 3065 2985 28052
2011.07.27   3020 2960 3050 2960 22555
2011.07.28   2960 2925 3020 2920 303415
2011.07.29   3050 3015 3060 2960 22735
2011.08.01   3005 3070 3070 3000 17634
2011.08.02   3015 3010 3060 2970 13074
2011.08.03   2940 2955 3010 2875 15741
2011.08.04   2930 2940 3000 2880 15019
2011.08.05   2750 2800 2880 2600 15212
2011.08.08   2445 2750 2750 2380 51307
2011.08.09   2100 2100 2235 2080 108623
2011.08.10   2230 2185 2285 2145 25019
2011.08.11   2245 2100 2300 2010 16253
2011.08.12   2285 2270 2350 2215 22201
2011.08.16   2325 2305 2450 2305 8391
2011.08.17   2330 2300 2400 2225 18643
2011.08.18   2320 2360 2550 2250 85361
2011.08.19   2100 2245 2245 2050 53806
2011.08.22   2020 2100 2100 2020 23597
2011.08.23   2100 2025 2100 2020 20280
2011.08.24   2055 2130 2140 2055 13134
2011.08.25   2050 2130 2130 2050 10343
2011.08.26   2025 2000 2140 2000 7671
2011.08.29   2045 2045 2100 2020 6760
2011.08.30   2040 2050 2095 2030 22543
2011.08.31   2050 2050 2100 2000 24113
2011.09.01   2055 2050 2130 2040 33960
2011.09.02   2055 2045 2080 2020 8407
2011.09.05   2360 2055 2360 2055 324216
2011.09.06   2300 2460 2680 2100 461281
2011.09.07   2540 2375 2610 2250 149390
2011.09.08   2480 2555 2565 2310 63118
2011.09.09   2540 2490 2800 2480 72538
2011.09.14   2580 2580 2750 2365 39950
2011.09.15   2595 2680 2680 2430 110384
2011.09.16   2695 2850 2945 2600 234540
2011.09.19   2650 2690 2730 2500 84650
2011.09.20   2590 2560 2645 2470 101919
2011.09.21   2380 2570 2665 2380 58526
2011.09.22   2390 2310 2500 2150 102034
2011.09.23   2360 2300 2375 2150 20464
2011.09.26   2165 2390 2390 2045 52247
2011.09.27   2150 2280 2280 2120 36516
2011.09.28   2130 2230 2230 2130 23796
2011.09.29   2105 2050 2220 2050 40713
2011.09.30   2005 2100 2105 2000 76868
2011.10.04   1880 1900 2100 1835 26236
2011.10.05   1600 1880 2010 1600 187073
2011.10.06   1550 1510 1665 1510 268989
2011.10.07   1780 1610 1780 1590 271162
2011.10.10   1895 1855 1895 1755 155947
2011.10.11   1910 1925 1995 1830 126452
2011.10.12   2045 1880 2075 1865 127709
2011.10.13   2160 2045 2190 1980 76091
2011.10.14   2145 2160 2250 2035 39501
2011.10.17   2000 2180 2185 1990 102008
2011.10.18   1935 1975 2020 1900 31976
2011.10.19   1935 1935 2025 1790 47237
2011.10.20   1905 1925 1980 1900 31278
2011.10.21   1910 1965 2025 1870 14764
2011.10.24   1915 1915 2030 1880 78191
2011.10.25   1920 1915 1980 1900 30019
2011.10.26   2040 1950 2090 1920 69914
2011.10.27   2200 2000 2235 2000 36472
2011.10.28   2270 2200 2300 2180 51641
2011.10.31   2410 2290 2440 2205 97263
2011.11.01   2550 2390 2770 2385 194902
2011.11.02   2555 2560 2650 2355 113483
2011.11.03   2505 2620 2620 2410 28587
2011.11.04   2515 2500 2690 2460 13694
2011.11.07   2420 2460 2620 2420 24082
2011.11.08   2530 2420 2580 2370 80960
2011.11.09   2495 2635 2635 2440 15420
2011.11.10   2250 2460 2460 2250 48697
2011.11.11   2440 2305 2480 2220 53211
2011.11.14   2575 2700 2740 2520 136372
2011.11.15   2530 2690 2690 2510 61135
2011.11.16   2530 2595 2635 2475 102997
2011.11.17   2595 2590 2600 2500 78977
2011.11.18   2595 2600 2600 2530 22668
2011.11.21   2700 2725 2725 2545 68656
2011.11.22   2880 2700 2950 2615 137423
2011.11.23   2900 2960 2985 2845 31651
2011.11.24   2850 2975 2975 2675 47680
2011.11.25   2750 2930 2930 2660 24843
2011.11.28   2765 2910 2910 2720 6547
2011.11.29   2860 2820 2930 2765 33239
2011.11.30   2885 2935 2935 2705 24114
2011.12.01   2900 2910 3070 2800 143710
2011.12.02   2975 3015 3015 2820 31649
2011.12.05   2995 3050 3050 2935 24177
2011.12.06   3020 3050 3075 2940 24413
2011.12.07   3040 3040 3050 2930 44065
2011.12.08   3045 3150 3150 2970 21914
2011.12.09   3015 3045 3045 2945 6455
2011.12.12   3020 3165 3165 2970 17512
2011.12.13   2980 3035 3035 2885 19779
2011.12.14   2875 2995 3000 2725 15855
2011.12.15   2825 2980 2980 2700 19422
2011.12.16   2980 2880 3000 2740 57251
2011.12.19   2870 3050 3050 2545 33173
2011.12.20   2895 2935 2935 2710 524
2011.12.21   2940 3035 3035 2490 24111
2011.12.22   2790 2820 2930 2700 20458
2011.12.23   2895 2855 3015 2745 92621
2011.12.26   2895 2970 2970 2825 1042
2011.12.27   2840 2970 2970 2780 15077
2011.12.28   2835 2900 2900 2650 13116
2011.12.29   2915 2800 2930 2755 19298
2012.01.02   2980 3040 3040 2850 849
2012.01.03   2865 2880 3000 2830 72109
2012.01.04   2800 2925 2925 2750 19480
2012.01.05   2915 2940 2940 2710 64236
2012.01.06   2795 2860 2945 2750 40354
2012.01.09   2695 2800 2800 2615 31856
2012.01.10   2690 2645 2745 2615 39952
2012.01.11   2675 2700 2700 2630 13167
2012.01.12   2770 2675 2790 2630 24263
2012.01.13   2825 2800 2825 2745 24457
2012.01.16   2800 2870 2870 2745 3612
2012.01.17   2760 2750 2835 2700 15461
2012.01.18   2720 2795 2835 2690 21620
2012.01.19   2725 2720 2815 2660 19085
2012.01.20   2675 2710 2745 2515 30725
2012.01.25   2670 2735 2735 2590 18662
2012.01.26   2660 2760 2760 2565 23603
2012.01.27   2660 2695 2715 2600 22025
2012.01.30   2630 2705 2705 2570 16552
2012.01.31   2650 2670 2670 2595 25621
2012.02.01   2725 2610 2765 2610 22381
2012.02.02   2730 2780 2780 2690 35555
2012.02.03   2850 2750 2880 2685 45411
2012.02.06   2850 2870 2930 2770 30544
2012.02.07   2800 2880 2935 2800 15749
2012.02.08   2860 2800 2925 2730 17902
2012.02.09   2925 2930 2930 2820 39092
2012.02.10   3360 2950 3360 2830 221897
2012.02.13   3500 3600 3665 3405 265269
2012.02.14   3560 3500 3570 3395 95771
2012.02.15   3500 3560 3560 3450 66871
2012.02.16   3400 3535 3535 3375 65529
2012.02.17   3550 3350 3600 3330 103985
2012.02.20   3760 3560 4065 3560 299545
2012.02.21   3790 3760 3865 3600 52940
2012.02.22   3750 3790 3790 3605 50862
2012.02.23   3750 3850 3850 3605 17602
2012.02.24   3870 4050 4050 3665 61800
2012.02.27   3800 4000 4000 3760 24084
2012.02.28   3835 3800 3865 3670 24631
2012.02.29   3770 3865 3870 3670 23419
2012.03.02   3600 3790 3790 3590 35430
2012.03.05   3495 3740 3740 3380 44602
2012.03.06   3650 3495 3750 3370 32248
2012.03.07   3620 3490 3650 3490 6707
2012.03.08   3795 3650 3865 3560 22924
2012.03.09   3690 3795 3795 3625 24182
2012.03.12   3700 3680 3730 3610 4005
2012.03.13   3575 3700 3700 3500 11321
2012.03.14   3585 3740 3740 3500 5946
2012.03.15   3480 3620 3620 3300 49181
2012.03.16   3300 3560 3560 3300 38167
2012.03.19   3275 3310 3365 3180 27648
2012.03.20   3335 3280 3490 3170 62631
2012.03.21   3375 3340 3380 3255 13296
2012.03.22   3250 3380 3380 3185 57793
2012.03.23   3360 3280 3390 3230 14066
2012.03.26   3325 3370 3380 3270 4468
2012.03.27   3310 3375 3375 3185 11341
2012.03.28   3280 3215 3440 3210 14548
2012.03.29   3250 3345 3345 3205 5908
2012.03.30   3220 3290 3290 3145 8680
2012.04.02   3190 3400 3400 3125 8749
2012.04.03   3180 3190 3225 3075 31700
2012.04.04   3180 3180 3290 3125 1440
2012.04.05   3235 3250 3250 3140 5332
2012.04.06   3205 3235 3300 3140 5437
2012.04.09   3245 3160 3310 3135 7283
2012.04.10   3250 3245 3345 3105 10631
2012.04.12   3275 3300 3300 3145 9077
2012.04.13   3215 3345 3345 3020 12251
2012.04.16   3215 3295 3300 3170 9692
2012.04.17   3270 3295 3300 3145 9480
2012.04.18   3270 3270 3300 3170 31000
2012.04.19   3130 3255 3295 3085 36084
2012.04.20   3150 3130 3190 3100 13198
2012.04.23   3105 3200 3200 3065 24052
2012.04.24   3110 3115 3115 2975 17247
2012.04.25   3065 3120 3155 2985 27905
2012.04.26   2990 3125 3145 2890 19332
2012.04.27   2970 2880 2995 2860 24008
2012.04.30   2910 3110 3150 2910 12240
2012.05.02   2985 2915 2990 2800 14516
2012.05.03   3070 3115 3115 2985 3894
2012.05.04   3180 3230 3280 3085 26743
2012.05.07   3245 3180 3250 3100 29716
2012.05.08   3315 3295 3380 3180 10214
2012.05.09   3310 3315 3315 3250 1169
2012.05.10   3280 3310 3310 3135 11429
2012.05.11   3280 3350 3350 3175 2685
2012.05.14   3100 3340 3345 3100 10158
2012.05.15   3150 3195 3195 3005 7022
2012.05.16   3105 3080 3150 2975 10324
2012.05.17   3010 3105 3105 2945 6895
2012.05.18   2880 3005 3185 2790 5972
2012.05.21   2680 2905 2905 2580 44762
2012.05.22   2675 2680 2695 2590 46414
2012.05.23   2650 2680 2720 2595 6042
2012.05.24   2650 2650 2710 2585 6696
2012.05.25   2620 2870 2870 2550 9279
2012.05.29   2660 2625 2725 2530 12897
2012.05.30   2535 2605 2820 2475 20851
2012.05.31   2510 2500 2525 2335 29005
2012.06.01   2375 2450 2495 2300 94001
2012.06.04   2110 2305 2365 2110 21492
2012.06.05   2080 2145 2195 2070 49110
2012.06.07   2150 2165 2165 2075 55875
2012.06.08   2130 2120 2210 2110 12707
2012.06.11   2130 2130 2195 2100 21263
2012.06.12   2115 2095 2125 2030 5242
2012.06.13   2080 2080 2120 2030 47135
2012.06.14   2055 2105 2105 2010 14791
2012.06.15   2050 2075 2075 2010 19876
2012.06.18   2050 2050 2135 2030 48330
2012.06.19   2150 2065 2300 2035 121309
2012.06.20   2215 2155 2460 2155 98142
2012.06.21   2260 2230 2310 2220 50010
2012.06.22   2260 2220 2285 2200 26199
2012.06.25   2400 2310 2450 2265 41001
2012.06.26   2390 2390 2495 2320 33931
2012.06.27   2315 2440 2440 2280 45816
2012.06.28   2310 2320 2325 2240 17338
2012.06.29   2295 2255 2300 2255 13810
2012.07.02   2360 2300 2405 2300 21206
2012.07.03   2350 2360 2450 2310 48431
2012.07.04   2365 2380 2435 2330 35956
2012.07.05   2415 2350 2415 2350 46373
2012.07.06   2445 2385 2470 2370 22213
2012.07.09   2545 2420 2750 2420 49395
2012.07.10   2530 2580 2785 2420 73478
2012.07.11   2460 2500 2540 2395 37078
2012.07.12   2400 2485 2485 2325 68228
2012.07.13   2360 2400 2450 2265 171884
2012.07.16   2380 2355 2390 2335 27164
2012.07.17   2320 2385 2385 2270 27911
2012.07.18   2250 2320 2360 2125 11748
2012.07.19   2275 2205 2295 2205 21202
2012.07.20   2220 2205 2290 2200 38831
2012.07.23   2385 2240 2455 2160 62887
2012.07.24   2375 2385 2390 2260 10159
2012.07.25   2160 2370 2370 2160 66267
2012.07.26   2180 2260 2260 2065 23599
2012.07.27   2315 2280 2315 2155 20349
2012.07.30   2340 2310 2435 2235 21334
2012.07.31   2390 2410 2410 2350 556
2012.08.01   2380 2480 2490 2230 1223
2012.08.02   2315 2400 2400 2260 6164
2012.08.03   2325 2395 2395 2205 5771
2012.08.06   2295 2320 2340 2200 25849
2012.08.07   2250 2250 2275 2220 4831
2012.08.08   2225 2250 2300 2190 1486
2012.08.09   2200 2225 2250 2150 12065
2012.08.10   2195 2200 2235 2145 14909
2012.08.13   2230 2195 2290 2195 2263
2012.08.14   2250 2230 2290 2190 6709
2012.08.16   2140 2170 2230 2115 24889
2012.08.17   2145 2115 2175 2115 23484
2012.08.20   2180 2155 2220 2135 33536
2012.08.21   2140 2210 2210 2095 60704
2012.08.22   2120 2100 2140 2080 25835
2012.08.23   2100 2085 2130 2060 25030
2012.08.24   2100 2100 2100 2060 11670
2012.08.27   2100 2100 2100 2035 17632
2012.08.28   2095 2080 2145 2045 32714
2012.08.29   2070 2100 2130 2030 43364
2012.08.30   2010 2070 2110 2010 50339
2012.08.31   1980 2005 2050 1945 35025
2012.09.03   2005 1995 2025 1925 29399
2012.09.04   2115 1960 2140 1960 37546
2012.09.05   2115 2110 2180 2050 7568
2012.09.06   2230 2125 2305 2070 105985
2012.09.07   2235 2230 2320 2170 6387
2012.09.10   2220 2330 2330 2200 29072
2012.09.11   2175 2220 2250 2120 28089
2012.09.12   2200 2200 2240 2175 38692
2012.09.13   2250 2200 2260 2130 40830
2012.09.14   2285 2215 2290 2215 32049
2012.09.17   2250 2285 2290 2190 10070
2012.09.18   2245 2245 2255 2160 39804
2012.09.19   2235 2285 2315 2210 36093
2012.09.20   2300 2250 2300 2220 15796
2012.09.21   2255 2300 2300 2205 29421
2012.09.24   2230 2270 2270 2220 31264
2012.09.25   2195 2235 2275 2195 21434
2012.09.26   2370 2200 2370 2200 90941
2012.09.27   2410 2350 2470 2290 93890
2012.09.28   2460 2430 2530 2320 37226
2012.10.02   2480 2450 2555 2385 29764
2012.10.04   2500 2480 2500 2435 20128
2012.10.05   2580 2530 2580 2460 71917
2012.10.08   2675 2630 2695 2570 84617
2012.10.09   2675 2675 2735 2645 61286
2012.10.10   2550 2630 2740 2495 46233
2012.10.11   2545 2520 2620 2510 26189
2012.10.12   2555 2575 2585 2480 11995
2012.10.15   2605 2590 2730 2450 13024
2012.10.16   2670 2605 2690 2595 16909
2012.10.17   2680 2740 2750 2595 9051
2012.10.18   2690 2680 2740 2530 7492
2012.10.19   2685 2690 2690 2560 22282
2012.10.22   2550 2750 2750 2550 5111
2012.10.23   2545 2605 2730 2495 30671
2012.10.24   2525 2555 2570 2420 14513
2012.10.25   2525 2455 2570 2455 4867
2012.10.26   2315 2525 2580 2305 34695
2012.10.29   2305 2315 2390 2240 16841
2012.10.30   2340 2260 2365 2230 6258
2012.10.31   2320 2340 2340 2240 6301
2012.11.01   2365 2320 2420 2280 8955
2012.11.02   2395 2425 2425 2335 3372
2012.11.05   2420 2400 2425 2320 5104
2012.11.06   2420 2435 2435 2365 6503
2012.11.07   2430 2445 2445 2380 13201
2012.11.08   2480 2430 2485 2330 5331
2012.11.09   2500 2475 2515 2435 11341
2012.11.12   2510 2530 2530 2450 8948
2012.11.13   2470 2535 2535 2380 9316
2012.11.14   2490 2550 2550 2400 5760
2012.11.15   2510 2540 2540 2405 1241
2012.11.16   2410 2500 2530 2370 11602
2012.11.19   2385 2440 2440 2345 5242
2012.11.20   2220 2380 2410 2165 40891
2012.11.21   2160 2220 2250 2140 91275
2012.11.22   2190 2195 2215 2140 26495
2012.11.23   2150 2155 2200 2100 19781
2012.11.26   2150 2190 2190 2060 7170
2012.11.27   2185 2150 2210 2095 27279
2012.11.28   2185 2220 2230 2120 2560
2012.11.29   2190 2225 2225 2140 5649
2012.11.30   2330 2240 2350 2195 26556
2012.12.03   2435 2365 2440 2225 88481
2012.12.04   2485 2465 2600 2350 32572
2012.12.05   2555 2530 2555 2450 38131
2012.12.06   2795 2540 2845 2520 123030
2012.12.07   2800 2840 2840 2690 21303
2012.12.10   2750 2665 2810 2665 37701
2012.12.11   2780 2700 2795 2685 17695
2012.12.12   2850 2800 2850 2650 29189
2012.12.13   2960 2875 2970 2775 33138
2012.12.14   3000 3095 3100 2935 25393
2012.12.17   3080 3000 3180 3000 22408
2012.12.18   3030 3080 3180 2965 14823
2012.12.20   3030 3030 3150 2960 6166
2012.12.21   2960 3030 3140 2870 14887
2012.12.24   2990 2960 3010 2845 17261
2012.12.26   3000 3045 3180 2865 7187
2012.12.27   3075 3095 3095 2910 20750
2012.12.28   3140 3140 3140 3015 8480
2013.01.02   3155 3140 3190 3070 9318
2013.01.03   3090 3190 3190 3010 20971
2013.01.04   3085 3090 3100 2930 30088
2013.01.07   3085 3060 3190 3000 1590
2013.01.08   3085 3060 3100 3015 485
2013.01.09   3075 3070 3145 2990 17772
2013.01.10   2940 3065 3140 2890 24042
2013.01.11   2875 2940 3080 2760 37542
2013.01.14   2835 2920 2930 2795 11724
2013.01.15   2835 2830 2920 2795 3085
2013.01.16   2835 2835 2835 2745 10897
2013.01.17   2865 2810 3135 2800 2464
2013.01.18   2860 2875 2875 2795 1469
2013.01.21   2740 2860 2980 2740 12777
2013.01.22   2670 2740 2755 2570 32849
2013.01.23   2675 2670 2705 2575 18989
2013.01.24   2845 2570 3075 2570 63099
2013.01.25   2840 2845 3020 2745 16720
2013.01.28   2835 2840 2980 2775 5788
2013.01.29   2830 2845 2990 2705 2543
2013.01.30   2760 2830 2880 2705 15021
2013.01.31   2700 2790 2880 2660 5307
2013.02.01   2770 2785 2890 2685 12282
2013.02.04   2770 2775 2985 2710 19992
2013.02.05   2625 2760 2770 2580 21590
2013.02.06   2795 2625 2795 2570 39753
2013.02.07   2805 2790 2830 2690 11755
2013.02.08   2805 2805 2825 2720 8857
2013.02.12   2820 2790 2915 2730 14529
2013.02.13   2800 2810 2895 2730 14425
2013.02.14   2705 2775 2860 2620 23395
2013.02.15   2820 2675 2820 2655 20395
2013.02.18   2845 2820 2890 2765 9504
2013.02.19   2845 2845 2880 2760 2011
2013.02.20   2795 2880 2880 2750 8266
2013.02.21   2760 2750 2830 2735 18115
2013.02.22   2585 2750 2840 2575 45063
2013.02.25   2575 2610 2690 2575 8064
2013.02.26   2860 2645 2960 2630 477724
2013.02.27   2840 2830 2860 2730 123431
2013.02.28   2895 2840 2935 2790 62926
2013.03.04   2960 2900 3055 2850 77433
2013.03.05   2965 2930 3025 2900 33307
2013.03.06   2860 2965 3035 2600 53292
2013.03.07   2825 2815 2865 2740 22646
2013.03.08   2780 2840 2845 2750 19483
2013.03.11   2725 2785 2840 2685 24905
2013.03.12   2740 2695 2775 2680 12641
2013.03.13   2885 2715 2895 2700 51170
2013.03.14   2870 2900 2945 2855 9153
2013.03.15   2945 2850 2965 2850 34563
2013.03.18   2900 2970 2975 2885 22399
2013.03.19   2980 2980 2995 2880 22410
2013.03.20   3000 2960 3055 2960 39506
2013.03.21   2970 3000 3080 2920 23370
2013.03.22   2980 2970 3015 2920 6853
2013.03.25   3005 2970 3010 2930 13065
2013.03.26   3035 3005 3060 2970 28679
2013.03.27   3170 3040 3280 3035 52699
2013.03.28   3150 3400 3595 3150 395150
2013.03.29   3090 3150 3210 3045 78186
2013.04.01   3090 3090 3130 3025 40711
2013.04.02   3095 3060 3145 3050 49858
2013.04.03   3120 3080 3150 3060 73552
2013.04.04   3050 3090 3145 3005 26152
2013.04.05   3030 3070 3155 2910 23515
2013.04.08   2815 3000 3115 2660 47605
2013.04.09   2820 2800 2890 2755 27305
2013.04.10   2940 2885 2975 2805 20140
2013.04.11   2920 2995 2995 2855 21315
2013.04.12   2980 2950 2990 2900 31309
2013.04.15   2935 3040 3040 2880 39160
2013.04.16   2935 2875 2965 2870 9151
2013.04.17   2915 2935 2940 2870 12574
2013.04.18   2940 2920 2950 2885 16161
2013.04.19   2920 2955 2955 2870 8223
2013.04.22   2940 2895 2970 2895 2303
2013.04.23   2965 2940 2970 2880 27888
2013.04.24   3140 2995 3140 2960 153767
2013.04.25   3350 3155 3465 3100 203144
2013.04.26   3385 3350 3450 3300 113583
2013.04.29   3340 3385 3495 3305 166483
2013.04.30   3290 3385 3410 3200 94822
2013.05.02   3265 3285 3285 3205 24918
2013.05.03   3315 3270 3345 3245 33089
2013.05.06   3300 3315 3315 3245 20874
2013.05.07   3350 3295 3385 3280 41225
2013.05.08   3410 3350 3455 3320 84474
2013.05.09   3385 3445 3490 3285 54433
2013.05.10   3595 3385 3675 3355 231245
2013.05.13   3530 3595 3645 3530 77909
2013.05.14   3590 3550 3620 3460 92482
2013.05.15   3540 3620 3675 3535 48613
2013.05.16   3350 3500 3540 3295 167816
2013.05.20   3340 3350 3395 3225 83001
2013.05.21   3370 3340 3370 3300 31721
2013.05.22   3375 3375 3400 3320 40394
2013.05.23   3295 3375 3375 3285 43545
2013.05.24   3315 3290 3340 3210 27814
2013.05.27   3240 3310 3325 3110 74733
2013.05.28   3240 3245 3250 3180 37294
2013.05.29   3255 3255 3350 3230 45249
2013.05.30   3240 3260 3300 3150 80643
2013.05.31   3265 3190 3270 3190 15674
2013.06.03   3105 3260 3260 3105 74882
2013.06.04   2965 3150 3190 2950 46004
2013.06.05   2865 2970 3015 2785 84931
2013.06.07   2700 2850 2895 2670 124545
2013.06.10   2830 2660 2830 2660 46086
2013.06.11   2880 2760 2930 2760 105541
2013.06.12   2980 2840 3000 2840 45599
2013.06.13   2980 2970 3075 2900 31242
2013.06.14   3020 2960 3050 2920 70186
2013.06.17   2945 3020 3080 2885 27932
2013.06.18   2980 3070 3070 2950 15550
2013.06.19   2930 2965 3050 2880 20314
2013.06.20   2940 2900 3030 2700 29870
2013.06.21   2960 2665 2970 2665 24185
2013.06.24   2945 3050 3050 2890 4847
2013.06.25   2850 2945 2945 2745 20235
2013.06.26   2795 2900 2900 2715 33553
2013.06.27   3130 2795 3130 2760 38464
2013.06.28   2975 3075 3075 2870 32404
2013.07.01   2950 2975 3035 2920 28568
2013.07.02   2900 2950 3000 2855 42155
2013.07.03   2810 2895 3000 2810 25647
2013.07.04   2800 2815 2860 2730 46962
2013.07.05   2880 2860 2890 2755 14453
2013.07.08   2840 2880 2935 2780 47438
2013.07.09   2775 2900 2900 2720 75471
2013.07.10   2860 2775 2880 2720 23993
2013.07.11   2925 2850 2960 2790 48089
2013.07.12   2935 2960 2965 2865 36369
2013.07.15   2930 2925 2965 2850 121701
2013.07.16   2850 3010 3045 2800 144411
2013.07.17   2860 2895 2900 2835 36504
2013.07.18   2835 2850 2890 2780 26704
2013.07.19   2800 2860 2860 2750 35886
2013.07.22   2800 2780 2840 2765 74062
2013.07.23   2830 2795 2865 2785 59514
2013.07.24   2820 2810 2870 2790 53299
2013.07.25   2820 2820 2850 2760 53316
2013.07.26   2815 2810 2845 2760 57660
2013.07.29   2795 2825 2885 2790 64510
2013.07.30   2790 2820 2830 2730 51217
2013.07.31   2770 2780 2850 2745 28347
2013.08.01   2775 2790 2850 2750 95557
2013.08.02   2745 2765 2810 2720 39154
2013.08.05   2730 2750 2785 2720 14984
2013.08.06   2760 2745 2795 2720 53549
2013.08.07   2740 2745 2775 2680 34125
2013.08.08   2675 2745 2760 2675 22833
2013.08.09   2645 2635 2700 2635 41150
2013.08.12   2620 2635 2670 2570 32124
2013.08.13   2590 2625 2640 2575 32671
2013.08.14   2790 2615 2790 2600 88445
2013.08.16   2760 2735 2785 2700 19020
2013.08.19   2720 2680 2740 2625 24890
2013.08.20   2645 2715 2930 2610 21627
2013.08.21   2545 2655 2655 2485 46380
2013.08.22   2260 2495 2545 2235 90333
2013.08.23   2340 2280 2340 2260 43391
2013.08.26   2350 2335 2395 2300 19021
2013.08.27   2320 2315 2365 2275 21617
2013.08.28   2285 2290 2345 2250 14143
2013.08.29   2400 2270 2400 2245 38739
2013.08.30   2380 2520 2520 2310 8266
2013.09.02   2425 2365 2515 2365 7571
2013.09.03   2345 2420 2485 2345 4538
2013.09.04   2380 2320 2450 2320 7963
2013.09.05   2355 2390 2390 2325 13662
2013.09.06   2300 2340 2355 2295 9850
2013.09.09   2350 2275 2500 2275 29808
2013.09.10   2325 2340 2380 2300 12105
2013.09.11   2340 2305 2380 2280 18196
2013.09.12   2340 2390 2410 2315 21787
2013.09.13   2335 2345 2375 2300 13511
2013.09.16   2315 2335 2355 2285 15076
2013.09.17   2280 2295 2325 2230 54273
2013.09.23   2255 2275 2315 2220 42536
2013.09.24   2255 2240 2280 2210 27009
2013.09.25   2225 2255 2260 2205 29846
2013.09.26   2230 2240 2240 2200 17481
2013.09.27   2200 2220 2245 2175 28701
2013.09.30   2200 2200 2230 2165 16293
2013.10.01   2165 2200 2200 2120 43025
2013.10.02   2185 2140 2225 2130 15959
2013.10.04   2180 2150 2200 2110 17522
2013.10.07   2150 2170 2180 2115 18284
2013.10.08   2125 2140 2190 2035 89425
2013.10.10   2085 2090 2150 2050 68942
2013.10.11   2150 2090 2150 2065 104513
2013.10.14   2240 2150 2270 2130 46957
2013.10.15   2210 2265 2270 2180 32674
2013.10.16   2170 2190 2265 2135 33011
2013.10.17   2125 2160 2225 2110 14537
2013.10.18   2130 2120 2175 2100 8637
2013.10.21   2125 2135 2140 2085 28771
2013.10.22   2105 2140 2150 2085 8860
2013.10.23   2060 2110 2110 2015 56880
2013.10.24   2060 2030 2085 2025 25747
2013.10.25   2060 2045 2115 2020 62893
2013.10.28   2065 2050 2095 2040 21033
2013.10.29   2065 2060 2075 2025 16400
2013.10.30   2100 2065 2115 2045 23050
2013.10.31   2090 2110 2115 2050 9723
2013.11.01   2080 2105 2110 2040 15438
2013.11.04   2010 2050 2080 2000 74781
2013.11.05   2015 2015 2110 2005 87721
2013.11.06   2020 2040 2050 2010 13745
2013.11.07   2010 2030 2045 1965 22428
2013.11.08   1960 1975 2005 1920 25120
2013.11.11   1945 1980 1985 1930 6215
2013.11.12   1825 2100 2100 1815 132635
2013.11.13   1770 1825 1850 1740 52122
2013.11.14   1790 1775 1815 1730 27951
2013.11.15   1800 1785 1865 1760 22260
2013.11.18   1815 1790 1830 1790 9268
2013.11.19   1785 1810 1835 1740 11217
2013.11.20   1750 1740 1785 1680 35628
2013.11.21   1750 1705 1750 1680 13425
2013.11.22   1745 1755 1760 1690 6728
2013.11.25   1745 1780 1780 1710 8222
2013.11.26   1740 1740 1745 1690 28591
2013.11.27   1755 1740 1820 1690 65404
2013.11.28   1810 1745 1820 1745 21904
2013.11.29   1870 1800 1955 1800 39854
2013.12.02   1870 1870 1905 1850 12496
2013.12.03   1850 1865 1895 1810 7205
2013.12.04   1845 1850 1880 1815 11127
2013.12.05   1870 1845 1910 1805 6707
2013.12.06   1895 1880 1940 1860 11323
2013.12.09   1880 1905 1925 1830 10229
2013.12.10   1810 1870 1900 1750 18911
2013.12.11   1805 1780 1820 1750 8395
2013.12.12   1760 1805 1810 1730 29639
2013.12.13   1750 1735 1770 1700 20978
2013.12.16   1785 1750 1790 1720 13211
2013.12.17   1740 1745 1785 1740 44615
2013.12.18   1775 1775 1785 1740 10954
2013.12.19   1805 1820 1985 1755 110411
2013.12.20   1905 1810 1950 1810 60527
2013.12.23   1925 1905 1950 1835 17789
2013.12.24   2025 1960 2180 1910 226538
2013.12.26   2030 2075 2220 2020 213619
2013.12.27   1920 2015 2015 1920 41543
2013.12.30   1945 1905 1955 1890 36257
2014.01.02   1975 1935 2020 1920 22097
2014.01.03   2030 2000 2215 1945 130559
2014.01.06   2000 2080 2080 1970 30215
2014.01.07   2000 2000 2050 1950 27445
2014.01.08   2130 2025 2250 2025 400192
2014.01.09   2115 2135 2170 2090 29623
2014.01.10   2115 2125 2185 2060 38666
2014.01.13   2065 2105 2130 2040 35022
2014.01.14   2060 2090 2145 2030 38581
2014.01.15   2040 2045 2090 2025 30317
2014.01.16   2045 2040 2090 2030 16776
2014.01.17   2080 2040 2130 2040 20482
2014.01.20   2045 2060 2080 2045 9622
2014.01.21   2030 2020 2120 2020 12425
2014.01.22   2010 2030 2070 2000 24938
2014.01.23   2000 2010 2020 2000 21889
2014.01.24   1980 2000 2015 1960 18091
2014.01.27   1925 1925 1975 1920 17351
2014.01.28   1905 1900 1955 1865 17679
2014.01.29   1945 1930 1985 1920 13574
2014.02.03   1915 1985 1985 1915 7983
2014.02.04   1930 1890 1945 1865 28153
2014.02.05   1920 1910 1925 1895 5443
2014.02.06   2010 1950 2085 1925 14887
2014.02.07   2010 2025 2070 2000 7855
2014.02.10   2055 2030 2055 2000 4305
2014.02.11   2020 2055 2055 2020 3743
2014.02.12   2005 2020 2045 2000 12054
2014.02.13   1980 2000 2050 1970 6419
2014.02.14   1985 1960 1995 1960 6318
2014.02.17   2010 1970 2050 1970 16136
2014.02.18   2010 2010 2025 1970 4109
2014.02.19   2010 2020 2080 1985 9473
2014.02.20   1990 1985 2010 1975 12738
2014.02.21   2050 1960 2105 1945 47790
2014.02.24   2100 2080 2140 2020 24236
2014.02.25   2080 2100 2140 2050 30989
2014.02.26   2205 2150 2345 2110 403384
2014.02.27   2190 2205 2230 2135 46370
2014.02.28   2215 2225 2515 2190 997373
2014.03.03   2175 2265 2280 2120 133981
2014.03.04   2155 2125 2195 2125 38373
2014.03.05   2080 2160 2170 2055 106873
2014.03.06   2100 2095 2185 2060 80929
2014.03.07   2105 2130 2130 2080 17739
2014.03.10   2125 2080 2145 2080 38104
2014.03.11   2055 2120 2130 2025 78815
2014.03.12   2050 2050 2090 2020 57885
2014.03.13   2065 2030 2090 2030 20872
2014.03.14   2040 2040 2075 2025 14474
2014.03.17   2015 2020 2060 1980 34478
2014.03.18   1950 2000 2005 1950 83746
2014.03.19   1915 1935 1990 1900 31214
2014.03.20   1925 1905 1930 1900 17462
2014.03.21   1925 1910 1930 1865 44070
2014.03.24   1875 1945 1945 1875 36843
2014.03.25   2155 1875 2155 1870 498801
2014.03.26   2365 2350 2420 2240 379399
2014.03.27   2200 2400 2400 2165 185083
2014.03.28   2105 2200 2200 2065 167100
2014.03.31   2065 2105 2105 2020 63139
2014.04.01   2180 2100 2180 2085 91407
2014.04.02   2195 2205 2240 2165 38178
2014.04.03   2170 2195 2195 2140 19133
2014.04.04   2250 2175 2330 2110 121459
2014.04.07   2295 2260 2370 2250 135090
2014.04.08   2295 2160 2330 2160 49485
2014.04.09   2295 2340 2340 2265 44560
2014.04.10   2300 2320 2355 2280 97535
2014.04.11   2300 2295 2365 2270 51966
2014.04.14   2275 2300 2300 2265 35176
2014.04.15   2200 2300 2300 2200 78723
2014.04.16   2530 2175 2530 2175 413673
2014.04.17   2505 2615 2705 2440 467307
2014.04.18   2450 2515 2515 2405 101440
2014.04.21   2405 2470 2485 2370 65401
2014.04.22   2765 2430 2765 2410 1558625
2014.04.23   2750 2850 2870 2730 754516
2014.04.24   2670 2765 2775 2630 134482
2014.04.25   2690 2675 2690 2555 145504
2014.04.28   2700 2690 2720 2640 59544
2014.04.29   2605 2720 2890 2605 117457
2014.04.30   2610 2605 2675 2595 31756
2014.05.02   2525 2610 2710 2525 34417
2014.05.07   2550 2515 2565 2385 71290
2014.05.08   2540 2520 2610 2460 30283
2014.05.09   2560 2565 2595 2500 12303
2014.05.12   2465 2600 2600 2395 57801
2014.05.13   2405 2440 2475 2345 76106
2014.05.14   2450 2450 2600 2300 98673
2014.05.15   2395 2440 2490 2385 30872
2014.05.16   2325 2350 2430 2300 26286
2014.05.19   2280 2400 2490 2260 47513
2014.05.20   2315 2290 2365 2255 10628
2014.05.21   2370 2315 2440 2315 18381
2014.05.22   2360 2415 2415 2350 13311
2014.05.23   2345 2360 2360 2300 24538
2014.05.26   2390 2345 2410 2300 7502
2014.05.27   2350 2390 2390 2300 6197
2014.05.28   2390 2470 2470 2315 16437
2014.05.29   2375 2405 2420 2375 17517
2014.05.30   2415 2375 2460 2360 13209
2014.06.02   2400 2475 2475 2325 713
2014.06.03   2355 2360 2395 2280 32989
2014.06.05   2260 2370 2370 2205 22329
2014.06.09   2260 2180 2315 2110 17408
2014.06.10   2290 2230 2320 2210 1785
2014.06.11   2250 2335 2335 2180 7290
2014.06.12   2205 2300 2300 2155 4406
2014.06.13   2200 2205 2205 2065 57982
2014.06.16   2170 2340 2340 2115 2319
2014.06.17   2120 2200 2200 2120 2976
2014.06.18   2180 2120 2180 2090 19139
2014.06.19   2155 2120 2175 2120 4891
2014.06.20   2080 2155 2180 2025 24510
2014.06.23   2055 2075 2075 1980 24007
2014.06.24   2095 2340 2340 1970 38306
2014.06.25   1915 2035 2075 1915 98775
2014.06.26   1970 1915 1990 1915 7484
2014.06.27   2005 2020 2025 1945 9379
2014.06.30   1945 1970 2020 1935 18492
2014.07.01   1940 1945 2020 1905 25153
2014.07.02   1985 1940 1985 1920 22346
2014.07.03   2045 1980 2080 1970 17169
2014.07.04   2010 2020 2060 1995 10388
2014.07.07   1985 2005 2080 1980 8711
2014.07.08   1970 1980 1985 1805 27556
2014.07.09   1930 1965 1965 1880 27079
2014.07.10   1850 1930 1935 1800 50081
2014.07.11   1875 1815 1900 1800 12917
2014.07.14   1840 1880 1880 1805 10734
2014.07.15   1855 1815 1855 1815 4967
2014.07.16   1870 1850 1880 1815 4143
2014.07.17   1850 1860 1880 1810 4642
2014.07.18   1850 1820 1870 1780 16485
2014.07.21   1855 1850 1895 1815 9392
2014.07.22   1870 1845 1900 1770 13921
2014.07.23   1895 1870 1950 1830 7085
2014.07.24   1925 1895 1945 1875 6930
2014.07.25   1925 1905 1945 1865 8455
2014.07.28   1850 1980 1980 1770 35752
2014.07.29   1820 1830 1860 1775 10173
2014.07.30   1830 1785 1875 1785 3330
2014.07.31   1830 1815 1830 1800 4429
2014.08.01   1800 1795 1830 1790 19664
2014.08.04   1800 1805 1805 1760 16454
2014.08.05   1790 1800 1800 1750 6692
2014.08.06   1700 1790 1805 1700 8954
2014.08.07   1730 1670 1745 1670 5501
2014.08.08   1725 1700 1750 1700 4489
2014.08.11   1725 1780 1780 1645 26411
2014.08.12   1760 1760 1760 1700 9035
2014.08.13   1760 1755 1760 1720 5789
2014.08.14   1815 1730 1820 1710 5134
2014.08.18   1795 1830 1830 1700 4358
2014.08.19   1785 1715 1825 1710 8532
2014.08.20   1760 1740 1820 1730 7139
2014.08.21   1770 1815 1815 1715 5700
2014.08.22   1770 1800 1800 1735 3250
2014.08.25   1795 1770 1800 1730 2900
2014.08.26   1815 1780 1820 1745 7080
2014.08.27   1810 1775 1815 1760 10220
2014.08.28   1820 1805 1820 1785 7939
2014.08.29   1830 1805 1840 1805 3337
2014.09.01   1850 1800 1855 1785 4635
2014.09.02   1825 1875 1875 1700 17578
2014.09.03   1865 1820 1885 1820 17542
2014.09.04   1795 1865 1875 1735 16686
2014.09.05   1800 1795 1800 1725 11335
2014.09.11   1840 1795 1840 1780 7269
2014.09.12   1840 1840 1895 1770 8162
2014.09.15   1830 1825 1855 1790 6446
2014.09.16   1845 1830 1865 1810 14091
2014.09.17   1915 1835 1925 1835 11879
2014.09.18   1970 1905 1970 1900 12703
2014.09.19   2010 1970 2020 1970 9940
2014.09.22   2025 2045 2045 2000 11470
2014.09.23   2025 1810 2025 1810 14934
2014.09.24   2025 2025 2035 1925 13952
2014.09.25   2000 2025 2040 1880 56682
2014.09.26   1995 1915 1995 1915 14530
2014.09.29   1995 1955 1995 1910 24373
2014.09.30   1985 1955 2000 1940 5978
2014.10.01   2000 2080 2080 1955 9971
2014.10.02   2015 2090 2090 1950 24632
2014.10.06   1755 1970 1970 1755 44965
2014.10.07   1775 1760 1805 1760 21482
2014.10.08   1825 1725 1825 1725 18915
2014.10.10   1795 1810 1810 1730 10718
2014.10.13   1705 1775 1775 1655 20573
2014.10.14   1870 1690 1890 1690 4005
2014.10.15   1845 1870 1870 1845 347
2014.10.16   1825 1850 1850 1750 931
2014.10.17   1740 1875 1875 1695 20743
2014.10.20   1640 1740 1740 1615 35967
2014.10.21   1690 1640 1725 1640 19326
2014.10.22   1700 1690 1715 1665 3432
2014.10.23   1700 1660 1700 1630 2368
2014.10.24   1715 1720 1720 1605 10778
2014.10.27   1710 1710 1720 1650 3008
2014.10.28   1710 1720 1720 1705 1415
2014.10.29   1695 1650 1700 1625 4306
2014.10.30   1695 1640 1695 1605 1033
2014.10.31   1695 1700 1700 1670 130
2014.11.03   1690 1640 1690 1640 5401
2014.11.04   1580 1690 1690 1580 9852
2014.11.05   1510 1510 1615 1455 9166
2014.11.06   1580 1435 1645 1435 15586
2014.11.07   1550 1550 1645 1505 3487
2014.11.10   1610 1560 1635 1525 1811
2014.11.11   1635 1610 1765 1610 14032
2014.11.12   1620 1605 1685 1555 9328
2014.11.13   1595 1600 1625 1530 9180
2014.11.14   1560 1595 1600 1550 1672
2014.11.17   1585 1535 1600 1525 2502
2014.11.18   1570 1585 1605 1565 3203
2014.11.19   1540 1600 1605 1505 3237
2014.11.20   1600 1600 1600 1510 8214
2014.11.21   1600 1535 1600 1535 497
2014.11.24   1675 1585 1675 1585 5724
2014.11.25   1675 1670 1675 1640 4578
2014.11.26   1665 1685 1685 1660 207
2014.11.27   1650 1630 1650 1580 8532
2014.11.28   1665 1640 1665 1595 4127
2014.12.01   1690 1665 1690 1640 1634
2014.12.02   1680 1685 1685 1610 1818
2014.12.03   1610 1680 1680 1610 3840
2014.12.04   1555 1655 1695 1550 6197
2014.12.05   1535 1565 1625 1525 7079
2014.12.08   1525 1545 1575 1470 11457
2014.12.09   1495 1535 1600 1455 16879
2014.12.10   1510 1495 1540 1450 4959
2014.12.11   1600 1510 1600 1475 5779
2014.12.12   1595 1600 1600 1550 6193
2014.12.15   1650 1585 1650 1550 8033
2014.12.16   1685 1655 1690 1640 6397
2014.12.17   1710 1620 1715 1575 5834
2014.12.18   1730 1655 1730 1550 14435
2014.12.19   1760 1700 1760 1700 12770
2014.12.22   1830 1760 1830 1685 13252
2014.12.23   1845 1670 1850 1670 20086
2014.12.24   1850 1750 1850 1750 16238
2014.12.26   1875 1750 1875 1665 13777
2014.12.29   1880 1875 1885 1805 28746
2014.12.30   1850 1815 1865 1740 30942
2015.01.02   1940 1850 1940 1785 150147
2015.01.05   1860 1900 1900 1715 44150
2015.01.06   1790 1805 1815 1755 5453
2015.01.07   1835 1715 1840 1715 2885
2015.01.08   1760 1805 1875 1750 8309
2015.01.09   1710 1760 1765 1680 10579
2015.01.12   1700 1665 1745 1655 3485
2015.01.13   1750 1700 1815 1700 2346
2015.01.14   1750 1705 1805 1705 6793
2015.01.15   1800 1790 1810 1755 1413
2015.01.16   1780 1800 1805 1675 7687
2015.01.19   1740 1780 1800 1740 137
2015.01.20   1750 1750 1810 1745 691
2015.01.21   1790 1780 1800 1690 1452
2015.01.22   1795 1955 1955 1745 1913
2015.01.23   1790 1800 1800 1735 2240
2015.01.26   1730 1805 1820 1710 8822
2015.01.27   1690 1740 1755 1665 10442
2015.01.28   1705 1760 1770 1695 2593
2015.01.29   1645 1685 1745 1600 10298
2015.01.30   1665 1630 1770 1630 7622
2015.02.02   1640 1675 1695 1620 8985
2015.02.03   1545 1650 1650 1545 30693
2015.02.04   1515 1540 1630 1500 44621
2015.02.05   1530 1565 1565 1505 11138
2015.02.06   1545 1540 1630 1535 14025
2015.02.09   1570 1580 1580 1545 25362
2015.02.10   1570 1600 1600 1535 22644
2015.02.11   1565 1565 1615 1550 19434
2015.02.12   1525 1560 1570 1525 54443
2015.02.13   1525 1525 1525 1480 57377
2015.02.16   1520 1545 1545 1500 15547
2015.02.17   1560 1540 1575 1535 47893
2015.02.23   1590 1565 1595 1545 36458
2015.02.24   1570 1575 1580 1550 19415
2015.02.25   1535 1565 1570 1535 45433
2015.02.26   1555 1575 1575 1530 10380
2015.02.27   1560 1555 1585 1535 7375
2015.03.02   1595 1555 1595 1540 31556
2015.03.03   1700 1600 1770 1595 99403
2015.03.04   1685 1680 1745 1660 19068
2015.03.05   1640 1670 1710 1625 14923
2015.03.06   1690 1640 1690 1620 16339
2015.03.09   1740 1675 1740 1645 38949
2015.03.10   1885 1740 1940 1690 89400
2015.03.11   1785 1815 1820 1705 55620
2015.03.12   1835 1770 1910 1770 22799
2015.03.13   1895 1835 2000 1805 60853
2015.03.16   1825 1930 1930 1755 39618
2015.03.17   1760 1775 1800 1715 37908
2015.03.18   1715 1750 1750 1700 21347
2015.03.19   1665 1720 1750 1625 36640
2015.03.20   1705 1665 1710 1665 5768
2015.03.23   1835 1740 1900 1705 29385
2015.03.24   1845 1765 1845 1755 11729
2015.03.25   1845 1840 1850 1775 12784
2015.03.26   1880 1845 1890 1820 7238
2015.03.27   1920 1890 1935 1850 34008
2015.03.30   1945 1920 1945 1910 23245
2015.03.31   1925 2080 2080 1825 12549
2015.04.01   1940 1870 1940 1870 10978
2015.04.02   1900 1900 1900 1800 36083
2015.04.03   1850 1880 1895 1800 32194
2015.04.06   1860 1850 1860 1820 3678
2015.04.07   1900 1825 1900 1820 9055
2015.04.08   1850 1855 1885 1830 17451
2015.04.09   1980 1840 2010 1835 46173
2015.04.10   1970 1995 2220 1960 132969
2015.04.13   1970 1970 1975 1915 15814
2015.04.14   1880 1920 1990 1880 4561
2015.04.15   1870 1920 1920 1850 17190
2015.04.16   1870 1880 1890 1825 2583
2015.04.17   1875 1850 1945 1785 9542
2015.04.20   1955 1830 2000 1830 32979
2015.04.21   1985 1905 2000 1900 32013
2015.04.22   1950 1935 2050 1935 41171
2015.04.23   2240 1990 2240 1985 544930
2015.04.24   2090 2270 2290 2025 239188
2015.04.27   2145 2075 2220 2030 72186
2015.04.28   2170 2100 2465 2100 691151
2015.04.29   2175 2190 2200 2045 63296
2015.04.30   2205 2100 2210 2090 40905
2015.05.04   2215 2215 2215 2150 28840
2015.05.06   2100 2215 2260 2045 57024
2015.05.07   2260 2085 2300 2050 52323
2015.05.08   2355 2290 2580 2255 186904
2015.05.11   2240 2355 2475 2240 85670
2015.05.12   2200 2240 2275 2120 60836
2015.05.13   2300 2200 2310 2200 26683
2015.05.14   2260 2305 2350 2200 38612
2015.05.15   2360 2225 2555 2215 192507
2015.05.18   2455 2650 2700 2365 190562
2015.05.19   2445 2445 2550 2345 74170
2015.05.20   2385 2460 2465 2295 136908
2015.05.21   2500 2385 2550 2350 139952
2015.05.22   2750 2500 2765 2455 255656
2015.05.26   2745 2750 2950 2700 180040
2015.05.27   2945 2700 2945 2600 119722
2015.05.28   2890 2955 3100 2800 138938
2015.05.29   2890 2830 2995 2800 125617
2015.06.01   2800 2760 2875 2670 105697
2015.06.02   2835 2755 2860 2755 48442
2015.06.03   2500 2800 2870 2500 122598
2015.06.04   2415 2500 2500 2325 72793
2015.06.05   2460 2470 2475 2290 120399
2015.06.08   2825 2535 2825 2355 223459
2015.06.09   2770 2990 3040 2680 523570
2015.06.10   3185 2770 3185 2630 587881
2015.06.11   3600 3100 3660 3055 633079
2015.06.12   3300 3600 3635 3225 686175
2015.06.15   3000 3200 3200 2805 323538
2015.06.16   2990 3000 3140 2905 176347
2015.06.17   3125 2885 3435 2855 279206
2015.06.18   3105 3125 3295 3035 182862
2015.06.19   3105 3050 3185 2935 141493
2015.06.22   3595 3310 3595 3085 466560
2015.06.23   3825 3925 4315 3815 688436
2015.06.24   4040 3665 4220 3410 783063
2015.06.25   4100 4040 4355 3975 312359
2015.06.26   4085 4090 4290 3965 145877
2015.06.29   3860 4070 4280 3730 294949
2015.06.30   3980 3745 4280 3745 253466
2015.07.01   4295 3980 4300 3980 344107
2015.07.02   4250 4225 4350 4150 174070
2015.07.03   4250 4270 4490 4170 242764
2015.07.06   3600 4250 4475 3600 485418
2015.07.07   3295 3500 3585 2995 899105
2015.07.08   4105 3385 4280 3300 723762
2015.07.09   4100 4030 4150 3810 167508
2015.07.10   4035 4270 4270 3970 118021
2015.07.13   4000 4270 4270 3850 177972
2015.07.14   3650 3710 3900 3520 431529
2015.07.15   3240 3600 3600 3065 665568
2015.07.16   2800 3240 3240 2795 909176
2015.07.17   2940 2790 3090 2670 929865
2015.07.20   3045 3040 3090 2970 162039
2015.07.21   3040 2945 3040 2880 129314
2015.07.22   2790 3075 3075 2770 215284
2015.07.23   2565 2880 2880 2450 543791
2015.07.24   2505 2565 2590 2480 156516
2015.07.27   2490 2565 2570 2400 93899
2015.07.28   2400 2490 2490 2330 194038
2015.07.29   2405 2350 2475 2350 213088
2015.07.30   2425 2360 2450 2305 151577
2015.07.31   2515 2505 2570 2380 156083
2015.08.03   2460 2540 2550 2420 57559
2015.08.04   2360 2500 2500 2340 59609
2015.08.05   2410 2360 2440 2360 53514
2015.08.06   2385 2410 2445 2310 35338
2015.08.07   2395 2385 2440 2295 49913
2015.08.10   2325 2395 2445 2325 31927
2015.08.11   2325 2330 2375 2290 55538
2015.08.12   2275 2360 2360 2200 35450
2015.08.13   2375 2275 2415 2220 60299
2015.08.17   3000 2480 3080 2400 949680
2015.08.18   2895 2860 2910 2650 277959
2015.08.19   2790 2940 2995 2700 75716
2015.08.20   3140 2770 3440 2770 1024536
2015.08.21   3220 3140 3425 2880 648638
2015.08.24   3470 3230 3490 3130 403351
2015.08.25   3300 3710 3900 3220 529446
2015.08.26   3215 3285 3390 3205 208398
2015.08.27   3260 3415 3450 3230 249060
2015.08.28   3180 3325 3350 3165 134469
2015.08.31   3185 3270 3280 3055 108425
2015.09.01   3250 3125 3290 3080 52525
2015.09.02   3180 3250 3250 3085 86001
2015.09.03   3105 3220 3230 3100 69619
2015.09.04   3065 3185 3185 2970 63598
2015.09.07   3050 3055 3075 2900 41732
2015.09.08   2990 2965 3130 2965 52465
2015.09.09   2940 3010 3185 2900 88939
2015.09.10   3085 2940 3175 2765 87481
2015.09.11   3280 3180 3600 3060 416385
2015.09.14   3420 3280 3515 3100 181716
2015.09.15   3555 3425 3555 3300 214825
2015.09.16   3545 3550 3660 3375 181631
2015.09.17   3600 3600 3685 3545 169865
2015.09.18   3810 3680 3990 3595 457986
2015.09.21   3700 3665 3830 3610 148492
2015.09.22   3650 3780 3845 3650 130733
2015.09.23   3440 3620 3680 3360 145143
2015.09.24   3535 3580 3610 3400 60232
2015.09.25   3760 3545 3870 3535 125256
2015.09.30   3595 3760 3760 3495 128715
2015.10.01   3590 3640 3700 3495 138353
2015.10.02   3505 3575 3620 3320 188376
2015.10.05   3490 3505 3560 3040 388583
2015.10.06   3245 3395 3515 3115 271751
2015.10.07   3330 3200 3330 3125 133164
2015.10.08   3335 3310 3360 3200 78321
2015.10.12   3265 3365 3450 3240 154790
2015.10.13   3300 3210 3375 3210 66396
2015.10.14   3695 3395 3890 3295 554811
2015.10.15   3580 3620 3620 3470 191849
2015.10.16   3605 3645 3780 3520 148265
2015.10.19   4170 3610 4185 3610 851336
2015.10.20   4500 4180 4500 3900 910879
2015.10.21   4400 4435 4475 3880 1165357
2015.10.22   4650 4400 5160 4180 983520
2015.10.23   4910 4600 5040 4390 529200
2015.10.26   4800 4800 4990 4665 527764
2015.10.27   5050 4750 5200 4530 825371
2015.10.28   4900 5970 5970 4900 675807
2015.10.29   3970 4800 4800 3930 1002011
2015.10.30   4150 3970 4450 3970 445340
2015.11.02   4150 4040 4260 4040 151375
2015.11.03   4355 4150 4375 3825 300346
2015.11.04   4530 4355 4610 4355 214870
2015.11.05   4430 4410 4595 4320 99901
2015.11.06   4490 4495 4740 4430 203852
2015.11.09   4315 4500 4620 4300 117258
2015.11.10   4695 4300 4950 4295 776221
2015.11.11   6100 5500 6100 5450 4616950
2015.11.12   7930 7930 7930 7930 125171
2015.11.13   8490 10300 10300 7990 11560723
2015.11.16   8200 9300 10100 7890 3702146
2015.11.17   9000 8400 10150 8340 3360205
2015.11.18   8590 8980 8990 8200 1015779
2015.11.19   6110 8450 8480 6020 5426998
2015.11.20   7200 6550 7940 6320 5773720
2015.11.23   7900 7240 8800 7230 3066753
2015.11.24   7510 8060 8150 7260 1032865
2015.11.25   7000 7900 7900 6930 973962
2015.11.26   6830 6710 8300 6410 4066878
2015.11.27   7100 6720 7450 6600 1646944
2015.11.30   6600 6900 7130 6340 1336959
2015.12.01   6760 6750 7470 6470 2770444
2015.12.02   5940 6490 6650 5590 2191821
2015.12.03   5940 6000 6400 5800 838519
2015.12.04   7040 7370 7720 6720 5071805
2015.12.07   6600 6850 6940 6430 901501
2015.12.08   6200 6700 6920 6050 842381
2015.12.09   6220 6250 7470 5820 1496860
2015.12.10   5800 6250 6340 5350 641348
2015.12.11   5670 5760 6330 5500 578307
2015.12.14   6100 5670 6230 5510 336766
2015.12.15   6050 6300 6350 5700 416733
2015.12.16   6660 6150 7480 6060 2178267
2015.12.17   6840 6400 7610 6310 1839705
2015.12.18   6790 6800 7130 6600 509735
2015.12.21   6670 6610 7250 6560 535555
2015.12.22   6590 6610 7000 6250 511980
2015.12.23   6280 6830 6830 6280 173485
2015.12.24   6360 6450 6510 6180 181017
2015.12.28   6400 6360 6970 6280 425465
2015.12.29   6800 6400 6840 6380 264373
2015.12.30   6700 6770 6970 6680 283706
2016.01.04   5730 5800 6040 5560 754640
2016.01.05   6240 6200 6900 6030 1076708
2016.01.06   6160 6110 6380 5950 187055
2016.01.07   6000 6050 6230 5940 213711
2016.01.08   6050 5950 6070 5660 220006
2016.01.11   5800 6020 6250 5470 359247
2016.01.12   6320 5810 7290 5810 1675242
2016.01.13   6370 6500 6700 6250 344970
2016.01.14   8280 6200 8280 6200 4145664
2016.01.15   8910 8800 9990 8700 4865770
2016.01.18   8940 8550 8980 8110 1068662
2016.01.19   8230 8980 9300 8200 590641
2016.01.20   8050 8230 8230 7680 343371
2016.01.21   7760 7770 8180 7490 245911
2016.01.22   7710 7570 8200 7560 329717
2016.01.25   7630 7950 8720 7610 887568
2016.01.26   7300 7700 7890 7250 299914
2016.01.27   6800 7220 7440 6600 603435
2016.01.28   6730 6670 6970 6560 307955
2016.01.29   6190 6700 6720 6130 717269
2016.02.01   6330 6240 6440 5960 348685
2016.02.02   6290 6150 6650 6150 197295
2016.02.03   6710 6290 7070 6240 727623
2016.02.04   6900 6850 6990 6630 237878
2016.02.05   7290 6800 7390 6690 291859
2016.02.11   7060 7320 7490 7050 252970
2016.02.12   6250 6970 6970 6100 225952
2016.02.15   6830 6270 6870 6200 140398
2016.02.16   6900 6950 7240 6860 141229
2016.02.17   6840 7580 8090 6830 1342108
2016.02.18   6400 6840 6920 6160 478803
2016.02.19   6380 6450 6490 6070 292142
2016.02.22   5940 6870 6890 5940 517036
2016.02.23   5630 5990 5990 5460 586552
2016.02.24   5890 5700 6330 5620 671106
2016.02.25   5750 5890 6050 5670 306033
2016.02.26   5800 5800 5900 5480 425492
2016.02.29   5350 5860 5900 5350 510374
2016.03.02   4940 5400 5400 4920 798388
2016.03.03   4930 5130 5210 4895 425083
2016.03.04   5060 4930 5090 4880 151141
2016.03.07   4975 5130 5200 4975 179164
2016.03.08   4745 4965 5010 4480 544870
2016.03.09   3995 4740 4740 3905 2152259
2016.03.10   3950 4060 4175 3920 1228438
2016.03.11   3880 4100 4100 3855 544211
2016.03.14   3440 3800 3850 3110 2555959
2016.03.15   3570 3435 3690 3260 2868473
2016.03.16   3545 3570 3675 3440 837554
2016.03.17   3250 3540 3540 3225 1257174
2016.03.18   3250 3295 3400 3240 877153
2016.03.21   3005 3260 3325 2975 1414559
2016.03.22   2335 2905 2960 2180 6249600
2016.03.23   2335 0 0 0 0
2016.03.24   2335 0 0 0 0
2016.03.25   2335 0 0 0 0
2016.03.28   2335 0 0 0 0
2016.03.29   2335 0 0 0 0
2016.03.30   2335 0 0 0 0
2016.03.31   2335 0 0 0 0
2016.04.01   2335 0 0 0 0
2016.04.04   2335 0 0 0 0
2016.04.05   2335 0 0 0 0
2016.04.06   2335 0 0 0 0
2016.04.07   2335 0 0 0 0
2016.04.08   2335 0 0 0 0
2016.04.11   2335 0 0 0 0
2016.04.12   2335 0 0 0 0
2016.04.14   2335 0 0 0 0
2016.04.15   2335 0 0 0 0
2016.04.18   2335 0 0 0 0
2016.04.19   2335 0 0 0 0
2016.04.20   2335 0 0 0 0
2016.04.21   2335 0 0 0 0
2016.04.22   2335 0 0 0 0
2016.04.25   2335 0 0 0 0
2016.04.26   2335 0 0 0 0
2016.04.27   2335 0 0 0 0
2016.04.28   2335 0 0 0 0
2016.04.29   2335 0 0 0 0
2016.05.02   2335 0 0 0 0
2016.05.03   2335 0 0 0 0
2016.05.04   2335 0 0 0 0
2016.05.09   2335 0 0 0 0
2016.05.10   2335 0 0 0 0
2016.05.11   2335 0 0 0 0
2016.05.12   2335 0 0 0 0
2016.05.13   2335 0 0 0 0
2016.05.16   2335 0 0 0 0
2016.05.17   2335 0 0 0 0
2016.05.18   2335 0 0 0 0
2016.05.19   2335 0 0 0 0
2016.05.20   2335 0 0 0 0
2016.05.23   2335 0 0 0 0
2016.05.24   2335 0 0 0 0
2016.05.25   2335 0 0 0 0
2016.05.26   2335 0 0 0 0
2016.05.27   2335 0 0 0 0
2016.05.30   2335 0 0 0 0
2016.05.31   2335 0 0 0 0
2016.06.01   2335 0 0 0 0
2016.06.02   2335 0 0 0 0
2016.06.03   2335 0 0 0 0
2016.06.07   2335 0 0 0 0
2016.06.08   2335 0 0 0 0
2016.06.09   2335 0 0 0 0
2016.06.10   2335 0 0 0 0
2016.06.13   2335 0 0 0 0
2016.06.14   2335 0 0 0 0
2016.06.15   2335 0 0 0 0
2016.06.16   2335 0 0 0 0
2016.06.17   2335 0 0 0 0
2016.06.20   2335 0 0 0 0
2016.06.21   2335 0 0 0 0
2016.06.22   2335 0 0 0 0
2016.06.23   2335 0 0 0 0
2016.06.24   2335 0 0 0 0
2016.06.27   2335 0 0 0 0
2016.06.28   2335 0 0 0 0
2016.06.29   2335 0 0 0 0
2016.06.30   2335 0 0 0 0
2016.07.01   2335 0 0 0 0
2016.07.04   2335 0 0 0 0
2016.07.05   2335 0 0 0 0
2016.07.06   2335 0 0 0 0
2016.07.07   2335 0 0 0 0
2016.07.08   2335 0 0 0 0
2016.07.11   2335 0 0 0 0
2016.07.12   2335 0 0 0 0
2016.07.13   2335 0 0 0 0
2016.07.14   2335 0 0 0 0
2016.07.15   2335 0 0 0 0
2016.07.18   2335 0 0 0 0
2016.07.19   2335 0 0 0 0
2016.07.20   2335 0 0 0 0
2016.07.21   2335 0 0 0 0
2016.07.22   2335 0 0 0 0
2016.07.25   2335 0 0 0 0
2016.07.26   2335 0 0 0 0
2016.07.27   2335 0 0 0 0
2016.07.28   2335 0 0 0 0
2016.07.29   2335 0 0 0 0
2016.08.01   2335 0 0 0 0
2016.08.02   2335 0 0 0 0
2016.08.03   2335 0 0 0 0
2016.08.04   2335 0 0 0 0
2016.08.05   2335 0 0 0 0
2016.08.08   2335 0 0 0 0
2016.08.09   2335 0 0 0 0
2016.08.10   2335 0 0 0 0
2016.08.11   2335 0 0 0 0
2016.08.12   2335 0 0 0 0
2016.08.16   2335 0 0 0 0
2016.08.17   2335 0 0 0 0
2016.08.18   2335 0 0 0 0
2016.08.19   2335 0 0 0 0
2016.08.22   2335 0 0 0 0
2016.08.23   2335 0 0 0 0
2016.08.24   2335 0 0 0 0
2016.08.25   2335 0 0 0 0
2016.08.26   2335 0 0 0 0
2016.08.29   2335 0 0 0 0
2016.08.30   2335 0 0 0 0
2016.08.31   2335 0 0 0 0
2016.09.01   2335 0 0 0 0
2016.09.02   2335 0 0 0 0
2016.09.05   2335 0 0 0 0
2016.09.06   3220 3220 3960 3155 11781169
2016.09.07   2740 3115 3150 2730 3759550
2016.09.08   2560 2710 2950 2490 2751251
2016.09.09   2520 2560 2680 2500 1039539
2016.09.12   2295 2450 2475 2215 790546
2016.09.13   2045 2295 2465 2045 2461002
2016.09.19   2325 2200 2490 2150 2869475
2016.09.20   2550 2400 2715 2325 2144122
2016.09.21   2555 2555 2555 2325 852532
2016.09.22   2560 2640 2845 2560 663482
2016.09.23   2480 2500 2590 2445 360149
2016.09.26   2445 2510 2690 2350 346244
2016.09.27   2370 2450 2550 2325 412185
2016.09.28   2450 2650 2690 2400 735936
2016.09.29   2365 2440 2440 2310 301233
2016.09.30   2430 2355 2750 2240 1301333
2016.10.04   2475 2495 2620 2455 356546
2016.10.05   2470 2480 2590 2445 251026
2016.10.06   2450 2400 2520 2400 246270
2016.10.07   2415 2415 2475 2385 269355
2016.10.10   2420 2450 2455 2410 125880
2016.10.11   2505 2410 2550 2405 277814
2016.10.12   2395 2565 2565 2295 655268
2016.10.13   2275 2395 2400 2245 265537
2016.10.14   2310 2205 2340 2205 122852
2016.10.17   2285 2310 2340 2230 94663
2016.10.18   2160 2250 2270 2105 196045
2016.10.19   2150 2180 2225 2120 109794
2016.10.20   2375 2190 2450 2155 647917
2016.10.21   2475 2375 2490 2335 293191
2016.10.24   2400 2475 2520 2360 181466
2016.10.25   2495 2420 2520 2325 303974
2016.10.26   2430 2530 2570 2430 190453
2016.10.27   2495 2400 2620 2335 659258
2016.10.28   2440 2385 2440 2330 244620
2016.10.31   2425 2440 2495 2325 128036
2016.11.01   2345 2420 2440 2315 163113
2016.11.02   2145 2250 2285 2100 298651
2016.11.03   2080 2080 2210 2065 163169
2016.11.04   2045 2065 2100 1990 157901
2016.11.07   2110 2065 2140 2065 108340
2016.11.08   2100 2145 2170 2070 131827
2016.11.09   2035 2150 2150 1840 260344
2016.11.10   2370 2065 2500 2010 496390
2016.11.11   2405 2270 2450 2255 292201
2016.11.14   2525 2405 2535 2375 377863
2016.11.15   2400 2490 2560 2365 277257
2016.11.16   2320 2310 2335 2235 323570
2016.11.17   2160 2290 2360 2160 275692
2016.11.18   2050 2120 2155 2020 300111
2016.11.21   2040 2050 2080 1965 212113
2016.11.22   2075 2040 2120 2025 97355
2016.11.23   2020 2075 2100 2020 90078
2016.11.24   2625 2025 2625 2025 435445
2016.11.25   3410 3410 3410 3410 319933
2016.11.28   3450 3600 3940 3245 7589919
2016.11.29   3025 3230 3345 2910 2981698
2016.11.30   2675 2760 2790 2500 2119042
2016.12.01   2615 2755 2900 2565 1961719
2016.12.02   2555 2470 2665 2450 854099
2016.12.05   2605 2600 2830 2345 1685176
2016.12.06   2370 2560 2730 2320 1216266
2016.12.07   2215 2215 2270 2160 848646
2016.12.08   2215 2140 2295 2135 488875
2016.12.09   2230 2240 2265 2195 291265
2016.12.12   2095 2265 2270 2080 543494
2016.12.13   2165 2100 2210 2060 347915
2016.12.14   2180 2160 2280 2120 370681
2016.12.15   2300 2190 2335 2150 534579
2016.12.16   2310 2335 2360 2230 235956
2016.12.19   2230 2300 2300 2195 209106
2016.12.20   2130 2235 2360 2130 490886
2016.12.21   2125 2075 2150 2060 364598
2016.12.22   2085 2100 2180 2060 221446
2016.12.23   2080 2055 2105 2020 273113
2016.12.26   2090 2080 2155 2050 268327
2016.12.27   2005 2060 2095 2000 244282
2016.12.28   2010 2020 2050 1990 128065
2016.12.29   2000 1995 2040 1985 130109
2017.01.02   2015 2050 2060 2000 122211
2017.01.03   2070 2020 2095 2005 149221
2017.01.04   2135 2070 2190 2060 232795
2017.01.05   2090 2175 2175 2035 199373
2017.01.06   2090 2085 2115 2055 105722
2017.01.09   2125 2090 2235 2075 355097
2017.01.10   2115 2190 2235 2075 379896
2017.01.11   2030 2130 2145 2020 314751
2017.01.12   2020 1980 2060 1980 374334
2017.01.13   2005 2030 2030 1970 216585
2017.01.16   2010 2015 2030 1985 124737
2017.01.17   1995 2025 2045 1990 112929
2017.01.18   2010 1985 2050 1960 88477
2017.01.19   2025 2035 2035 1985 108787
2017.01.20   2005 2010 2030 1980 109219
2017.01.23   1895 1965 2015 1855 353030
2017.01.24   1520 1890 1910 1500 2136562
2017.01.25   1460 1480 1550 1460 443695
2017.01.26   1555 1475 1665 1430 633286
2017.01.31   1475 1570 1610 1475 255188
2017.02.01   1555 1480 1690 1475 598132
2017.02.02   1485 1515 1600 1480 278596
2017.02.03   1100 1475 1500 1050 1195046
2017.02.06   1125 1145 1210 1075 749035
2017.02.07   1460 1135 1460 1130 2752129
2017.02.08   1375 1595 1740 1330 3293416
2017.02.09   1380 1315 1440 1305 754844
2017.02.10   1250 1375 1395 1250 523003
2017.02.13   1245 1260 1270 1185 292136
2017.02.14   1255 1270 1480 1210 1464645
2017.02.15   1280 1200 1370 1185 612846
2017.02.16   1270 1300 1335 1260 228027
2017.02.17   1500 1350 1625 1320 4448259
2017.02.20   1605 1480 1605 1400 771277
2017.02.21   1565 1635 1635 1530 353624
2017.02.22   1470 1505 1530 1450 603940
2017.02.23   1485 1405 1485 1400 427945
2017.02.24   1625 1490 1855 1450 2286846
2017.02.27   1610 1655 1865 1575 1272317
2017.02.28   1720 1655 1780 1610 495290
2017.03.02   1595 1670 1750 1595 494115
2017.03.03   1595 1585 1655 1535 135153
2017.03.06   1550 1675 1690 1510 197215
2017.03.07   1715 1800 1975 1690 1326508
2017.03.08   1695 1850 1935 1645 646114
2017.03.09   1545 1670 1670 1535 522188
2017.03.10   1620 1525 1630 1460 255030
2017.03.13   1545 1610 1650 1545 161002
2017.03.14   1570 1645 1645 1530 200806
2017.03.15   1375 1560 1620 1375 329772
2017.03.16   1245 1375 1375 1165 1468919
2017.03.17   1175 1250 1250 1135 643823
2017.03.20   1140 1205 1205 1125 315167
2017.03.21   960 1055 1090 956 1812700
2017.03.22   937 1000 1060 888 937409
2017.03.23   937 0 0 0 0
2017.03.24   937 0 0 0 0
2017.03.27   937 0 0 0 0
2017.03.28   937 0 0 0 0
2017.03.29   937 0 0 0 0
2017.03.30   937 0 0 0 0
2017.03.31   937 0 0 0 0
2017.04.03   937 0 0 0 0
2017.04.04   937 0 0 0 0
2017.04.05   937 0 0 0 0
2017.04.06   937 0 0 0 0
2017.04.07   937 0 0 0 0
2017.04.10   937 0 0 0 0
2017.04.11   937 0 0 0 0
2017.04.12   937 0 0 0 0
2017.04.13   937 0 0 0 0
2017.04.14   937 0 0 0 0
2017.04.17   937 0 0 0 0
2017.04.18   937 0 0 0 0
2017.04.19   937 0 0 0 0
2017.04.20   937 0 0 0 0
2017.04.21   937 0 0 0 0
2017.04.24   937 0 0 0 0
2017.04.25   937 0 0 0 0
2017.04.26   937 0 0 0 0
2017.04.27   937 0 0 0 0
2017.04.28   937 0 0 0 0
2017.05.02   937 0 0 0 0
2017.05.04   937 0 0 0 0
2017.05.08   937 0 0 0 0
2017.05.10   937 0 0 0 0
2017.05.11   937 0 0 0 0
2017.05.12   937 0 0 0 0
2017.05.15   937 0 0 0 0
2017.05.16   937 0 0 0 0
2017.05.17   937 0 0 0 0
2017.05.18   937 0 0 0 0
2017.05.19   937 0 0 0 0
2017.05.22   937 0 0 0 0
2017.05.23   937 0 0 0 0
2017.05.24   937 0 0 0 0
2017.05.25   937 0 0 0 0
2017.05.26   937 0 0 0 0
2017.05.29   937 0 0 0 0
2017.05.30   937 0 0 0 0
2017.05.31   937 0 0 0 0
2017.06.01   937 0 0 0 0
2017.06.02   937 0 0 0 0
2017.06.05   937 0 0 0 0
2017.06.07   937 0 0 0 0
2017.06.08   937 0 0 0 0
2017.06.09   937 0 0 0 0
2017.06.12   937 0 0 0 0
2017.06.13   937 0 0 0 0
2017.06.14   937 0 0 0 0
2017.06.15   937 0 0 0 0
2017.06.16   937 0 0 0 0
2017.06.19   937 0 0 0 0
2017.06.20   937 0 0 0 0
2017.06.21   937 0 0 0 0
2017.06.22   937 0 0 0 0
2017.06.23   937 0 0 0 0
2017.06.26   937 0 0 0 0
2017.06.27   937 0 0 0 0
2017.06.28   937 0 0 0 0
2017.06.29   937 0 0 0 0
2017.06.30   937 0 0 0 0
2017.07.03   937 0 0 0 0
2017.07.04   937 0 0 0 0
2017.07.05   937 0 0 0 0
2017.07.06   937 0 0 0 0
2017.07.07   937 0 0 0 0
2017.07.10   937 0 0 0 0
2017.07.11   937 0 0 0 0
2017.07.12   937 0 0 0 0
2017.07.13   937 0 0 0 0
2017.07.14   937 0 0 0 0
2017.07.17   937 0 0 0 0
2017.07.18   937 0 0 0 0
2017.07.19   937 0 0 0 0
2017.07.20   937 0 0 0 0
2017.07.21   937 0 0 0 0
2017.07.24   937 0 0 0 0
2017.07.25   937 0 0 0 0
2017.07.26   937 0 0 0 0
2017.07.27   937 0 0 0 0
2017.07.28   937 0 0 0 0
2017.07.31   937 0 0 0 0
2017.08.01   937 0 0 0 0
2017.08.02   937 0 0 0 0
2017.08.03   937 0 0 0 0
2017.08.04   937 0 0 0 0
2017.08.07   937 0 0 0 0
2017.08.08   937 0 0 0 0
2017.08.09   937 0 0 0 0
2017.08.10   937 0 0 0 0
2017.08.11   937 0 0 0 0
2017.08.14   937 0 0 0 0
2017.08.16   937 0 0 0 0
2017.08.17   937 0 0 0 0
2017.08.18   937 0 0 0 0
2017.08.21  937 0 0 0 0
2017.08.22  937 0 0 0 0
2017.08.23  937 0 0 0 0
2017.08.24  937 0 0 0 0
2017.08.25  937 0 0 0 0
2017.08.28  937 0 0 0 0
2017.08.29  937 0 0 0 0
2017.08.30  937 0 0 0 0
2017.08.31  937 0 0 0 0
2017.09.01  280 300 308 270 8725709
