2009.09.15  27100 30500 31800 25950 1575608
2009.09.16  26900 27100 29650 26750 1200409
2009.09.17  26900 27500 28450 26600 439852
2009.09.18  24550 27200 27350 24550 424261
2009.09.21  25150 24550 27150 24300 516350
2009.09.22  28900 25800 28900 25600 517330
2009.09.23  25500 30600 31350 25500 1132898
2009.09.24  24150 25700 26200 24150 238545
2009.09.25  22750 24300 24350 22100 172603
2009.09.28  21800 22100 23800 21800 138067
2009.09.29  20600 22200 22250 20000 150321
2009.09.30  19500 21000 21400 19500 151747
2009.10.01  17950 19550 19800 17850 176941
2009.10.05  17900 17950 18650 17700 94144
2009.10.06  17000 18200 18300 16850 106505
2009.10.07  19550 17800 19550 17500 161304
2009.10.08  17850 22450 22450 17850 915867
2009.10.09  17750 17850 18500 17400 151411
2009.10.12  17800 17950 18300 17800 71024
2009.10.13  18600 17700 18750 17600 110529
2009.10.14  17950 18200 18400 17900 74961
2009.10.15  17550 18000 18700 17550 105590
2009.10.16  16800 17500 17850 16450 148541
2009.10.19  16300 16800 16850 16200 61951
2009.10.20  16650 16550 17200 16550 85337
2009.10.21  16800 16850 17300 16800 44801
2009.10.22  17800 16650 17800 16650 94381
2009.10.23  17350 17750 17900 17250 55437
2009.10.26  18000 17200 18200 17050 172154
2009.10.27  17450 18700 18950 17450 215673
2009.10.28  16500 17450 17500 16400 64511
2009.10.29  15750 16200 16450 15450 56430
2009.10.30  15900 16000 16250 15700 43903
2009.11.02  15300 15150 15800 15150 38882
2009.11.03  15050 15400 16000 15000 56493
2009.11.04  14900 15100 15350 14850 53055
2009.11.05  14600 15050 15500 13950 64559
2009.11.06  14800 14700 15350 14700 39728
2009.11.09  16000 14900 16900 14900 150990
2009.11.10  15350 16350 16350 15350 53249
2009.11.11  15400 15400 15700 15350 32262
2009.11.12  15350 15700 15700 15100 21937
2009.11.13  14700 15350 15550 14700 39095
2009.11.16  14750 14900 15500 14500 41758
2009.11.17  14250 14050 14900 13500 179480
2009.11.18  14000 13850 14400 13850 38576
2009.11.19  13650 14100 14150 13650 63220
2009.11.20  14650 13700 15000 13500 157671
2009.11.23  14700 14900 15400 14550 120250
2009.11.24  14200 14550 15000 13900 64864
2009.11.25  14500 15000 15550 14500 163680
2009.11.26  14050 14550 14850 14050 35924
2009.11.27  12900 13650 14200 12550 68129
2009.11.30  13000 13150 13400 12900 47901
2009.12.01  13600 13100 13850 13100 56351
2009.12.02  13800 13850 14300 13550 91203
2009.12.03  14050 14150 14250 13800 32105
2009.12.04  13750 14000 14400 13650 31860
2009.12.07  14800 14000 15300 13750 172890
2009.12.08  17000 14900 17000 14500 293231
2009.12.09  16900 16800 17550 16500 291419
2009.12.10  17200 17300 18250 16750 259325
2009.12.11  17000 17100 17700 16900 102882
2009.12.14  16600 17350 17350 16400 88336
2009.12.15  16700 16800 17200 16550 89275
2009.12.16  17750 16700 18350 16300 225968
2009.12.17  18650 17900 18750 17600 159811
2009.12.18  18450 18350 18900 18100 93665
2009.12.21  19450 18550 19500 18200 133282
2009.12.22  18500 19900 20000 18500 164545
2009.12.23  16800 18500 18700 16800 142636
2009.12.24  17450 17400 18200 17050 159019
2009.12.28  15850 17550 17950 15850 136477
2009.12.29  16050 16100 16550 15800 50589
2009.12.30  17200 16400 17200 16150 85589
2010.01.04  17950 17200 18600 17050 178471
2010.01.05  18500 18000 18800 17600 134860
2010.01.06  19400 18500 20350 18500 346335
2010.01.07  19300 19700 20400 18650 243448
2010.01.08  18550 19300 19950 18300 88825
2010.01.11  17100 18400 18400 17000 152332
2010.01.12  17650 17450 17800 17150 43686
2010.01.13  17550 17600 18200 17550 63133
2010.01.14  17250 17900 17900 17250 37509
2010.01.15  18850 17650 18850 17500 127729
2010.01.18  18350 18900 19200 18250 53802
2010.01.19  18050 18350 18500 17750 46866
2010.01.20  17300 18050 18450 17000 83092
2010.01.21  17050 17400 17400 16000 51130
2010.01.22  16900 16650 16900 16200 44174
2010.01.25  16550 16450 17150 16450 38937
2010.01.26  16100 16650 17000 16100 29812
2010.01.27  15900 15950 16400 15700 26766
2010.01.28  16450 16100 16600 15650 37072
2010.01.29  15450 15900 16200 15250 40731
2010.02.01  15350 15350 15750 14850 28779
2010.02.02  15350 15600 15650 15250 25274
2010.02.03  15600 15400 15750 15300 22157
2010.02.04  16200 15550 16300 15550 32117
2010.02.05  15450 15400 15600 15200 32619
2010.02.08  15200 15600 15650 15100 18787
2010.02.09  15150 15050 15550 14600 47131
2010.02.10  14800 15250 15500 14650 30518
2010.02.11  14800 14800 15050 14700 21894
2010.02.12  15050 14900 15200 14750 15884
2010.02.16  15100 15200 15350 15050 14155
2010.02.17  15350 15400 15600 15100 16899
2010.02.18  15200 15550 15550 15200 13488
2010.02.19  15200 15150 16200 15100 35504
2010.02.22  15300 15300 15750 15150 19291
2010.02.23  15500 15200 15550 15150 21422
2010.02.24  15050 15250 15250 15000 27681
2010.02.25  14650 15200 15200 14650 21976
2010.02.26  15000 14550 15000 14450 19316
2010.03.02  14900 15000 15200 14600 11680
2010.03.03  14700 14700 14900 14700 16707
2010.03.04  14450 14600 14800 14300 12338
2010.03.05  14500 14450 14500 14150 14448
2010.03.08  14700 14500 14800 14400 13053
2010.03.09  14800 14550 14900 14450 24348
2010.03.10  15100 14800 15750 14800 48107
2010.03.11  15050 15150 15300 14800 12646
2010.03.12  14600 15050 15050 14550 15581
2010.03.15  14500 14600 14800 14500 13480
2010.03.16  14350 14500 14500 14300 15626
2010.03.17  14400 14650 14650 14300 15266
2010.03.18  14600 14500 14750 14350 16653
2010.03.19  14700 14500 14750 14300 17910
2010.03.22  14300 14700 14700 14300 12610
2010.03.23  14200 14500 14600 14200 9990
2010.03.24  13650 14200 14350 13500 30021
2010.03.25  13500 13400 13700 13400 14120
2010.03.26  13650 13350 13650 13350 11806
2010.03.29  13350 13500 13650 13350 12753
2010.03.30  13650 13600 13800 13350 9605
2010.03.31  13700 13800 13900 13500 15376
2010.04.01  13500 13750 13850 13400 12415
2010.04.02  13800 13450 13850 13200 16425
2010.04.05  13450 13800 13800 12500 25446
2010.04.06  13050 13300 13350 13000 6647
2010.04.07  13200 13050 13200 12500 12031
2010.04.08  13300 13350 13350 12900 11463
2010.04.09  13100 13100 13350 12950 11036
2010.04.12  12750 13000 13250 12750 11194
2010.04.13  12800 12750 13000 12600 8089
2010.04.14  12900 12700 13100 12650 15403
2010.04.15  12650 12800 13050 12500 25997
2010.04.16  12900 12600 12900 12550 10547
2010.04.19  12500 12600 13050 12450 19515
2010.04.20  12650 12550 12750 12500 12180
2010.04.21  12900 12750 12900 12550 5847
2010.04.22  12950 13200 13200 12900 16020
2010.04.23  12950 12950 13100 12800 11702
2010.04.26  13050 12900 13100 12850 10528
2010.04.27  14000 12950 14050 12950 66424
2010.04.28  13900 13500 14000 13400 30364
2010.04.29  13950 14150 14150 13600 19089
2010.04.30  13700 13750 14300 13700 19228
2010.05.03  13600 13500 13900 13250 7383
2010.05.04  12900 13850 13900 12900 21923
2010.05.06  12600 12500 12850 12500 13484
2010.05.07  12100 12400 12400 11900 30826
2010.05.10  12200 12350 12400 12100 6482
2010.05.11  14000 12700 14000 12400 167818
2010.05.12  14400 14300 15600 13700 253010
2010.05.13  13400 14150 14150 13350 95137
2010.05.14  12950 13400 13750 12850 43911
2010.05.17  11950 12900 13250 11850 42258
2010.05.18  12200 12000 12400 11850 25432
2010.05.19  11900 12400 12400 11650 19050
2010.05.20  10550 11500 12100 10150 125997
2010.05.24  10750 10400 11100 10350 38464
2010.05.25  9600 10750 10750 9510 36494
2010.05.26  9870 9610 9930 9550 14437
2010.05.27  10200 9900 10600 9870 19819
2010.05.28  10400 10350 11050 10350 22685
2010.05.31  10950 10300 11000 10300 14181
2010.06.01  10950 10550 11500 10550 15723
2010.06.03  11200 11350 11400 11000 12763
2010.06.04  11100 11400 11400 10800 10124
2010.06.07  11450 10500 12550 10350 50626
2010.06.08  11400 11150 11400 10800 17622
2010.06.09  11200 11400 11450 10950 20220
2010.06.10  11700 11200 11750 11200 19082
2010.06.11  12150 11600 12200 11600 17733
2010.06.14  12250 12250 12400 12150 20300
2010.06.15  12100 12000 12350 11950 11303
2010.06.16  12400 12100 12500 12100 6807
2010.06.17  13450 12300 13950 12300 56308
2010.06.18  13550 13600 13900 13350 19569
2010.06.21  14800 13900 15350 13900 67460
2010.06.22  14800 14900 15200 14650 36836
2010.06.23  14550 14900 14900 14500 10116
2010.06.24  14050 14000 14500 13850 12204
2010.06.25  14700 13550 14750 13550 13681
2010.06.28  14900 14800 15450 14700 37849
2010.06.29  15100 15000 15400 15000 56293
2010.06.30  16300 14900 16800 14450 60878
2010.07.01  16000 16100 17250 15700 84435
2010.07.02  15700 16000 16100 15650 36753
2010.07.05  16450 16500 16550 15800 32058
2010.07.06  16400 16200 16650 15750 13360
2010.07.07  16700 16750 16800 16000 20199
2010.07.08  16400 16800 17000 16300 39641
2010.07.09  16600 16200 16600 16000 27052
2010.07.12  16800 16800 16950 16000 27253
2010.07.13  16850 16400 16900 16400 8370
2010.07.14  16950 16700 17100 16700 15652
2010.07.15  17150 16950 17150 16850 24857
2010.07.16  16900 16850 17150 16800 8126
2010.07.19  16900 17000 17100 16450 11303
2010.07.20  16600 16600 16950 16400 11321
2010.07.21  15800 16950 16950 15250 28222
2010.07.22  15100 15300 16150 14650 17872
2010.07.23  14850 15100 15100 14400 13862
2010.07.26  15600 15000 15900 14900 14275
2010.07.27  15700 15600 15900 15550 3060
2010.07.28  15650 16000 16000 15550 4451
2010.07.29  15150 15650 15650 13500 13113
2010.07.30  16000 14900 16000 14900 17527
2010.08.02  16600 16000 17000 16000 19051
2010.08.03  16600 16600 16950 16350 3057
2010.08.04  16900 16350 16950 16350 16111
2010.08.05  16800 16900 16900 16600 11487
2010.08.06  16850 16950 16950 16500 10904
2010.08.09  16950 16850 17250 16850 30619
2010.08.10  16900 16900 17050 16800 7612
2010.08.11  16600 16950 17100 16450 17275
2010.08.12  16550 16600 16700 16100 9327
2010.08.13  16650 16250 16650 16250 8989
2010.08.16  16700 16650 16800 16350 9327
2010.08.17  17250 16500 17250 16500 32454
2010.08.18  18400 17350 18700 17350 56700
2010.08.19  18100 18200 18650 18100 23732
2010.08.20  18250 17650 18250 17500 20905
2010.08.23  18350 18600 18600 18100 19019
2010.08.24  18650 18450 18650 18050 28154
2010.08.25  18350 18300 18600 18300 7862
2010.08.26  18000 18700 18700 17550 22273
2010.08.27  17850 17700 18100 17700 5007
2010.08.30  17950 18150 18250 17550 8289
2010.08.31  16950 18000 18000 16950 9099
2010.09.01  17100 17500 17500 16900 5875
2010.09.02  16900 17150 17650 16750 5380
2010.09.03  16350 16900 17000 16200 6917
2010.09.06  16200 16400 16500 16050 13521
2010.09.07  16200 16000 16400 15950 3611
2010.09.08  16100 16200 16450 15950 4679
2010.09.09  15950 16400 16400 15700 3878
2010.09.10  16100 16000 16200 15900 8642
2010.09.13  15900 16400 16400 15750 9010
2010.09.14  16050 15800 16150 15650 7866
2010.09.15  15900 15700 16150 15500 15460
2010.09.16  15750 15900 15950 15600 7822
2010.09.17  16350 15950 16600 15600 13148
2010.09.20  16400 16850 16850 16000 3545
2010.09.24  16500 16250 16700 16250 2044
2010.09.27  16000 15950 16350 15700 4374
2010.09.28  15850 15900 16100 15700 5209
2010.09.29  15850 16000 16300 15800 9318
2010.09.30  15950 15650 16450 15650 14408
2010.10.01  16800 15800 16800 15700 27910
2010.10.04  16100 16900 17300 16000 12867
2010.10.05  16300 16250 16800 15950 11101
2010.10.06  16300 16200 16650 16000 6301
2010.10.07  17000 16100 17550 16100 61882
2010.10.08  17200 17300 17500 16800 24555
2010.10.11  17000 17200 17550 16900 26688
2010.10.12  17000 17000 17000 16500 10442
2010.10.13  16500 17100 17100 16350 15515
2010.10.14  16150 16750 16750 16050 13941
2010.10.15  16200 16150 16500 16100 14393
2010.10.18  16000 16200 16450 16000 9446
2010.10.19  16700 16100 16900 16050 23129
2010.10.20  16700 16650 16750 16400 31825
2010.10.21  16600 16750 17400 16500 11275
2010.10.22  16800 16950 16950 16600 25698
2010.10.25  16500 16800 17100 16400 19858
2010.10.26  16400 16600 16600 16400 13296
2010.10.27  16000 16500 16600 15900 19469
2010.10.28  16200 16000 16450 15900 6982
2010.10.29  16200 15900 16200 15650 10223
2010.11.01  16150 16100 16200 15550 7426
2010.11.02  15650 15800 16150 15650 8274
2010.11.03  15800 15700 16150 15700 10886
2010.11.04  16700 16000 16800 15700 24735
2010.11.05  17250 17000 17300 16800 46064
2010.11.08  17300 17300 17900 17000 277751
2010.11.09  16600 17300 19850 16300 750557
2010.11.10  16450 17150 17550 16450 241027
2010.11.11  16000 16450 16500 15700 109415
2010.11.12  15600 15500 16000 13900 141527
2010.11.15  14800 15600 16650 14550 166593
2010.11.16  14700 14700 14950 14300 24242
2010.11.17  14050 14650 14650 14000 39665
2010.11.18  14300 13800 14950 13800 76202
2010.11.19  14200 14300 14450 14050 28723
2010.11.22  14250 14500 14500 14200 32219
2010.11.23  14350 14400 14900 14200 36869
2010.11.24  13500 13350 14000 13350 36583
2010.11.25  13850 13600 14000 13500 19534
2010.11.26  13150 13800 14000 12500 27699
2010.11.29  13300 13350 13350 12950 18300
2010.11.30  13150 13000 13600 13000 6517
2010.12.01  13000 13500 13500 12950 12965
2010.12.02  13200 13050 13300 13050 11737
2010.12.03  12800 13100 13350 12800 20811
2010.12.06  13100 13000 13150 12900 17543
2010.12.07  13050 13100 13300 12850 15192
2010.12.08  12950 13000 13200 12900 16043
2010.12.09  13100 13150 13150 12900 10393
2010.12.10  13100 13100 13300 13000 10673
2010.12.13  13300 13000 13400 12850 22913
2010.12.14  13000 13300 13650 13000 18024
2010.12.15  13450 13000 13800 12900 27170
2010.12.16  13700 13500 14250 13300 59942
2010.12.17  13350 13950 14000 13300 15159
2010.12.20  13000 13150 13300 12650 20912
2010.12.21  13450 13050 13750 13050 17658
2010.12.22  13050 13300 13600 13050 16646
2010.12.23  14050 12900 14600 12850 61644
2010.12.24  14050 14200 14400 13600 29826
2010.12.27  15050 14550 16000 14550 187546
2010.12.28  14300 15400 15400 14150 110901
2010.12.29  14000 14500 14800 13800 40271
2010.12.30  13750 13950 14450 13700 40401
2011.01.03  13700 14000 14050 13650 39653
2011.01.04  14000 13950 14000 13700 25236
2011.01.05  13900 13850 14450 13800 40786
2011.01.06  13850 13950 13950 13650 39215
2011.01.07  13800 13750 13950 13400 35713
2011.01.10  14100 13850 14150 13700 23190
2011.01.11  13800 14100 14150 13800 19296
2011.01.12  14800 13750 14800 13650 68556
2011.01.13  14050 14800 14800 14050 40375
2011.01.14  13900 13950 14250 13800 18200
2011.01.17  13400 13900 14150 13400 23809
2011.01.18  13450 13500 13700 13350 26409
2011.01.19  14150 13750 14300 13750 51311
2011.01.20  14250 14150 14300 13550 31729
2011.01.21  13850 14050 14300 13850 13404
2011.01.24  13500 13750 13850 13450 20558
2011.01.25  13450 13500 13750 13250 21295
2011.01.26  13300 13600 13700 13100 16508
2011.01.27  13250 13300 13600 13250 17696
2011.01.28  13050 13650 13650 13050 14582
2011.01.31  13000 13000 13300 13000 11799
2011.02.01  13000 13100 13350 12950 14989
2011.02.07  13050 13050 13400 12950 16793
2011.02.08  13200 12950 13300 12900 12521
2011.02.09  13000 12950 13200 12850 13970
2011.02.10  12500 12850 13000 12300 13663
2011.02.11  11900 12700 12700 11900 20990
2011.02.14  12000 11900 12450 11800 15149
2011.02.15  12000 12050 12050 11550 13444
2011.02.16  11750 11800 12150 11750 9348
2011.02.17  12550 12000 13350 11850 80054
2011.02.18  12850 12550 13000 12150 25570
2011.02.21  13650 12900 13950 12900 59742
2011.02.22  12850 13700 13700 12750 40260
2011.02.23  13300 12650 13450 12650 21444
2011.02.24  13000 13000 13350 12850 22639
2011.02.25  13250 14850 14950 13100 648928
2011.02.28  15200 13250 15200 12850 617211
2011.03.02  15400 15500 17450 15250 1447749
2011.03.03  16100 15700 16100 15000 555751
2011.03.04  14800 15100 15300 14200 448049
2011.03.07  14450 14700 15550 14400 273759
2011.03.08  14500 14500 15050 14000 202648
2011.03.09  16650 15900 16650 15800 866240
2011.03.10  14950 17300 17650 14600 1079894
2011.03.11  15200 14650 15400 14400 202905
2011.03.14  14150 14900 15100 13100 247855
2011.03.15  14300 14200 14700 13300 110160
2011.03.16  14250 14400 14750 13900 105430
2011.03.17  13900 13600 14000 13300 85260
2011.03.18  14700 14150 14700 13700 101264
2011.03.21  15000 14800 15350 14500 188166
2011.03.22  14900 15000 15050 14550 58951
2011.03.23  14550 14950 14950 14500 54488
2011.03.24  14300 14600 14850 14200 57720
2011.03.25  14100 14200 14400 13900 64168
2011.03.28  13600 13900 14200 13600 51074
2011.03.29  13500 13550 13600 13200 52936
2011.03.30  13450 13800 13800 13450 55505
2011.03.31  13800 13600 13900 13500 31372
2011.04.01  13750 13800 13800 13550 32988
2011.04.04  13400 13550 13750 13400 34252
2011.04.05  13400 13500 13650 13300 32592
2011.04.06  13850 13900 14750 13700 138990
2011.04.07  13700 14000 14000 13450 45163
2011.04.08  13550 13800 13800 13400 33836
2011.04.11  13550 13600 13750 13300 34420
2011.04.12  14000 13900 14600 13700 219596
2011.04.13  13450 13950 13950 13400 67697
2011.04.14  13450 13500 13900 13450 50882
2011.04.15  13950 13550 14000 13500 49940
2011.04.18  14300 14450 14450 13900 62564
2011.04.19  14450 14300 14550 14150 68400
2011.04.20  15300 14800 15300 14450 106353
2011.04.21  13950 15700 15700 13850 105674
2011.04.22  13550 13800 14150 13450 52463
2011.04.25  13350 13400 13850 13350 42778
2011.04.26  12550 13400 13700 12550 65131
2011.04.27  12800 12600 13100 12600 22810
2011.04.28  12450 12850 13100 12200 36822
2011.04.29  11900 12150 12550 11550 57246
2011.05.02  12400 12000 13150 12000 75210
2011.05.03  12300 12600 12750 12200 22733
2011.05.04  12550 12050 12650 12000 19304
2011.05.06  12200 12300 12600 12050 11339
2011.05.09  12100 12400 12500 12100 12923
2011.05.11  12050 12150 12400 12000 14517
2011.05.12  11850 12150 12200 11800 12210
2011.05.13  11800 12100 12250 11800 13338
2011.05.16  12000 11600 12050 11550 21196
2011.05.17  11950 12000 12100 11750 13930
2011.05.18  11850 11800 12000 11800 13180
2011.05.19  11450 11850 12000 11450 23828
2011.05.20  11900 11450 12300 11450 16249
2011.05.23  11550 11850 11900 11550 13961
2011.05.24  11150 11600 11600 11050 19413
2011.05.25  11000 11150 11750 10950 11385
2011.05.26  11100 11000 11350 10750 13788
2011.05.27  11150 11550 11550 10950 20818
2011.05.30  10900 11200 11250 10650 16347
2011.05.31  10750 10750 11000 10700 12944
2011.06.01  10650 10750 10900 10450 11734
2011.06.02  10300 10200 10500 10000 19220
2011.06.03  10250 10100 10400 10100 21713
2011.06.07  10400 10500 10600 10200 7407
2011.06.08  10300 10500 10550 10050 8608
2011.06.09  10650 10300 10650 10250 4891
2011.06.10  10550 11000 11000 10450 6698
2011.06.13  10100 10450 10750 10050 14599
2011.06.14  10400 10150 10450 10150 6569
2011.06.15  10450 10600 10600 10100 3550
2011.06.16  10400 10450 10650 10200 4735
2011.06.17  10300 10400 10500 10050 15727
2011.06.20  10500 10400 10900 10400 26485
2011.06.21  10250 10500 10600 10200 8018
2011.06.22  10600 10550 10600 10300 7847
2011.06.23  10650 10600 10700 10450 4252
2011.06.24  11250 10950 11350 10900 62521
2011.06.27  11500 11300 12400 11200 169477
2011.06.28  10900 11600 11800 10850 52188
2011.06.29  10950 11000 11100 10700 23282
2011.06.30  11150 11350 11350 10850 16919
2011.07.01  11000 11250 11250 10900 14770
2011.07.04  11000 11150 11250 10950 13835
2011.07.05  11300 11100 11450 11000 15924
2011.07.06  11450 11300 11550 11200 17881
2011.07.07  11400 11450 11450 11100 18472
2011.07.08  11400 11350 11550 11150 13777
2011.07.11  11500 11250 11600 11200 28115
2011.07.12  11350 11550 11550 11200 26086
2011.07.13  11500 11400 11500 11150 22647
2011.07.14  11950 11500 12000 11300 30735
2011.07.15  12350 12000 12550 12000 63089
2011.07.18  12500 12450 12750 12200 33037
2011.07.19  12550 12500 12750 12250 45955
2011.07.20  12500 12850 12850 12350 34313
2011.07.21  12550 12600 12600 12300 26388
2011.07.22  13450 12600 14300 12450 199314
2011.07.25  13800 13400 13800 12900 51836
2011.07.26  14000 15150 15600 13800 221716
2011.07.27  14000 14000 14300 13500 57066
2011.07.28  13750 13900 14200 13500 32463
2011.07.29  13250 13600 13900 13200 42857
2011.08.01  13000 13350 13450 12750 49148
2011.08.02  12750 13150 13150 12600 29739
2011.08.03  12350 12400 12500 12050 33731
2011.08.04  12050 12300 12550 12050 26100
2011.08.05  11600 11500 11750 11250 35895
2011.08.08  11550 11300 11750 10850 50968
2011.08.09  10500 11050 11050 9860 66908
2011.08.10  11200 10800 11400 10800 43008
2011.08.11  11900 10500 11950 10500 24712
2011.08.12  12000 12000 12900 12000 55763
2011.08.16  12350 12300 12700 12200 45330
2011.08.17  13000 12400 13550 12250 101276
2011.08.18  12950 13100 13100 12600 49051
2011.08.19  12600 12350 13000 12000 42717
2011.08.22  12950 12850 13050 12250 39906
2011.08.23  13000 13300 13450 12900 48381
2011.08.24  12800 13000 13200 12700 34169
2011.08.25  12950 12900 13350 12650 32316
2011.08.26  13150 13100 13150 12750 19440
2011.08.29  13250 13400 13450 13200 26447
2011.08.30  13850 13000 14500 13000 125249
2011.08.31  14000 13650 14150 13550 33933
2011.09.01  14300 14100 14600 13800 68930
2011.09.02  14000 14400 14500 13650 26571
2011.09.05  14100 14100 14600 13900 64767
2011.09.06  13700 14100 15400 13550 261170
2011.09.07  13500 13700 13900 13350 45300
2011.09.08  12900 13400 13550 12800 34458
2011.09.09  12450 12900 13200 12350 21262
2011.09.14  12400 12450 12700 12100 24115
2011.09.15  12500 12700 12700 12100 25765
2011.09.16  12950 12600 13200 12600 30402
2011.09.19  13150 13000 13550 13000 37821
2011.09.20  13050 13200 13200 12800 13168
2011.09.21  12850 12700 13400 12600 35806
2011.09.22  13400 12800 13650 12650 59828
2011.09.23  12800 13100 13950 12650 74207
2011.09.26  12550 12900 13000 11700 49260
2011.09.27  13150 13000 13450 12550 56169
2011.09.28  12300 13300 13700 12150 97965
2011.09.29  13000 12400 13100 12200 41224
2011.09.30  13150 13000 13350 12900 8418
2011.10.04  12700 12750 12900 12450 18098
2011.10.05  12550 13000 13000 12550 15376
2011.10.06  13200 12650 13250 12650 22242
2011.10.07  12900 13200 13600 12900 29616
2011.10.10  12900 13300 13300 12900 18851
2011.10.11  13300 13400 13450 13100 28118
2011.10.12  13150 13500 13500 13050 22624
2011.10.13  13000 13300 13300 12900 23207
2011.10.14  13000 13000 13100 12800 18156
2011.10.17  13500 13000 13950 13000 65957
2011.10.18  13950 13300 14750 13150 90336
2011.10.19  13900 14000 14550 13900 45930
2011.10.20  13800 13900 14400 13750 45682
2011.10.21  14350 14250 14500 13800 53841
2011.10.24  14500 14500 15350 14350 110120
2011.10.25  14200 14800 14800 14000 43108
2011.10.26  13900 13950 14300 13750 29875
2011.10.27  14200 13850 14900 13850 44206
2011.10.28  14050 14250 14400 14000 23177
2011.10.31  14250 14400 14400 13900 30095
2011.11.01  15250 13950 16300 13950 220942
2011.11.02  15500 14750 15500 14500 42645
2011.11.03  15300 15700 16450 15250 99545
2011.11.04  15800 15450 16050 15350 62079
2011.11.07  16500 15950 17050 15950 161947
2011.11.08  16700 16650 17350 16400 140372
2011.11.09  16300 17100 17100 15800 88047
2011.11.10  15800 15450 16500 15450 102882
2011.11.11  15850 16300 16300 15500 75386
2011.11.14  16250 16000 16500 16000 42583
2011.11.15  15900 16150 16300 15650 37510
2011.11.16  15450 16000 16350 15150 42466
2011.11.17  15500 15400 15650 14400 67693
2011.11.18  15350 15250 15450 14800 32039
2011.11.21  14200 15150 15350 13900 61596
2011.11.22  14200 13900 14400 13800 28865
2011.11.23  14050 13850 14300 13400 36253
2011.11.24  14400 13850 14450 13850 23270
2011.11.25  14400 14300 14700 14100 31701
2011.11.28  15400 14500 15900 14250 64732
2011.11.29  15400 15250 15900 15100 30197
2011.11.30  15100 15600 15800 15050 28205
2011.12.01  15200 15300 16150 15050 118254
2011.12.02  15000 15500 15500 14750 28381
2011.12.05  15100 15000 15250 14850 25263
2011.12.06  15000 14750 15200 14050 50718
2011.12.07  14750 14850 15300 14500 23307
2011.12.08  14700 14450 14850 14450 8589
2011.12.09  14400 14350 14700 14200 15431
2011.12.12  14300 14600 14800 14150 16940
2011.12.13  14400 14050 14450 13900 14113
2011.12.14  14800 14550 15100 14350 25300
2011.12.15  14650 14400 14900 14400 11678
2011.12.16  14900 15000 15000 14600 11621
2011.12.19  14400 15100 15400 13350 57992
2011.12.20  14500 14400 14850 14250 18653
2011.12.21  14600 14600 14750 14350 21223
2011.12.22  14850 14500 15700 14400 53460
2011.12.23  14950 14900 15300 14800 32319
2011.12.26  15250 15050 15450 14800 53364
2011.12.27  15550 15400 15750 14950 75342
2011.12.28  15700 15800 16000 15500 37652
2011.12.29  15750 15600 15850 15500 16310
2012.01.02  15900 15750 16150 15600 53045
2012.01.03  15500 15850 16000 15450 32005
2012.01.04  15300 15500 15650 15050 30415
2012.01.05  15200 15600 15600 15150 23355
2012.01.06  16200 15200 17450 15150 197117
2012.01.09  16950 16400 17250 15800 133794
2012.01.10  16500 17200 18250 16200 363823
2012.01.11  17700 16400 18000 16400 224357
2012.01.12  17800 17450 18500 17100 243265
2012.01.13  18350 18100 18400 17650 154324
2012.01.16  18200 18450 18800 18000 107150
2012.01.17  18050 18800 18800 17800 141903
2012.01.18  17700 17900 18050 17400 76689
2012.01.19  17500 17950 18200 17250 200227
2012.01.20  16700 17500 17500 16700 102754
2012.01.25  17400 16900 17600 16800 59181
2012.01.26  17400 17600 17900 17300 53229
2012.01.27  17550 17400 17700 17200 37897
2012.01.30  17400 17400 17650 17250 27862
2012.01.31  17350 17600 17600 17300 49590
2012.02.01  17400 17450 17700 17100 49836
2012.02.02  17350 17500 17650 17350 35225
2012.02.03  18100 17450 18300 17200 119083
2012.02.06  17750 18100 18100 17500 54307
2012.02.07  17300 17500 17500 16700 80319
2012.02.08  16750 17200 17250 16550 55565
2012.02.09  16950 16600 17000 16400 26390
2012.02.10  17000 16800 17200 16500 51749
2012.02.13  17350 17000 17500 16900 43001
2012.02.14  17100 17400 17400 16750 47608
2012.02.15  17000 17100 17400 16500 39416
2012.02.16  16550 16750 16900 16000 42526
2012.02.17  17100 16650 17400 16250 72424
2012.02.20  16600 17100 17100 16500 43383
2012.02.21  16700 16400 16800 16350 20869
2012.02.22  16500 16450 16700 16300 21627
2012.02.23  15600 16300 16400 15450 55048
2012.02.24  16050 15700 16150 15600 29419
2012.02.27  15350 15650 16050 15100 51569
2012.02.28  15300 15200 15550 15200 15761
2012.02.29  15400 15300 15700 15200 41346
2012.03.02  14650 15400 15400 14300 92226
2012.03.05  14000 14650 14650 13900 90679
2012.03.06  13500 14000 14200 13500 53701
2012.03.07  13350 13250 13650 12850 41218
2012.03.08  13350 13200 13650 13200 25269
2012.03.09  13700 13300 13800 13300 38103
2012.03.12  13400 13700 13700 13300 22896
2012.03.13  12900 13400 13500 12900 68933
2012.03.14  13400 12950 13500 12800 41792
2012.03.15  13550 13400 13700 13200 24496
2012.03.16  13650 13550 13650 13450 16123
2012.03.19  13500 13500 13800 13200 9286
2012.03.20  13600 13250 13600 12850 42497
2012.03.21  13100 13750 13750 12950 29381
2012.03.22  11150 11150 11150 11150 41436
2012.03.23  10550 9500 10900 9500 384690
2012.03.26  11650 10550 11650 10550 52102
2012.03.27  12700 11700 12900 11700 37913
2012.03.28  12300 12100 12550 11900 21160
2012.03.29  12400 12000 12500 12000 26837
2012.03.30  12400 12900 12900 12150 12540
2012.04.02  12400 12400 12400 12000 11616
2012.04.03  12450 12450 12550 12450 7746
2012.04.04  12100 12450 12450 12050 10659
2012.04.05  12000 12000 12000 11700 10765
2012.04.06  11900 12050 12100 11900 9619
2012.04.09  11350 11800 11800 11350 10980
2012.04.10  11600 11450 11700 11450 4931
2012.04.12  11500 11600 11600 11150 5200
2012.04.13  11150 11550 11550 11000 20794
2012.04.16  10700 11150 11150 10650 20110
2012.04.17  10600 10950 10950 10450 10662
2012.04.18  11050 10450 11100 10450 14067
2012.04.19  10950 10700 10950 10650 9527
2012.04.20  10650 11200 11200 10650 5273
2012.04.23  10350 10550 10600 10350 11425
2012.04.24  10100 10200 10200 10000 21376
2012.04.25  10150 10000 10200 10000 9133
2012.04.26  10000 10300 10300 10000 6830
2012.04.27  9850 9900 9900 9780 8945
2012.04.30  9960 10000 10000 9900 3849
2012.05.02  10600 9920 10600 9920 4794
2012.05.03  11000 10700 12150 10700 30784
2012.05.04  10850 11200 11200 10850 8451
2012.05.07  10150 10800 10800 10100 11013
2012.05.08  10250 10150 10400 10150 6649
2012.05.09  10250 10250 10250 10000 7561
2012.05.10  10050 10300 10300 10050 5784
2012.05.11  10150 10200 10200 10050 4165
2012.05.14  10050 10200 10200 10000 7191
2012.05.15  9790 10000 10000 9680 12324
2012.05.16  9800 9560 10200 9560 7951
2012.05.17  9970 9750 10000 9700 1928
2012.05.18  9500 10100 10100 9500 7375
2012.05.21  9320 9250 9400 9250 2587
2012.05.22  9700 9300 9700 9220 6779
2012.05.23  9450 9790 9790 9400 4453
2012.05.24  9440 9450 9700 9440 3588
2012.05.25  9700 9920 9920 9460 3807
2012.05.29  9990 9990 10200 9980 16484
2012.05.30  10350 10900 10900 10000 12323
2012.05.31  10200 10000 10200 10000 11323
2012.06.01  10450 10200 10450 10200 3851
2012.06.04  9900 10250 10250 9900 15090
2012.06.05  10150 9980 10150 9980 4090
2012.06.07  10000 10150 10200 9970 8163
2012.06.08  9950 10150 10150 9950 5181
2012.06.11  10150 10000 10150 10000 5547
2012.06.12  10000 10000 10150 10000 6895
2012.06.13  10050 10100 10200 10000 6780
2012.06.14  10000 10050 10150 10000 6008
2012.06.15  10000 10000 10100 10000 4337
2012.06.18  10250 10100 10300 10100 6162
2012.06.19  11700 10250 11700 10150 18590
2012.06.20  11200 11750 11800 11050 5495
2012.06.21  11000 11200 11200 10700 7146
2012.06.22  11000 11200 11200 10950 6072
2012.06.25  10450 10900 10900 10150 6447
2012.06.26  10500 10300 10550 10300 2606
2012.06.27  10500 10500 10500 10150 6458
2012.06.28  10550 10700 11000 10350 4640
2012.06.29  10800 10550 10800 10500 7345
2012.07.02  10800 11000 11000 10550 6615
2012.07.03  10850 10950 10950 10600 15514
2012.07.04  10850 11000 11000 10850 6359
2012.07.05  10800 10600 11000 10600 6649
2012.07.06  11000 10800 11000 10800 12468
2012.07.09  11050 10950 11300 10900 9794
2012.07.10  10550 11100 11150 10550 14743
2012.07.11  10600 10550 10750 10550 3242
2012.07.12  10600 10800 10800 10550 4717
2012.07.13  10600 10750 10750 10550 7868
2012.07.16  10550 10600 10600 10350 1992
2012.07.17  10400 10400 10600 10400 3834
2012.07.18  10450 10400 10750 10400 24901
2012.07.19  10500 10500 10500 10450 3119
2012.07.20  10500 10500 10500 10400 7461
2012.07.23  10550 10400 10650 10400 3745
2012.07.24  10350 10500 10500 10350 2678
2012.07.25  9950 10300 10300 9920 14755
2012.07.26  10200 10000 10250 10000 4315
2012.07.27  10300 10300 10400 10300 2633
2012.07.30  10150 10300 10450 10150 3062
2012.07.31  10850 10050 10850 10050 7140
2012.08.01  10850 10650 12450 10650 58105
2012.08.02  11150 11000 11200 10850 13329
2012.08.03  12400 11150 12700 11150 33758
2012.08.06  12450 13000 13000 12150 16023
2012.08.07  12500 12150 12600 12150 11319
2012.08.08  12150 12200 12400 12100 8512
2012.08.09  11850 11850 12150 11850 2107
2012.08.10  12050 12300 12300 11850 1948
2012.08.13  12100 12500 12500 12050 2557
2012.08.14  12000 12300 12300 11900 9088
2012.08.16  11750 12050 12050 11750 5157
2012.08.17  11750 11800 11800 11650 1700
2012.08.20  11600 11650 11650 11450 10376
2012.08.21  11700 11800 11800 11600 2631
2012.08.22  11500 11650 11650 11450 4274
2012.08.23  11600 11550 11700 11450 5910
2012.08.24  11400 11650 11650 11350 5272
2012.08.27  11450 11400 11500 11400 2624
2012.08.28  11550 11300 11550 11300 6241
2012.08.29  11800 12400 12400 11750 6354
2012.08.30  12050 11950 12500 11950 12680
2012.08.31  12750 12350 12750 12000 12422
2012.09.03  12800 12600 13100 12500 11271
2012.09.04  12500 12850 13000 12400 10719
2012.09.05  12200 12500 12550 12150 6851
2012.09.06  12600 12450 12650 12250 6521
2012.09.07  12900 12600 13050 12600 14672
2012.09.10  13500 13000 13700 13000 19660
2012.09.11  13350 13550 13700 13350 4844
2012.09.12  13950 13450 13950 13450 20644
2012.09.13  14300 14200 14500 14000 31299
2012.09.14  14350 14500 14600 14000 32658
2012.09.17  14900 14700 14900 14700 22966
2012.09.18  14950 14600 15250 14600 16875
2012.09.19  14950 14900 15050 14900 7521
2012.09.20  15200 14900 15200 14550 9501
2012.09.21  16500 15000 16500 15000 52123
2012.09.24  16500 16700 16900 16300 17628
2012.09.25  16400 16500 16600 16400 17575
2012.09.26  14450 16800 16800 14450 57929
2012.09.27  13800 14600 14900 13500 25452
2012.09.28  15300 13800 15300 13800 18255
2012.10.02  15300 15150 15500 15150 3534
2012.10.04  15300 15300 15400 15200 6017
2012.10.05  15100 15300 15300 15000 5892
2012.10.08  14650 14950 15000 14650 12303
2012.10.09  14750 14750 14750 14500 7722
2012.10.10  14600 14900 14900 14600 5077
2012.10.11  15500 14850 15500 14650 6895
2012.10.12  15600 15450 15700 15450 14577
2012.10.15  15000 15900 15900 14950 14407
2012.10.16  14750 14850 14950 14650 4742
2012.10.17  14750 14900 14900 14400 3845
2012.10.18  14700 14900 14900 14350 5346
2012.10.19  14850 14650 14850 14500 3681
2012.10.22  14900 14850 14950 14800 2571
2012.10.23  14750 14950 14950 14700 4087
2012.10.24  14900 14900 15100 14900 4724
2012.10.25  15400 15200 15400 15050 3983
2012.10.26  15200 15600 15600 14700 15504
2012.10.29  14900 15000 15350 14900 6692
2012.10.30  15600 15000 15800 15000 52755
2012.10.31  17900 17900 17900 17500 191209
2012.11.01  15250 17000 17000 15250 95338
2012.11.02  15700 15550 16300 15150 35156
2012.11.05  16000 15800 16100 15350 22399
2012.11.06  17000 16000 17000 15400 66230
2012.11.07  15900 16400 16400 15500 39656
2012.11.08  16000 15650 16000 15650 5984
2012.11.09  16300 16300 16300 15950 12188
2012.11.12  16450 16150 16500 16150 11712
2012.11.13  16250 16500 16850 16250 9549
2012.11.14  16500 16650 16650 16200 6021
2012.11.15  16000 16300 16550 15900 11903
2012.11.16  15750 16050 16050 15700 8736
2012.11.19  15850 15550 15900 15550 11056
2012.11.20  15750 16100 16100 15750 4383
2012.11.21  15450 15750 15950 15450 9200
2012.11.22  15500 15350 15950 15350 6371
2012.11.23  15600 15600 15750 15400 4887
2012.11.26  15350 15600 15600 15300 3492
2012.11.27  14600 15250 15250 14600 16045
2012.11.28  14750 15000 15000 14700 6250
2012.11.29  15300 14650 15700 14600 19602
2012.11.30  15500 15300 15800 15300 12500
2012.12.03  17600 17800 17800 17600 166671
2012.12.04  17450 16900 18200 16500 81947
2012.12.05  17950 17900 19800 17700 97871
2012.12.06  18000 17600 18650 17600 34465
2012.12.07  18100 18250 18700 17750 23905
2012.12.10  17050 17600 17900 17000 23595
2012.12.11  17750 17250 17800 17050 23071
2012.12.12  17350 17800 17800 17350 9389
2012.12.13  17000 17200 17200 16900 11735
2012.12.14  17150 17400 17400 17000 11791
2012.12.17  17550 17000 17550 17000 8469
2012.12.18  17550 17650 17650 17350 10248
2012.12.20  17450 17500 17500 17200 14712
2012.12.21  17450 17200 17600 17150 7719
2012.12.24  17350 17450 17450 17250 6370
2012.12.26  17400 17450 17450 17250 2937
2012.12.27  17700 17250 17700 17250 5288
2012.12.28  18000 17700 18000 17700 9703
2013.01.02  18050 18050 18200 17900 5751
2013.01.03  18000 18000 18100 17950 5709
2013.01.04  18050 18200 18200 18000 5962
2013.01.07  17650 18250 18250 17650 10358
2013.01.08  17750 18000 18000 17400 6223
2013.01.09  17800 17950 17950 17550 3183
2013.01.10  17700 17700 18000 17700 4047
2013.01.11  17800 18000 18000 17700 3936
2013.01.14  17600 17500 17600 17500 3959
2013.01.15  17400 17600 17600 17350 2618
2013.01.16  17700 17400 17750 17200 6894
2013.01.17  17350 17500 17500 17350 3244
2013.01.18  17500 17700 17700 17250 3086
2013.01.21  17400 17300 17400 17200 5330
2013.01.22  17500 17200 17950 17200 7554
2013.01.23  17600 17500 17750 17500 2786
2013.01.24  17300 17650 17650 17100 10175
2013.01.25  17350 17400 17500 17200 1638
2013.01.28  17350 17600 17600 17300 1512
2013.01.29  17350 17550 17550 17350 2059
2013.01.30  17400 17400 17400 17250 2256
2013.01.31  17050 17350 17350 17000 5001
2013.02.01  17100 17050 17100 16700 9976
2013.02.04  16900 16800 17200 16800 2861
2013.02.05  16900 16850 17100 16850 2177
2013.02.06  16800 17000 17000 16800 2251
2013.02.07  16900 16800 17000 16800 3058
2013.02.08  17350 17000 17400 17000 1933
2013.02.12  17400 17550 17550 17350 8379
2013.02.13  17400 17500 17600 17350 8934
2013.02.14  17750 17600 17750 17400 4064
2013.02.15  18300 17950 18500 17900 17228
2013.02.18  18500 18450 18600 18350 7548
2013.02.19  18000 18500 18500 18000 4039
2013.02.20  18350 18300 18400 17800 7949
2013.02.21  18300 18450 18450 18300 5877
2013.02.22  18500 18400 18650 18400 12250
2013.02.25  18400 18500 18650 18400 18160
2013.02.26  18600 18400 18600 18400 12396
2013.02.27  19200 18900 19200 18600 16278
2013.02.28  20850 19350 20850 19350 45587
2013.03.04  20000 20850 20850 20000 22204
2013.03.05  20000 20300 20450 19800 18819
2013.03.06  19350 20000 20000 19250 13658
2013.03.07  19700 19550 19700 19350 7944
2013.03.08  18250 19700 19850 18150 38088
2013.03.11  17750 18000 18250 17350 28940
2013.03.12  17800 17500 17950 17150 13746
2013.03.13  18150 18050 18300 17550 14081
2013.03.14  18600 18100 18850 18100 19433
2013.03.15  18450 18800 18900 18000 8658
2013.03.18  17450 18400 18400 17450 15688
2013.03.19  17500 17350 17650 17100 6669
2013.03.20  17050 17500 17600 16950 12429
2013.03.21  17550 17000 17550 16750 7610
2013.03.22  16950 17500 17500 16800 17814
2013.03.25  17050 17200 17400 17050 8129
2013.03.26  17100 17100 17400 16750 11552
2013.03.27  17100 17000 17600 16600 22162
2013.03.28  17400 17100 17400 16900 8263
2013.03.29  17650 17250 17900 17250 8903
2013.04.01  17650 17700 17800 17450 3035
2013.04.02  17500 17800 17800 17100 10332
2013.04.03  17250 17350 17600 16750 18303
2013.04.04  17000 17350 17350 16600 21260
2013.04.05  16800 17150 17150 16550 19000
2013.04.08  16700 16800 16800 16200 11158
2013.04.09  16250 16700 16700 16200 6888
2013.04.10  16550 16250 16550 16200 6201
2013.04.11  16950 16600 17200 16300 10703
2013.04.12  16950 16950 17150 16700 2048
2013.04.15  17450 16700 17600 16600 17614
2013.04.16  18400 17300 18500 17150 59169
2013.04.17  18150 18100 18450 18000 19792
2013.04.18  17550 17900 18150 17300 22158
2013.04.19  18900 17850 19300 17050 83066
2013.04.22  19250 18950 19800 18750 64937
2013.04.23  19500 19500 19750 18850 46489
2013.04.24  19700 19800 20000 19250 39590
2013.04.25  19450 19900 19950 19400 15075
2013.04.26  18900 19600 19600 18900 31774
2013.04.29  18150 19000 19000 17900 39636
2013.04.30  18400 18200 18800 18200 15699
2013.05.02  18100 18650 18700 17900 19890
2013.05.03  18350 18000 18400 17800 14337
2013.05.06  18450 18500 18600 18050 32113
2013.05.07  18450 18600 18600 18100 21056
2013.05.08  18850 18500 18900 18100 38234
2013.05.09  18500 19050 19050 18500 9747
2013.05.10  18650 18450 18750 18300 7125
2013.05.13  18550 18250 18700 17200 21953
2013.05.14  18350 18450 18700 17950 16445
2013.05.15  18100 18050 18400 17500 13307
2013.05.16  17950 17800 18250 17600 11346
2013.05.20  17400 18100 18100 17300 16037
2013.05.21  17400 17150 17700 17150 9258
2013.05.22  17500 17650 17650 17150 5982
2013.05.23  17450 17650 17650 17150 3560
2013.05.24  17550 17450 17650 17200 9842
2013.05.27  17000 17250 17700 16450 53533
2013.05.28  17200 17000 17450 17000 12497
2013.05.29  17000 17500 17500 17000 9274
2013.05.30  17050 17000 17300 16900 7778
2013.05.31  17100 17350 17350 16800 7649
2013.06.03  16900 17250 17250 16850 4711
2013.06.04  16650 16850 16850 16200 14510
2013.06.05  16200 16550 16700 16150 7500
2013.06.07  15850 16100 16200 14400 33792
2013.06.10  16000 15600 17300 15600 3741
2013.06.11  16300 16100 16350 15750 13752
2013.06.12  15700 16100 16900 15700 6902
2013.06.13  15600 15700 15700 15050 4817
2013.06.14  14950 16100 16100 14850 14794
2013.06.17  14000 14650 15250 13750 17072
2013.06.18  14400 14300 15000 13800 20341
2013.06.19  14400 14800 14800 14250 7285
2013.06.20  14500 14150 14600 14000 9228
2013.06.21  13700 14300 14550 13600 26430
2013.06.24  13500 14000 14500 13500 19979
2013.06.25  12700 13500 14000 12700 18263
2013.06.26  13000 13200 13350 12350 25861
2013.06.27  13700 12900 14100 12900 18894
2013.06.28  14850 14200 15050 13800 19588
2013.07.01  15100 15200 15400 14650 15854
2013.07.02  15200 14900 15200 14500 12661
2013.07.03  14600 14900 15300 14500 15893
2013.07.04  14850 14600 14850 14400 5581
2013.07.05  14600 14600 14900 14300 7483
2013.07.08  14000 14600 14600 13750 13544
2013.07.09  14150 14000 14250 13900 6315
2013.07.10  14100 14100 14550 13800 7777
2013.07.11  14350 14000 14350 13550 12506
2013.07.12  14500 13950 14550 13950 8087
2013.07.15  14600 14550 14600 14000 8251
2013.07.16  14950 14700 15050 14600 12057
2013.07.17  15000 14800 15000 14700 4170
2013.07.18  15900 15000 16200 14950 17583
2013.07.19  16000 15900 16100 15650 7836
2013.07.22  16700 16200 16700 16100 17004
2013.07.23  16550 16700 16850 16400 10724
2013.07.24  16750 16500 16800 16450 15071
2013.07.25  17000 16750 17000 16350 13843
2013.07.26  16900 17250 17250 16600 14885
2013.07.29  16850 16900 16900 16300 10474
2013.07.30  16650 17000 17000 16350 2223
2013.07.31  16750 16900 16900 16300 5086
2013.08.01  16750 16600 16800 16300 4976
2013.08.02  16400 16700 16800 16200 5924
2013.08.05  16200 16850 16850 15850 5994
2013.08.06  16000 15850 16150 15650 4379
2013.08.07  15800 15750 16450 15750 4048
2013.08.08  16300 15900 16300 15600 6023
2013.08.09  16400 16300 16450 15900 2760
2013.08.12  16150 16400 16400 15900 4267
2013.08.13  16350 16200 16400 16050 5106
2013.08.14  16650 16350 16900 16200 14353
2013.08.16  16850 16500 17300 16450 10536
2013.08.19  17000 16850 17250 16600 9480
2013.08.20  16200 17000 17000 16200 8238
2013.08.21  15400 16200 16450 15250 9615
2013.08.22  15300 15500 15600 15200 2665
2013.08.23  16000 16000 16200 15400 5055
2013.08.26  16000 16350 16350 15500 4041
2013.08.27  15800 16000 16200 15650 5807
2013.08.28  15450 15700 15700 15100 7719
2013.08.29  15900 15700 15950 15450 5081
2013.08.30  15850 15950 15950 15550 2582
2013.09.02  16000 15900 16000 15700 2096
2013.09.03  15900 15800 16050 15650 1873
2013.09.04  16000 16700 16700 15800 1517
2013.09.05  16100 16250 16250 15950 3429
2013.09.06  15500 16100 16150 15500 7624
2013.09.09  15800 16000 16000 15400 2409
2013.09.10  15650 15950 15950 15600 4873
2013.09.11  15850 15950 15950 15650 1983
2013.09.12  15900 15950 16050 15650 3269
2013.09.13  15800 16000 16000 15650 2408
2013.09.16  15800 15800 15850 15500 4583
2013.09.17  15600 15400 15900 15400 4104
2013.09.23  15600 15300 15900 15300 6000
2013.09.24  15500 15800 15800 15200 6221
2013.09.25  15500 15300 15600 15300 4546
2013.09.26  15300 15700 15700 15300 8710
2013.09.27  15300 15200 16000 14900 10620
2013.09.30  14600 15000 15500 14600 7951
2013.10.01  14500 14750 15000 14500 7656
2013.10.02  14750 14800 14800 14500 5236
2013.10.04  14650 14550 15050 14000 15864
2013.10.07  15050 14650 15350 14050 9776
2013.10.08  15000 15350 15350 14600 15079
2013.10.10  16100 15000 16100 14950 26487
2013.10.11  16650 16100 17050 16100 33586
2013.10.14  16700 16700 17000 16500 20783
2013.10.15  16450 16900 16900 16200 9940
2013.10.16  16950 16450 17200 16450 46045
2013.10.17  16950 16950 17200 16650 20826
2013.10.18  18150 17100 18450 17000 185285
2013.10.21  20600 18700 20850 18700 160292
2013.10.22  19800 20700 21000 19600 76260
2013.10.23  21550 20200 22300 20000 155950
2013.10.24  21650 21000 22000 20600 71403
2013.10.25  23700 21900 24850 21750 144283
2013.10.28  22450 23450 24050 21900 119267
2013.10.29  22800 22450 24000 22200 64848
2013.10.30  23000 22850 23400 22150 38906
2013.10.31  24100 22800 24700 22600 83754
2013.11.01  24200 24500 24950 23750 41187
2013.11.04  24400 24600 24700 23650 51462
2013.11.05  23400 24750 24900 22450 65621
2013.11.06  22300 23650 23650 21550 75490
2013.11.07  23450 22600 23600 22350 43492
2013.11.08  23350 22750 24000 22750 28546
2013.11.11  23150 23850 23850 22900 24049
2013.11.12  26600 23900 26600 22700 70797
2013.11.13  27100 26750 28650 26600 117139
2013.11.14  27350 27100 27450 26550 35665
2013.11.15  27100 27350 27750 26650 34500
2013.11.18  27500 26850 28950 26000 49975
2013.11.19  28050 27600 28200 27100 33068
2013.11.20  28300 28050 28600 27550 30107
2013.11.21  29950 28750 30300 28300 102400
2013.11.22  29950 30200 30900 28800 52294
2013.11.25  27900 29700 30600 27650 71302
2013.11.26  28250 27750 28500 27300 30625
2013.11.27  28000 28250 28500 26600 45421
2013.11.28  29350 28550 29400 27950 25712
2013.11.29  27800 29150 30450 27500 57206
2013.12.02  26500 27000 27800 26500 44293
2013.12.03  27700 26500 28050 26300 33823
2013.12.04  27500 28050 28500 27350 24094
2013.12.05  28650 27900 28700 27500 22415
2013.12.06  28500 28350 29550 28200 14703
2013.12.09  26000 28200 28800 24250 131436
2013.12.10  26000 26150 27450 25600 27149
2013.12.11  26500 26300 27150 25350 19429
2013.12.12  26550 26300 27250 26000 16618
2013.12.13  25500 26850 26850 25500 19922
2013.12.16  27100 25500 27150 25000 24142
2013.12.17  27800 27600 29250 26700 52837
2013.12.18  26700 27950 27950 26700 16678
2013.12.19  26900 26750 27500 26550 21521
2013.12.20  27900 26800 28150 26800 34011
2013.12.23  27100 28300 28300 26400 26086
2013.12.24  27000 27600 27600 26700 7768
2013.12.26  26800 26500 27400 26350 14475
2013.12.27  27050 27100 27450 26300 9268
2013.12.30  27200 27050 27450 26600 34205
2014.01.02  27700 28300 28800 27200 38274
2014.01.03  28050 27800 28150 27300 20269
2014.01.06  27650 28100 28150 27000 20011
2014.01.07  28250 27600 28250 27300 19398
2014.01.08  30000 28000 30300 27500 68370
2014.01.09  30100 29900 30600 29650 41780
2014.01.10  29850 30400 30400 29450 16029
2014.01.13  30600 29550 30650 29100 35044
2014.01.14  30650 30600 31000 30250 18434
2014.01.15  29600 30650 31300 29600 47690
2014.01.16  30650 29650 30800 29400 28344
2014.01.17  30800 30700 31850 30650 22065
2014.01.20  30200 31300 31400 29800 23249
2014.01.21  30000 30200 30300 29300 19418
2014.01.22  29450 30300 30300 29350 16316
2014.01.23  29450 29400 29900 29100 14654
2014.01.24  29900 29700 29900 28500 25955
2014.01.27  28600 29550 29800 28600 16532
2014.01.28  28650 28350 29300 28300 10016
2014.01.29  29200 29300 30100 28800 29463
2014.02.03  29000 29650 29650 28000 17784
2014.02.04  28350 27900 28800 27900 8320
2014.02.05  28450 28250 28900 28000 12523
2014.02.06  28450 28450 29200 28000 16237
2014.02.07  28400 28800 28800 27900 14104
2014.02.10  29150 29300 29300 28100 11234
2014.02.11  28700 29000 29450 28400 12387
2014.02.12  28750 28700 28950 28500 13762
2014.02.13  28700 28750 29150 28400 7243
2014.02.14  28750 29000 29000 28100 10378
2014.02.17  28350 29000 29000 27700 15535
2014.02.18  27650 28700 28700 27550 16770
2014.02.19  28750 27700 28850 27500 26805
2014.02.20  29650 29050 30250 28500 37236
2014.02.21  30350 29650 30650 29350 34101
2014.02.24  30350 30350 31400 29300 47465
2014.02.25  34800 30800 34900 30500 164464
2014.02.26  34950 34900 35000 33500 49017
2014.02.27  36450 34950 36900 34400 52406
2014.02.28  35900 36400 37850 35700 39168
2014.03.03  38800 36050 39500 35700 62874
2014.03.04  38850 39350 39700 38050 43246
2014.03.05  38800 38800 39100 38000 24922
2014.03.06  37150 38400 38600 36000 68164
2014.03.07  37250 36950 37600 35900 47751
2014.03.10  36300 37300 37400 36250 22276
2014.03.11  39600 37000 40400 36500 58570
2014.03.12  37900 40200 41400 36900 93847
2014.03.13  38300 39650 39650 37100 29579
2014.03.14  37000 37500 38700 36400 41846
2014.03.17  35100 37000 37250 34300 64953
2014.03.18  35650 34700 35800 34400 45582
2014.03.19  34900 35650 35750 34000 42564
2014.03.20  34000 34500 36050 33700 41637
2014.03.21  33750 34000 34750 33250 24097
2014.03.24  32000 34150 34600 31000 95819
2014.03.25  30250 32700 33000 30250 79077
2014.03.26  30800 30600 31300 29500 48323
2014.03.27  29150 30800 30850 28400 70756
2014.03.28  31200 29000 31200 29000 63315
2014.03.31  29900 31200 31200 29400 44452
2014.04.01  30900 29900 30900 29000 29534
2014.04.02  31800 31300 31900 30300 34246
2014.04.03  31250 31700 31700 30550 33156
2014.04.04  31250 30900 31300 30600 10620
2014.04.07  29300 30800 30800 28800 78336
2014.04.08  29950 29100 29950 29000 25228
2014.04.09  30500 29950 30500 29800 20357
2014.04.10  30700 30600 31000 30300 16924
2014.04.11  31350 29850 31400 29200 28401
2014.04.14  32750 31300 33150 31100 53018
2014.04.15  33000 33300 33700 32200 69603
2014.04.16  33000 33350 33800 32700 32944
2014.04.17  32700 33650 33650 32450 17463
2014.04.18  33000 32500 33300 32350 22453
2014.04.21  33000 33800 33800 32350 21581
2014.04.22  33150 33400 33500 32600 25222
2014.04.23  34000 33500 34400 33100 49955
2014.04.24  33700 34200 34200 32800 29245
2014.04.25  32650 33900 33900 32500 15984
2014.04.28  31950 32300 32300 30750 38189
2014.04.29  31950 31900 32000 31350 16629
2014.04.30  33150 31950 33650 31850 31231
2014.05.02  32800 33400 33400 32600 13142
2014.05.07  32800 32850 33300 32700 11676
2014.05.08  32300 32800 33200 31800 18092
2014.05.09  31950 32650 32650 31500 8289
2014.05.12  32000 31700 32500 31700 11567
2014.05.13  35250 32450 36500 32450 103367
2014.05.14  36500 35250 36500 34400 51398
2014.05.15  36700 36150 37550 36150 19378
2014.05.16  36500 36900 36900 35500 17021
2014.05.19  36600 37000 37450 36200 19645
2014.05.20  37400 36700 39950 36700 31122
2014.05.21  38700 38000 38800 35800 39463
2014.05.22  39000 38700 39250 38100 19413
2014.05.23  39500 38700 40500 37750 52318
2014.05.26  40950 39500 41450 39200 40160
2014.05.27  40450 41400 41400 40300 28308
2014.05.28  40300 40200 40950 38800 23729
2014.05.29  40950 40400 41600 39600 25203
2014.05.30  41300 41300 42000 40800 18756
2014.06.02  41200 41300 41850 36350 47410
2014.06.03  40700 41000 41000 38800 22171
2014.06.05  40150 40600 40900 39950 16154
2014.06.09  41850 39500 41900 39500 25509
2014.06.10  41500 42750 43600 40850 32153
2014.06.11  42600 41100 42950 39400 48111
2014.06.12  45350 42600 45750 42250 55024
2014.06.13  48150 45400 48200 44500 37495
2014.06.16  47450 47100 49300 46350 32945
2014.06.17  47400 46750 47900 46700 16239
2014.06.18  45900 48500 48500 45750 21123
2014.06.19  46500 45850 47600 45150 41111
2014.06.20  49000 47000 49100 47000 44092
2014.06.23  48150 49550 49700 47700 33679
2014.06.24  48350 48800 48800 47500 20864
2014.06.25  47700 48350 48800 47200 15664
2014.06.26  47600 47500 48300 47000 13648
2014.06.27  48800 47650 49350 47650 37525
2014.06.30  48700 48900 49300 47800 21953
2014.07.01  48800 48500 49250 47000 200500
2014.07.02  50800 50000 54800 49650 127244
2014.07.03  57400 51200 57400 51100 87059
2014.07.04  57400 57000 57900 54700 49402
2014.07.07  59000 57300 61500 56300 50895
2014.07.08  57400 59700 59700 56500 45458
2014.07.09  54700 57400 57900 54000 60190
2014.07.10  54000 54200 56200 53100 66447
2014.07.11  56800 54100 56800 53600 40424
2014.07.14  56300 57000 57800 53300 44070
2014.07.15  53500 55100 55600 52600 71474
2014.07.16  54200 53600 55200 51800 66227
2014.07.17  54300 54600 54600 53300 29516
2014.07.18  55000 54200 55200 52800 31824
2014.07.21  54800 55100 55200 53500 20450
2014.07.22  54100 54800 55100 52900 30560
2014.07.23  53100 54200 54500 53000 19981
2014.07.24  53600 53500 54300 52400 22648
2014.07.25  52700 53600 53800 52400 30529
2014.07.28  53700 53000 54000 52200 22692
2014.07.29  52800 53700 53900 52200 20624
2014.07.30  52200 53000 53300 50600 35436
2014.07.31  52100 52900 52900 50900 25300
2014.08.01  51000 50700 52700 50700 17193
2014.08.04  52500 51300 52900 51000 21722
2014.08.05  51500 52100 52400 50900 14594
2014.08.06  50600 52200 52200 50400 19672
2014.08.07  50300 50800 51400 49850 20816
2014.08.08  52500 51300 52500 50400 25141
2014.08.11  51300 52900 53700 51300 63496
2014.08.12  53500 51500 54600 51500 28288
2014.08.13  53700 53900 54600 53100 11827
2014.08.14  54700 53700 55100 53200 15735
2014.08.18  53000 54000 54700 53000 10454
2014.08.19  54500 53300 54900 53000 14729
2014.08.20  54000 54600 55000 52800 16406
2014.08.21  53800 53400 54400 52600 29627
2014.08.22  52500 53700 54300 52200 28666
2014.08.25  51300 52400 53200 50200 35944
2014.08.26  50200 50900 51900 49550 31021
2014.08.27  49000 49700 50500 49000 19566
2014.08.28  49650 49000 51500 48800 118606
2014.08.29  50000 50000 51200 49800 14470
2014.09.01  50000 50000 50200 49300 21371
2014.09.02  49900 49400 51100 48800 30847
2014.09.03  53500 49900 53500 49000 38042
2014.09.04  51400 53900 54000 51300 26273
2014.09.05  51400 51400 53000 51100 16597
2014.09.11  51700 51400 52600 51000 14830
2014.09.12  50900 50800 51600 49950 22079
2014.09.15  52000 51000 52000 49500 29715
2014.09.16  55900 52300 58800 51100 129279
2014.09.17  54000 54800 55800 53900 18195
2014.09.18  52500 53700 54300 52500 30038
2014.09.19  52700 52200 53200 52200 21048
2014.09.22  51700 52300 53100 51400 21729
2014.09.23  50800 51500 51600 50000 25669
2014.09.24  49800 50200 51000 49800 19086
2014.09.25  50100 50000 50600 49800 15483
2014.09.26  50000 50000 50300 49700 20777
2014.09.29  50900 50000 51800 49850 21576
2014.09.30  52600 51000 52800 51000 29749
2014.10.01  53000 53000 53600 51900 19600
2014.10.02  53500 52500 54000 52500 18670
2014.10.06  53900 54000 54500 53300 17288
2014.10.07  54500 53900 54500 53600 15928
2014.10.08  55700 54400 56400 54400 67105
2014.10.10  55000 55700 55900 52500 46162
2014.10.13  54400 53800 55500 53500 18065
2014.10.14  55300 53100 55900 53100 38665
2014.10.15  55500 57900 57900 55300 28507
2014.10.16  57000 55300 57800 55300 42205
2014.10.17  56600 58000 58100 56500 24142
2014.10.20  56600 57100 57500 56400 20575
2014.10.21  57300 57700 57900 56500 17807
2014.10.22  56600 59000 60400 56000 45923
2014.10.23  57200 56600 58000 56600 12032
2014.10.24  57000 58200 58800 55700 23694
2014.10.27  53000 57000 57500 52800 63768
2014.10.28  57600 53500 57600 52100 38819
2014.10.29  57200 58000 58400 55000 26246
2014.10.30  57700 57900 57900 56000 19658
2014.10.31  57600 62900 63900 56100 93769
2014.11.03  55400 56700 58500 54700 25158
2014.11.04  53000 54800 55900 52900 22667
2014.11.05  53600 53000 53800 52000 19003
2014.11.06  52500 53600 53900 52200 14475
2014.11.07  54700 52100 56900 52000 29099
2014.11.10  54200 55800 55800 53400 8559
2014.11.11  54100 55400 55400 53500 12453
2014.11.12  53200 54700 55100 53200 16864
2014.11.13  54600 53300 54600 53100 9830
2014.11.14  53800 53600 55100 53300 15469
2014.11.17  53700 54300 54800 53100 9869
2014.11.18  53800 53800 54500 52900 17991
2014.11.19  54400 53900 54600 53500 17701
2014.11.20  54500 54800 55300 54000 15556
2014.11.21  54400 55000 55000 53800 10151
2014.11.24  53700 54400 54900 53000 15284
2014.11.25  53600 53800 54700 53600 33217
2014.11.26  53500 54200 54200 53500 8166
2014.11.27  54000 55200 55200 53000 7108
2014.11.28  52000 53600 54000 50600 35568
2014.12.01  49900 51900 51900 48950 47110
2014.12.02  47050 46750 49950 46750 38093
2014.12.03  49100 47750 49800 47550 23945
2014.12.04  50100 49500 50900 49300 10857
2014.12.05  51400 50400 51400 49500 14205
2014.12.08  49950 51400 51700 49950 10315
2014.12.09  49950 50200 50200 49600 5083
2014.12.10  49500 50000 50700 49000 8787
2014.12.11  49200 49500 50400 47800 15073
2014.12.12  48800 49150 49900 47650 8546
2014.12.15  49050 47750 49250 47600 10600
2014.12.16  49000 48250 49200 48100 10233
2014.12.17  48950 48950 49300 47850 10822
2014.12.18  47800 49500 49500 47750 7510
2014.12.19  47800 47800 48350 47400 24743
2014.12.22  48050 48700 49000 47000 25290
2014.12.23  47500 48100 48200 46800 18771
2014.12.24  47100 47500 48000 46650 15463
2014.12.26  47250 47500 47500 46450 21778
2014.12.29  47150 47250 47700 46900 10476
2014.12.30  47600 47150 48250 47150 10892
2015.01.02  50800 47700 51800 47700 24410
2015.01.05  53900 50900 54000 50600 35924
2015.01.06  55500 54500 56600 54300 60502
2015.01.07  56000 55800 56500 54200 44082
2015.01.08  56800 56300 58900 55100 66991
2015.01.09  57700 56500 58700 55000 70979
2015.01.12  57000 57700 59500 56800 21389
2015.01.13  55400 56800 57000 54500 38774
2015.01.14  58000 55400 58400 55000 35226
2015.01.15  57400 58000 58100 56500 15384
2015.01.16  56900 57500 57500 56000 11495
2015.01.19  57100 57000 57900 55900 9553
2015.01.20  57000 56800 57800 56700 6177
2015.01.21  57000 57400 58000 56800 19360
2015.01.22  56500 57000 57600 55400 17823
2015.01.23  57500 56700 57600 55000 24340
2015.01.26  58400 57400 63000 56200 60318
2015.01.27  60000 58200 60000 57600 41862
2015.01.28  62400 60000 63800 60000 89855
2015.01.29  64100 62800 65700 62500 74710
2015.01.30  64300 65100 66000 62000 43524
2015.02.02  64200 64900 64900 62600 22844
2015.02.03  62300 64600 64600 62000 28421
2015.02.04  62300 63000 63300 60900 32646
2015.02.05  61500 62300 62800 61200 21199
2015.02.06  61900 61300 63000 61300 15585
2015.02.09  58800 61900 62700 58800 40024
2015.02.10  59900 59500 60100 57500 30822
2015.02.11  59300 59900 60300 58500 19106
2015.02.12  57900 58800 59700 57500 26797
2015.02.13  59900 58000 60900 57900 30559
2015.02.16  61000 60100 63300 60100 34016
2015.02.17  62200 60400 62500 60200 18559
2015.02.23  62900 62300 63200 61900 20685
2015.02.24  62800 62900 63000 61800 15999
2015.02.25  63700 63000 64300 62000 22116
2015.02.26  62100 63500 63500 60800 27066
2015.02.27  61000 61500 62100 59400 29339
2015.03.02  60400 60500 61900 59300 23227
2015.03.03  59400 60300 61100 58300 30568
2015.03.04  59500 59400 60000 57800 26143
2015.03.05  59000 59100 60400 57900 20086
2015.03.06  59100 59000 59500 57400 25344
2015.03.09  57600 59100 59500 57000 20383
2015.03.10  58000 57300 59000 57000 19991
2015.03.11  58000 58000 58700 57200 13775
2015.03.12  58900 58000 59000 57100 12574
2015.03.13  60000 59400 60300 58300 18755
2015.03.16  59800 59000 60900 59000 9993
2015.03.17  63600 60000 63800 60000 54648
2015.03.18  65000 64000 66000 63700 39014
2015.03.19  63700 65200 65500 63200 24455
2015.03.20  68300 64600 69500 64100 103295
2015.03.23  68500 68900 69900 67200 45732
2015.03.24  68500 68400 68600 67000 31375
2015.03.25  68400 67600 68500 66600 29750
2015.03.26  64200 67000 67100 63100 52981
2015.03.27  64300 64200 65200 63500 14235
2015.03.30  67600 64500 68100 63300 46230
2015.03.31  68200 68000 69600 67400 27683
2015.04.01  68100 68200 69500 67500 14875
2015.04.02  67100 68100 68100 66500 15503
2015.04.03  67400 67100 68500 66200 20326
2015.04.06  67700 66700 68100 65300 32709
2015.04.07  66000 67800 67800 65300 36136
2015.04.08  65500 65700 66500 64500 23573
2015.04.09  66900 65900 67800 64600 29140
2015.04.10  67000 67500 68100 66600 21980
2015.04.13  66300 67000 67200 64500 26767
2015.04.14  66400 66300 69500 65200 35528
2015.04.15  68800 66400 69200 66000 37995
2015.04.16  69300 69900 69900 68300 22244
2015.04.17  72900 69100 75000 68000 74175
2015.04.20  74800 72700 75100 71700 49414
2015.04.21  74700 74300 75200 73500 22512
2015.04.22  74400 75000 78900 69400 69794
2015.04.23  73700 75000 76400 71900 47499
2015.04.24  73600 75100 76600 71500 33115
2015.04.27  74000 73500 74800 72300 10817
2015.04.28  72100 74000 74000 72100 14401
2015.04.29  71500 72700 72900 71000 17039
2015.04.30  70500 72500 72500 69700 23415
2015.05.04  68300 70400 70400 65500 38224
2015.05.06  65800 68200 68200 65400 23834
2015.05.07  66600 65800 67000 64300 15287
2015.05.08  68700 66900 69300 66600 19062
2015.05.11  70100 71000 71000 68800 16092
2015.05.12  70100 70100 73000 70000 22143
2015.05.13  72300 70100 73300 70100 23037
2015.05.14  81700 73200 83100 72400 141927
2015.05.15  86200 83600 90200 83000 99092
2015.05.18  88000 86000 92300 85100 50071
2015.05.19  88000 88100 89900 84800 35795
2015.05.20  92100 89100 96900 89100 76178
2015.05.21  93700 93500 97800 90100 54933
2015.05.22  90100 93400 93700 86800 82989
2015.05.26  90000 89000 92600 88700 24909
2015.05.27  87900 90700 90700 85400 29471
2015.05.28  88700 89500 90400 86900 25217
2015.05.29  90000 89500 90000 87000 20631
2015.06.01  95600 90000 97000 87500 54577
2015.06.02  94400 95900 97300 94400 28151
2015.06.03  92000 93300 96000 90500 32273
2015.06.04  95000 92900 95600 91500 20682
2015.06.05  94000 95000 96500 92000 29243
2015.06.08  91000 93800 95100 91000 22235
2015.06.09  91900 91000 92800 89300 22327
2015.06.10  93900 93000 95500 92300 32539
2015.06.11  94400 94300 95000 92200 23508
2015.06.12  94000 94400 96400 93300 37500
2015.06.15  99400 94000 99500 94000 69366
2015.06.16  118000 99400 123500 97800 143054
2015.06.17  126300 128000 134000 120600 77185
2015.06.18  131400 125000 134600 121500 60004
2015.06.19  127600 135700 135700 123400 85080
2015.06.22  119500 130000 130400 117600 76769
2015.06.23  118000 121000 121000 114000 51309
2015.06.24  119400 119500 121500 115600 44103
2015.06.25  124500 119300 125900 117500 43466
2015.06.26  124600 129500 129800 124600 49721
2015.06.29  117000 119000 122500 117000 35945
2015.06.30  117500 115100 119000 111000 33029
2015.07.01  129600 119500 130000 118000 65077
2015.07.02  130500 135000 139000 126000 60185
2015.07.03  130700 130500 136500 127100 35660
2015.07.06  125100 127000 130000 122700 49842
2015.07.07  104000 125000 126800 99600 121708
2015.07.08  110000 101700 115000 94000 116559
2015.07.09  123800 108000 125000 101200 125895
2015.07.10  123500 129500 129900 117000 58461
2015.07.13  120400 123300 124900 117000 28331
2015.07.14  122300 120500 124800 119000 18281
2015.07.15  122000 123500 125800 121100 21731
2015.07.16  121300 121800 123000 118000 14115
2015.07.17  127800 122500 128600 119100 35141
2015.07.20  133500 129400 138000 127800 63398
2015.07.21  140100 134600 144000 131000 84865
2015.07.22  138600 140200 146500 137500 55848
2015.07.23  137900 139000 142600 136200 30083
2015.07.24  148600 138400 149200 138100 56371
2015.07.27  140900 147700 147800 138400 65288
2015.07.28  137800 136100 141000 129100 61414
2015.07.29  130500 144000 144300 130400 42379
2015.07.30  122000 130900 133500 120300 43131
2015.07.31  129500 120100 129500 119000 30347
2015.08.03  121500 126000 130000 120600 20101
2015.08.04  126800 120000 127400 119200 15572
2015.08.05  122500 127700 127900 118500 52189
2015.08.06  123700 121900 128600 121900 23149
2015.08.07  123800 121300 126200 119000 18332
2015.08.10  116000 123800 124200 116000 42002
2015.08.11  115500 117900 122300 115500 35927
2015.08.12  112100 117000 117700 103000 67184
2015.08.13  115000 112000 116700 109200 33794
2015.08.17  107300 115100 118900 107100 29369
2015.08.18  106900 110300 110300 104000 21775
2015.08.19  101000 104900 105000 94500 73191
2015.08.20  97000 97600 105500 97000 39070
2015.08.21  87200 88000 92100 84600 78446
2015.08.24  81600 87200 92400 81200 63787
2015.08.25  86900 83900 88800 78500 77963
2015.08.26  90300 86000 92100 85800 48774
2015.08.27  95000 93500 99500 92300 60469
2015.08.28  94500 98000 99700 93200 38299
2015.08.31  93800 94500 95000 89500 40706
2015.09.01  89000 94400 94400 88900 36319
2015.09.02  84500 86800 86900 81500 61765
2015.09.03  87300 85300 89900 84200 37066
2015.09.04  77000 88200 89300 74400 88022
2015.09.07  80700 77500 82800 74000 39465
2015.09.08  75500 80200 82700 73200 54114
2015.09.09  82000 79400 82000 78300 55783
2015.09.10  83700 81500 83700 79700 26799
2015.09.11  84800 83600 86000 82500 20117
2015.09.14  81300 84500 85800 80000 24478
2015.09.15  85000 81400 85000 80000 19529
2015.09.16  85300 85300 86000 83600 17356
2015.09.17  85900 85600 86000 83700 21071
2015.09.18  96000 87000 96000 87000 104051
2015.09.21  92200 93500 94400 91600 28639
2015.09.22  91000 88800 92600 88800 19007
2015.09.23  88300 90500 91500 88200 21471
2015.09.24  86300 89300 89300 84500 34063
2015.09.25  84500 84600 85600 81900 27406
2015.09.30  80000 80000 80000 77300 47207
2015.10.01  84000 81800 85600 81800 39529
2015.10.02  82500 85300 85300 82500 13360
2015.10.05  82800 85000 85200 82800 15092
2015.10.06  83000 83500 83700 82400 9748
2015.10.07  78600 81000 82500 77900 32249
2015.10.08  77500 79800 81700 76000 27141
2015.10.12  77000 78000 78100 75500 16539
2015.10.13  77700 77000 80400 76000 22450
2015.10.14  78400 78000 79000 75000 26035
2015.10.15  82500 78800 82500 78800 30731
2015.10.16  84000 86000 90900 84000 86931
2015.10.19  83000 85900 86000 81900 23479
2015.10.20  83300 82000 84400 81300 20859
2015.10.21  82900 83200 86000 81800 19034
2015.10.22  83100 81900 84800 81700 14607
2015.10.23  85300 83400 87000 83100 25330
2015.10.26  88700 89100 89600 86800 52900
2015.10.27  87400 89000 89000 86300 24719
2015.10.28  89200 87300 89200 85700 21518
2015.10.29  88400 88500 90000 87500 23480
2015.10.30  85400 90000 90000 85400 17647
2015.11.02  83600 85500 86300 83000 12627
2015.11.03  82800 84300 84900 81500 11452
2015.11.04  85000 82500 85000 81000 23836
2015.11.05  87400 85000 89400 84100 46956
2015.11.06  93000 93000 95000 89600 90464
2015.11.09  92400 92700 95000 90700 61935
2015.11.10  89900 91000 91500 86900 42369
2015.11.11  91200 88700 92800 88700 35218
2015.11.12  95500 91800 98200 91500 81882
2015.11.13  91000 94000 94000 88900 58600
2015.11.16  90500 87000 93600 86300 65827
2015.11.17  89700 91100 92600 89500 50317
2015.11.18  89800 89800 91500 89000 39165
2015.11.19  90500 90700 91400 88700 44107
2015.11.20  90200 90400 90500 89200 22767
2015.11.23  88600 90500 90500 88500 35533
2015.11.24  87500 88300 89000 87300 24466
2015.11.25  86800 86800 87400 85000 52516
2015.11.26  88000 87700 88200 85000 41026
2015.11.27  87500 87800 88600 86900 24798
2015.11.30  88300 87500 88300 84400 54452
2015.12.01  86500 87000 88000 85500 42070
2015.12.02  87200 85800 88300 85800 62443
2015.12.03  94700 87400 97400 86600 263217
2015.12.04  93900 93600 98800 92800 114980
2015.12.07  92200 95800 97300 91800 47542
2015.12.08  88700 91000 91200 86900 78860
2015.12.09  85800 86100 88600 85700 83841
2015.12.10  83500 85800 87000 81500 56008
2015.12.11  81500 84000 84700 81000 33384
2015.12.14  77500 80000 80500 77200 44057
2015.12.15  79300 78100 79500 77400 24270
2015.12.16  80900 81500 82700 79500 33524
2015.12.17  79800 80900 81700 79000 28555
2015.12.18  84500 79200 85000 78500 48655
2015.12.21  82800 84400 84400 82300 18285
2015.12.22  81700 83100 83300 80300 24831
2015.12.23  80900 82000 82000 80300 27528
2015.12.24  82200 81000 82800 80700 24535
2015.12.28  83900 82000 84600 81800 43153
2015.12.29  93700 84600 94500 84600 127324
2015.12.30  93900 92700 94500 90200 36154
2016.01.04  91000 94900 96000 89700 37260
2016.01.05  91200 88300 91600 88000 38084
2016.01.06  92700 91300 94000 90400 46072
2016.01.07  93500 92700 97500 92000 78299
2016.01.08  96000 91100 96000 91000 65767
2016.01.11  94500 95100 96200 90900 68651
2016.01.12  91700 94500 95400 90100 42251
2016.01.13  91100 91800 93000 90700 29904
2016.01.14  90600 88500 90800 87900 43166
2016.01.15  90000 91100 95000 89800 40033
2016.01.18  89800 89000 90600 88500 27524
2016.01.19  91500 90400 92200 88400 34043
2016.01.20  93300 93700 95900 90900 82550
2016.01.21  93400 93200 94800 92000 42262
2016.01.22  95200 94700 95500 92300 70385
2016.01.25  101700 96300 103600 95500 185163
2016.01.26  101700 102700 103600 100800 81963
2016.01.27  101600 101700 103300 98800 69637
2016.01.28  102000 101500 103000 99600 36873
2016.01.29  101300 102500 102500 99700 41891
2016.02.01  101800 101300 103200 100100 56163
2016.02.02  101800 101600 103000 100900 53063
2016.02.03  101000 101400 101400 99500 50460
2016.02.04  99800 101000 101200 99200 56864
2016.02.05  98200 99700 99800 97300 39665
2016.02.11  92600 95400 95500 90000 58140
2016.02.12  79500 90000 91100 78800 111879
2016.02.15  86700 79600 86900 79600 54517
2016.02.16  93000 89000 95500 87700 92172
2016.02.17  97900 94300 100900 91800 158906
2016.02.18  97100 98500 98800 95700 58013
2016.02.19  98900 97000 99000 96200 31754
2016.02.22  100000 99600 100200 98900 42645
2016.02.23  97100 100600 100700 95800 47201
2016.02.24  97700 97100 99900 96000 44514
2016.02.25  98200 98900 99800 96500 31471
2016.02.26  97500 97800 98800 96300 42320
2016.02.29  100200 96500 100200 96300 62465
2016.03.02  51900 51800 52300 50400 90452
2016.03.03  58000 52500 60800 52200 264073
2016.03.04  58000 58500 59800 56400 89135
2016.03.07  55700 58300 58900 55000 78668
2016.03.08  56100 55700 57100 55000 67068
2016.03.09  56700 55900 57300 55900 41419
2016.03.10  56600 57300 57500 55100 47809
2016.03.11  57000 56700 57400 55800 60985
2016.03.14  58500 57000 59400 56200 89934
2016.03.15  57500 59300 59500 57500 45509
2016.03.16  58300 57800 59300 57500 46896
2016.03.17  58700 58600 59300 58000 25412
2016.03.18  59100 58700 59100 57500 54414
2016.03.21  57200 59300 59300 57000 81986
2016.03.22  57500 56900 58100 55700 78675
2016.03.23  60900 58000 61400 57700 195105
2016.03.24  63100 59600 63100 58800 327937
2016.03.25  62700 63700 65600 62100 190243
2016.03.28  63900 62700 64600 61600 171908
2016.03.29  65800 64900 66200 63100 213535
2016.03.30  70000 66900 70000 66300 251445
2016.03.31  70800 70000 70800 68000 195726
2016.04.01  70900 69700 71500 69100 164300
2016.04.04  69100 70800 71300 68100 189814
2016.04.05  63400 68900 68900 63300 324905
2016.04.06  64900 62800 65500 62100 176889
2016.04.07  63400 66100 66100 60800 216515
2016.04.08  65700 63000 66100 62000 170033
2016.04.11  64000 65700 66400 63900 114452
2016.04.12  63300 64000 64100 62100 95176
2016.04.14  60500 62800 62800 59800 164239
2016.04.15  61100 59700 62600 58900 106920
2016.04.18  61400 61200 61600 60100 35878
2016.04.19  62500 61500 62600 61100 55765
2016.04.20  61600 62500 62500 61000 53793
2016.04.21  60400 61600 61700 60000 67434
2016.04.22  60300 59300 61600 59200 46835
2016.04.25  59900 60300 61300 59200 42007
2016.04.26  58600 60300 61000 58300 79649
2016.04.27  56400 58100 59100 55800 151738
2016.04.28  57200 56200 57500 55500 64659
2016.04.29  55400 56700 57300 55000 63222
2016.05.02  53600 55000 55400 52400 104900
2016.05.03  53800 53100 54600 53100 57095
2016.05.04  52400 53900 53900 51700 80221
2016.05.09  53100 52600 53500 52000 39968
2016.05.10  56300 53100 56700 53100 80958
2016.05.11  58500 56300 59000 56200 105355
2016.05.12  58200 58200 58900 56500 48853
2016.05.13  58400 57600 59200 57300 36157
2016.05.16  56000 58300 58300 56000 45963
2016.05.17  54500 56500 56800 54300 55047
2016.05.18  56000 54400 56700 54300 46176
2016.05.19  55300 56400 56900 54200 31840
2016.05.20  55900 55000 56800 54000 33914
2016.05.23  56000 56400 56900 55200 40668
2016.05.24  54100 56500 56500 54000 66559
2016.05.25  53800 55000 55100 53000 53241
2016.05.26  54000 53900 54400 53000 41054
2016.05.27  56500 54000 56500 54000 84536
2016.05.30  58000 58200 58300 56300 93669
2016.05.31  61000 59700 63100 59700 290542
2016.06.01  62800 62000 63400 61200 117498
2016.06.02  62700 62800 63200 61000 80259
2016.06.03  62000 63100 63200 61400 60977
2016.06.07  63500 62500 63700 62000 73340
2016.06.08  66200 64000 67000 63200 171085
2016.06.09  67800 66300 69200 64800 248149
2016.06.10  67300 67800 68500 66000 100246
2016.06.13  62800 66500 66500 62800 193761
2016.06.14  66000 63200 66500 63000 196801
2016.06.15  65400 65600 66700 64000 85439
2016.06.16  63000 65700 65700 61900 106354
2016.06.17  60700 63000 63700 58700 178499
2016.06.20  58900 61100 61100 58400 149414
2016.06.21  59900 60000 61000 58800 99190
2016.06.22  58100 60100 60800 58100 75854
2016.06.23  58600 57800 59000 56200 99810
2016.06.24  56500 59400 59700 54000 264238
2016.06.27  56500 54000 57000 52100 128913
2016.06.28  56800 54700 58300 54700 73405
2016.06.29  61600 57500 61600 56600 168738
2016.06.30  58800 62400 62500 58500 232581
2016.07.01  58300 59200 60800 58200 143572
2016.07.04  57700 58400 58500 57200 96002
2016.07.05  56700 57800 57800 56600 121966
2016.07.06  56700 56700 57700 56100 67882
2016.07.07  58500 57500 58700 57000 87322
2016.07.08  58000 59500 60400 57800 126915
2016.07.11  58400 58500 59400 57400 59337
2016.07.12  59300 59000 59500 58200 88754
2016.07.13  59700 59800 60500 59400 86540
2016.07.14  58700 59800 60200 58200 53385
2016.07.15  58700 58800 59100 57500 57273
2016.07.18  58000 59300 59300 57700 38817
2016.07.19  57600 57700 58200 57400 41090
2016.07.20  57900 57900 58200 57400 48586
2016.07.21  57100 57700 58000 56700 88951
2016.07.22  55700 56900 57800 55600 112372
2016.07.25  54800 55800 55900 53800 77701
2016.07.26  55900 55000 55900 55000 31342
2016.07.27  54200 56200 56500 54200 82779
2016.07.28  54700 54200 55300 54200 46137
2016.07.29  55000 54300 55800 54200 57416
2016.08.01  53100 55000 55000 52800 92700
2016.08.02  52800 53300 53900 52700 44433
2016.08.03  51400 53000 53000 51000 64727
2016.08.04  53100 51500 53100 50000 57919
2016.08.05  51200 53200 53200 51100 54332
2016.08.08  51800 51200 51900 50600 33176
2016.08.09  52200 51300 53300 51300 38804
2016.08.10  55100 53000 55400 52200 64315
2016.08.11  54300 55000 55200 53900 31771
2016.08.12  53800 54400 55000 53600 24024
2016.08.16  53300 54200 54900 53000 32378
2016.08.17  51900 52900 53300 51600 46075
2016.08.18  51800 52400 52800 51200 36928
2016.08.19  52000 51900 52800 51600 41377
2016.08.22  50600 51600 51900 50200 57055
2016.08.23  50500 50700 51500 50400 29630
2016.08.24  50300 51000 51100 50100 27010
2016.08.25  49950 50000 50800 49650 33235
2016.08.26  50300 50300 50500 49500 34298
2016.08.29  48900 50500 50500 48400 69840
2016.08.30  47650 49000 49800 47300 59297
2016.08.31  46250 47650 48000 46050 74699
2016.09.01  48400 46250 48500 46200 53020
2016.09.02  48700 48400 48700 47100 36303
2016.09.05  48550 48650 49600 48150 30985
2016.09.06  50100 49000 50400 48550 40677
2016.09.07  49450 50600 50600 48800 30871
2016.09.08  49850 49000 51200 48500 75272
2016.09.09  50600 50500 51300 49450 47105
2016.09.12  49600 50000 50700 49000 25873
2016.09.13  50300 49800 50600 48600 30889
2016.09.19  50100 50400 50700 49700 22421
2016.09.20  51200 49900 51700 49500 48617
2016.09.21  50400 51100 51900 50100 32703
2016.09.22  49300 50700 51200 49300 48204
2016.09.23  49300 49800 49850 48800 37363
2016.09.26  49800 49300 50700 49300 53120
2016.09.27  49550 49750 50200 49000 33286
2016.09.28  50000 49300 50600 49300 45835
2016.09.29  50400 50100 50900 50000 20681
2016.09.30  48600 50700 50700 48400 53505
2016.10.04  48450 48300 49100 45850 48382
2016.10.05  47400 48000 48450 47000 36173
2016.10.06  46250 47700 47700 46050 48377
2016.10.07  43200 46900 46900 42500 121554
2016.10.10  43600 41850 44000 41850 72810
2016.10.11  45400 43600 46150 43600 68122
2016.10.12  44400 44650 45650 44100 34953
2016.10.13  42800 44150 44550 42650 43051
2016.10.14  40700 42300 42950 40450 94081
2016.10.17  41500 41000 41500 39650 49131
2016.10.18  40200 41500 41550 39950 31378
2016.10.19  41000 40200 41400 40200 17605
2016.10.20  41400 41100 42150 41000 30397
2016.10.21  41000 41400 42200 40500 29313
2016.10.24  40400 41550 41550 40050 23376
2016.10.25  38900 40100 40400 38900 46116
2016.10.26  38900 39000 39550 38100 39991
2016.10.27  40700 38850 40750 38850 37870
2016.10.28  39500 40800 40800 39450 24926
2016.10.31  36900 39450 39750 36400 70805
2016.11.01  37000 36850 37500 36450 40785
2016.11.02  36500 37000 37600 36400 40728
2016.11.03  36750 36400 37750 36400 37636
2016.11.04  36200 36500 36500 35300 42646
2016.11.07  38050 36500 38100 36450 38485
2016.11.08  39900 38050 41250 38050 55186
2016.11.09  39150 40500 40500 37550 88792
2016.11.10  42000 40500 42050 40300 97549
2016.11.11  42000 42000 42000 40950 40325
2016.11.14  42050 42250 42250 41250 28327
2016.11.15  39750 41450 42050 39500 45041
2016.11.16  43250 41500 44000 41500 110722
2016.11.17  43750 43850 43850 42400 37986
2016.11.18  42550 43500 43800 42350 31555
2016.11.21  41850 42550 42550 40950 24423
2016.11.22  42100 42150 42200 40900 20183
2016.11.23  40900 41550 41950 40900 37233
2016.11.24  41050 40600 42000 40050 29593
2016.11.25  41950 39850 42150 39850 21809
2016.11.28  42200 41900 43500 41600 26718
2016.11.29  42500 42200 42800 41950 22371
2016.11.30  42850 42550 42850 41050 34887
2016.12.01  42150 42700 42850 42000 15294
2016.12.02  41550 42300 42550 41500 21355
2016.12.05  40350 41400 42400 40100 38325
2016.12.06  40700 40100 41350 40100 14469
2016.12.07  39800 40400 41200 38250 61912
2016.12.08  39700 39800 41400 39400 45181
2016.12.09  40950 39900 41050 39800 34636
2016.12.12  41600 41600 41850 41000 22034
2016.12.13  41800 42200 42350 41000 44990
2016.12.14  42000 42400 43200 42000 37928
2016.12.15  42250 42000 42350 41600 26013
2016.12.16  42400 42250 42550 41500 31199
2016.12.19  42000 42100 42500 41550 46971
2016.12.20  41700 42050 42350 41700 16763
2016.12.21  41100 41800 42000 40850 26718
2016.12.22  40300 41400 41400 40250 21538
2016.12.23  40850 40150 40950 40050 27664
2016.12.26  41000 40850 41800 38500 61253
2016.12.27  41900 41000 41900 40800 24001
2016.12.28  43000 41600 43550 41200 77180
2016.12.29  43150 42600 43250 41850 42387
2017.01.02  44600 43150 44800 43000 49291
2017.01.03  44000 44250 45000 43750 43818
2017.01.04  46150 44000 46300 43800 90728
2017.01.05  44950 46400 46450 44900 66966
2017.01.06  44850 44500 45400 44100 37901
2017.01.09  43550 44850 44850 43200 52346
2017.01.10  42250 43000 43500 41900 58790
2017.01.11  41900 42300 43400 41500 31131
2017.01.12  40900 41850 42250 40600 55158
2017.01.13  41350 40900 42350 40300 45446
2017.01.16  40500 41800 41800 40400 25363
2017.01.17  40000 40800 41000 40000 48801
2017.01.18  40100 40400 41050 39550 54494
2017.01.19  39600 40150 40500 39600 33440
2017.01.20  38800 40000 40000 38500 66625
2017.01.23  38100 38250 39100 37950 53719
2017.01.24  39050 37800 39050 37800 23896
2017.01.25  38000 39100 39300 37800 36210
2017.01.26  38950 38150 38950 37600 28019
2017.01.31  39200 38800 39800 38650 23073
2017.02.01  39550 39250 39700 38950 25103
2017.02.02  39200 39800 39800 39000 21136
2017.02.03  37850 38800 39350 37600 52608
2017.02.06  38350 37750 38400 37500 29731
2017.02.07  37700 38450 38450 37550 30281
2017.02.08  38250 37600 38600 37600 20565
2017.02.09  37650 38050 38950 37350 30057
2017.02.10  37900 37700 38000 37450 22097
2017.02.13  36850 37900 38100 36400 48927
2017.02.14  37050 37300 37300 36200 34780
2017.02.15  37700 37050 38000 36600 31485
2017.02.16  37800 37500 37900 36950 19900
2017.02.17  39350 37850 39500 37800 72612
2017.02.20  38900 39700 39750 38650 21439
2017.02.21  39100 38800 39450 38500 21093
2017.02.22  39200 39550 39550 39050 26963
2017.02.23  38850 39300 39500 38750 19496
2017.02.24  38150 39300 39300 38100 34151
2017.02.27  38550 38250 39200 38250 33971
2017.02.28  39400 38600 39400 38300 23693
2017.03.02  39250 39250 39500 38650 16978
2017.03.03  38000 38900 39400 37850 31993
2017.03.06  38000 38000 38400 37500 18860
2017.03.07  38200 38000 38650 37900 12844
2017.03.08  37600 38100 38500 37350 30061
2017.03.09  37800 37850 38150 37350 22356
2017.03.10  39450 37800 39500 37500 43390
2017.03.13  39900 39550 40050 39000 29070
2017.03.14  38900 40050 40050 38800 30667
2017.03.15  38050 39150 39300 37900 21591
2017.03.16  38400 38200 38700 37850 26873
2017.03.17  38000 38450 38600 37600 43742
2017.03.20  36850 38000 38050 36800 45652
2017.03.21  37200 37300 37300 36600 34693
2017.03.22  36750 37300 37300 36600 21983
2017.03.23  36500 36850 37100 35900 46729
2017.03.24  37200 36350 37800 36350 24289
2017.03.27  37700 37550 38250 37000 30856
2017.03.28  39250 37800 39450 37800 86008
2017.03.29  38750 39300 39350 38450 19458
2017.03.30  39300 38700 39550 38000 47908
2017.03.31  41500 39000 41800 39000 100787
2017.04.03  43300 41550 45000 41500 226125
2017.04.04  42400 43350 44050 41950 89931
2017.04.05  42050 42000 42800 40900 81236
2017.04.06  44400 41600 44850 41100 137694
2017.04.07  44200 44300 45300 43700 88623
2017.04.10  41500 44300 44450 41500 110931
2017.04.11  42700 41500 42800 41500 101009
2017.04.12  41100 42400 42750 41000 60803
2017.04.13  42150 41500 42150 41250 50390
2017.04.14  41000 42300 42300 41000 37478
2017.04.17  42200 41250 42300 41100 40399
2017.04.18  41900 41950 42200 41100 50875
2017.04.19  41400 41800 41900 40800 31901
2017.04.20  41100 41350 41700 40750 39911
2017.04.21  41650 41100 41700 40600 65469
2017.04.24  41350 41700 41900 41050 38340
2017.04.25  42800 41500 43000 41500 92360
2017.04.26  41950 43300 43700 41850 52018
2017.04.27  41100 41850 42000 41050 26530
2017.04.28  41300 40750 41350 40700 35025
2017.05.02  41100 41300 41500 40600 15354
2017.05.04  40850 41150 41500 40800 40145
2017.05.08  42200 41300 42700 41150 60950
2017.05.10  41300 42200 42250 41250 55498
2017.05.11  41900 40900 41950 40800 38917
2017.05.12  40950 41500 41850 40800 51058
2017.05.15  40500 41000 41450 40500 24363
2017.05.16  40500 40800 40900 39600 42674
2017.05.17  39600 40500 40500 39550 54248
2017.05.18  38850 39600 39700 38650 48251
2017.05.19  39350 39050 39550 38850 24259
2017.05.22  38700 39400 39700 38250 59210
2017.05.23  39500 38500 39550 38450 66760
2017.05.24  40900 39550 41200 39250 135040
2017.05.25  41300 41600 41600 40700 85595
2017.05.26  42700 41300 43200 41300 153494
2017.05.29  41350 42700 42850 41200 79062
2017.05.30  41000 41400 42300 40550 71092
2017.05.31  44900 41400 44900 41100 313925
2017.06.01  45100 44950 45400 43850 148963
2017.06.02  45650 45500 46000 44650 99584
2017.06.05  46250 45650 46600 45150 117633
2017.06.07  46000 46250 46500 44900 93356
2017.06.08  45600 45950 46000 44650 126103
2017.06.09  49000 45800 49350 45750 278727
2017.06.12  50500 49700 51100 48400 228909
2017.06.13  52800 50000 53300 49900 245306
2017.06.14  52100 53300 54800 51300 283927
2017.06.15  50700 52500 52700 50000 182833
2017.06.16  49150 50500 51000 48800 188627
2017.06.19  50300 49000 50600 48100 179625
2017.06.20  49600 52300 52800 49300 181973
2017.06.21  48700 49600 49900 48700 60960
2017.06.22  51000 49700 51000 49000 124275
2017.06.23  49500 51500 51500 48950 104997
2017.06.26  48700 49600 50200 48300 84662
2017.06.27  49100 48700 50400 48300 63431
2017.06.28  46600 48600 48900 46600 117047
2017.06.29  47050 46550 47450 46000 49690
2017.06.30  48200 46700 48600 46550 61470
2017.07.03  46400 48200 48600 46150 61398
2017.07.04  45950 46500 47000 45550 62687
2017.07.05  45250 45950 46200 45100 60465
2017.07.06  46600 45150 46800 45150 45864
2017.07.07  47650 46250 47650 45600 43811
2017.07.10  46400 47600 47950 46150 55118
2017.07.11  46350 46800 47200 45800 43245
2017.07.12  45000 46500 46900 44900 67073
2017.07.13  44200 45350 45950 43400 89834
2017.07.14  43100 44200 44400 42950 57450
2017.07.17  44600 43200 44700 43200 48568
2017.07.18  44650 44600 44800 43800 35806
2017.07.19  45900 44800 46300 44250 58946
2017.07.20  46450 45950 46600 45000 53809
2017.07.21  45950 46600 46800 45700 61057
2017.07.24  46050 46000 46650 45650 51306
2017.07.25  44700 46150 46500 44000 59047
2017.07.26  43700 44850 45250 43450 55174
2017.07.27  43800 43900 44500 43550 37234
2017.07.28  42100 43500 44000 41800 78765
2017.07.31  42450 42000 42500 41350 38471
2017.08.01  42750 42800 42800 41900 27348
2017.08.02  42250 42800 43100 42100 29498
2017.08.03  41100 42250 42350 40350 84622
2017.08.04  40500 41150 41400 40150 38984
2017.08.07  42050 40500 42500 40500 65464
2017.08.08  41500 42300 42400 41000 41099
2017.08.09  40800 41450 41450 40500 38630
2017.08.10  40900 40550 41800 40150 81210
2017.08.11  39800 40050 40100 39000 74504
2017.08.14  40300 40500 40600 39750 41800
2017.08.16  39900 40850 40900 39900 40166
2017.08.17  39750 40000 40500 39350 46453
2017.08.18  41500 40300 43300 40300 150504
2017.08.21  44000 41750 44000 41650 151710
