2007.12.17  7230 8500 9390 7230 4754302
2007.12.18  6610 6650 7000 6170 2377233
2007.12.20  6290 6800 7190 6290 860647
2007.12.21  5830 6120 6440 5820 509354
2007.12.24  5900 5770 6230 5770 493194
2007.12.26  5920 6030 6140 5920 218743
2007.12.27  5700 5870 5950 5580 303602
2007.12.28  5780 5630 5840 5630 122067
2008.01.02  5700 5800 5870 5680 94703
2008.01.03  5550 5620 5640 5480 165224
2008.01.04  5880 5560 6020 5540 238165
2008.01.07  6040 5770 6600 5770 631202
2008.01.08  5970 6100 6390 5930 179127
2008.01.09  5880 5890 6050 5830 92685
2008.01.10  5880 5910 6100 5850 84787
2008.01.11  5790 6000 6000 5790 110367
2008.01.14  5670 5790 5860 5670 83237
2008.01.15  5700 5690 5780 5610 107674
2008.01.16  5710 5720 5900 5560 107024
2008.01.17  6150 5780 6340 5720 237404
2008.01.18  6150 5990 6210 5900 99956
2008.01.21  6050 6150 6390 6030 173639
2008.01.22  5570 5590 5890 5200 157405
2008.01.23  5740 5680 5840 5650 57111
2008.01.24  5860 5950 5950 5750 41408
2008.01.25  6000 5900 6350 5870 174431
2008.01.28  5880 6000 6000 5810 62092
2008.01.29  5800 5980 5980 5770 75205
2008.01.30  5640 5880 5930 5640 67514
2008.01.31  5650 5650 5750 5610 19175
2008.02.01  5670 5620 5850 5620 31732
2008.02.04  5810 5720 5830 5700 27138
2008.02.05  5810 5850 5900 5710 22072
2008.02.11  5690 5810 5810 5620 15383
2008.02.12  5750 5660 5840 5660 19313
2008.02.13  5690 5800 5810 5680 46343
2008.02.14  6050 5750 6250 5690 158582
2008.02.15  6650 6050 6870 5960 871276
2008.02.18  6380 6680 6700 6260 276233
2008.02.19  6360 6360 6540 6230 192387
2008.02.20  6070 6360 6550 6070 170769
2008.02.21  6200 6150 6360 6150 94443
2008.02.22  6190 6120 6250 6050 54566
2008.02.25  6370 6350 6480 6310 98407
2008.02.26  6370 6450 6500 6260 39695
2008.02.27  6700 6370 6830 6350 238586
2008.02.28  6800 6630 7090 6550 290184
2008.02.29  6650 6710 6850 6640 88403
2008.03.03  6460 6590 6590 6380 67479
2008.03.04  6490 6520 6630 6380 64095
2008.03.05  6720 6480 6750 6480 120234
2008.03.06  6660 6750 7010 6620 154502
2008.03.07  6430 6500 6650 6430 104061
2008.03.10  6100 6390 6480 6100 95453
2008.03.11  6210 6000 6220 5810 32059
2008.03.12  6180 6390 6390 6150 53923
2008.03.13  5990 6180 6230 5930 44224
2008.03.14  5890 6250 6250 5840 55996
2008.03.17  5600 5970 5970 5500 76115
2008.03.18  5760 5650 5780 5550 45148
2008.03.19  5800 5970 6010 5720 37175
2008.03.20  5670 5700 5760 5560 49893
2008.03.21  5710 5770 5900 5710 49806
2008.03.24  5770 5790 5850 5700 20722
2008.03.25  5760 5800 5890 5730 23502
2008.03.26  5800 5800 5880 5670 33704
2008.03.27  5650 5780 5780 5600 39408
2008.03.28  5650 5660 5690 5590 41601
2008.03.31  5530 5620 5650 5530 60625
2008.04.01  5530 5540 5640 5500 39236
2008.04.02  5580 5580 5690 5550 51030
2008.04.03  5600 5640 5790 5570 69774
2008.04.04  5610 5690 5690 5470 144888
2008.04.07  5640 5610 5650 5450 50617
2008.04.08  5580 5600 5650 5560 60141
2008.04.10  5570 5600 5610 5520 28775
2008.04.11  5600 5560 5610 5530 28877
2008.04.14  5520 5510 5600 5470 32790
2008.04.15  5520 5500 5600 5450 19336
2008.04.16  5470 5530 5590 5470 22480
2008.04.17  5380 5550 5550 5370 48272
2008.04.18  5390 5420 5430 5300 25137
2008.04.21  5450 5430 5490 5370 22086
2008.04.22  5440 5420 5510 5420 32439
2008.04.23  6000 5440 6240 5380 283114
2008.04.24  5720 6000 6300 5710 147629
2008.04.25  5800 5740 5920 5720 62921
2008.04.28  6120 5860 6300 5800 183636
2008.04.29  5950 6250 6490 5880 150715
2008.04.30  5850 5990 6190 5850 39390
2008.05.02  6150 5980 6250 5870 87603
2008.05.06  6140 6280 6450 6140 92789
2008.05.07  5980 6180 6200 5980 59555
2008.05.08  5950 6070 6220 5950 63287
2008.05.09  5850 5960 6070 5700 96454
2008.05.13  5770 5850 6070 5740 120831
2008.05.14  5630 5780 5860 5560 98848
2008.05.15  5630 5640 5730 5480 87440
2008.05.16  5670 5610 5690 5540 38423
2008.05.19  5730 5670 5750 5650 28984
2008.05.20  5740 5730 5880 5680 64104
2008.05.21  5800 5720 5940 5700 48428
2008.05.22  5690 5800 5880 5620 52190
2008.05.23  5720 5660 5750 5620 43779
2008.05.26  5720 5700 5860 5700 36566
2008.05.27  6110 5830 6180 5720 189198
2008.05.28  6100 6240 6300 6020 113213
2008.05.29  6070 6130 6340 6010 112776
2008.05.30  6170 6110 6440 6080 247114
2008.06.02  6090 6200 6260 6090 74994
2008.06.03  6000 6090 6120 5920 47845
2008.06.04  6300 6000 6300 5920 80205
2008.06.05  6350 6360 6530 6220 139998
2008.06.09  6160 6150 6350 6050 65354
2008.06.10  6430 6250 6620 6200 280292
2008.06.11  6620 6450 6780 6350 177156
2008.06.12  6200 6510 6560 6200 130263
2008.06.13  6080 6210 6270 6030 74007
2008.06.16  6100 6150 6200 6010 76081
2008.06.17  5900 6050 6130 5840 103238
2008.06.18  5950 5900 5960 5830 30060
2008.06.19  5780 5990 5990 5740 43491
2008.06.20  5750 5840 5870 5750 22916
2008.06.23  5770 5730 5880 5730 20424
2008.06.24  5750 5800 5900 5750 21739
2008.06.25  5770 5760 5820 5630 30883
2008.06.26  5750 5770 5890 5700 35062
2008.06.27  5590 5670 5740 5560 35181
2008.06.30  5450 5590 5650 5420 30827
2008.07.01  5170 5410 5490 5150 74011
2008.07.02  4810 5190 5250 4800 79062
2008.07.03  4830 4750 4845 4310 57276
2008.07.04  4905 4700 5040 4700 17790
2008.07.07  4950 4770 5120 4770 21845
2008.07.08  4845 4865 5200 4650 25391
2008.07.09  4820 5000 5110 4820 28345
2008.07.10  4860 4755 4930 4680 21784
2008.07.11  4950 4870 5000 4810 7635
2008.07.14  4935 5000 5050 4910 37662
2008.07.15  4890 4890 5040 4795 8938
2008.07.16  4690 4890 4945 4670 25097
2008.07.17  4500 4740 4800 4500 69263
2008.07.18  4545 4600 4735 4525 63032
2008.07.21  4610 4550 4685 4550 20893
2008.07.22  4650 4560 4785 4560 20090
2008.07.23  4850 4660 5000 4660 35639
2008.07.24  4965 4850 5490 4850 110823
2008.07.25  4935 4870 4990 4860 22776
2008.07.28  4970 4990 5150 4950 22426
2008.07.29  4990 4965 4990 4820 15539
2008.07.30  4950 5080 5120 4900 8340
2008.07.31  5030 5040 5040 4850 15777
2008.08.01  4850 5080 5080 4850 9444
2008.08.04  4500 4830 4890 4480 53881
2008.08.05  4300 4550 4615 4255 34532
2008.08.06  4400 4320 4485 4320 31482
2008.08.07  4310 4400 4460 4270 14302
2008.08.08  4345 4245 4345 4245 12433
2008.08.11  4450 4385 4510 4385 16384
2008.08.12  4450 4490 4550 4435 6857
2008.08.13  4330 4400 4500 4330 19096
2008.08.14  4420 4380 4430 4365 9425
2008.08.18  4385 4520 4525 4340 25905
2008.08.19  4340 4425 4425 4270 7799
2008.08.20  4300 4385 4385 4200 27415
2008.08.21  4135 4300 4350 4010 59561
2008.08.22  3900 4180 4180 3805 25913
2008.08.25  3950 4000 4010 3905 20290
2008.08.26  3920 3950 3990 3900 2767
2008.08.27  3995 3850 3995 3850 21723
2008.08.28  3895 3905 3990 3850 31540
2008.08.29  3735 3900 3940 3560 19701
2008.09.01  3545 3735 3775 3410 20700
2008.09.02  3100 3500 3600 3020 55570
2008.09.03  3100 3030 3190 3025 23124
2008.09.04  3280 3385 3385 3140 19093
2008.09.05  3390 3185 3445 3180 22342
2008.09.08  3740 3405 3745 3405 27287
2008.09.09  3740 3740 3850 3630 16996
2008.09.10  3750 3680 3760 3605 6778
2008.09.11  3930 3800 3995 3800 13528
2008.09.12  4050 3850 4070 3850 13798
2008.09.16  3650 3760 3800 3570 24442
2008.09.17  3935 3830 4000 3760 19130
2008.09.18  3910 3730 3990 3730 14678
2008.09.19  4090 3990 4150 3990 22980
2008.09.22  4360 4120 4650 3905 233508
2008.09.23  4270 4350 4500 4160 70957
2008.09.24  4330 4290 4385 4200 30533
2008.09.25  4495 4310 4700 4240 84927
2008.09.26  4560 4550 4590 4450 71158
2008.09.29  4560 4560 4740 4490 25452
2008.09.30  4500 4290 4500 4100 26501
2008.10.01  4470 4550 4600 4425 25262
2008.10.02  4560 4400 4600 4290 29371
2008.10.06  4200 4560 4560 4140 27118
2008.10.07  4020 4010 4150 3830 36428
2008.10.08  3600 3910 3990 3600 27689
2008.10.09  3640 3410 3800 3410 26627
2008.10.10  3500 3500 3600 3095 84677
2008.10.13  3860 3500 3895 3450 41510
2008.10.14  4320 3980 4350 3980 42472
2008.10.15  4310 4320 4370 4070 27228
2008.10.16  3665 4035 4100 3665 51660
2008.10.17  3740 3950 3950 3405 11278
2008.10.20  3885 3740 3890 3510 16040
2008.10.21  3985 4050 4050 3895 15842
2008.10.22  3900 4095 4095 3780 14388
2008.10.23  3385 3530 3730 3330 31413
2008.10.24  2880 3350 3450 2880 42393
2008.10.27  2800 2570 3000 2570 25211
2008.10.28  3220 2610 3220 2610 32464
2008.10.29  2970 3550 3645 2860 16403
2008.10.30  3415 3210 3415 3100 29540
2008.10.31  3585 3400 3670 3400 9612
2008.11.03  3690 3695 3740 3455 15797
2008.11.04  3700 3770 3770 3480 5553
2008.11.05  3565 3710 3900 3520 55886
2008.11.06  3300 3500 3500 3140 27385
2008.11.07  3490 3030 3490 2960 15663
2008.11.10  3535 3405 3620 3400 26357
2008.11.11  3500 3535 3540 3400 4995
2008.11.12  3490 3500 3540 3310 9218
2008.11.13  3345 3400 3400 3160 10311
2008.11.14  3390 3650 3650 3270 8043
2008.11.17  3360 3400 3445 3300 2699
2008.11.18  3250 3450 3450 3155 12943
2008.11.19  3045 3205 3210 3030 11063
2008.11.20  2830 2860 3220 2720 18809
2008.11.21  3090 2680 3095 2680 9922
2008.11.24  2980 2915 3045 2845 17177
2008.11.25  2950 3125 3125 2800 22444
2008.11.26  2965 2820 2980 2820 5643
2008.11.27  2990 2945 3100 2945 20372
2008.11.28  3000 3220 3220 2810 14377
2008.12.01  2975 3090 3090 2910 11637
2008.12.02  2880 2900 2900 2800 9798
2008.12.03  2785 2980 2980 2785 4096
2008.12.04  2790 2860 2860 2785 4867
2008.12.05  2750 2725 2845 2705 13793
2008.12.08  2850 2750 2945 2750 32118
2008.12.09  2930 2920 3050 2865 8712
2008.12.10  3000 3015 3015 2905 26389
2008.12.11  3000 3045 3045 2910 11181
2008.12.12  2970 3000 3030 2890 12954
2008.12.15  3100 2950 3150 2950 44986
2008.12.16  3100 3100 3130 3025 16098
2008.12.17  3170 3250 3250 3110 51754
2008.12.18  3150 3270 3270 3075 58604
2008.12.19  3190 3015 3225 3015 41799
2008.12.22  3195 3260 3260 3170 37214
2008.12.23  3190 3190 3290 3085 23628
2008.12.24  3100 3350 3350 3025 18242
2008.12.26  2995 3185 3185 2970 18746
2008.12.29  2855 3145 3145 2795 44479
2008.12.30  3020 3050 3050 2820 13801
2009.01.02  3030 3000 3035 2915 19861
2009.01.05  2990 3005 3010 2955 22533
2009.01.06  3080 3100 3105 2940 89709
2009.01.07  3290 3090 3310 3015 152123
2009.01.08  3285 3250 3290 3195 58313
2009.01.09  3775 3280 3775 3280 206364
2009.01.12  3750 3790 3870 3610 198884
2009.01.13  3825 3720 3850 3650 85849
2009.01.14  3885 3850 3910 3720 92001
2009.01.15  3730 3700 3850 3700 63318
2009.01.16  3780 3670 3800 3670 35424
2009.01.19  3970 3795 3995 3690 165761
2009.01.20  3910 3970 4000 3890 100813
2009.01.21  3880 3750 3950 3750 52369
2009.01.22  4200 4000 4260 3975 239143
2009.01.23  4240 4220 4390 4065 170946
2009.01.28  4320 4385 4400 4290 46929
2009.01.29  4320 4330 4450 4285 85460
2009.01.30  4300 4270 4330 4240 47132
2009.02.02  4300 4300 4360 4210 69389
2009.02.03  4320 4200 4350 4200 38043
2009.02.04  4605 4340 4635 4330 172968
2009.02.05  4640 4605 4680 4565 87265
2009.02.06  4650 4740 4740 4625 77731
2009.02.09  4640 4740 4740 4600 48989
2009.02.10  4640 4700 4700 4595 57528
2009.02.11  4660 4545 4680 4470 75774
2009.02.12  4750 4660 4790 4635 85613
2009.02.13  4775 4790 4790 4685 24356
2009.02.16  4825 4795 4840 4750 67757
2009.02.17  4350 4815 4815 4105 92431
2009.02.18  4335 4205 4400 4020 73590
2009.02.19  4380 4340 4600 4260 84210
2009.02.20  4000 4260 4405 3900 59786
2009.02.23  4040 3750 4150 3600 61102
2009.02.24  3985 3900 4020 3810 14483
2009.02.25  4100 4105 4190 4000 42814
2009.02.26  3900 4100 4200 3810 23630
2009.02.27  3915 3930 3965 3810 10810
2009.03.02  3790 3915 3955 3630 21038
2009.03.03  3895 3705 3900 3505 26938
2009.03.04  3930 3895 3975 3685 34425
2009.03.05  3910 3930 3980 3830 22832
2009.03.06  3860 3900 3900 3790 26208
2009.03.09  3790 3970 3970 3790 39056
2009.03.10  3690 3745 3830 3690 54984
2009.03.11  3835 3775 3875 3740 102776
2009.03.12  3850 3895 3895 3740 32167
2009.03.13  3995 3900 4050 3855 74774
2009.03.16  4080 4010 4145 4000 80932
2009.03.17  4070 4100 4100 3975 64053
2009.03.18  4050 4110 4140 4020 42803
2009.03.19  4000 4150 4150 3940 38152
2009.03.20  4045 4050 4050 3960 30756
2009.03.23  4170 4090 4180 4015 61079
2009.03.24  4195 4255 4255 4135 28433
2009.03.25  4190 4180 4205 4140 71798
2009.03.26  4300 4250 4335 4190 78198
2009.03.27  4200 4300 4430 4190 57864
2009.03.30  4125 4250 4250 4055 34638
2009.03.31  4175 4125 4195 4055 62405
2009.04.01  4615 4235 4630 4160 335068
2009.04.02  5290 4750 5300 4720 659823
2009.04.03  5180 5330 5590 4960 579197
2009.04.06  5370 5290 5530 5230 215005
2009.04.07  5650 5350 5680 5280 291706
2009.04.08  5850 5600 6130 5550 247225
2009.04.09  6100 6000 6180 5850 216717
2009.04.10  6000 6190 6190 5900 166795
2009.04.13  6020 6190 6190 5910 258287
2009.04.14  6290 6070 6450 5930 209257
2009.04.15  5930 6150 6320 5510 122715
2009.04.16  5630 6060 6060 5570 138342
2009.04.17  5770 5700 5790 5290 111715
2009.04.20  6150 5680 6290 5420 684403
2009.04.21  5950 6000 6240 5880 300268
2009.04.22  6230 6100 6290 5900 197474
2009.04.23  6600 6250 6790 6240 240212
2009.04.24  7100 6600 7440 6500 316316
2009.04.27  7250 7310 7600 7100 321641
2009.04.28  7690 7250 8330 7250 1562718
2009.04.29  7170 7530 7600 6800 523129
2009.04.30  7800 7380 7900 7170 340260
2009.05.04  7450 7960 7980 7370 281663
2009.05.06  7470 7350 7640 7170 137023
2009.05.07  7120 7470 7470 7120 214837
2009.05.08  7150 7100 7340 7050 100365
2009.05.11  7070 7360 7360 6990 108592
2009.05.12  7000 7070 7150 6910 75517
2009.05.13  7160 7000 7340 6970 150239
2009.05.14  7070 7140 7160 6960 61874
2009.05.15  7330 7100 7370 7100 151354
2009.05.18  7290 7420 7450 7180 66204
2009.05.19  7240 7400 7530 7240 119945
2009.05.20  7500 7300 7590 7200 97192
2009.05.21  7020 7440 7570 7000 146004
2009.05.22  6650 6840 7040 6500 181392
2009.05.25  6630 6600 6740 6200 97508
2009.05.26  6480 6600 6890 6320 86280
2009.05.27  6400 6750 6790 6150 87737
2009.05.28  6500 6200 6500 6050 88980
2009.05.29  6440 6400 6600 6250 94543
2009.06.01  6970 6400 6970 6400 164706
2009.06.02  6860 7040 7210 6780 151370
2009.06.03  6940 6900 7070 6750 70130
2009.06.04  6690 7090 7090 6520 49077
2009.06.05  6850 6700 6880 6450 61388
2009.06.08  6570 6800 6950 6560 63070
2009.06.09  6370 6590 6700 5880 46937
2009.06.10  6350 6380 6430 6100 79693
2009.06.11  6450 6350 6470 6270 42950
2009.06.12  6440 6390 6500 6260 31626
2009.06.15  6370 6440 6690 6300 37815
2009.06.16  6280 6280 6390 5880 40729
2009.06.17  6180 6200 6280 6080 60781
2009.06.18  6130 6130 6240 6090 28807
2009.06.19  6140 6130 6200 6000 52787
2009.06.22  6290 6140 6290 6110 30012
2009.06.23  6070 6120 6190 5900 76553
2009.06.24  6120 6010 6120 5900 60876
2009.06.25  6550 6110 6600 6110 97174
2009.06.26  6900 6690 6900 6630 137549
2009.06.29  6940 6990 7090 6900 169915
2009.06.30  7050 7100 7260 6920 162696
2009.07.01  7350 7240 7460 6950 257463
2009.07.02  7260 7480 7500 7230 80617
2009.07.03  7590 7100 7600 7100 114982
2009.07.06  7570 7910 8100 7570 171781
2009.07.07  7500 7800 7830 7250 138923
2009.07.08  7400 7490 7700 7280 134423
2009.07.09  7970 7410 8000 7410 310425
2009.07.10  7920 8110 8190 7730 145968
2009.07.13  7360 7970 7970 7320 114044
2009.07.14  7500 7460 7600 7120 83538
2009.07.15  7900 7530 7920 7530 121171
2009.07.16  7810 8000 8000 7700 73274
2009.07.17  7800 7900 7940 7700 74664
2009.07.20  7870 7820 7940 7760 101743
2009.07.21  8870 7900 8870 7850 435356
2009.07.22  8870 8920 8950 8550 838214
2009.07.23  8500 8910 9300 8500 448235
2009.07.24  8930 8550 9070 8200 267844
2009.07.27  8830 8930 9170 8670 248735
2009.07.28  9190 8990 9460 8830 330151
2009.07.29  9280 9100 9330 8910 119765
2009.07.30  9300 9140 9380 9080 84030
2009.07.31  9270 9320 9460 9190 88434
2009.08.03  9220 9330 9360 9100 93001
2009.08.04  9080 9250 9290 8750 109199
2009.08.05  8650 9100 9100 8650 274713
2009.08.06  8950 8650 8960 8630 86114
2009.08.07  9000 8990 9300 8940 138075
2009.08.10  8800 9020 9090 8720 76910
2009.08.11  8830 8750 8900 8650 121154
2009.08.12  8930 8770 8940 8650 76126
2009.08.13  8890 8970 9040 8840 88782
2009.08.14  8380 8870 8870 8200 368190
2009.08.17  8010 8160 8380 8000 145847
2009.08.18  8080 7850 8140 7850 86840
2009.08.19  7880 8120 8190 7880 40698
2009.08.20  8230 7950 8250 7650 109527
2009.08.21  8010 8240 8440 7990 109625
2009.08.24  8190 8100 8200 7800 102926
2009.08.25  8140 8190 8190 7980 37384
2009.08.26  7950 8140 8200 7920 48142
2009.08.27  7750 7950 7980 7600 131109
2009.08.28  7930 7800 7980 7630 112409
2009.08.31  8280 8450 8600 8000 189255
2009.09.01  7870 8350 8350 7820 214822
2009.09.02  7860 7730 8030 7670 129461
2009.09.03  7750 7930 7950 7650 96535
2009.09.04  7720 7800 7850 7620 88982
2009.09.07  7780 7730 7850 7650 63915
2009.09.08  7510 7790 7800 7460 125725
2009.09.09  7560 7510 7750 7430 34583
2009.09.10  7750 7600 7940 7560 119045
2009.09.11  7750 7790 7900 7630 97705
2009.09.14  7690 7790 7790 7600 57749
2009.09.15  7700 7710 7780 7630 52912
2009.09.16  7740 7760 7760 7620 105832
2009.09.17  7740 7790 7800 7500 92400
2009.09.18  7660 7750 7760 7540 70295
2009.09.21  7520 7660 7720 7510 97044
2009.09.22  7440 7550 7590 7430 88301
2009.09.23  6450 7440 7500 6450 420614
2009.09.24  6100 6460 6500 5830 525505
2009.09.25  6250 6390 6800 6230 715309
2009.09.28  5900 6250 6300 5900 162379
2009.09.29  5990 5960 6100 5850 180982
2009.09.30  6090 5980 6400 5950 228233
2009.10.01  5880 6090 6100 5600 96525
2009.10.05  5650 5830 5830 5610 102898
2009.10.06  5610 5700 5800 5610 76190
2009.10.07  5700 5700 5800 5620 57321
2009.10.08  5790 5800 5870 5650 46107
2009.10.09  6000 5800 6000 5740 62136
2009.10.12  6080 5960 6090 5900 47554
2009.10.13  6020 6070 6070 5930 51518
2009.10.14  5900 6010 6100 5840 84286
2009.10.15  5870 5980 6010 5850 61118
2009.10.16  6030 5950 6070 5900 86684
2009.10.19  5880 5980 6090 5860 56986
2009.10.20  5770 5900 5970 5770 92700
2009.10.21  5840 5840 5900 5590 148548
2009.10.22  5580 5840 5840 5570 135845
2009.10.23  5400 5640 5690 5300 167984
2009.10.26  5300 5410 5480 5200 104429
2009.10.27  5500 5270 5780 5270 224940
2009.10.28  5590 5560 5590 5400 99687
2009.10.29  5400 5500 5500 4865 111873
2009.10.30  5310 5440 5540 5260 68435
2009.11.02  5200 5160 5290 5010 65524
2009.11.03  5260 5270 5400 5150 87337
2009.11.04  6040 5400 6040 5350 995348
2009.11.05  5950 6300 6500 5940 1770266
2009.11.06  6170 6020 6220 5860 479679
2009.11.09  6120 6220 6340 5980 434788
2009.11.10  5950 6200 6220 5930 314538
2009.11.11  5790 6040 6040 5720 214242
2009.11.12  6250 5820 6280 5820 578343
2009.11.13  6150 6190 6240 6040 205895
2009.11.16  5990 6180 6230 5850 223323
2009.11.17  6340 6050 6350 5950 418137
2009.11.18  6200 6330 6570 6200 512742
2009.11.19  6180 6180 6380 6120 183861
2009.11.20  6650 6080 6650 6070 470993
2009.11.23  6660 6570 6890 6470 369171
2009.11.24  6800 6700 6870 6500 232131
2009.11.25  6520 6870 6870 6520 235826
2009.11.26  6300 6520 6580 6300 208402
2009.11.27  5980 6230 6390 5800 169252
2009.11.30  6200 6200 6290 6020 107440
2009.12.01  6440 6200 6490 6090 150410
2009.12.02  6400 6560 6600 6350 167711
2009.12.03  6350 6480 6630 6270 203838
2009.12.04  6320 6320 6440 6240 133300
2009.12.07  6570 6380 6570 6320 297579
2009.12.08  6390 6570 6640 6370 179818
2009.12.09  6250 6300 6320 6060 122838
2009.12.10  6260 6300 6380 6150 105208
2009.12.11  6270 6280 6320 6200 95074
2009.12.14  6490 6320 6520 6260 188765
2009.12.15  6770 6620 6950 6600 671827
2009.12.16  6760 6790 6830 6600 172903
2009.12.17  6730 6820 6920 6700 185077
2009.12.18  6750 6700 6770 6620 127250
2009.12.21  6810 6820 6980 6740 177068
2009.12.22  6850 6910 7230 6850 389843
2009.12.23  6600 6810 6920 6570 223392
2009.12.24  6660 6590 6680 6520 113069
2009.12.28  7650 7220 7650 7040 1174413
2009.12.29  7350 7470 7570 7240 448460
2009.12.30  7400 7350 7400 7070 318176
2010.01.04  7890 7460 8060 7460 586085
2010.01.05  7550 7900 8050 7550 325565
2010.01.06  7540 7640 7990 7310 524959
2010.01.07  7490 7460 7750 7310 459157
2010.01.08  7710 7540 7840 7450 349229
2010.01.11  7900 7760 8400 7720 707628
2010.01.12  7680 7830 7930 7650 289725
2010.01.13  7340 7560 7800 7340 370655
2010.01.14  7440 7350 7490 7250 130885
2010.01.15  7210 7510 7510 7180 262565
2010.01.18  7270 7220 7420 6950 375657
2010.01.19  7950 7350 7970 7180 735087
2010.01.20  8760 8270 9140 8130 2860725
2010.01.21  8120 8470 8580 8080 926009
2010.01.22  8350 7980 8630 7950 648927
2010.01.25  7490 8350 8770 7100 853823
2010.01.26  7050 7670 7680 7020 574046
2010.01.27  7040 7100 7260 6900 291325
2010.01.28  7110 7120 7270 6910 274113
2010.01.29  6700 6910 7000 6670 195674
2010.02.01  6760 6630 6870 6500 187476
2010.02.02  6560 6820 6900 6550 158769
2010.02.03  6790 6650 6850 6650 97168
2010.02.04  6670 6860 6860 6620 98305
2010.02.05  6120 6270 6330 6090 240945
2010.02.08  5820 6180 6200 5790 159302
2010.02.09  6110 5750 6250 5750 107433
2010.02.10  6230 6280 6330 6160 120567
2010.02.11  6250 6010 6280 6010 71333
2010.02.12  6280 6270 6290 6170 57121
2010.02.16  6560 6350 6900 6350 286875
2010.02.17  6600 6630 6810 6600 187111
2010.02.18  6520 6630 6660 6440 92743
2010.02.19  6250 6390 6520 6240 127889
2010.02.22  6400 6350 6460 6320 51819
2010.02.23  6410 6350 6470 6320 54516
2010.02.24  6320 6390 6400 6250 76149
2010.02.25  6150 6350 6380 5900 127190
2010.02.26  6150 6070 6450 6050 79446
2010.03.02  6180 6230 6290 6150 65280
2010.03.03  6260 6180 6440 6170 152847
2010.03.04  6300 6290 6380 6130 69426
2010.03.05  6320 6360 6380 6240 72576
2010.03.08  6390 6330 6510 6330 167912
2010.03.09  6340 6450 6470 6330 89742
2010.03.10  6410 6350 6420 6190 173199
2010.03.11  6430 6410 6550 6380 125760
2010.03.12  6650 6450 6690 6440 174622
2010.03.15  6540 6690 6690 6500 91637
2010.03.16  6520 6550 6550 6410 87973
2010.03.17  6470 6500 6540 6400 87623
2010.03.18  6360 6470 6480 6350 109703
2010.03.19  6480 6360 6490 6360 62434
2010.03.22  6490 6500 6560 6460 88944
2010.03.23  6420 6500 6520 6380 91119
2010.03.24  6170 6430 6480 6150 142182
2010.03.25  6290 6140 6290 6120 56025
2010.03.26  6270 6340 6340 6160 51875
2010.03.29  6180 6240 6270 6150 59524
2010.03.30  6200 6230 6290 6160 50415
2010.03.31  6200 6210 6290 6120 50084
2010.04.01  6130 6200 6200 6070 88037
2010.04.02  6080 6140 6200 6010 73669
2010.04.05  5820 6020 6050 5650 196251
2010.04.06  5860 5790 5900 5770 51196
2010.04.07  5980 5860 5980 5860 37945
2010.04.08  6000 5950 6050 5860 31809
2010.04.09  6030 5980 6040 5900 47646
2010.04.12  5980 6050 6050 5940 49303
2010.04.13  5960 5950 6000 5930 34142
2010.04.14  6180 5960 6180 5940 86201
2010.04.15  6200 6010 6200 6010 60571
2010.04.16  6220 6070 6260 6070 44804
2010.04.19  6380 6150 6470 6130 164214
2010.04.20  6500 6390 6580 6340 157124
2010.04.21  6440 6450 6560 6320 118509
2010.04.22  6340 6350 6440 6260 83648
2010.04.23  6210 6320 6390 6210 84010
2010.04.26  6230 6250 6370 6210 62223
2010.04.27  6170 6160 6290 6130 87355
2010.04.28  6040 6010 6080 5910 114075
2010.04.29  5990 6020 6100 5960 58334
2010.04.30  5960 6040 6150 5960 51584
2010.05.03  5960 6000 6040 5900 41310
2010.05.04  5840 5960 6070 5830 74573
2010.05.06  5670 5740 5840 5580 101400
2010.05.07  5460 5450 5500 5200 109389
2010.05.10  5620 5430 5630 5430 49309
2010.05.11  5580 5710 5740 5560 30917
2010.05.12  5550 5540 5650 5530 40304
2010.05.13  5630 5550 5650 5530 49410
2010.05.14  5670 5630 5690 5560 28087
2010.05.17  5540 5340 5580 5340 67968
2010.05.18  5320 5410 5540 5280 96661
2010.05.19  5390 5280 5450 5100 51564
2010.05.20  5200 5230 5420 5150 48034
2010.05.24  5180 5070 5230 5030 54146
2010.05.25  4880 5070 5220 4715 45715
2010.05.26  4970 4800 4970 4800 36430
2010.05.27  5080 4925 5090 4720 37448
2010.05.28  5030 5150 5160 5010 26553
2010.05.31  5100 5000 5140 4995 42302
2010.06.01  5190 5150 5250 5080 28125
2010.06.03  5230 5250 5270 5180 21722
2010.06.04  5180 5200 5230 5110 26490
2010.06.07  5020 5010 5090 4950 33126
2010.06.08  5070 4875 5120 4875 31973
2010.06.09  5000 5070 5090 4950 41074
2010.06.10  5040 4985 5070 4985 20536
2010.06.11  5100 5070 5190 5070 39649
2010.06.14  5200 5130 5220 5130 19805
2010.06.15  5220 5240 5250 5150 27610
2010.06.16  5180 5220 5300 5150 18500
2010.06.17  5170 5250 5250 5150 15825
2010.06.18  5130 5170 5180 5040 18595
2010.06.21  5150 5090 5200 5040 31572
2010.06.22  5190 5090 5190 5050 42264
2010.06.23  5150 5120 5190 5100 20773
2010.06.24  5180 5110 5190 5070 26313
2010.06.25  5130 5130 5180 5090 17723
2010.06.28  5140 5110 5160 5050 21654
2010.06.29  5000 5100 5130 5000 48965
2010.06.30  4925 4890 4990 4860 22724
2010.07.01  4880 4885 4965 4870 24009
2010.07.02  4920 4830 4940 4830 19289
2010.07.05  4995 4880 5050 4880 13081
2010.07.06  4995 5000 5030 4900 23061
2010.07.07  4990 5010 5030 4915 10295
2010.07.08  4995 5070 5070 4965 24767
2010.07.09  4990 4970 5030 4905 30437
2010.07.12  4950 4955 5000 4940 40505
2010.07.13  4935 4970 4970 4890 40847
2010.07.14  4940 4980 4980 4925 24865
2010.07.15  4940 4970 4970 4885 30393
2010.07.16  4910 4920 4950 4885 22688
2010.07.19  4875 4875 4940 4865 12163
2010.07.20  4895 4875 4950 4850 23753
2010.07.21  4805 4900 4940 4785 68319
2010.07.22  4780 4765 4880 4750 37130
2010.07.23  4815 4785 4875 4780 23627
2010.07.26  4835 4820 4865 4815 18814
2010.07.27  4820 4840 4880 4770 26265
2010.07.28  4815 4800 4860 4770 20034
2010.07.29  4745 4785 4820 4645 86998
2010.07.30  4590 4745 4745 4210 49359
2010.08.02  4545 4535 4630 4530 38839
2010.08.03  4580 4545 4650 4525 38766
2010.08.04  4580 4550 4600 4545 10519
2010.08.05  4600 4580 4610 4545 22762
2010.08.06  4625 4670 4670 4505 30950
2010.08.09  4610 4605 4670 4600 33469
2010.08.10  4620 4610 4670 4600 17638
2010.08.11  4620 4655 4655 4590 13258
2010.08.12  4590 4580 4590 4510 15186
2010.08.13  4595 4590 4620 4580 5039
2010.08.16  4515 4590 4595 4500 13196
2010.08.17  4525 4550 4550 4500 21869
2010.08.18  4500 4530 4570 4485 14079
2010.08.19  4535 4530 4540 4485 34148
2010.08.20  4535 4485 4545 4485 20243
2010.08.23  4795 4535 4890 4535 74340
2010.08.24  4840 4795 4850 4710 23618
2010.08.25  4830 4770 4850 4735 29779
2010.08.26  4795 4860 4860 4730 22448
2010.08.27  4745 4800 4800 4675 16417
2010.08.30  4750 4730 4760 4700 20917
2010.08.31  4740 4710 4770 4695 13014
2010.09.01  4890 4750 4910 4740 59846
2010.09.02  4885 4920 4970 4855 16613
2010.09.03  4875 4910 4910 4755 13442
2010.09.06  4850 4890 4890 4800 15829
2010.09.07  4850 4850 4890 4730 7709
2010.09.08  4795 4760 4850 4725 20570
2010.09.09  4795 4735 4810 4700 9744
2010.09.10  4765 4840 4840 4730 10503
2010.09.13  4910 4805 4910 4765 41050
2010.09.14  5020 4930 5200 4900 89894
2010.09.15  5050 4970 5090 4970 37707
2010.09.16  5100 5050 5150 5000 69787
2010.09.17  5080 5080 5160 5010 35923
2010.09.20  4955 5050 5050 4950 18157
2010.09.24  5000 4995 5020 4915 7810
2010.09.27  5040 5000 5070 4950 47908
2010.09.28  5300 5070 5340 5070 225094
2010.09.29  5190 5300 5360 5190 52444
2010.09.30  5340 5180 5340 5180 66526
2010.10.01  5300 5340 5400 5230 75824
2010.10.04  5190 5300 5310 5140 31796
2010.10.05  5280 5100 5280 5080 27340
2010.10.06  5190 5280 5280 5090 35337
2010.10.07  5150 5190 5200 5070 43097
2010.10.08  5140 5120 5170 5090 24707
2010.10.11  5240 5160 5280 5140 34372
2010.10.12  5090 5200 5240 5000 58864
2010.10.13  5060 5090 5110 4975 53450
2010.10.14  5040 5080 5080 4990 37059
2010.10.15  4995 4995 5040 4960 56578
2010.10.18  5030 4995 5130 4980 44501
2010.10.19  4985 5000 5090 4985 58159
2010.10.20  5080 5000 5090 4915 25625
2010.10.21  5160 5100 5200 5020 34706
2010.10.22  5120 5170 5170 5070 27384
2010.10.25  5080 5150 5150 5040 28286
2010.10.26  5520 5090 5590 5090 405259
2010.10.27  5550 5520 5610 5360 198023
2010.10.28  5690 5550 5720 5470 137468
2010.10.29  5600 5700 5790 5420 93436
2010.11.01  5660 5580 5660 5390 100091
2010.11.02  5390 5550 5730 5350 324985
2010.11.03  5330 5400 5430 5240 80324
2010.11.04  5350 5330 5410 5270 63068
2010.11.05  5390 5400 5400 5310 31553
2010.11.08  5430 5310 5430 5260 36952
2010.11.09  5410 5320 5440 5300 42592
2010.11.10  5320 5350 5460 5320 39857
2010.11.11  5160 5310 5380 5160 72630
2010.11.12  5090 5130 5280 5000 83368
2010.11.15  4990 4990 5060 4950 32947
2010.11.16  4930 4930 4990 4795 48105
2010.11.17  4900 4780 4960 4745 31342
2010.11.18  5070 4960 5070 4850 28442
2010.11.19  5010 5050 5090 4960 22676
2010.11.22  4950 5020 5040 4950 15078
2010.11.23  4875 4900 4970 4870 25516
2010.11.24  4990 4700 4990 4560 29740
2010.11.25  4860 4905 4965 4860 23600
2010.11.26  4780 4770 4840 4680 19948
2010.11.29  4725 4795 4795 4650 13273
2010.11.30  4795 4600 4845 4600 19596
2010.12.01  4870 4800 4870 4710 6136
2010.12.02  4865 4830 4890 4810 6735
2010.12.03  4855 4940 4940 4770 10485
2010.12.06  4835 4820 4860 4750 13761
2010.12.07  4820 4790 4835 4705 24039
2010.12.08  4790 4820 4830 4740 11254
2010.12.09  4775 4705 4810 4705 16069
2010.12.10  4895 4790 4895 4775 27540
2010.12.13  4915 4840 4960 4835 11953
2010.12.14  4965 4820 4980 4820 34981
2010.12.15  5020 4930 5040 4900 12682
2010.12.16  5000 4990 5090 4950 8774
2010.12.17  5090 4995 5090 4980 24293
2010.12.20  4990 5000 5050 4910 5813
2010.12.21  5020 5040 5080 4960 11232
2010.12.22  5000 5020 5030 4960 7998
2010.12.23  4985 4950 5000 4935 3537
2010.12.24  4995 4980 5000 4920 18135
2010.12.27  4885 4995 4995 4885 12705
2010.12.28  4885 4765 4900 4750 32640
2010.12.29  4885 4870 4885 4800 8508
2010.12.30  4860 4890 4890 4815 21922
2011.01.03  4805 4860 4870 4780 27133
2011.01.04  4930 4810 4935 4810 21461
2011.01.05  4955 4905 4985 4875 12815
2011.01.06  4900 4905 4945 4855 11700
2011.01.07  4890 4860 4935 4850 17597
2011.01.10  4915 4850 4950 4820 14268
2011.01.11  4915 4925 4930 4805 24584
2011.01.12  4840 4850 4920 4830 19322
2011.01.13  4870 4940 4940 4830 11155
2011.01.14  4820 4830 4890 4775 31878
2011.01.17  4720 4780 4830 4720 50030
2011.01.18  4680 4795 4795 4680 17324
2011.01.19  4670 4620 4730 4620 17696
2011.01.20  4690 4645 4700 4600 18451
2011.01.21  4570 4630 4690 4570 23160
2011.01.24  4530 4570 4625 4530 15531
2011.01.25  4500 4530 4580 4485 20898
2011.01.26  4495 4500 4575 4455 22656
2011.01.27  4535 4500 4565 4490 19391
2011.01.28  4565 4525 4565 4510 12123
2011.01.31  4510 4565 4565 4470 16680
2011.02.01  4490 4405 4525 4405 20176
2011.02.07  4520 4500 4530 4470 17627
2011.02.08  4460 4475 4520 4460 17809
2011.02.09  4440 4500 4500 4425 15219
2011.02.10  4455 4405 4520 4405 12744
2011.02.11  4440 4510 4520 4370 11961
2011.02.14  4295 4315 4350 4270 56457
2011.02.15  4300 4330 4330 4270 5909
2011.02.16  4600 4305 4600 4250 10228
2011.02.17  4320 4440 4540 4260 15037
2011.02.18  4360 4295 4360 4295 11234
2011.02.21  4300 4255 4460 4250 37308
2011.02.22  4230 4290 4400 4230 18167
2011.02.23  4190 4310 4310 4135 12760
2011.02.24  4185 4105 4220 4105 8471
2011.02.25  4185 4200 4250 4150 8229
2011.02.28  4175 4150 4195 4100 6039
2011.03.02  4130 3980 4145 3980 12556
2011.03.03  4190 4140 4200 4130 12526
2011.03.04  4295 4210 4410 4140 12765
2011.03.07  4380 4310 4410 4280 29564
2011.03.08  4430 4400 4430 4320 25329
2011.03.09  4440 4440 4495 4375 14549
2011.03.10  4425 4450 4450 4320 4505
2011.03.11  4350 4430 4430 4330 10100
2011.03.14  4295 4350 4350 4200 7993
2011.03.15  4350 4135 4350 3995 34147
2011.03.16  4275 4300 4300 4210 6294
2011.03.17  4185 4250 4250 4150 4242
2011.03.18  4140 4185 4240 4100 28102
2011.03.21  4110 4060 4165 4060 17515
2011.03.22  4290 4120 4300 4120 23337
2011.03.23  4200 4300 4350 4200 12270
2011.03.24  4205 4210 4260 4180 1869
2011.03.25  4220 4205 4270 4180 17562
2011.03.28  4190 4180 4240 4150 11506
2011.03.29  4145 4135 4190 4080 23315
2011.03.30  4120 4185 4185 4070 61616
2011.03.31  4140 4080 4190 4080 18596
2011.04.01  4190 4165 4195 4145 13545
2011.04.04  4265 4205 4280 4180 17797
2011.04.05  4310 4265 4350 4250 16675
2011.04.06  4240 4310 4310 4220 10718
2011.04.07  4175 4165 4235 4165 47403
2011.04.08  4270 4190 4290 4190 34680
2011.04.11  4310 4290 4345 4260 16447
2011.04.12  4255 4250 4325 4235 26273
2011.04.13  4240 4200 4270 4200 26562
2011.04.14  4310 4230 4335 4230 33052
2011.04.15  4500 4330 4530 4310 57508
2011.04.18  4435 4515 4520 4430 25398
2011.04.19  4370 4385 4440 4355 26745
2011.04.20  4280 4400 4420 4280 22221
2011.04.21  4305 4295 4400 4295 21474
2011.04.22  4290 4300 4370 4245 10961
2011.04.25  4290 4260 4300 4250 14623
2011.04.26  4310 4290 4360 4250 35429
2011.04.27  4310 4370 4370 4265 8202
2011.04.28  4270 4310 4345 4240 11453
2011.04.29  4190 4240 4325 4140 19747
2011.05.02  4130 4195 4275 4130 10643
2011.05.03  4125 4105 4130 4030 42904
2011.05.04  4085 4140 4140 4075 4960
2011.05.06  4015 4085 4100 4015 27134
2011.05.09  4065 4020 4085 4015 12122
2011.05.11  4050 3985 4080 3985 24534
2011.05.12  3960 3930 4020 3930 37619
2011.05.13  4070 3965 4070 3965 15597
2011.05.16  3995 4070 4075 3990 1314
2011.05.17  3990 3990 4085 3945 17044
2011.05.18  3915 4005 4005 3870 37892
2011.05.19  3845 3910 3985 3815 32696
2011.05.20  3845 3850 3850 3790 14129
2011.05.23  3820 3860 3860 3800 4269
2011.05.24  3760 3750 3810 3730 12146
2011.05.25  3760 3710 3890 3710 34518
2011.05.26  3785 3760 3855 3720 10106
2011.05.27  3800 3830 3835 3775 3815
2011.05.30  3800 3830 3830 3765 5862
2011.05.31  3800 3830 3830 3750 14117
2011.06.01  3800 3800 3820 3795 6680
2011.06.02  3785 3780 3790 3750 6871
2011.06.03  3770 3785 3785 3740 2139
2011.06.07  3775 3770 3795 3710 11012
2011.06.08  3775 3745 3800 3720 13139
2011.06.09  3715 3770 3780 3715 9167
2011.06.10  3730 3715 3900 3700 11822
2011.06.13  3730 3740 3750 3660 14794
2011.06.14  3720 3680 3750 3610 3371
2011.06.15  3715 3725 3740 3615 3977
2011.06.16  3685 3700 3700 3660 7638
2011.06.17  3655 3670 3700 3625 5016
2011.06.20  3540 3600 3665 3530 16151
2011.06.21  3560 3550 3590 3485 6297
2011.06.22  3590 3675 3675 3560 18408
2011.06.23  3600 3600 3630 3575 13175
2011.06.24  3600 3600 3640 3590 10543
2011.06.27  3540 3595 3620 3535 11265
2011.06.28  3585 3560 3595 3560 7366
2011.06.29  3635 3600 3700 3600 20446
2011.06.30  3660 3595 3695 3595 8267
2011.07.01  3675 3625 3680 3625 11811
2011.07.04  3760 3665 3760 3665 3480
2011.07.05  3795 3740 3815 3740 8565
2011.07.06  3835 3810 3840 3800 4951
2011.07.07  3840 3840 3850 3820 7026
2011.07.08  3800 3860 3880 3800 9913
2011.07.11  3815 3840 3840 3785 3634
2011.07.12  3715 3705 3830 3695 11693
2011.07.13  3790 3770 3820 3720 11893
2011.07.14  3765 3790 3790 3705 9790
2011.07.15  3780 3795 3795 3725 8800
2011.07.18  3845 3760 3870 3760 35390
2011.07.19  3850 3780 3880 3780 12961
2011.07.20  3875 3865 3900 3860 40619
2011.07.21  3860 3895 3895 3840 28270
2011.07.22  3885 3895 3895 3850 15189
2011.07.25  3885 3935 3935 3860 4112
2011.07.26  3890 3915 3915 3860 8522
2011.07.27  3870 3915 3915 3855 7145
2011.07.28  3870 3850 3870 3830 9956
2011.07.29  3890 3895 3895 3850 9924
2011.08.01  3915 3895 3915 3880 12653
2011.08.02  3895 3925 3925 3845 14492
2011.08.03  3825 3825 3865 3785 23322
2011.08.04  3715 3810 3895 3700 10205
2011.08.05  3500 3550 3660 3210 50563
2011.08.08  3050 3365 3480 3050 19462
2011.08.09  2905 2950 3000 2660 28568
2011.08.10  3110 3025 3140 3025 13311
2011.08.11  3450 2950 3480 2950 128013
2011.08.12  3500 3450 3550 3420 40373
2011.08.16  3500 3595 3595 3440 22948
2011.08.17  3500 3440 3540 3440 83913
2011.08.18  3530 3500 3565 3490 93373
2011.08.19  3420 3410 3480 3300 15881
2011.08.22  3190 3310 3415 3150 19090
2011.08.23  3165 3110 3205 3105 23530
2011.08.24  3050 3165 3200 3050 17852
2011.08.25  3190 3065 3200 3065 16002
2011.08.26  3125 3190 3200 3120 3666
2011.08.29  3235 3140 3245 3140 3195
2011.08.30  3230 3250 3270 3155 3900
2011.08.31  3160 3225 3225 3150 12513
2011.09.01  3180 3110 3230 3100 8566
2011.09.02  3170 3125 3200 3120 527
2011.09.05  3190 3190 3275 3145 17515
2011.09.06  3200 3185 3220 3100 5307
2011.09.07  3190 3200 3260 3185 4300
2011.09.08  3190 3205 3250 3160 13732
2011.09.09  3195 3235 3235 3160 16620
2011.09.14  3135 3160 3210 3135 18058
2011.09.15  3040 3080 3175 3025 26876
2011.09.16  3125 3050 3125 3050 5843
2011.09.19  3140 3110 3145 3045 4658
2011.09.20  3060 3040 3175 3020 8199
2011.09.21  3100 3040 3145 3040 634
2011.09.22  3095 3090 3150 3020 683
2011.09.23  2955 3050 3090 2850 12521
2011.09.26  2600 2990 3045 2600 20807
2011.09.27  2610 2500 2680 2500 45711
2011.09.28  2680 2620 2730 2600 12504
2011.09.29  2610 2650 2680 2605 6879
2011.09.30  2740 2680 2760 2650 8614
2011.10.04  2605 2700 2700 2405 5044
2011.10.05  2550 2600 2680 2480 8703
2011.10.06  2645 2600 2665 2550 5249
2011.10.07  2715 2705 2720 2605 2736
2011.10.10  2745 2685 2780 2675 5586
2011.10.11  2785 2765 2800 2735 5546
2011.10.12  2820 2800 2850 2755 12557
2011.10.13  2890 2840 2910 2840 10416
2011.10.14  2825 2905 2905 2770 16170
2011.10.17  2890 2890 2910 2850 10066
2011.10.18  2910 2765 2915 2765 5024
2011.10.19  2910 2900 2910 2825 7408
2011.10.20  2855 2835 2910 2795 9740
2011.10.21  2800 2880 2880 2785 5741
2011.10.24  2835 2870 2870 2800 6747
2011.10.25  2850 2815 2870 2805 13643
2011.10.26  2845 2865 2865 2800 3142
2011.10.27  2855 2845 2870 2830 24087
2011.10.28  2850 2870 2950 2850 15584
2011.10.31  2920 2850 2940 2825 2400
2011.11.01  2840 2945 2945 2835 4433
2011.11.02  2805 2890 2890 2800 4249
2011.11.03  2830 2850 2850 2780 6343
2011.11.04  2895 2795 2900 2795 16291
2011.11.07  2875 2900 2900 2840 9457
2011.11.08  2860 2840 2895 2830 5219
2011.11.09  2870 2860 2885 2815 5789
2011.11.10  2780 2880 2880 2700 7620
2011.11.11  2775 2790 2790 2705 15183
2011.11.14  2835 2775 2870 2755 10767
2011.11.15  2795 2875 2900 2705 4002
2011.11.16  2715 2795 2795 2715 9623
2011.11.17  2740 2775 2800 2730 6394
2011.11.18  2825 2750 2865 2750 6912
2011.11.21  2800 2870 2870 2760 3678
2011.11.22  2820 2710 2820 2700 11179
2011.11.23  2795 2800 2830 2750 5766
2011.11.24  2745 2705 2835 2705 9436
2011.11.25  2720 2785 2830 2720 21807
2011.11.28  2785 2760 2810 2720 10546
2011.11.29  2820 2830 2830 2740 2178
2011.11.30  2820 2825 2825 2760 638
2011.12.01  2870 2830 2920 2830 16569
2011.12.02  3010 2900 3040 2880 35748
2011.12.05  2975 3040 3040 2970 5610
2011.12.06  2825 2900 2985 2825 15897
2011.12.07  2890 2810 2890 2810 6039
2011.12.08  2900 2820 2910 2820 2519
2011.12.09  2900 2900 2930 2820 15844
2011.12.12  3020 2940 3090 2885 15816
2011.12.13  2985 3030 3060 2955 5094
2011.12.14  3000 3015 3020 2950 7272
2011.12.15  2915 3005 3005 2915 1461
2011.12.16  2910 2975 2995 2910 1383
2011.12.19  2815 2920 2920 2740 6956
2011.12.20  2845 2765 2845 2740 8139
2011.12.21  2835 2845 2890 2755 28823
2011.12.22  2845 2835 2895 2800 1557
2011.12.23  2850 2865 2900 2840 4612
2011.12.26  2890 2890 2910 2860 1681
2011.12.27  2880 2900 2900 2850 2041
2011.12.28  2885 2830 2900 2830 732
2011.12.29  2800 2745 2880 2745 10699
2012.01.02  3045 2800 3200 2800 79543
2012.01.03  3025 3085 3110 2945 12536
2012.01.04  3000 3050 3050 2965 7739
2012.01.05  2945 2995 3060 2945 15091
2012.01.06  2950 3020 3020 2925 4437
2012.01.09  2950 2975 3005 2930 8287
2012.01.10  3030 2995 3040 2955 6900
2012.01.11  3035 3035 3070 2955 8268
2012.01.12  3000 3035 3035 2980 17608
2012.01.13  2990 3010 3010 2940 3504
2012.01.16  2960 2960 3035 2960 6026
2012.01.17  2930 2930 2980 2630 13814
2012.01.18  2865 2920 2930 2840 6840
2012.01.19  2905 2845 2940 2840 26536
2012.01.20  2975 2915 2975 2875 2744
2012.01.25  2945 2995 3000 2900 5776
2012.01.26  2970 2990 2990 2965 114
2012.01.27  2895 2885 2910 2870 36484
2012.01.30  2885 2900 2945 2865 13243
2012.01.31  2945 2900 2945 2870 6512
2012.02.01  2950 2950 2950 2890 29372
2012.02.02  3390 2995 3390 2965 449479
2012.02.03  3440 3590 3710 3370 505394
2012.02.06  3955 3500 3955 3425 755381
2012.02.07  4350 4150 4505 4000 1193659
2012.02.08  3930 4150 4220 3895 454697
2012.02.09  3800 3955 4105 3760 402040
2012.02.10  3860 3855 4000 3620 242334
2012.02.13  3880 3900 3935 3720 153796
2012.02.14  3840 3835 4070 3810 188484
2012.02.15  3700 3950 4130 3600 329613
2012.02.16  3705 3700 3785 3670 101019
2012.02.17  3835 3700 3910 3690 194649
2012.02.20  4000 3720 4030 3665 252204
2012.02.21  3885 4000 4170 3885 248960
2012.02.22  4465 3930 4465 3840 1275119
2012.02.23  4510 4515 4770 4365 1045954
2012.02.24  3945 4570 4615 3910 657814
2012.02.27  3950 3855 3980 3810 210800
2012.02.28  3755 3920 3940 3750 151568
2012.02.29  3830 3800 3985 3750 91418
2012.03.02  3775 3830 3900 3750 79881
2012.03.05  3695 3710 3800 3695 123143
2012.03.06  3600 3625 3725 3470 119945
2012.03.07  3670 3460 3750 3460 70086
2012.03.08  3860 3655 3875 3655 102667
2012.03.09  3795 3790 3850 3750 20467
2012.03.12  3605 3765 3795 3605 47243
2012.03.13  3700 3620 3700 3615 45021
2012.03.14  3760 3745 3800 3550 51657
2012.03.15  3795 3840 3860 3750 57761
2012.03.16  3780 3740 3830 3700 18870
2012.03.19  3630 3780 3790 3610 41614
2012.03.20  3595 3620 3650 3530 39037
2012.03.21  3640 3595 3645 3490 32311
2012.03.22  3560 3600 3650 3520 29606
2012.03.23  3580 3595 3600 3540 30713
2012.03.26  3540 3515 3550 3455 62206
2012.03.27  3495 3460 3530 3400 42231
2012.03.28  4015 3800 4015 3750 604525
2012.03.29  3790 3945 4390 3765 1060391
2012.03.30  4355 3900 4355 3855 370651
2012.04.02  5000 5000 5000 5000 227537
2012.04.03  5750 5750 5750 5750 110385
2012.04.04  6110 6090 6300 5750 5150615
2012.04.05  5790 6200 6640 5500 3050219
2012.04.06  6650 5700 6650 5580 4385797
2012.04.09  5660 6770 7100 5660 3741115
2012.04.10  5100 5430 5740 4820 2232227
2012.04.12  5500 5300 5820 5200 2454693
2012.04.13  5230 5280 5410 4850 1970644
2012.04.16  6010 6010 6010 5830 1277251
2012.04.17  5660 5740 6280 5300 3121087
2012.04.18  6500 5690 6500 5400 1946877
2012.04.19  6850 6550 7460 6490 4631289
2012.04.20  6920 6720 7700 6370 5288517
2012.04.23  7060 6750 7580 6680 4747247
2012.04.24  6170 6860 7450 6010 3079951
2012.04.25  6140 6260 6640 6020 2352521
2012.04.26  5660 6210 6420 5310 1871875
2012.04.27  5780 5890 6140 5660 1742186
2012.04.30  6330 5990 6640 5870 3176211
2012.05.02  6460 6330 6610 6050 1716409
2012.05.03  5800 6480 6620 5800 1458131
2012.05.04  5590 6030 6230 5350 1117800
2012.05.07  5470 5490 5680 5410 412927
2012.05.08  5150 5470 5860 5150 1199369
2012.05.09  5100 5150 5410 4995 872955
2012.05.10  4945 5200 5390 4905 594226
2012.05.11  4920 4945 5050 4785 518580
2012.05.14  4585 4930 4950 4510 490185
2012.05.15  4490 4405 4750 4355 685281
2012.05.16  4600 4480 5080 4415 1876528
2012.05.17  4670 4700 4950 4600 880882
2012.05.18  4080 4595 4660 4080 496443
2012.05.21  4690 4295 4690 4250 735502
2012.05.22  4685 4800 4850 4550 978848
2012.05.23  4490 4655 4805 4490 660642
2012.05.24  4530 4525 4760 4430 779273
2012.05.25  5200 4885 5200 4880 1401115
2012.05.29  5450 5180 5520 5080 2000577
2012.05.30  5380 5520 5550 5180 1473369
2012.05.31  4845 5100 5290 4620 983331
2012.06.01  4700 4850 5010 4700 398248
2012.06.04  4450 4385 4545 4230 512550
2012.06.05  4715 4500 4875 4500 835930
2012.06.07  4735 4850 5150 4735 997688
2012.06.08  4925 4885 5070 4750 688580
2012.06.11  5380 5000 5650 4930 1930769
2012.06.12  5230 5290 5470 5040 1289907
2012.06.13  5250 5350 5650 5040 1794808
2012.06.14  5410 5250 5530 5230 1739526
2012.06.15  5060 5440 5790 5060 2138703
2012.06.18  5170 5150 5310 5140 639105
2012.06.19  4615 5170 5220 4570 922376
2012.06.20  4840 4650 4985 4615 834495
2012.06.21  4520 4840 4840 4515 511228
2012.06.22  4600 4415 4690 4415 424252
2012.06.25  4520 4705 4735 4520 232824
2012.06.26  4670 4450 4765 4400 435851
2012.06.27  4605 4640 4780 4605 273264
2012.06.28  4640 4615 4745 4485 313271
2012.06.29  4625 4690 4690 4570 194331
2012.07.02  4785 4680 4980 4630 690766
2012.07.03  4905 4800 4960 4760 520976
2012.07.04  4925 4930 5080 4830 722219
2012.07.05  4800 4930 5030 4800 393141
2012.07.06  4565 4770 4850 4535 558860
2012.07.09  4580 4610 4780 4560 339545
2012.07.10  4460 4485 4610 4455 371237
2012.07.11  4490 4460 4585 4450 241703
2012.07.12  4400 4550 4740 4400 399380
2012.07.13  4190 4335 4445 3930 369398
2012.07.16  4210 4260 4335 4190 171166
2012.07.17  4090 4190 4220 4065 241025
2012.07.18  4010 4155 4270 4010 374791
2012.07.19  4200 4050 4420 4020 743960
2012.07.20  4720 4350 4820 4245 1213055
2012.07.23  4255 4640 4645 4255 653067
2012.07.24  4030 4265 4355 4020 334392
2012.07.25  3840 3900 4045 3820 226994
2012.07.26  3980 3900 4060 3875 221714
2012.07.27  4210 4020 4260 3990 237590
2012.07.30  4050 4150 4280 4040 89530
2012.07.31  3980 4130 4130 3980 79723
2012.08.01  4105 3990 4145 3990 133587
2012.08.02  4110 4055 4140 4050 86258
2012.08.03  4125 4110 4145 4065 76033
2012.08.06  4130 4205 4205 4100 66075
2012.08.07  4140 4095 4165 4075 78831
2012.08.08  4225 4150 4400 4150 563643
2012.08.09  4230 4290 4295 4185 172007
2012.08.10  4290 4250 4385 4220 190409
2012.08.13  4110 4235 4360 4100 111755
2012.08.14  4120 4150 4190 4090 105724
2012.08.16  4125 4135 4235 4095 114750
2012.08.17  4175 4175 4210 4130 96704
2012.08.20  4115 4175 4185 4100 111379
2012.08.21  4245 4110 4370 4110 439224
2012.08.22  4390 4255 4390 4190 189845
2012.08.23  4415 4390 4435 4320 268681
2012.08.24  4455 4495 4760 4435 1186480
2012.08.27  4250 4500 4575 4250 437361
2012.08.28  4465 4250 4510 4200 370691
2012.08.29  4985 4580 5050 4520 1594335
2012.08.30  4560 5000 5080 4485 775338
2012.08.31  4740 4590 4900 4570 720440
2012.09.03  4910 4945 5160 4720 730931
2012.09.04  4620 4795 4850 4480 549619
2012.09.05  4625 4760 4790 4620 271547
2012.09.06  4800 4625 4890 4615 584422
2012.09.07  5520 5000 5520 4910 1846232
2012.09.10  6340 5850 6340 5800 4113225
2012.09.11  6290 6250 6430 6030 4629382
2012.09.12  6290 6690 7100 6230 3715648
2012.09.13  5890 6250 6360 5820 1977252
2012.09.14  6020 5980 6240 5860 2103090
2012.09.17  5950 5960 6020 5650 840790
2012.09.18  5500 6030 6120 5460 1068055
2012.09.19  5500 5540 5730 5350 735143
2012.09.20  5560 5700 5770 5350 928448
2012.09.21  5440 5520 5550 4890 949272
2012.09.24  5390 5490 5640 5260 533271
2012.09.25  5210 5290 5420 5150 373242
2012.09.26  5300 5110 5630 5110 661785
2012.09.27  5110 5200 5450 5030 345309
2012.09.28  5240 5110 5270 5100 272584
2012.10.02  5230 5230 5430 5180 301512
2012.10.04  5300 5190 5400 5190 263328
2012.10.05  5130 5360 5370 5100 209210
2012.10.08  4750 5100 5170 4750 322546
2012.10.09  4760 4710 4890 4695 163972
2012.10.10  4740 4670 4765 4600 139683
2012.10.11  4840 4655 4890 4655 143042
2012.10.12  4790 4910 4915 4755 84835
2012.10.15  4350 4760 4800 4260 229708
2012.10.16  4325 4280 4480 4180 135231
2012.10.17  4375 4325 4500 4320 106053
2012.10.18  4120 4310 4400 4110 150532
2012.10.19  4065 4050 4115 4010 134896
2012.10.22  4010 3930 4070 3930 176799
2012.10.23  4250 4010 4425 4010 316301
2012.10.24  4165 4240 4335 3980 141426
2012.10.25  4220 4195 4295 4150 98628
2012.10.26  4100 4265 4400 4095 180487
2012.10.29  4060 4130 4300 4005 106625
2012.10.30  4060 3970 4165 3970 65827
2012.10.31  4260 4170 4280 4125 84587
2012.11.01  4265 4265 4345 4195 71401
2012.11.02  4180 4365 4365 4170 77743
2012.11.05  4180 4185 4290 4160 74540
2012.11.06  4345 4260 4380 4180 161894
2012.11.07  4410 4345 4540 4250 435259
2012.11.08  4540 4350 4540 4350 168882
2012.11.09  4505 4530 4530 4420 122679
2012.11.12  4310 4425 4450 4250 134632
2012.11.13  4030 4310 4405 3970 163451
2012.11.14  4085 3915 4155 3900 174238
2012.11.15  3980 3980 4060 3650 256857
2012.11.16  3400 3815 3955 3385 323567
2012.11.19  3020 3400 3525 3020 327328
2012.11.20  3070 3080 3310 3030 549889
2012.11.21  3100 3095 3225 3040 183536
2012.11.22  3105 3130 3225 3095 134969
2012.11.23  3570 3145 3570 3130 696499
2012.11.26  3365 3640 3645 3360 1024452
2012.11.27  3295 3365 3425 3230 279482
2012.11.28  3230 3285 3350 3230 105325
2012.11.29  3050 3215 3260 3050 166818
2012.11.30  3125 3060 3235 3060 216014
2012.12.03  3060 3130 3195 3025 107448
2012.12.04  3010 3090 3110 3000 84287
2012.12.05  2850 3030 3050 2830 183164
2012.12.06  2870 2850 2970 2845 109024
2012.12.07  2870 2915 2945 2850 83450
2012.12.10  2960 2870 2960 2865 52650
2012.12.11  2900 2960 2975 2900 68578
2012.12.12  2915 2910 2975 2910 72521
2012.12.13  2970 2915 3065 2915 138090
2012.12.14  3000 2970 3035 2960 86122
2012.12.17  3185 3000 3255 2955 250940
2012.12.18  3135 3130 3195 3120 123287
2012.12.20  3200 3155 3270 3080 154235
2012.12.21  3150 3265 3285 3150 116279
2012.12.24  3130 3155 3200 3100 88542
2012.12.26  3255 3130 3330 3130 189702
2012.12.27  3145 3250 3285 3145 82183
2012.12.28  3175 3140 3310 3140 103538
2013.01.02  3245 3180 3250 3175 85377
2013.01.03  3320 3245 3335 3225 101256
2013.01.04  3310 3320 3325 3250 48911
2013.01.07  3250 3315 3320 3250 65821
2013.01.08  3190 3250 3305 3175 84001
2013.01.09  3285 3175 3355 3175 115307
2013.01.10  3420 3285 3520 3285 257235
2013.01.11  3420 3480 3555 3400 167037
2013.01.14  3535 3465 3565 3430 166747
2013.01.15  3640 3535 3770 3535 438695
2013.01.16  3610 3680 3765 3605 329786
2013.01.17  3445 3700 3700 3435 198190
2013.01.18  3505 3445 3520 3440 66435
2013.01.21  3445 3520 3520 3430 67456
2013.01.22  3400 3455 3495 3370 78929
2013.01.23  3430 3390 3480 3375 86514
2013.01.24  3370 3415 3470 3370 58260
2013.01.25  3340 3375 3435 3330 50723
2013.01.28  3350 3360 3420 3300 69181
2013.01.29  3460 3320 3600 3310 134486
2013.01.30  3610 3460 3635 3425 211860
2013.01.31  3575 3650 3650 3545 75791
2013.02.01  3575 3575 3635 3515 71409
2013.02.04  3840 3600 4060 3600 1202509
2013.02.05  3955 3835 3970 3780 523807
2013.02.06  3880 4020 4020 3840 287121
2013.02.07  3900 3890 3940 3860 159778
2013.02.08  3775 3910 3910 3705 158589
2013.02.12  4005 3825 4005 3750 441096
2013.02.13  3970 4010 4040 3925 276856
2013.02.14  4130 4030 4240 3930 502182
2013.02.15  4095 4100 4135 4050 194728
2013.02.18  3885 4120 4120 3875 308599
2013.02.19  3935 3900 3955 3795 179991
2013.02.20  3910 3965 4135 3895 402545
2013.02.21  3830 3910 3935 3830 161017
2013.02.22  3965 3860 4080 3830 428132
2013.02.25  3865 4005 4065 3860 176886
2013.02.26  3890 3815 3955 3815 146962
2013.02.27  4020 3920 4130 3920 371550
2013.02.28  4020 4080 4080 3920 162744
2013.03.04  4225 4310 4415 4120 1114699
2013.03.05  4090 4215 4215 4070 397159
2013.03.06  4010 4100 4135 3990 260432
2013.03.07  4015 3985 4095 3970 207777
2013.03.08  3890 4020 4020 3860 203897
2013.03.11  3760 3915 3915 3705 207360
2013.03.12  3770 3760 3855 3740 95390
2013.03.13  3730 3750 3800 3725 113070
2013.03.14  3615 3730 3770 3565 163383
2013.03.15  3670 3640 3700 3580 104712
2013.03.18  3645 3680 3730 3620 82813
2013.03.19  3820 3620 3830 3615 159321
2013.03.20  3815 3830 3845 3730 90712
2013.03.21  3795 3820 3870 3720 89181
2013.03.22  3740 3800 3825 3735 59011
2013.03.25  3685 3745 3785 3685 92060
2013.03.26  3670 3755 3755 3645 69415
2013.03.27  3725 3760 3765 3670 54185
2013.03.28  3715 3705 3765 3690 63596
2013.03.29  3730 3725 3750 3695 37176
2013.04.01  3730 3765 3765 3670 49974
2013.04.02  3710 3735 3745 3685 65725
2013.04.03  3560 3745 3745 3560 126006
2013.04.04  3330 3610 3610 3330 149309
2013.04.05  3290 3335 3400 3200 71193
2013.04.08  3195 3220 3385 3195 65664
2013.04.09  3115 3100 3220 3000 158568
2013.04.10  3255 3080 3340 3080 45860
2013.04.11  3345 3270 3470 3270 29316
2013.04.12  3340 3340 3420 3340 25686
2013.04.15  3375 3325 3405 3310 36219
2013.04.16  3375 3315 3390 3280 45045
2013.04.17  3390 3420 3495 3315 16419
2013.04.18  3280 3380 3445 3280 44419
2013.04.19  3155 3215 3275 3155 108967
2013.04.22  3140 3190 3190 3125 31918
2013.04.23  3190 3135 3190 3120 29113
2013.04.24  3245 3200 3260 3200 32607
2013.04.25  3240 3265 3265 3190 36627
2013.04.26  3200 3270 3270 3150 64049
2013.04.29  3165 3200 3215 3165 41244
2013.04.30  3120 3170 3170 3095 47937
2013.05.02  3135 3120 3155 3110 17606
2013.05.03  3215 3135 3235 3135 34258
2013.05.06  3225 3220 3250 3205 18750
2013.05.07  3235 3250 3250 3210 26688
2013.05.08  3250 3240 3285 3230 28346
2013.05.09  3270 3330 3330 3235 18444
2013.05.10  3285 3270 3290 3250 23188
2013.05.13  3265 3310 3310 3230 31648
2013.05.14  3220 3245 3290 3220 39475
2013.05.15  3240 3205 3245 3205 17642
2013.05.16  3230 3220 3240 3170 41074
2013.05.20  3205 3230 3250 3200 17524
2013.05.21  3225 3220 3225 3195 21550
2013.05.22  3215 3225 3250 3180 46203
2013.05.23  3245 3210 3255 3210 24629
2013.05.24  3240 3245 3250 3200 24094
2013.05.27  3230 3195 3255 3195 48631
2013.05.28  3300 3240 3305 3230 61725
2013.05.29  3340 3315 3350 3280 59167
2013.05.30  3310 3340 3340 3285 35526
2013.05.31  3270 3320 3325 3240 33947
2013.06.03  3215 3225 3270 3210 26897
2013.06.04  3180 3185 3235 3180 30982
2013.06.05  3205 3155 3225 3155 7852
2013.06.07  3190 3175 3235 3160 35575
2013.06.10  3170 3165 3235 3150 23481
2013.06.11  3135 3150 3195 3135 16091
2013.06.12  3135 3180 3180 3115 16574
2013.06.13  3025 3090 3150 3025 21714
2013.06.14  2865 3015 3085 2865 38974
2013.06.17  2780 2880 2925 2780 39503
2013.06.18  2890 2780 2900 2720 17471
2013.06.19  2875 2900 2935 2855 10483
2013.06.20  2770 2820 2880 2765 19124
2013.06.21  2660 2640 2740 2615 46617
2013.06.24  2600 2610 2695 2600 21421
2013.06.25  2545 2635 2635 2430 94940
2013.06.26  2485 2495 2630 2485 55509
2013.06.27  2610 2495 2620 2495 22153
2013.06.28  2610 2640 2640 2570 12729
2013.07.01  2635 2585 2670 2555 25488
2013.07.02  2770 2620 2870 2620 40616
2013.07.03  2660 2735 2865 2660 38081
2013.07.04  2735 2665 2775 2660 17833
2013.07.05  2655 2745 2750 2630 23330
2013.07.08  2675 2665 2695 2640 11208
2013.07.09  2695 2675 2735 2655 7765
2013.07.10  2715 2710 2785 2700 11406
2013.07.11  2755 2715 2795 2700 7317
2013.07.12  2830 2785 2855 2785 14868
2013.07.15  2825 2810 2850 2785 12018
2013.07.16  2870 2825 2900 2805 12912
2013.07.17  2855 2870 2880 2825 8417
2013.07.18  2885 2870 2945 2865 8031
2013.07.19  2900 2930 2935 2865 10663
2013.07.22  2890 2890 2905 2855 8887
2013.07.23  2900 2890 2935 2890 12326
2013.07.24  2915 2860 2935 2860 4302
2013.07.25  2930 2910 2950 2895 6771
2013.07.26  2880 2950 2950 2880 8242
2013.07.29  2880 2880 2950 2865 21483
2013.07.30  2880 2880 2905 2870 9165
2013.07.31  2910 2875 2935 2875 10165
2013.08.01  2900 2900 2925 2810 11735
2013.08.02  2865 2900 2930 2865 7960
2013.08.05  2900 2870 2980 2870 26153
2013.08.06  2900 2900 2940 2870 7954
2013.08.07  2900 2870 2945 2870 17512
2013.08.08  2935 2870 2950 2870 8372
2013.08.09  3000 2930 3040 2915 23940
2013.08.12  2975 2980 3015 2940 17791
2013.08.13  3055 2980 3065 2940 26861
2013.08.14  3180 3055 3205 3040 73644
2013.08.16  3150 3125 3235 3125 18660
2013.08.19  3160 3160 3165 3100 17346
2013.08.20  3045 3085 3170 3040 20638
2013.08.21  2900 3040 3155 2840 25811
2013.08.22  2900 2885 2960 2830 22539
2013.08.23  2950 2855 3010 2855 14440
2013.08.26  3005 2935 3150 2935 40298
2013.08.27  3005 3005 3045 2980 12340
2013.08.28  3015 2980 3015 2860 25427
2013.08.29  2960 2995 3015 2935 3389
2013.08.30  2960 3040 3085 2945 43654
2013.09.02  2875 2930 2950 2865 29813
2013.09.03  2875 2875 2945 2875 17437
2013.09.04  2805 2875 2900 2795 46969
2013.09.05  2805 2805 2835 2760 21791
2013.09.06  2775 2785 2865 2775 14589
2013.09.09  2780 2790 2845 2765 18896
2013.09.10  2840 2775 2840 2775 21286
2013.09.11  2970 2850 3030 2850 28043
2013.09.12  2930 2970 3000 2885 18997
2013.09.13  2955 3070 3070 2950 15166
2013.09.16  2950 2980 2980 2950 9645
2013.09.17  3000 2980 3020 2950 9358
2013.09.23  2955 2995 2995 2950 11011
2013.09.24  2970 2940 3025 2915 7293
2013.09.25  2970 2970 3000 2940 15616
2013.09.26  2940 3000 3000 2940 11002
2013.09.27  3035 2990 3040 2935 51624
2013.09.30  3050 3020 3125 3010 38354
2013.10.01  3020 3050 3080 3000 21872
2013.10.02  3055 3020 3065 3020 10064
2013.10.04  3065 3040 3095 3035 14206
2013.10.07  3010 3065 3070 3010 8196
2013.10.08  3015 3010 3070 2955 16880
2013.10.10  3025 3010 3090 2980 26487
2013.10.11  3070 2995 3095 2995 11034
2013.10.14  3155 3070 3170 3055 34176
2013.10.15  3220 3210 3245 3155 58353
2013.10.16  3390 3200 3680 3170 339058
2013.10.17  3490 3390 3545 3355 103488
2013.10.18  3495 3500 3530 3415 58970
2013.10.21  3480 3525 3565 3470 49357
2013.10.22  3570 3480 3570 3460 48117
2013.10.23  3450 3540 3665 3400 86227
2013.10.24  3450 3435 3500 3345 21978
2013.10.25  3355 3500 3500 3355 21324
2013.10.28  3165 3355 3400 3155 64559
2013.10.29  3260 3175 3270 3170 15911
2013.10.30  3215 3210 3280 3210 7407
2013.10.31  3210 3230 3280 3180 9268
2013.11.01  3240 3190 3260 3185 12207
2013.11.04  3200 3190 3250 3155 15034
2013.11.05  3190 3230 3230 3100 20812
2013.11.06  3130 3160 3190 3115 12315
2013.11.07  3175 3195 3195 3130 33587
2013.11.08  3175 3185 3195 3105 9120
2013.11.11  3150 3180 3280 3110 27195
2013.11.12  3170 3105 3180 3105 7233
2013.11.13  3195 3200 3210 3150 36165
2013.11.14  3195 3175 3230 3150 14738
2013.11.15  3290 3195 3290 3165 20814
2013.11.18  3325 3290 3415 3290 20047
2013.11.19  3350 3325 3390 3300 14622
2013.11.20  3310 3365 3380 3255 11701
2013.11.21  3310 3300 3330 3255 8047
2013.11.22  3375 3300 3375 3255 21930
2013.11.25  3330 3370 3370 3300 4332
2013.11.26  3265 3350 3350 3265 13237
2013.11.27  3150 3305 3305 3150 38449
2013.11.28  3230 3185 3240 3155 5441
2013.11.29  3250 3240 3280 3170 15256
2013.12.02  3165 3200 3255 3160 9479
2013.12.03  3220 3180 3220 3145 8705
2013.12.04  3110 3155 3210 3110 22535
2013.12.05  3235 3115 3250 3115 11307
2013.12.06  3240 3260 3260 3190 3283
2013.12.09  3250 3195 3250 3180 7493
2013.12.10  3225 3185 3230 3180 2327
2013.12.11  3200 3235 3235 3150 6931
2013.12.12  3200 3225 3225 3155 462
2013.12.13  3190 3110 3200 3110 19987
2013.12.16  3190 3175 3220 3150 1731
2013.12.17  3110 3155 3220 3100 12025
2013.12.18  3145 3110 3160 3110 9551
2013.12.19  3120 3145 3185 3120 8124
2013.12.20  3180 3175 3200 3125 1736
2013.12.23  3145 3185 3190 3145 4366
2013.12.24  3190 3160 3200 3140 9212
2013.12.26  3140 3175 3215 3110 18159
2013.12.27  3095 3095 3175 3095 5725
2013.12.30  3105 3080 3115 3050 7247
2014.01.02  3010 3100 3110 2955 19904
2014.01.03  3015 3010 3025 2980 4227
2014.01.06  3015 3020 3090 2950 9651
2014.01.07  3020 2955 3025 2955 14169
2014.01.08  3050 3050 3080 2990 4583
2014.01.09  3015 3070 3070 2990 18085
2014.01.10  3010 2990 3030 2985 7668
2014.01.13  3030 3020 3030 2980 5949
2014.01.14  3040 3030 3040 2990 13177
2014.01.15  3065 3060 3095 2990 15844
2014.01.16  3060 3065 3085 3005 3426
2014.01.17  3020 3095 3095 3015 2767
2014.01.20  3020 3030 3075 3010 9027
2014.01.21  3060 3065 3065 3000 9184
2014.01.22  3090 3100 3100 3045 272
2014.01.23  3085 3090 3090 3025 2846
2014.01.24  3060 3020 3070 3020 1143
2014.01.27  3060 3060 3090 3015 3072
2014.01.28  3045 3020 3060 2920 7546
2014.01.29  2995 3060 3060 2975 3365
2014.02.03  3020 2995 3080 2960 5599
2014.02.04  3010 2925 3090 2925 2113
2014.02.05  2985 2985 3060 2975 1802
2014.02.06  3030 3060 3060 2985 2385
2014.02.07  2975 3000 3025 2970 5692
2014.02.10  2995 3000 3000 2960 2261
2014.02.11  2980 2980 3000 2955 3349
2014.02.12  2980 2980 3030 2975 2775
2014.02.13  3025 3020 3040 2980 17315
2014.02.14  3065 3040 3070 3000 12991
2014.02.17  3055 3065 3070 3015 12339
2014.02.18  3060 3010 3100 3010 4544
2014.02.19  3080 3080 3090 3050 9241
2014.02.20  3080 3090 3090 3040 1433
2014.02.21  3090 3040 3095 3040 6729
2014.02.24  3040 3090 3090 3035 15197
2014.02.25  3090 3080 3100 3020 5939
2014.02.26  3035 3040 3095 3035 5190
2014.02.27  3035 3080 3105 3020 4930
2014.02.28  3035 3040 3040 3000 2078
2014.03.03  3045 3095 3095 2990 1979
2014.03.04  2995 3030 3030 2990 2895
2014.03.05  3035 2990 3035 2985 2933
2014.03.06  3045 3060 3060 2990 2584
2014.03.07  3060 3045 3075 3000 4730
2014.03.10  3050 3110 3110 3010 3815
2014.03.11  2940 2915 3025 2915 21148
2014.03.12  2910 2960 3000 2910 6698
2014.03.13  2910 2910 2940 2880 5157
2014.03.14  2890 2910 2950 2820 8698
2014.03.17  2860 2875 2885 2815 7916
2014.03.18  2830 2835 2875 2820 2280
2014.03.19  2825 2805 2865 2805 4646
2014.03.20  2840 2850 2895 2800 9043
2014.03.21  2835 2870 2900 2830 8375
2014.03.24  2910 2845 2920 2825 7484
2014.03.25  2955 2900 2955 2870 14464
2014.03.26  3015 2990 3020 2985 6772
2014.03.27  3080 3020 3090 2970 17769
2014.03.28  3035 3070 3085 3015 6848
2014.03.31  3015 3040 3095 2950 16956
2014.04.01  3000 3015 3040 2960 16474
2014.04.02  2970 2975 3010 2970 11392
2014.04.03  2980 2980 3020 2935 16575
2014.04.04  2975 2990 3005 2965 5010
2014.04.07  3000 2990 3000 2955 5873
2014.04.08  3030 2995 3030 2995 2914
2014.04.09  3000 2915 3045 2915 22841
2014.04.10  2995 2980 3005 2965 6119
2014.04.11  2990 2995 3000 2955 17887
2014.04.14  3040 3000 3040 2975 17052
2014.04.15  3130 3120 3135 3040 7967
2014.04.16  3150 3115 3150 3090 10403
2014.04.17  3165 3150 3180 3115 1476
2014.04.18  3200 3160 3205 3110 21894
2014.04.21  3180 3195 3380 3180 35031
2014.04.22  3300 3210 3300 3210 17667
2014.04.23  3275 3345 3345 3250 6995
2014.04.24  3270 3225 3300 3220 5114
2014.04.25  3265 3255 3270 3195 10008
2014.04.28  3205 3270 3270 3205 1940
2014.04.29  3210 3250 3250 3175 8801
2014.04.30  3240 3250 3250 3170 10586
2014.05.02  3265 3250 3275 3125 13296
2014.05.07  3260 3265 3270 3245 9090
2014.05.08  3280 3330 3330 3175 16705
2014.05.09  3285 3280 3285 3180 12547
2014.05.12  3285 3280 3285 3225 14846
2014.05.13  3205 3220 3280 3180 19086
2014.05.14  3235 3195 3245 3170 23305
2014.05.15  3280 3285 3300 3260 14382
2014.05.16  3325 3290 3325 3265 32489
2014.05.19  3530 3340 3550 3325 67886
2014.05.20  3560 3530 3600 3435 101860
2014.05.21  3580 3585 3675 3535 121378
2014.05.22  3605 3550 3615 3505 39983
2014.05.23  3595 3630 3630 3555 14726
2014.05.26  3600 3580 3600 3550 7644
2014.05.27  3560 3565 3600 3500 14356
2014.05.28  3575 3580 3580 3500 4384
2014.05.29  3500 3505 3545 3450 16940
2014.05.30  3410 3450 3500 3410 18667
2014.06.02  3445 3400 3480 3390 14719
2014.06.03  3390 3425 3460 3370 16351
2014.06.05  3280 3320 3375 3220 22859
2014.06.09  3195 3325 3325 3170 9034
2014.06.10  3275 3240 3275 3170 3449
2014.06.11  3245 3350 3440 3220 6300
2014.06.12  3230 3345 3345 3175 6844
2014.06.13  3225 3280 3280 3185 1002
2014.06.16  3280 3225 3410 3205 4059
2014.06.17  3300 3330 3330 3255 2617
2014.06.18  3345 3250 3345 3250 10852
2014.06.19  3345 3265 3345 3265 3773
2014.06.20  3330 3340 3340 3255 5262
2014.06.23  3280 3385 3385 3170 32301
2014.06.24  3260 3225 3270 3180 4768
2014.06.25  3235 3290 3290 3185 5429
2014.06.26  3250 3270 3275 3170 1059
2014.06.27  3295 3270 3300 3200 3215
2014.06.30  3330 3320 3330 3250 4269
2014.07.01  3365 3360 3365 3245 17380
2014.07.02  3295 3335 3365 3285 30072
2014.07.03  3300 3295 3300 3250 16267
2014.07.04  3335 3300 3335 3270 18603
2014.07.07  3445 3280 3470 3280 33113
2014.07.08  3455 3450 3460 3390 14249
2014.07.09  3480 3405 3495 3380 23251
2014.07.10  3620 3415 3620 3415 52933
2014.07.11  3620 3630 3650 3570 50959
2014.07.14  3725 3620 3740 3620 43842
2014.07.15  3695 3725 3725 3640 23640
2014.07.16  3635 3700 3710 3520 89092
2014.07.17  3645 3615 3660 3570 17015
2014.07.18  3640 3600 3645 3580 19783
2014.07.21  3675 3630 3740 3605 29942
2014.07.22  3735 3675 3735 3675 345375
2014.07.23  3640 3740 3740 3640 89098
2014.07.24  3605 3640 3655 3515 31458
2014.07.25  3700 3545 3700 3545 7070
2014.07.28  3590 3620 3695 3585 32210
2014.07.29  3560 3580 3595 3520 9081
2014.07.30  3440 3555 3555 3385 32174
2014.07.31  3385 3460 3460 3155 10999
2014.08.01  3405 3370 3405 3370 4375
2014.08.04  3280 3350 3385 3255 28343
2014.08.05  3210 3285 3295 3150 34152
2014.08.06  3180 3235 3235 3100 11118
2014.08.07  3230 3135 3230 3105 14003
2014.08.08  3065 3190 3220 3060 19010
2014.08.11  3055 3130 3130 2980 22485
2014.08.12  3110 3120 3130 2970 24333
2014.08.13  3110 3130 3140 3050 44907
2014.08.14  3130 3135 3150 3020 31880
2014.08.18  3135 3070 3190 3000 57597
2014.08.19  3200 3105 3240 3080 33461
2014.08.20  3270 3190 3270 3140 16844
2014.08.21  3275 3280 3280 3220 14190
2014.08.22  3295 3300 3300 3170 22985
2014.08.25  3295 3295 3310 3200 24168
2014.08.26  3310 3280 3310 3250 13587
2014.08.27  3230 3310 3310 3225 19695
2014.08.28  3150 3245 3245 3140 16437
2014.08.29  3190 3150 3235 3140 17154
2014.09.01  3035 3100 3170 3000 72727
2014.09.02  3065 3020 3100 3000 44406
2014.09.03  3045 3050 3060 2985 37251
2014.09.04  3060 3015 3100 2985 32235
2014.09.05  3075 3040 3080 3040 26713
2014.09.11  3010 3135 3135 3000 41015
2014.09.12  3010 3025 3050 2975 15764
2014.09.15  2835 2980 3015 2835 49719
2014.09.16  2880 2860 2945 2840 47997
2014.09.17  2925 2925 2950 2885 16985
2014.09.18  3055 2945 3055 2930 28242
2014.09.19  3045 3055 3055 2965 17012
2014.09.22  2985 3045 3045 2985 15426
2014.09.23  3000 3005 3005 2900 26142
2014.09.24  2985 3000 3000 2930 18927
2014.09.25  2995 2995 2995 2925 30208
2014.09.26  3000 3035 3035 2950 18492
2014.09.29  2910 3120 3130 2900 44381
2014.09.30  2960 2920 2975 2915 19632
2014.10.01  2890 2995 2995 2885 56035
2014.10.02  2870 2875 2960 2855 47029
2014.10.06  2850 2935 2935 2835 9303
2014.10.07  2785 2660 2785 2660 68845
2014.10.08  2695 2640 2725 2640 30189
2014.10.10  2750 2720 2775 2645 27794
2014.10.13  2750 2750 2820 2675 71505
2014.10.14  2925 2815 2950 2740 28512
2014.10.15  2960 2925 2965 2870 39034
2014.10.16  2835 2915 3010 2810 10549
2014.10.17  2745 2850 2850 2745 6097
2014.10.20  2805 2740 2805 2740 4053
2014.10.21  2780 2830 2830 2735 4476
2014.10.22  2715 2775 2780 2715 9486
2014.10.23  2720 2695 2725 2670 9158
2014.10.24  2695 2705 2705 2650 6472
2014.10.27  2645 2695 2695 2640 6333
2014.10.28  2580 2685 2685 2555 29672
2014.10.29  2530 2520 2590 2520 27965
2014.10.30  2645 2560 2645 2555 6732
2014.10.31  2665 2675 2675 2610 1347
2014.11.03  2655 2675 2675 2630 619
2014.11.04  2655 2660 2850 2610 8268
2014.11.05  2595 2665 2665 2595 9587
2014.11.06  2600 2540 2690 2540 1179
2014.11.07  2510 2600 2610 2510 11107
2014.11.10  2500 2560 2565 2480 21865
2014.11.11  2540 2540 2545 2485 5898
2014.11.12  2520 2540 2540 2490 6304
2014.11.13  2570 2515 2570 2505 6805
2014.11.14  2575 2580 2580 2520 4004
2014.11.17  2550 2600 2600 2500 3640
2014.11.18  2540 2570 2570 2510 3343
2014.11.19  2460 2555 2555 2425 25544
2014.11.20  2390 2500 2515 2375 21033
2014.11.21  2370 2425 2425 2345 10478
2014.11.24  2400 2370 2400 2345 3704
2014.11.25  2380 2425 2440 2360 7073
2014.11.26  2375 2420 2420 2360 4904
2014.11.27  2420 2420 2420 2375 1094
2014.11.28  2405 2420 2420 2375 976
2014.12.01  2345 2405 2405 2340 11706
2014.12.02  2695 2695 2695 2695 21743
2014.12.03  2635 2850 2935 2635 360433
2014.12.04  2590 2640 2700 2505 56224
2014.12.05  2520 2590 2590 2510 18232
2014.12.08  2560 2520 2580 2515 8161
2014.12.09  2485 2575 2575 2485 14515
2014.12.10  2520 2535 2540 2425 12471
2014.12.11  2520 2520 2520 2455 4405
2014.12.12  2515 2520 2520 2445 8866
2014.12.15  2520 2530 2530 2465 1905
2014.12.16  2480 2500 2545 2470 6205
2014.12.17  2545 2515 2595 2425 11914
2014.12.18  2545 2545 2575 2455 5347
2014.12.19  2515 2555 2555 2490 4519
2014.12.22  2510 2575 2575 2480 4456
2014.12.23  2550 2540 2570 2495 4787
2014.12.24  2575 2515 2575 2515 3918
2014.12.26  2630 2575 2695 2550 8904
2014.12.29  2610 2680 2680 2530 4004
2014.12.30  2670 2660 2675 2555 12500
2015.01.02  2635 2670 2670 2610 3631
2015.01.05  2595 2595 2635 2565 3540
2015.01.06  2595 2570 2600 2540 11576
2015.01.07  2560 2550 2560 2545 2661
2015.01.08  2555 2520 2560 2520 5134
2015.01.09  2550 2565 2565 2520 3463
2015.01.12  2545 2515 2545 2515 1561
2015.01.13  2560 2560 2560 2525 3704
2015.01.14  2545 2560 2560 2515 2991
2015.01.15  2535 2550 2550 2460 3781
2015.01.16  2495 2535 2535 2485 3460
2015.01.19  2475 2520 2520 2470 737
2015.01.20  2495 2445 2495 2440 3433
2015.01.21  2490 2465 2495 2450 2347
2015.01.22  2490 2490 2505 2465 1144
2015.01.23  2480 2460 2505 2455 22411
2015.01.26  2510 2520 2520 2485 719
2015.01.27  2535 2485 2545 2485 2163
2015.01.28  2570 2570 2575 2540 8612
2015.01.29  2545 2590 2590 2530 3900
2015.01.30  2545 2545 2565 2510 2717
2015.02.02  2530 2545 2545 2480 2395
2015.02.03  2510 2550 2550 2495 1844
2015.02.04  2505 2495 2550 2485 19080
2015.02.05  2490 2450 2500 2410 6133
2015.02.06  2505 2530 2540 2470 8602
2015.02.09  2540 2560 2570 2495 3977
2015.02.10  2535 2500 2550 2490 4591
2015.02.11  2555 2535 2560 2505 5439
2015.02.12  2570 2595 2595 2530 3813
2015.02.13  2580 2590 2590 2570 2713
2015.02.16  2640 2570 2725 2555 13105
2015.02.17  2620 2615 2675 2600 2641
2015.02.23  2640 2685 2685 2570 8204
2015.02.24  2745 2665 2750 2635 26862
2015.02.25  2715 2755 2870 2650 15702
2015.02.26  2725 2725 2770 2700 7560
2015.02.27  2725 2725 2725 2680 7326
2015.03.02  2690 2735 2735 2655 15096
2015.03.03  2720 2690 2735 2690 3543
2015.03.04  2720 2720 2765 2650 15608
2015.03.05  2700 2750 2750 2680 9169
2015.03.06  2750 2695 2765 2675 22083
2015.03.09  2765 2790 2900 2750 35736
2015.03.10  2740 2750 2770 2695 12655
2015.03.11  2660 2690 2735 2650 25755
2015.03.12  2685 2700 2715 2645 12312
2015.03.13  2815 2695 2850 2675 40171
2015.03.16  2570 2535 2665 2480 81848
2015.03.17  2530 2570 2610 2490 21820
2015.03.18  2490 2560 2565 2490 11223
2015.03.19  2450 2505 2535 2430 31229
2015.03.20  2420 2435 2460 2410 8205
2015.03.23  2500 2415 2505 2405 25040
2015.03.24  2465 2500 2505 2455 6797
2015.03.25  2495 2470 2515 2435 7514
2015.03.26  2500 2500 2505 2465 4623
2015.03.27  2510 2520 2520 2470 3950
2015.03.30  2505 2560 2565 2500 5377
2015.03.31  2500 2535 2535 2440 9749
2015.04.01  2485 2470 2510 2445 2832
2015.04.02  2430 2485 2485 2415 13388
2015.04.03  2425 2430 2490 2410 9021
2015.04.06  2420 2475 2475 2390 30695
2015.04.07  2420 2425 2430 2395 10057
2015.04.08  2430 2425 2450 2410 8178
2015.04.09  2435 2435 2440 2410 8573
2015.04.10  2440 2455 2455 2415 9850
2015.04.13  2405 2445 2450 2400 28596
2015.04.14  2435 2410 2450 2410 17500
2015.04.15  2455 2445 2460 2430 13821
2015.04.16  2430 2460 2460 2430 51159
2015.04.17  2460 2440 2490 2440 41331
2015.04.20  2470 2475 2485 2455 26059
2015.04.21  2525 2490 2545 2465 31812
2015.04.22  2495 2545 2545 2455 54683
2015.04.23  2540 2525 2540 2460 28319
2015.04.24  2545 2550 2580 2525 23986
2015.04.27  2500 2565 2580 2480 38771
2015.04.28  2495 2500 2535 2470 10315
2015.04.29  2505 2520 2535 2475 24006
2015.04.30  2455 2535 2535 2450 12024
2015.05.04  2460 2465 2465 2430 9542
2015.05.06  2450 2410 2495 2400 14311
2015.05.07  2450 2470 2475 2405 3247
2015.05.08  2470 2450 2470 2430 9198
2015.05.11  2460 2480 2495 2460 11561
2015.05.12  2475 2460 2490 2440 2667
2015.05.13  2445 2490 2490 2430 8419
2015.05.14  2465 2475 2475 2420 15108
2015.05.15  2465 2440 2470 2425 25466
2015.05.18  2405 2450 2450 2340 34705
2015.05.19  2220 2420 2425 2210 113046
2015.05.20  2235 2240 2290 2180 26959
2015.05.21  2210 2235 2235 2165 29477
2015.05.22  2255 2205 2265 2185 25862
2015.05.26  2270 2245 2290 2235 10347
2015.05.27  2210 2270 2300 2195 35089
2015.05.28  2215 2230 2240 2185 16076
2015.05.29  2245 2210 2270 2185 9652
2015.06.01  2260 2260 2260 2200 9093
2015.06.02  2235 2245 2275 2155 12699
2015.06.03  2230 2190 2270 2185 22730
2015.06.04  2235 2200 2260 2180 23366
2015.06.05  2215 2225 2240 2150 30183
2015.06.08  2200 2205 2220 2140 13198
2015.06.09  2195 2195 2250 2165 8866
2015.06.10  2195 2185 2220 2170 7715
2015.06.11  2275 2190 2300 2175 60597
2015.06.12  2275 2275 2290 2230 15585
2015.06.15  2265 2270 2270 2220 6352
2015.06.16  2250 2250 2300 2200 16548
2015.06.17  2260 2230 2340 2230 39330
2015.06.18  2315 2245 2340 2240 10712
2015.06.19  2320 2265 2325 2260 3574
2015.06.22  2320 2320 2345 2265 6010
2015.06.23  2295 2330 2330 2245 6858
2015.06.24  2290 2330 2360 2265 9480
2015.06.25  2300 2280 2320 2260 1316
2015.06.26  2310 2280 2330 2265 8883
2015.06.29  2315 2290 2340 2265 2122
2015.06.30  2320 2315 2340 2255 9694
2015.07.01  2330 2305 2340 2280 10100
2015.07.02  2285 2300 2360 2280 4515
2015.07.03  2310 2285 2340 2270 3309
2015.07.06  2310 2310 2340 2255 8367
2015.07.07  2295 2300 2310 2245 6812
2015.07.08  2320 2305 2330 2230 16716
2015.07.09  2175 2310 2335 2170 33931
2015.07.10  2220 2180 2240 2170 11048
2015.07.13  2290 2190 2290 2185 4085
2015.07.14  2215 2280 2285 2210 12289
2015.07.15  2225 2240 2265 2170 9517
2015.07.16  2240 2230 2250 2180 10697
2015.07.17  2260 2240 2285 2210 15686
2015.07.20  2250 2240 2315 2220 8116
2015.07.21  2285 2255 2300 2215 9754
2015.07.22  2285 2295 2320 2240 9204
2015.07.23  2305 2270 2335 2250 11938
2015.07.24  2300 2295 2310 2250 2975
2015.07.27  2300 2270 2310 2250 6054
2015.07.28  2290 2275 2300 2245 3281
2015.07.29  2250 2295 2295 2240 4438
2015.07.30  2270 2275 2275 2215 5345
2015.07.31  2235 2255 2270 2175 15491
2015.08.03  2240 2220 2250 2180 5622
2015.08.04  2245 2235 2245 2185 8509
2015.08.05  2230 2240 2240 2170 20016
2015.08.06  2250 2215 2250 2185 11525
2015.08.07  2260 2275 2275 2200 8382
2015.08.10  2260 2230 2300 2220 2801
2015.08.11  2260 2245 2285 2240 8767
2015.08.12  2195 2230 2260 2170 3555
2015.08.13  2230 2220 2260 2170 6734
2015.08.17  2225 2195 2240 2155 7141
2015.08.18  2180 2230 2230 2100 24128
2015.08.19  2075 2180 2190 2010 24843
2015.08.20  2030 2020 2085 2000 20117
2015.08.21  1920 1970 2030 1855 25279
2015.08.24  1920 1715 1920 1715 14841
2015.08.25  1910 1900 1960 1860 489479
2015.08.26  2000 1925 2020 1875 6573
2015.08.27  2045 2020 2080 1995 4342
2015.08.28  2080 2045 2180 2020 7351
2015.08.31  2000 2085 2085 1990 11756
2015.09.01  1975 2015 2045 1975 4620
2015.09.02  2025 1985 2025 1965 744
2015.09.03  2000 2025 2040 1985 8717
2015.09.04  2000 2090 2090 1980 3259
2015.09.07  1985 2000 2050 1970 3630
2015.09.08  2060 1945 2060 1900 43633
2015.09.09  2080 2100 2100 1990 19310
2015.09.10  2100 2020 2100 2020 2183
2015.09.11  2160 2100 2170 2090 3693
2015.09.14  2225 2180 2245 2155 14043
2015.09.15  2195 2225 2225 2140 4468
2015.09.16  2200 2180 2205 2175 761
2015.09.17  2185 2195 2200 2145 3177
2015.09.18  2185 2215 2215 2140 2612
2015.09.21  2155 2185 2190 2110 4824
2015.09.22  2145 2190 2190 2095 19510
2015.09.23  2120 2145 2175 2055 5649
2015.09.24  2155 2085 2155 2085 762
2015.09.25  2185 2150 2190 2095 6936
2015.09.30  2165 2185 2185 2055 3251
2015.10.01  2190 2165 2200 2140 2975
2015.10.02  2170 2190 2195 2140 2259
2015.10.05  2165 2170 2190 2150 4903
2015.10.06  2170 2200 2200 2150 1341
2015.10.07  2135 2170 2170 2095 2558
2015.10.08  2170 2170 2170 2125 1416
2015.10.12  2155 2125 2170 2095 3116
2015.10.13  2150 2155 2170 2115 11154
2015.10.14  2135 2190 2190 2130 9877
2015.10.15  2135 2145 2180 2135 11817
2015.10.16  2165 2135 2165 2120 4466
2015.10.19  2170 2165 2170 2155 5838
2015.10.20  2160 2170 2175 2150 948
2015.10.21  2195 2195 2195 2140 7336
2015.10.22  2185 2220 2220 2140 9056
2015.10.23  2305 2185 2840 2135 259794
2015.10.26  2410 2320 2470 2320 52716
2015.10.27  2475 2460 2475 2395 38224
2015.10.28  2440 2545 2545 2300 43960
2015.10.29  2350 2440 2470 2350 17255
2015.10.30  2280 2350 2385 2245 14055
2015.11.02  2260 2335 2335 2200 15918
2015.11.03  2195 2300 2300 2170 11444
2015.11.04  2230 2185 2240 2185 4229
2015.11.05  2160 2245 2250 2150 26525
2015.11.06  2170 2160 2235 2145 9624
2015.11.09  2165 2185 2185 2120 11286
2015.11.10  2145 2185 2185 2100 4142
2015.11.11  2170 2145 2180 2115 7776
2015.11.12  2170 2170 2175 2170 803
2015.11.13  2275 2180 2280 2135 8412
2015.11.16  2255 2225 2270 2185 6506
2015.11.17  2250 2270 2270 2155 4869
2015.11.18  2220 2180 2230 2175 8274
2015.11.19  2250 2225 2250 2190 30390
2015.11.20  2220 2330 2330 2190 8064
2015.11.23  2235 2215 2245 2185 5076
2015.11.24  2200 2240 2245 2200 802
2015.11.25  2230 2200 2230 2190 10866
2015.11.26  2220 2230 2315 2210 7856
2015.11.27  2240 2250 2285 2235 1843
2015.11.30  2190 2240 2250 2185 5500
2015.12.01  2200 2190 2210 2140 4338
2015.12.02  2185 2185 2215 2100 12567
2015.12.03  2170 2170 2175 2110 7827
2015.12.04  2095 2165 2165 2095 15267
2015.12.07  2130 2100 2135 2050 5513
2015.12.08  2065 2080 2135 2050 7090
2015.12.09  2010 2060 2060 2000 3350
2015.12.10  2045 2010 2070 1995 5678
2015.12.11  2025 2045 2070 1985 3242
2015.12.14  2105 2025 2170 1970 25693
2015.12.15  2265 2170 2350 2130 42859
2015.12.16  2320 2235 2385 2235 9660
2015.12.17  2305 2295 2370 2295 11455
2015.12.18  2360 2300 2385 2270 4105
2015.12.21  2480 2380 2750 2335 138282
2015.12.22  3220 2745 3220 2620 3224097
2015.12.23  2945 3060 3150 2810 1382948
2015.12.24  3090 2990 3145 2870 1197960
2015.12.28  2915 3090 3090 2915 372751
2015.12.29  2970 2950 3070 2915 367834
2015.12.30  2950 3010 3010 2895 86913
2016.01.04  2895 2980 3030 2850 168165
2016.01.05  2850 2875 2875 2750 105826
2016.01.06  2775 2880 2880 2610 104222
2016.01.07  2735 2775 2790 2610 88948
2016.01.08  2870 2735 2875 2600 64347
2016.01.11  2850 2870 2870 2710 48112
2016.01.12  2750 2850 2920 2730 41215
2016.01.13  2750 2680 2850 2675 34791
2016.01.14  2720 2700 2815 2600 49539
2016.01.15  2595 2700 2715 2550 51869
2016.01.18  2470 2510 2570 2415 60865
2016.01.19  2370 2510 2645 2370 77828
2016.01.20  2350 2405 2420 2220 92594
2016.01.21  2365 2395 2395 2250 28054
2016.01.22  2430 2365 2435 2320 11433
2016.01.25  2500 2440 2510 2370 24447
2016.01.26  2450 2485 2535 2350 12208
2016.01.27  2440 2450 2450 2375 16633
2016.01.28  2420 2570 2570 2390 14135
2016.01.29  2515 2420 2520 2370 8098
2016.02.01  2435 2510 2515 2365 27024
2016.02.02  2420 2465 2465 2320 14158
2016.02.03  2390 2335 2455 2315 22546
2016.02.04  2340 2430 2430 2330 13795
2016.02.05  2355 2330 2395 2270 10832
2016.02.11  2180 2160 2255 2140 47202
2016.02.12  2065 2185 2270 1905 30177
2016.02.15  2045 2065 2110 2000 48857
2016.02.16  2110 2045 2130 2015 20376
2016.02.17  2150 2110 2200 2085 21410
2016.02.18  2110 2200 2200 2070 27019
2016.02.19  2115 2180 2180 2070 23391
2016.02.22  2120 2070 2125 2065 26202
2016.02.23  2140 2140 2255 2100 7947
2016.02.24  2180 2220 2220 2110 9388
2016.02.25  2180 2180 2190 2130 5467
2016.02.26  2165 2180 2180 2140 4596
2016.02.29  2140 2165 2180 2125 2981
2016.03.02  2170 2180 2180 2130 5001
2016.03.03  2180 2140 2180 2140 21485
2016.03.04  2295 2200 2370 2190 60987
2016.03.07  2295 2305 2350 2270 14740
2016.03.08  2325 2295 2335 2260 17159
2016.03.09  2325 2350 2350 2295 5532
2016.03.10  2335 2350 2350 2270 11666
2016.03.11  2375 2295 2380 2295 20895
2016.03.14  2395 2350 2400 2350 14795
2016.03.15  2390 2395 2395 2320 20348
2016.03.16  2385 2400 2400 2340 9204
2016.03.17  2380 2390 2390 2355 5122
2016.03.18  2450 2340 2450 2340 38872
2016.03.21  2390 2460 2460 2375 10287
2016.03.22  2380 2420 2420 2350 4817
2016.03.23  2360 2350 2380 2325 10464
2016.03.24  2365 2305 2365 2300 25034
2016.03.25  2335 2325 2365 2290 46396
2016.03.28  2335 2335 2365 2300 25397
2016.03.29  2325 2335 2360 2290 36387
2016.03.30  2305 2325 2345 2265 4321
2016.03.31  2330 2270 2330 2270 10780
2016.04.01  2305 2345 2345 2270 21189
2016.04.04  2495 2315 2545 2280 82266
2016.04.05  2460 2475 2515 2400 40743
2016.04.06  2465 2505 2505 2440 13941
2016.04.07  2450 2490 2490 2420 13210
2016.04.08  2620 2450 2685 2420 180831
2016.04.11  2515 2640 3150 2515 883555
2016.04.12  2495 2650 2750 2440 210889
2016.04.14  2950 2660 3180 2615 1500122
2016.04.15  2810 2955 2990 2735 227726
2016.04.18  2755 2810 2830 2610 147605
2016.04.19  2640 2745 2745 2600 112599
2016.04.20  3430 2690 3430 2590 907520
2016.04.21  3425 3595 3730 3240 3353801
2016.04.22  3450 3400 3575 3300 669568
2016.04.25  3495 3690 4485 3475 2498538
2016.04.26  3360 3450 3540 3300 355134
2016.04.27  3420 3360 3450 3315 184677
2016.04.28  3315 3440 3440 3260 176091
2016.04.29  3575 3365 3635 3300 421399
2016.05.02  3395 3790 3800 3355 424235
2016.05.03  3410 3395 3460 3325 97744
2016.05.04  3440 3330 3440 3300 121750
2016.05.09  3205 3295 3355 3145 148214
2016.05.10  3235 3200 3260 3180 36041
2016.05.11  3200 3235 3245 3115 35972
2016.05.12  3220 3300 3300 3125 36917
2016.05.13  3310 3240 3530 3170 188967
2016.05.16  3355 3340 3440 3300 178967
2016.05.17  3410 3420 3460 3355 113533
2016.05.18  3455 3600 3780 3360 393065
2016.05.19  3265 3375 3460 3190 135528
2016.05.20  3205 3220 3265 3060 99405
2016.05.23  3245 3210 3255 3115 94968
2016.05.24  3145 3300 3340 3145 70089
2016.05.25  3180 3150 3190 3075 55951
2016.05.26  3060 3180 3290 3020 70974
2016.05.27  3180 3120 3180 2975 43028
2016.05.30  3005 3180 3180 2940 55801
2016.05.31  2965 2940 3040 2895 83447
2016.06.01  2980 2970 3020 2895 21721
2016.06.02  2965 3010 3010 2910 11300
2016.06.03  2915 2945 2985 2890 23439
2016.06.07  2950 2930 2955 2830 11548
2016.06.08  2945 3000 3000 2895 11067
2016.06.09  2985 2995 2995 2880 11678
2016.06.10  2845 2985 2985 2775 32596
2016.06.13  2705 2835 2835 2635 50526
2016.06.14  2805 2635 2835 2605 36672
2016.06.15  2870 2910 3065 2845 81161
2016.06.16  2770 2890 2890 2700 34161
2016.06.17  2760 2840 2840 2680 26488
2016.06.20  2760 2755 2800 2680 9705
2016.06.21  2830 2955 2955 2725 24824
2016.06.22  2855 3180 3320 2855 298012
2016.06.23  2935 2815 2975 2725 64014
2016.06.24  2710 2935 2935 2550 77370
2016.06.27  2630 2545 2690 2545 33497
2016.06.28  2680 2655 2770 2550 38179
2016.06.29  2680 2700 2780 2630 21867
2016.06.30  2790 2760 2810 2655 23188
2016.07.01  2815 2790 2925 2790 29415
2016.07.04  2865 2815 2915 2815 12863
2016.07.05  2900 2865 2930 2815 12866
2016.07.06  2880 2910 2960 2865 22010
2016.07.07  2850 2860 2920 2845 25369
2016.07.08  2865 2920 2920 2845 18090
2016.07.11  2885 2900 2900 2815 22091
2016.07.12  2855 2885 2925 2840 40356
2016.07.13  2970 2815 2970 2815 40064
2016.07.14  3015 3000 3060 2945 42090
2016.07.15  3015 2915 3035 2915 32595
2016.07.18  3030 2965 3080 2965 23791
2016.07.19  3150 3105 3185 2985 80534
2016.07.20  3060 3270 3270 3010 52233
2016.07.21  2995 3175 3175 2960 39466
2016.07.22  3035 2995 3120 2995 25591
2016.07.25  3020 3110 3110 2985 26409
2016.07.26  2970 3020 3020 2905 15094
2016.07.27  2975 3145 3145 2905 16282
2016.07.28  2985 2980 3005 2910 6805
2016.07.29  2930 2985 2985 2905 43916
2016.08.01  3040 2930 3140 2930 117632
2016.08.02  3195 3020 3345 3015 398880
2016.08.03  3130 3195 3195 3060 49272
2016.08.04  3200 3080 3230 3080 46668
2016.08.05  3080 3230 3400 3075 220966
2016.08.08  3085 3090 3125 3085 30651
2016.08.09  3120 3085 3140 3040 13526
2016.08.10  3100 3120 3145 3045 36035
2016.08.11  3000 3100 3120 2985 32312
2016.08.12  2980 3090 3090 2945 28220
2016.08.16  2955 2965 3035 2955 15373
2016.08.17  2975 2920 3020 2920 26610
2016.08.18  2905 2995 2995 2900 26329
2016.08.19  2920 2915 2950 2885 4941
2016.08.22  2860 2875 2935 2860 12900
2016.08.23  2945 2805 2945 2805 12492
2016.08.24  2925 2900 2935 2850 9321
2016.08.25  3000 2925 3075 2870 16710
2016.08.26  3010 3000 3045 2965 8226
2016.08.29  3080 3080 3290 2990 454440
2016.08.30  2955 3055 3115 2950 73649
2016.08.31  2880 2970 2980 2810 57344
2016.09.01  3065 2835 3065 2835 58225
2016.09.02  3075 3010 3120 3005 52839
2016.09.05  3270 3050 3280 3050 213008
2016.09.06  3425 3270 3425 3200 196309
2016.09.07  3365 3465 3465 3295 102766
2016.09.08  3430 3440 3770 3295 558846
2016.09.09  3175 3425 3430 3165 298252
2016.09.12  3295 3050 3365 3045 130487
2016.09.13  3335 3300 3340 3230 26895
2016.09.19  3220 3350 3350 3150 119537
2016.09.20  3220 3180 3450 3180 125564
2016.09.21  3200 3375 3375 3015 371887
2016.09.22  3145 3200 3260 3135 60416
2016.09.23  3180 3145 3180 3065 47123
2016.09.26  3110 3190 3230 3110 35509
2016.09.27  3190 3110 3190 3060 43984
2016.09.28  3110 3110 3175 3105 38735
2016.09.29  3240 3115 3250 3060 97666
2016.09.30  3195 3240 3240 3155 36217
2016.10.04  3280 3400 3400 3245 314367
2016.10.05  3460 3280 3480 3210 191931
2016.10.06  3445 3425 3470 3300 121232
2016.10.07  3565 3445 3765 3380 518676
2016.10.10  3695 3590 3750 3455 228834
2016.10.11  3500 3735 3905 3465 575516
2016.10.12  3315 3440 3445 3300 177258
2016.10.13  3225 3280 3305 3185 91111
2016.10.14  3250 3200 3250 3160 51570
2016.10.17  3120 3250 3330 3095 79933
2016.10.18  3130 3100 3155 3070 33091
2016.10.19  3100 3130 3145 3075 27077
2016.10.20  3060 3100 3155 2990 37547
2016.10.21  3365 3155 3705 3110 1326841
2016.10.24  3195 3325 3355 3120 266364
2016.10.25  3240 3250 3280 3090 186298
2016.10.26  3350 3320 3480 3150 444378
2016.10.27  3345 3360 3365 3270 80157
2016.10.28  3205 3335 3335 3200 70469
2016.10.31  3080 3150 3150 3015 59029
2016.11.01  3015 3080 3235 2945 74268
2016.11.02  2840 3015 3015 2800 70980
2016.11.03  2810 2840 2970 2760 24555
2016.11.04  2720 2900 2900 2710 21587
2016.11.07  2835 2965 2965 2750 21480
2016.11.08  2775 2940 2940 2775 21083
2016.11.09  2545 2845 2880 2510 69078
2016.11.10  2730 2565 2750 2545 27562
2016.11.11  2785 2730 2880 2720 24863
2016.11.14  2850 2870 2885 2770 17423
2016.11.15  2770 2940 2940 2760 24614
2016.11.16  2880 2770 2930 2725 21492
2016.11.17  2890 2925 2925 2850 13260
2016.11.18  2805 3025 3025 2805 10902
2016.11.21  2800 2805 2805 2710 17352
2016.11.22  2785 2820 2910 2760 22449
2016.11.23  2845 2770 2850 2745 14556
2016.11.24  2740 2820 2855 2710 16616
2016.11.25  2740 2720 2785 2715 4856
2016.11.28  2650 2720 2765 2650 22338
2016.11.29  2655 2650 2800 2605 8137
2016.11.30  2685 2655 2795 2655 4470
2016.12.01  2630 2650 2655 2565 27346
2016.12.02  2625 2630 2685 2600 10448
2016.12.05  2560 2555 2610 2520 19404
2016.12.06  2615 2650 2760 2570 11311
2016.12.07  2650 2590 2650 2560 23202
2016.12.08  2710 2700 2730 2655 19859
2016.12.09  2685 2700 2765 2635 11868
2016.12.12  2665 2750 2760 2665 10677
2016.12.13  2745 2660 2750 2660 18227
2016.12.14  2745 2735 2815 2705 14881
2016.12.15  2800 2960 2960 2735 10884
2016.12.16  2760 2900 2900 2760 13973
2016.12.19  2780 2760 2835 2720 7835
2016.12.20  2830 2870 2870 2700 25101
2016.12.21  2830 2835 2835 2765 5179
2016.12.22  2825 2780 2825 2730 40583
2016.12.23  2815 2950 3070 2785 40220
2016.12.26  2715 2760 2815 2710 13143
2016.12.27  2645 2715 2730 2630 25715
2016.12.28  2640 2615 2690 2615 23443
2016.12.29  2640 2640 2655 2610 18014
2017.01.02  2550 2700 2700 2520 30406
2017.01.03  2590 2550 2605 2550 12096
2017.01.04  2635 2600 2635 2595 15464
2017.01.05  2665 2645 2790 2620 23102
2017.01.06  2630 2700 2700 2625 6416
2017.01.09  2600 2630 2630 2575 16200
2017.01.10  2635 2555 2635 2550 13172
2017.01.11  2680 2640 2680 2630 7706
2017.01.12  2660 2680 2690 2630 9793
2017.01.13  2635 2720 2720 2610 26059
2017.01.16  2660 2640 2680 2610 8035
2017.01.17  2695 2660 2800 2660 33452
2017.01.18  2675 2705 2705 2605 14496
2017.01.19  2955 2735 3155 2665 351011
2017.01.20  2840 2955 2960 2825 89889
2017.01.23  2785 2845 2900 2735 63397
2017.01.24  2770 2785 2855 2730 27493
2017.01.25  2820 2855 2855 2765 23430
2017.01.26  2930 2820 3070 2820 133777
2017.01.31  2945 2930 2950 2850 31676
2017.02.01  2975 2945 2975 2850 27761
2017.02.02  2990 3065 3065 2860 41156
2017.02.03  2960 2990 3030 2900 33937
2017.02.06  2960 2920 3020 2880 17744
2017.02.07  2830 2960 2960 2820 33762
2017.02.08  2830 2830 2860 2785 8777
2017.02.09  2695 2830 2870 2680 36385
2017.02.10  2615 2685 2720 2590 43692
2017.02.13  2580 2625 2675 2580 17577
2017.02.14  2605 2580 2680 2555 18734
2017.02.15  2575 2605 2610 2540 33637
2017.02.16  2540 2550 2560 2520 18598
2017.02.17  2610 2550 2610 2525 19126
2017.02.20  2605 2610 2625 2565 21306
2017.02.21  2605 2575 2645 2575 35791
2017.02.22  2640 2650 2675 2610 9311
2017.02.23  2660 2640 2675 2610 8060
2017.02.24  2650 2675 2675 2605 3992
2017.02.27  2600 2680 2680 2585 17064
2017.02.28  2475 2535 2585 2475 28953
2017.03.02  2290 2470 2470 2275 66925
2017.03.03  2345 2290 2345 2265 11139
2017.03.06  2310 2345 2345 2260 4331
2017.03.07  2295 2305 2335 2265 15750
2017.03.08  2315 2270 2315 2270 7363
2017.03.09  2350 2345 2380 2315 2050
2017.03.10  2415 2360 2420 2300 10997
2017.03.13  2460 2355 2485 2355 9495
2017.03.14  2495 2485 2495 2400 5449
2017.03.15  2470 2435 2565 2435 23129
2017.03.16  2545 2545 2610 2515 16302
2017.03.17  2400 2555 2600 2400 42262
2017.03.20  2470 2410 2805 2410 102739
2017.03.21  2550 2465 2680 2465 25189
2017.03.22  2495 2650 2650 2450 19586
2017.03.23  2510 2590 2620 2465 22396
2017.03.24  2480 2485 2530 2480 4046
2017.03.27  2800 2480 3015 2480 772043
2017.03.28  2750 2655 2750 2650 102977
2017.03.29  3050 2780 3575 2775 3460979
2017.03.30  3110 3070 3150 2980 465093
2017.03.31  3050 3140 3395 2960 1098985
2017.04.03  3000 3080 3120 2875 240556
2017.04.04  2625 2965 2965 2610 436950
2017.04.05  2710 2695 2750 2630 200917
2017.04.06  2570 2740 2745 2535 135172
2017.04.07  2535 2585 2620 2530 50641
2017.04.10  2450 2590 2670 2445 100460
2017.04.11  2370 2430 2480 2270 102266
2017.04.12  2480 2345 2500 2270 78768
2017.04.13  2460 2480 2495 2405 32565
2017.04.14  2450 2430 2500 2375 27595
2017.04.17  2470 2505 2515 2395 49444
2017.04.18  2530 2510 2530 2380 73617
2017.04.19  2425 2535 2535 2425 28982
2017.04.20  2345 2400 2400 2320 37429
2017.04.21  2335 2385 2390 2300 21570
2017.04.24  2295 2380 2380 2270 35093
2017.04.25  2315 2325 2340 2300 7908
2017.04.26  2295 2280 2320 2280 18401
2017.04.27  2225 2285 2325 2215 37247
2017.04.28  2275 2225 2275 2200 69082
2017.05.02  2305 2225 2320 2125 63919
2017.05.04  2295 2300 2335 2200 22154
2017.05.08  2225 2290 2290 2195 74263
2017.05.10  2210 2290 2290 2200 25259
2017.05.11  2220 2220 2255 2200 32497
2017.05.12  2110 2230 2265 2065 76987
2017.05.15  2000 2135 2135 1950 146282
2017.05.16  1975 2000 2020 1940 97295
2017.05.17  2005 1975 2010 1960 33312
2017.05.18  2000 1970 2015 1955 7797
2017.05.19  2035 2015 2035 1980 35015
2017.05.22  1990 2050 2055 1980 27957
2017.05.23  1855 1855 1950 1825 287311
2017.05.24  1875 1845 1885 1845 50975
2017.05.25  1895 1895 1925 1850 43610
2017.05.26  1900 1930 1930 1885 35449
2017.05.29  1910 1885 1925 1885 19883
2017.05.30  1895 1900 1900 1860 22268
2017.05.31  1940 1900 1970 1875 70932
2017.06.01  1950 1940 1950 1930 61066
2017.06.02  1960 1995 2000 1950 28122
2017.06.05  1950 1950 1965 1920 23478
2017.06.07  1920 1950 1950 1880 43508
2017.06.08  1915 1900 1925 1880 43173
2017.06.09  1900 1915 1915 1880 22293
2017.06.12  2000 1910 2045 1880 69765
2017.06.13  1980 1995 2015 1960 49779
2017.06.14  1995 2050 2050 1980 24323
2017.06.15  2040 2000 2045 1990 72563
2017.06.16  2215 2060 2235 2060 325330
2017.06.19  1775 1950 1960 1775 234007
2017.06.20  1830 1780 2160 1700 619954
2017.06.21  1740 1815 1860 1740 79718
2017.06.22  1730 1760 1780 1695 49683
2017.06.23  1760 1730 1790 1720 61142
2017.06.26  1755 1790 1995 1705 159218
2017.06.27  2280 1835 2280 1785 1049857
2017.06.28  2280 2690 2875 2265 4439897
2017.06.29  2445 2280 2655 2195 3856775
2017.06.30  2330 2400 2445 2325 713352
2017.07.03  2535 2320 2535 2130 1111685
2017.07.04  2260 2425 2435 2230 917942
2017.07.05  2460 2280 2935 2210 8043330
2017.07.06  2480 2380 2480 2360 741240
2017.07.07  2405 2455 2510 2400 272905
2017.07.10  2260 2430 2430 2250 441684
2017.07.11  2300 2260 2320 2205 735246
2017.07.12  2195 2310 2315 2165 422310
2017.07.13  2035 2270 2465 2020 3600356
2017.07.14  2040 2035 2055 1970 340248
2017.07.17  1980 2040 2095 1965 238962
2017.07.18  1865 1990 2005 1855 327717
2017.07.19  1935 1880 1945 1815 295098
2017.07.20  1845 1935 1935 1840 209066
2017.07.21  1845 1845 1880 1795 221247
2017.07.24  1850 1850 1875 1840 143395
2017.07.25  1810 1870 1870 1800 94148
2017.07.26  1810 1795 1840 1775 100647
2017.07.27  1750 1805 1820 1700 178538
2017.07.28  1735 1735 1745 1680 66148
2017.07.31  1680 1735 1745 1670 44731
2017.08.01  1720 1690 1740 1660 53715
2017.08.02  1750 1700 1750 1690 33689
2017.08.03  1750 1750 1755 1705 39905
2017.08.04  1765 1750 1765 1700 58654
2017.08.07  1740 1765 1820 1730 105911
2017.08.08  1605 1590 1670 1585 890388
2017.08.09  1590 1610 1625 1565 199612
2017.08.10  1530 1570 1585 1465 539766
2017.08.11  1495 1485 1525 1455 245172
2017.08.14  1495 1495 1525 1480 155108
2017.08.16  1540 1475 1585 1475 224124
2017.08.17  1550 1525 1560 1510 55402
2017.08.18  1555 1545 1635 1540 342112
2017.08.21  1545 1560 1565 1480 74862
