2010.12.01  7470 6500 7470 6400 2021784
2010.12.02  6850 7470 7470 6450 3906158
2010.12.03  5830 6890 6900 5830 1518794
2010.12.06  5450 5870 5960 5320 862874
2010.12.07  5400 5510 5750 5320 614681
2010.12.08  5390 5410 5610 5350 537796
2010.12.09  5410 5450 5670 5410 632074
2010.12.10  5020 5480 5530 5020 476484
2010.12.13  5060 5200 5200 4920 321189
2010.12.14  4960 5060 5100 4960 191685
2010.12.15  5000 4970 5150 4850 342184
2010.12.16  4870 5080 5100 4860 208597
2010.12.17  4745 4915 4915 4745 153802
2010.12.20  4450 4740 4740 4425 185920
2010.12.21  4500 4485 4685 4470 219570
2010.12.22  4510 4560 4700 4465 124567
2010.12.23  4390 4550 4610 4390 135218
2010.12.24  4110 4370 4420 3735 144546
2010.12.27  4250 4175 4275 4070 95320
2010.12.28  4230 4285 4300 4195 88151
2010.12.29  4860 4300 4860 4300 585139
2010.12.30  4830 5140 5390 4730 1413100
2011.01.03  5030 4870 5140 4680 863389
2011.01.04  4860 5060 5120 4840 360541
2011.01.05  5080 4810 5080 4785 397649
2011.01.06  5290 5280 5840 5170 2700376
2011.01.07  5290 5340 5340 5170 291648
2011.01.10  6080 5200 6080 5200 868038
2011.01.11  5440 6100 6220 5310 1705227
2011.01.12  5130 5480 5540 5110 404694
2011.01.13  4960 5190 5280 4960 244453
2011.01.14  4870 4970 5090 4870 154293
2011.01.17  4880 4850 5000 4805 118296
2011.01.18  4870 4900 5070 4850 135940
2011.01.19  4870 4930 4965 4840 88396
2011.01.20  4675 4900 4940 4675 97904
2011.01.21  4580 4700 4800 4545 109856
2011.01.24  4700 4645 4760 4600 62949
2011.01.25  4625 4800 4815 4625 69554
2011.01.26  4630 4670 4690 4570 62506
2011.01.27  4815 4660 4875 4640 69744
2011.01.28  4805 4850 4880 4775 37287
2011.01.31  4680 4810 4810 4560 49653
2011.02.01  4580 4650 4720 4560 34692
2011.02.07  4565 4585 4635 4515 30435
2011.02.08  4550 4635 4635 4535 28455
2011.02.09  4420 4560 4560 4355 55508
2011.02.10  4400 4450 4470 4350 36488
2011.02.11  4500 4420 4520 4400 42092
2011.02.14  4535 4600 4620 4470 38157
2011.02.15  4485 4550 4550 4450 31059
2011.02.16  4465 4460 4530 4450 22923
2011.02.17  4310 4470 4530 4210 43676
2011.02.18  4305 4360 4360 4300 14915
2011.02.21  4325 4350 4400 4290 19173
2011.02.22  4230 4320 4325 4195 22448
2011.02.23  4200 4220 4255 4160 24143
2011.02.24  4230 4260 4510 4180 23208
2011.02.25  4180 4295 4295 4180 23409
2011.02.28  4145 4210 4210 4135 10545
2011.03.02  4160 4080 4180 4075 8636
2011.03.03  4200 4160 4245 4155 17820
2011.03.04  4235 4230 4365 4190 30747
2011.03.07  4280 4250 4325 4230 15321
2011.03.08  4580 4280 4625 4280 69426
2011.03.09  4480 4540 4670 4445 27768
2011.03.10  4430 4480 4535 4390 17002
2011.03.11  4390 4390 4400 4325 12235
2011.03.14  4155 4400 4400 4080 20919
2011.03.15  3900 4155 4185 3700 45779
2011.03.16  3980 3820 4030 3820 52291
2011.03.17  4000 3910 4015 3850 35970
2011.03.18  4065 4005 4130 3980 45806
2011.03.21  4235 4070 4250 4070 22665
2011.03.22  4400 4300 4415 4215 35488
2011.03.23  4490 4400 4500 4355 26996
2011.03.24  4500 4500 4510 4420 28328
2011.03.25  4510 4500 4510 4455 18188
2011.03.28  4565 4580 4580 4480 38411
2011.03.29  4510 4580 4595 4425 41924
2011.03.30  4530 4555 4560 4480 21973
2011.03.31  4510 4570 4575 4485 24237
2011.04.01  4500 4515 4570 4470 24713
2011.04.04  4500 4470 4530 4420 21237
2011.04.05  5170 4560 5170 4500 293697
2011.04.06  5350 5320 5550 5090 587477
2011.04.07  5230 5420 6130 5230 594369
2011.04.08  5230 5300 5470 5150 193593
2011.04.11  5000 5270 5340 4990 133265
2011.04.12  4725 5040 5090 4725 93246
2011.04.13  4800 4730 4935 4715 69973
2011.04.14  5520 4835 5520 4835 277229
2011.04.15  5330 5790 5800 5160 314871
2011.04.18  5450 5520 5880 5350 628587
2011.04.19  5250 5400 5710 5250 241310
2011.04.20  5330 5260 5460 5190 128435
2011.04.21  5220 5420 5650 5200 130901
2011.04.22  5210 5240 5440 5200 58283
2011.04.25  5430 5260 5440 5190 58890
2011.04.26  5380 5470 5520 5290 51048
2011.04.27  5250 5480 5520 5220 64365
2011.04.28  5010 5250 5440 5000 64547
2011.04.29  5150 5020 5180 4800 99025
2011.05.02  5000 5160 5160 4975 24683
2011.05.03  4955 5020 5020 4815 32983
2011.05.04  5040 5330 5330 4925 14700
2011.05.06  5040 4945 5080 4815 14588
2011.05.09  5080 5050 5170 4945 19358
2011.05.11  4740 4850 5150 4700 42281
2011.05.12  4650 4760 4900 4640 32053
2011.05.13  4750 4680 4785 4660 12988
2011.05.16  4700 4645 4825 4645 11060
2011.05.17  4740 4610 4785 4585 13107
2011.05.18  4700 4820 4820 4600 15482
2011.05.19  4550 4700 4840 4540 30049
2011.05.20  4560 4730 4730 4470 6965
2011.05.23  4490 4480 4690 4400 25563
2011.05.24  4490 4335 4600 4335 11067
2011.05.25  4465 4740 4740 4330 12957
2011.05.26  4530 4620 4620 4410 25918
2011.05.27  4600 4530 4660 4455 12778
2011.05.30  4505 4605 4660 4505 23387
2011.05.31  4560 4670 4670 4490 3853
2011.06.01  4515 4670 4670 4460 13071
2011.06.02  4520 4430 4570 4405 6429
2011.06.03  4275 4600 4600 4275 32944
2011.06.07  4160 4395 4395 4100 15879
2011.06.08  4210 4170 4275 4130 8878
2011.06.09  4245 4300 4300 4185 12623
2011.06.10  4385 4300 4390 4250 13905
2011.06.13  4450 4395 4610 4395 16304
2011.06.14  4485 4300 4500 4300 5052
2011.06.15  4490 4595 4595 4400 6203
2011.06.16  4450 4585 4585 4330 1036
2011.06.17  4450 4490 4490 4315 3102
2011.06.20  4415 4450 4450 4340 5938
2011.06.21  4415 4415 4415 4275 5445
2011.06.22  4450 4400 4500 4325 9459
2011.06.23  4475 4595 4595 4400 6414
2011.06.24  4470 4570 4570 4350 7750
2011.06.27  4500 4490 4500 4380 17136
2011.06.28  4395 4500 4500 4390 8040
2011.06.29  4580 4395 4600 4300 21248
2011.06.30  4800 4670 4850 4465 9692
2011.07.01  4790 4800 4800 4640 11758
2011.07.04  4850 4840 4990 4725 5318
2011.07.05  4845 4865 4865 4660 8900
2011.07.06  4790 4720 4905 4720 3859
2011.07.07  4845 4710 4885 4650 30040
2011.07.08  4970 4890 4980 4725 20243
2011.07.11  4950 5030 5080 4800 16613
2011.07.12  4890 4775 4895 4655 22457
2011.07.13  5120 4825 5490 4785 183691
2011.07.14  5050 5110 5230 4955 79882
2011.07.15  5110 5000 5200 4990 62829
2011.07.18  5400 5170 5490 5140 93138
2011.07.19  5370 5310 5430 5300 39476
2011.07.20  5350 5450 5470 5310 34587
2011.07.21  5240 5300 5500 5230 46586
2011.07.22  5080 5290 5290 5080 32756
2011.07.25  5090 5180 5180 5020 25248
2011.07.26  5200 5080 5240 5030 30188
2011.07.27  5230 5270 5270 5150 12307
2011.07.28  5140 5200 5200 5110 14595
2011.07.29  5200 5140 5230 5090 18162
2011.08.01  5240 5300 5300 5200 16369
2011.08.02  5240 5200 5270 5130 10765
2011.08.03  5070 5150 5240 5020 21301
2011.08.04  5080 5090 5160 5010 23776
2011.08.05  4895 4935 4935 4765 28554
2011.08.08  4495 4710 4800 4220 26207
2011.08.09  4155 4400 5000 3825 38832
2011.08.10  4535 4600 4600 4285 23153
2011.08.11  4560 4105 4640 4105 18464
2011.08.12  4395 4610 4690 4395 39302
2011.08.16  4450 4570 4570 4360 26868
2011.08.17  4465 4400 4500 4360 11882
2011.08.18  4390 4460 4460 4240 14108
2011.08.19  4100 4300 4300 4005 27230
2011.08.22  3975 4090 4490 3665 9399
2011.08.23  4050 3915 4190 3915 4709
2011.08.24  4000 4180 4180 3910 29369
2011.08.25  3970 4075 4140 3965 11255
2011.08.26  4030 3940 4065 3940 8450
2011.08.29  4165 4170 4170 4035 8596
2011.08.30  4200 4165 4230 4160 6089
2011.08.31  4200 4220 4270 4145 7341
2011.09.01  4115 4200 4285 4110 11210
2011.09.02  4145 4120 4160 4060 10849
2011.09.05  4140 4060 4220 4060 1112
2011.09.06  4180 4390 4390 4005 19223
2011.09.07  4200 4240 4240 4085 5898
2011.09.08  4250 4220 4335 4120 2146
2011.09.09  4190 4155 4205 4155 2326
2011.09.14  4050 4160 4260 4020 8010
2011.09.15  4090 4200 4200 4045 6273
2011.09.16  4135 4100 4300 4070 5621
2011.09.19  4060 4210 4210 4060 4774
2011.09.20  4100 4200 4200 4000 12376
2011.09.21  4100 4190 4190 4010 1512
2011.09.22  4085 4180 4180 4020 4305
2011.09.23  3920 4075 4100 3910 11097
2011.09.26  3670 4100 4100 3510 18230
2011.09.27  3815 3540 4070 3540 15351
2011.09.28  3700 3900 3900 3455 2680
2011.09.29  3800 3490 3970 3490 7895
2011.09.30  3810 3755 3810 3755 10901
2011.10.04  3830 3555 3890 3555 9879
2011.10.05  3650 3985 3990 3650 6130
2011.10.06  4150 3860 4150 3700 11413
2011.10.07  4200 4200 4200 3980 11615
2011.10.10  4245 4250 4300 4130 11532
2011.10.11  4325 4245 4355 4170 12391
2011.10.12  4275 4330 4330 4120 4571
2011.10.13  4560 4315 4675 4195 33154
2011.10.14  4570 4560 4900 4385 14900
2011.10.17  4545 4570 4710 4500 16098
2011.10.18  4600 4540 4635 4425 9192
2011.10.19  4900 4645 5000 4600 45487
2011.10.20  5050 4900 5200 4815 59128
2011.10.21  4900 5000 5200 4650 72836
2011.10.24  4820 4900 5040 4815 29608
2011.10.25  4895 4890 4950 4780 5657
2011.10.26  4890 4980 4980 4780 16689
2011.10.27  4915 5000 5000 4870 17730
2011.10.28  4930 4990 4990 4760 16339
2011.10.31  4840 4930 4930 4785 6139
2011.11.01  4890 4650 4900 4650 7197
2011.11.02  4950 4780 4950 4715 7134
2011.11.03  4850 4880 5000 4810 9211
2011.11.04  4865 4860 4900 4830 9782
2011.11.07  4850 4865 4940 4805 7344
2011.11.08  4845 4850 4910 4810 10159
2011.11.09  4835 4935 4935 4700 9692
2011.11.10  4500 4800 4800 4500 19633
2011.11.11  4730 4690 4740 4555 7161
2011.11.14  4850 4730 4850 4670 15853
2011.11.15  4720 4800 4810 4705 4987
2011.11.16  4680 4655 4760 4620 7662
2011.11.17  4735 4680 4735 4610 2427
2011.11.18  4795 4800 4800 4590 7403
2011.11.21  4655 4730 4800 4650 3298
2011.11.22  4660 4560 4735 4560 6493
2011.11.23  4595 4620 4800 4490 19156
2011.11.24  4550 4680 4700 4450 6807
2011.11.25  4590 4540 4750 4525 9059
2011.11.28  4630 4695 4695 4560 5874
2011.11.29  4700 4745 4750 4600 1538
2011.11.30  4800 4700 4800 4610 10205
2011.12.01  4945 4850 5010 4735 34419
2011.12.02  4980 4850 4995 4850 13440
2011.12.05  4915 4905 5000 4905 4794
2011.12.06  4870 4945 4945 4730 16635
2011.12.07  4860 4980 4980 4820 8629
2011.12.08  4705 4900 4900 4660 13355
2011.12.09  4790 4705 4850 4700 22023
2011.12.12  4965 4860 4970 4850 16779
2011.12.13  5100 4910 5300 4910 45844
2011.12.14  5110 5150 5200 5020 12405
2011.12.15  5000 5020 5140 4975 23916
2011.12.16  5090 5000 5100 4950 216678
2011.12.19  4900 5100 5310 4620 25146
2011.12.20  4975 4650 5170 4650 11672
2011.12.21  5010 5140 5140 4850 15950
2011.12.22  4920 4865 5020 4865 10485
2011.12.23  4925 4920 5050 4900 10303
2011.12.26  4810 4925 4925 4800 18951
2011.12.27  4900 4760 4900 4750 18410
2011.12.28  4850 4985 4985 4780 7183
2011.12.29  4765 4805 4875 4715 10169
2012.01.02  4870 4765 4880 4765 2090
2012.01.03  4970 5000 5000 4785 5295
2012.01.04  4950 4845 5000 4845 5054
2012.01.05  4870 4880 4980 4865 12857
2012.01.06  4790 4900 4900 4790 3763
2012.01.09  4790 4700 4810 4680 2113
2012.01.10  4970 4710 5060 4710 12574
2012.01.11  5020 4850 5080 4830 12650
2012.01.12  5770 5020 5770 4900 182748
2012.01.13  5530 6630 6630 5450 1267078
2012.01.16  5210 5530 5640 5000 145481
2012.01.17  5370 5280 5550 5210 82327
2012.01.18  5300 5250 5400 5190 69597
2012.01.19  5250 5150 5500 5150 136968
2012.01.20  5380 5250 5640 5250 49192
2012.01.25  5610 5450 5690 5310 33971
2012.01.26  5530 5600 5690 5480 22382
2012.01.27  5500 5540 5610 5480 17066
2012.01.30  5500 5500 5600 5380 23366
2012.01.31  5740 5460 5900 5410 55895
2012.02.01  5740 5750 5800 5540 23438
2012.02.02  5540 5870 5870 5540 25469
2012.02.03  5600 5500 5680 5500 120128
2012.02.06  5770 5600 6370 5600 440655
2012.02.07  5720 5800 5930 5700 111189
2012.02.08  5500 5850 5850 5500 118130
2012.02.09  5400 5360 5530 5270 117870
2012.02.10  5440 5380 5550 5360 49273
2012.02.13  5630 5460 5720 5460 63623
2012.02.14  5600 5760 5760 5510 60884
2012.02.15  5640 5620 5800 5490 60449
2012.02.16  5670 5690 5770 5590 69036
2012.02.17  5700 5610 5810 5610 81135
2012.02.20  5880 5830 6210 5720 190083
2012.02.21  2825 3020 3030 2820 116040
2012.02.22  2900 2800 2900 2735 68657
2012.02.23  2850 2900 2950 2790 21129
2012.02.24  2725 2790 2845 2715 38388
2012.02.27  2630 2740 2765 2630 37673
2012.02.28  2600 2610 2650 2565 25004
2012.02.29  2585 2625 2670 2585 20571
2012.03.02  2625 2580 2625 2570 22195
2012.03.05  2640 2595 2650 2575 50225
2012.03.06  2650 2655 2655 2555 13868
2012.03.07  2740 2580 2740 2580 65700
2012.03.08  2700 2740 2740 2605 22087
2012.03.09  2600 2655 2720 2600 25807
2012.03.12  2555 2600 2600 2500 125804
2012.03.13  2515 2555 2585 2500 80109
2012.03.14  2485 2500 2510 2450 157956
2012.03.15  2540 2500 2550 2490 69695
2012.03.16  2510 2545 2545 2495 55346
2012.03.19  2470 2485 2540 2450 51792
2012.03.20  2445 2450 2495 2445 50730
2012.03.21  2445 2445 2475 2430 21557
2012.03.22  2470 2430 2470 2395 79635
2012.03.23  2430 2485 2485 2425 27568
2012.03.26  2400 2450 2450 2375 49743
2012.03.27  2340 2400 2440 2340 48911
2012.03.28  2285 2320 2365 2275 48253
2012.03.29  2285 2270 2325 2260 21469
2012.03.30  2305 2260 2350 2255 17862
2012.04.02  2330 2360 2360 2310 19083
2012.04.03  2435 2330 2480 2330 74012
2012.04.04  2330 2340 2430 2320 28086
2012.04.05  2355 2395 2395 2340 27480
2012.04.06  2410 2355 2480 2355 35727
2012.04.09  2410 2400 2465 2330 25910
2012.04.10  2390 2355 2445 2355 34336
2012.04.12  2335 2390 2420 2335 17818
2012.04.13  2400 2340 2410 2340 17889
2012.04.16  2335 2365 2400 2335 26373
2012.04.17  2335 2345 2390 2325 15521
2012.04.18  2380 2360 2380 2340 25729
2012.04.19  2450 2360 2490 2350 77326
2012.04.20  2485 2475 2690 2470 345394
2012.04.23  2560 2540 2725 2535 495484
2012.04.24  2560 2605 2605 2475 169614
2012.04.25  2520 2580 2590 2520 105483
2012.04.26  2465 2590 2590 2405 104470
2012.04.27  2530 2440 2545 2435 68643
2012.04.30  2680 2580 2905 2540 617526
2012.05.02  2735 2705 2795 2680 187731
2012.05.03  2700 2770 2790 2670 122388
2012.05.04  2670 2700 2740 2645 73456
2012.05.07  2530 2670 2670 2530 65413
2012.05.08  2615 2540 2620 2530 63205
2012.05.09  2560 2600 2650 2530 45652
2012.05.10  2580 2515 2660 2500 122813
2012.05.11  2480 2600 2630 2480 52295
2012.05.14  2400 2550 2550 2400 42310
2012.05.15  2270 2350 2430 2270 85079
2012.05.16  2255 2295 2380 2250 47835
2012.05.17  2270 2250 2320 2205 29010
2012.05.18  2165 2225 2280 2125 86578
2012.05.21  2205 2195 2220 2145 9726
2012.05.22  2245 2210 2350 2210 15675
2012.05.23  2235 2270 2270 2190 21965
2012.05.24  2260 2205 2345 2180 22864
2012.05.25  2215 2280 2280 2215 13865
2012.05.29  2230 2290 2290 2180 6682
2012.05.30  2195 2215 2305 2185 23882
2012.05.31  2140 2215 2215 2140 22285
2012.06.01  2135 2145 2175 2080 30988
2012.06.04  2030 2150 2150 2010 57100
2012.06.05  2095 2035 2095 1800 139105
2012.06.07  2165 2115 2175 2105 20291
2012.06.08  2070 2165 2220 2060 27938
2012.06.11  2110 2130 2130 2070 11811
2012.06.12  2055 2110 2135 2040 25163
2012.06.13  2130 2060 2150 2050 24036
2012.06.14  2110 2100 2160 2075 14066
2012.06.15  2110 2120 2120 2050 13416
2012.06.18  2120 2110 2135 2075 22051
2012.06.19  2220 2220 2330 2145 62439
2012.06.20  2170 2320 2320 2170 14069
2012.06.21  2210 2175 2225 2150 28248
2012.06.22  2205 2175 2310 2165 16714
2012.06.25  2220 2260 2260 2180 17551
2012.06.26  2230 2220 2330 2180 17866
2012.06.27  2160 2265 2305 2160 28702
2012.06.28  2125 2220 2220 2125 25664
2012.06.29  2145 2110 2160 2100 19486
2012.07.02  2175 2145 2200 2145 21757
2012.07.03  2165 2185 2185 2135 20541
2012.07.04  2185 2180 2195 2140 11306
2012.07.05  2235 2185 2255 2155 41552
2012.07.06  2270 2235 2365 2200 29768
2012.07.09  2335 2280 2390 2255 81988
2012.07.10  2300 2310 2350 2290 26604
2012.07.11  2305 2300 2355 2270 24698
2012.07.12  2260 2380 2380 2225 28922
2012.07.13  2325 2170 2345 2170 42455
2012.07.16  2340 2375 2390 2290 31702
2012.07.17  2370 2340 2370 2325 59249
2012.07.18  2345 2370 2385 2315 49275
2012.07.19  2695 2365 2695 2330 449771
2012.07.20  2735 2980 2990 2675 1815057
2012.07.23  2690 2735 2840 2585 602730
2012.07.24  2540 2640 2715 2465 528112
2012.07.25  2440 2535 2920 2440 3318413
2012.07.26  2290 2460 2520 2290 668823
2012.07.27  2290 2340 2350 2290 197462
2012.07.30  2410 2325 2410 2290 297601
2012.07.31  2450 2410 2490 2370 360453
2012.08.01  2490 2455 2510 2430 142349
2012.08.02  2405 2500 2530 2365 133764
2012.08.03  2335 2370 2405 2330 87635
2012.08.06  2380 2365 2460 2365 111009
2012.08.07  2380 2385 2445 2360 92877
2012.08.08  2330 2370 2435 2315 79943
2012.08.09  2230 2330 2390 2200 208533
2012.08.10  2255 2280 2290 2230 73617
2012.08.13  2255 2295 2295 2235 63312
2012.08.14  2215 2255 2280 2215 89149
2012.08.16  2215 2220 2250 2160 106383
2012.08.17  2235 2200 2240 2185 67515
2012.08.20  2295 2235 2295 2185 154142
2012.08.21  2330 2275 2355 2260 116861
2012.08.22  2305 2330 2330 2295 52516
2012.08.23  2270 2285 2375 2240 82713
2012.08.24  2255 2270 2300 2215 99390
2012.08.27  2250 2285 2305 2240 56295
2012.08.28  2260 2250 2260 2225 56558
2012.08.29  2310 2245 2310 2230 59180
2012.08.30  2255 2290 2330 2240 79870
2012.08.31  2450 2270 2490 2260 372174
2012.09.03  2705 2560 2815 2510 2215424
2012.09.04  2640 2630 2665 2515 521554
2012.09.05  2640 2640 2720 2530 358351
2012.09.06  2540 2610 2755 2480 439010
2012.09.07  2530 2560 2610 2470 290649
2012.09.10  2600 2700 2715 2520 379290
2012.09.11  2570 2600 2645 2520 203245
2012.09.12  2595 2630 2705 2575 300999
2012.09.13  2540 2635 2650 2460 369475
2012.09.14  2540 2550 2550 2500 171028
2012.09.17  2510 2525 2550 2470 118506
2012.09.18  2575 2550 2605 2525 257976
2012.09.19  2525 2610 2610 2520 163110
2012.09.20  2645 2540 2685 2505 241137
2012.09.21  2560 2640 2650 2510 159366
2012.09.24  2690 2565 2690 2540 293774
2012.09.25  2460 2675 2680 2460 316853
2012.09.26  2460 2460 2515 2420 112988
2012.09.27  2375 2460 2460 2365 99105
2012.09.28  2400 2375 2420 2320 72598
2012.10.02  2400 2405 2445 2370 34749
2012.10.04  2455 2450 2465 2400 38975
2012.10.05  2435 2460 2475 2350 57317
2012.10.08  2420 2445 2465 2390 49445
2012.10.09  2550 2430 2550 2430 120652
2012.10.10  2485 2530 2560 2475 76716
2012.10.11  2510 2475 2540 2440 97506
2012.10.12  2580 2535 2645 2510 137041
2012.10.15  2500 2620 2690 2450 158778
2012.10.16  2500 2520 2555 2445 119986
2012.10.17  2540 2510 2580 2510 50626
2012.10.18  2570 2570 2590 2525 146337
2012.10.19  2540 2595 2690 2540 293301
2012.10.22  2600 2465 2600 2440 119930
2012.10.23  2555 2600 2630 2555 80963
2012.10.24  2590 2490 2590 2480 58456
2012.10.25  2540 2610 2660 2540 103099
2012.10.26  2490 2540 2585 2460 76833
2012.10.29  2500 2455 2570 2455 58279
2012.10.30  2485 2465 2520 2455 35011
2012.10.31  2520 2485 2565 2485 56788
2012.11.01  2495 2530 2530 2460 52429
2012.11.02  2545 2510 2615 2480 112365
2012.11.05  2590 2545 2645 2545 101359
2012.11.06  2740 2590 2775 2580 503689
2012.11.07  2670 2720 2770 2655 222216
2012.11.08  2740 2610 2805 2590 268639
2012.11.09  2720 2740 2770 2615 158318
2012.11.12  2715 2760 2780 2685 326830
2012.11.13  2350 2645 2645 2350 564487
2012.11.14  2300 2315 2330 2200 207833
2012.11.15  2155 2230 2255 2080 200640
2012.11.16  2080 2165 2200 2050 92524
2012.11.19  2160 2095 2175 2095 42046
2012.11.20  2200 2195 2215 2160 45503
2012.11.21  2220 2200 2225 2160 56411
2012.11.22  2210 2240 2240 2200 20691
2012.11.23  2230 2210 2235 2175 24470
2012.11.26  2245 2190 2255 2190 35785
2012.11.27  2190 2245 2245 2180 44350
2012.11.28  2100 2210 2210 2075 59885
2012.11.29  2125 2130 2150 2080 47005
2012.11.30  2075 2145 2145 2065 39353
2012.12.03  2075 2100 2130 2075 27783
2012.12.04  2110 2075 2125 2050 23725
2012.12.05  2085 2130 2135 2075 31760
2012.12.06  2125 2085 2130 2080 40437
2012.12.07  2110 2125 2175 2075 35517
2012.12.10  2095 2080 2115 2080 18868
2012.12.11  2110 2120 2160 2100 17146
2012.12.12  2130 2090 2140 2080 32376
2012.12.13  2145 2100 2155 2100 13639
2012.12.14  2145 2145 2190 2110 23272
2012.12.17  2175 2165 2195 2135 15930
2012.12.18  2195 2170 2230 2160 45814
2012.12.20  2180 2200 2200 2155 16499
2012.12.21  2200 2150 2200 2135 13654
2012.12.24  2205 2200 2250 2170 14395
2012.12.26  2180 2180 2195 2155 43000
2012.12.27  2175 2135 2185 2125 41262
2012.12.28  2215 2190 2215 2155 24805
2013.01.02  2220 2205 2235 2200 6002
2013.01.03  2200 2200 2220 2180 7374
2013.01.04  2200 2200 2210 2165 17381
2013.01.07  2195 2200 2215 2180 21308
2013.01.08  2175 2200 2200 2160 29433
2013.01.09  2175 2195 2195 2160 6043
2013.01.10  2185 2200 2215 2160 18267
2013.01.11  2180 2200 2215 2170 24059
2013.01.14  2170 2195 2195 2165 32386
2013.01.15  2190 2165 2205 2150 54173
2013.01.16  2210 2195 2225 2195 32289
2013.01.17  2175 2220 2225 2170 18502
2013.01.18  2200 2200 2210 2175 19049
2013.01.21  2205 2215 2240 2205 30083
2013.01.22  2215 2200 2215 2175 35640
2013.01.23  2215 2240 2245 2200 32731
2013.01.24  2200 2225 2230 2195 35469
2013.01.25  2175 2220 2220 2160 37514
2013.01.28  2165 2185 2200 2160 13572
2013.01.29  2145 2170 2170 2140 27168
2013.01.30  2140 2150 2155 2105 15371
2013.01.31  2100 2115 2160 2100 20986
2013.02.01  2100 2100 2120 2030 48989
2013.02.04  2125 2075 2155 2075 27752
2013.02.05  2130 2155 2155 2080 26657
2013.02.06  2140 2140 2140 2105 19013
2013.02.07  2140 2140 2145 2125 13861
2013.02.08  2105 2155 2155 2095 17293
2013.02.12  2080 2105 2105 2060 33142
2013.02.13  2090 2090 2090 2060 22661
2013.02.14  2085 2075 2095 2075 10829
2013.02.15  2100 2085 2100 2080 10780
2013.02.18  2130 2100 2135 2070 45795
2013.02.19  2130 2130 2140 2105 26855
2013.02.20  2135 2160 2160 2125 16488
2013.02.21  2105 2120 2145 2100 28394
2013.02.22  2105 2120 2125 2090 15436
2013.02.25  2150 2125 2240 2100 105333
2013.02.26  2155 2150 2175 2125 26361
2013.02.27  2185 2175 2190 2150 32965
2013.02.28  2205 2170 2220 2170 24607
2013.03.04  2175 2250 2250 2175 44475
2013.03.05  2150 2195 2200 2125 93242
2013.03.06  2185 2170 2190 2155 10015
2013.03.07  2195 2185 2195 2160 23155
2013.03.08  2185 2190 2200 2165 16820
2013.03.11  2160 2185 2200 2140 17036
2013.03.12  2200 2170 2210 2160 20568
2013.03.13  2205 2200 2210 2165 27530
2013.03.14  2225 2210 2225 2205 32987
2013.03.15  2240 2235 2250 2220 32847
2013.03.18  2180 2205 2245 2180 19736
2013.03.19  2200 2170 2200 2170 6302
2013.03.20  2245 2200 2250 2180 38568
2013.03.21  2435 2260 2570 2260 1756660
2013.03.22  2470 2500 2560 2425 322286
2013.03.25  2600 2505 2800 2505 948750
2013.03.26  2560 2620 2660 2520 407620
2013.03.27  2525 2600 2635 2525 215908
2013.03.28  2460 2480 2540 2420 260554
2013.03.29  2500 2500 2750 2500 963297
2013.04.01  2505 2505 2520 2425 311519
2013.04.02  2505 2525 2600 2480 212411
2013.04.03  2485 2560 2560 2445 169979
2013.04.04  2410 2460 2490 2305 239299
2013.04.05  2360 2425 2530 2345 197187
2013.04.08  2315 2360 2385 2245 247828
2013.04.09  2245 2275 2335 2190 309449
2013.04.10  2270 2260 2365 2225 138032
2013.04.11  2335 2330 2350 2275 128874
2013.04.12  2330 2380 2380 2290 83315
2013.04.15  2410 2320 2415 2305 113916
2013.04.16  2440 2350 2480 2350 116461
2013.04.17  2405 2460 2480 2400 79566
2013.04.18  2375 2410 2630 2350 516887
2013.04.19  2400 2380 2405 2310 104728
2013.04.22  2400 2420 2425 2365 50109
2013.04.23  2440 2395 2465 2370 102655
2013.04.24  2465 2460 2540 2410 148454
2013.04.25  2410 2500 2535 2410 88662
2013.04.26  2470 2415 2520 2415 89570
2013.04.29  2470 2470 2540 2470 58162
2013.04.30  2510 2500 2525 2450 73045
2013.05.02  2560 2495 2650 2465 179323
2013.05.03  2570 2570 2600 2520 42901
2013.05.06  2505 2590 2595 2495 82729
2013.05.07  2470 2480 2505 2455 132692
2013.05.08  2475 2480 2505 2475 64673
2013.05.09  2495 2485 2530 2465 55241
2013.05.10  2525 2500 2630 2495 123368
2013.05.13  2585 2545 2585 2525 65337
2013.05.14  2570 2585 2690 2565 115390
2013.05.15  2555 2570 2615 2540 69368
2013.05.16  2525 2560 2570 2520 73855
2013.05.20  2445 2525 2540 2440 92302
2013.05.21  2440 2425 2485 2405 47535
2013.05.22  2485 2460 2490 2450 30459
2013.05.23  2450 2430 2490 2430 65943
2013.05.24  2455 2450 2470 2430 32788
2013.05.27  2505 2465 2520 2420 66870
2013.05.28  2560 2510 2585 2505 111720
2013.05.29  2570 2585 2585 2530 31970
2013.05.30  2530 2545 2570 2505 56911
2013.05.31  2550 2550 2555 2505 44901
2013.06.03  2435 2550 2550 2435 122921
2013.06.04  2375 2490 2490 2375 101803
2013.06.05  2440 2355 2440 2350 59863
2013.06.07  2395 2435 2440 2360 66043
2013.06.10  2340 2440 2505 2340 167305
2013.06.11  2320 2360 2390 2265 75862
2013.06.12  2325 2285 2330 2280 53784
2013.06.13  2335 2335 2355 2300 37563
2013.06.14  2355 2380 2450 2340 80568
2013.06.17  2365 2375 2425 2250 90110
2013.06.18  2415 2365 2415 2325 48469
2013.06.19  2435 2430 2440 2385 19290
2013.06.20  2400 2435 2435 2300 34277
2013.06.21  2360 2340 2360 2250 70859
2013.06.24  2240 2360 2370 2240 60975
2013.06.25  1975 2250 2280 1920 212380
2013.06.26  2085 1975 2085 1960 66133
2013.06.27  2190 2090 2190 2085 34570
2013.06.28  2230 2190 2230 2175 21301
2013.07.01  2220 2230 2270 2220 39168
2013.07.02  2210 2220 2240 2155 40586
2013.07.03  2155 2210 2230 2080 53056
2013.07.04  2155 2115 2160 2080 33593
2013.07.05  2140 2155 2175 2120 21312
2013.07.08  2150 2135 2170 2120 16622
2013.07.09  2160 2135 2175 2135 17446
2013.07.10  2145 2140 2175 2125 24643
2013.07.11  2205 2160 2215 2160 38266
2013.07.12  2230 2225 2235 2200 7514
2013.07.15  2235 2230 2235 2200 11580
2013.07.16  2220 2240 2255 2200 31441
2013.07.17  2225 2195 2225 2185 22101
2013.07.18  2190 2200 2225 2190 10999
2013.07.19  2270 2200 2270 2185 42715
2013.07.22  2285 2280 2320 2270 41667
2013.07.23  2255 2290 2320 2235 31446
2013.07.24  2265 2235 2290 2235 30811
2013.07.25  2250 2285 2290 2240 13740
2013.07.26  2255 2250 2270 2230 39957
2013.07.29  2265 2265 2295 2250 35013
2013.07.30  2270 2265 2285 2240 30414
2013.07.31  2245 2245 2285 2240 18403
2013.08.01  2265 2240 2265 2240 16201
2013.08.02  2285 2280 2285 2255 20436
2013.08.05  2260 2300 2300 2235 53759
2013.08.06  2235 2265 2265 2200 50606
2013.08.07  2205 2215 2250 2200 34494
2013.08.08  2195 2205 2215 2180 27470
2013.08.09  2270 2195 2275 2190 61429
2013.08.12  2275 2275 2290 2240 35240
2013.08.13  2265 2275 2275 2225 19380
2013.08.14  2365 2275 2365 2255 92396
2013.08.16  2350 2360 2380 2300 40261
2013.08.19  2340 2370 2385 2325 34050
2013.08.20  2300 2340 2390 2285 43112
2013.08.21  2245 2300 2330 2180 36247
2013.08.22  2165 2255 2255 2160 35004
2013.08.23  2215 2175 2220 2175 49827
2013.08.26  2200 2225 2235 2195 20865
2013.08.27  2180 2200 2235 2170 51352
2013.08.28  2200 2150 2200 2095 57643
2013.08.29  2200 2200 2210 2165 32113
2013.08.30  2200 2200 2240 2170 44560
2013.09.02  2210 2185 2235 2175 15770
2013.09.03  2220 2230 2230 2190 16543
2013.09.04  2215 2220 2220 2195 11266
2013.09.05  2180 2220 2220 2170 24051
2013.09.06  2140 2170 2190 2140 28904
2013.09.09  2150 2130 2160 2130 19600
2013.09.10  2145 2155 2160 2130 33288
2013.09.11  2155 2155 2165 2135 26104
2013.09.12  2155 2190 2190 2150 33865
2013.09.13  2150 2175 2175 2130 20171
2013.09.16  2180 2140 2210 2140 47783
2013.09.17  2185 2180 2190 2160 11347
2013.09.23  2175 2170 2200 2170 16878
2013.09.24  2185 2190 2190 2160 11956
2013.09.25  2205 2185 2240 2185 30591
2013.09.26  2245 2205 2250 2180 24509
2013.09.27  2330 2255 2360 2235 137975
2013.09.30  2325 2345 2345 2300 24639
2013.10.01  2260 2305 2325 2255 49635
2013.10.02  2375 2320 2375 2285 66522
2013.10.04  2330 2380 2380 2255 36944
2013.10.07  2290 2310 2330 2270 12558
2013.10.08  2310 2285 2315 2230 25666
2013.10.10  2275 2315 2320 2275 12087
2013.10.11  2320 2285 2355 2285 45701
2013.10.14  2395 2365 2545 2340 399025
2013.10.15  2395 2415 2450 2365 60140
2013.10.16  2380 2435 2435 2300 51317
2013.10.17  2330 2385 2390 2310 19359
2013.10.18  2285 2340 2340 2280 31459
2013.10.21  2315 2290 2315 2280 9963
2013.10.22  2305 2330 2340 2260 28626
2013.10.23  2270 2300 2310 2270 20937
2013.10.24  2290 2260 2290 2260 6506
2013.10.25  2430 2310 2455 2280 103444
2013.10.28  2450 2440 2550 2425 84448
2013.10.29  2560 2445 2575 2400 82702
2013.10.30  2580 2530 2610 2500 126047
2013.10.31  2510 2575 2575 2450 62196
2013.11.01  2450 2510 2520 2435 45029
2013.11.04  2450 2420 2470 2405 29527
2013.11.05  2460 2450 2485 2420 51544
2013.11.06  2400 2475 2500 2400 37686
2013.11.07  2350 2375 2420 2320 55355
2013.11.08  2340 2310 2360 2310 43812
2013.11.11  2325 2325 2360 2300 35725
2013.11.12  2305 2310 2340 2300 15694
2013.11.13  2310 2295 2325 2270 21166
2013.11.14  2345 2310 2350 2310 10377
2013.11.15  2335 2380 2380 2300 19371
2013.11.18  2310 2350 2350 2265 30146
2013.11.19  2285 2285 2310 2245 23369
2013.11.20  2295 2270 2320 2270 16929
2013.11.21  2275 2270 2290 2270 7035
2013.11.22  2550 2275 2560 2275 406812
2013.11.25  2540 2595 2605 2505 91996
2013.11.26  2545 2515 2555 2510 76906
2013.11.27  2565 2570 2600 2510 86322
2013.11.28  2485 2585 2585 2480 67602
2013.11.29  2655 2485 2690 2485 391884
2013.12.02  2535 2640 2670 2480 197373
2013.12.03  2550 2590 2720 2500 717448
2013.12.04  2510 2600 2620 2510 193050
2013.12.05  2600 2455 2655 2435 523656
2013.12.06  2700 2580 2970 2560 1274256
2013.12.09  2745 2780 2915 2745 870777
2013.12.10  2750 2745 2870 2700 359169
2013.12.11  2535 2730 2795 2535 391401
2013.12.12  2620 2650 2865 2620 1329097
2013.12.13  3010 2575 3010 2575 1618500
2013.12.16  2980 2950 2995 2880 1080628
2013.12.17  2810 3000 3125 2745 1997418
2013.12.18  2740 2840 2895 2680 939050
2013.12.19  2745 2790 2830 2665 607726
2013.12.20  2650 2745 2790 2610 530467
2013.12.23  2600 2665 2675 2580 335850
2013.12.24  2715 2685 2775 2635 866385
2013.12.26  2800 2700 2980 2650 1019684
2013.12.27  2845 2840 2880 2710 304409
2013.12.30  2805 2845 2875 2790 162271
2014.01.02  2775 2805 2890 2740 230618
2014.01.03  2710 2775 2820 2650 197411
2014.01.06  2680 2715 2740 2665 62177
2014.01.07  2830 2680 2920 2670 328733
2014.01.08  2845 2835 2895 2775 186397
2014.01.09  2730 2850 2880 2730 164589
2014.01.10  2770 2760 2770 2680 114958
2014.01.13  2845 2810 2845 2740 162213
2014.01.14  2800 2845 2900 2775 210689
2014.01.15  2730 2810 2890 2730 192133
2014.01.16  2700 2690 2750 2650 190619
2014.01.17  2695 2700 2735 2680 69412
2014.01.20  2660 2715 2715 2635 91934
2014.01.21  2625 2660 2670 2590 150692
2014.01.22  2715 2635 2720 2615 118323
2014.01.23  2660 2750 2770 2660 86933
2014.01.24  2640 2710 2710 2620 45800
2014.01.27  2530 2580 2610 2510 151364
2014.01.28  2550 2540 2585 2515 60696
2014.01.29  2545 2540 2585 2530 44935
2014.02.03  2560 2545 2580 2525 52086
2014.02.04  2570 2560 2640 2540 62719
2014.02.05  2675 2575 2675 2575 55951
2014.02.06  2660 2655 2705 2615 84340
2014.02.07  2675 2685 2685 2620 61691
2014.02.10  2615 2645 2680 2605 53928
2014.02.11  2670 2615 2750 2565 140901
2014.02.12  2710 2680 2795 2655 180178
2014.02.13  2770 2685 2910 2680 372086
2014.02.14  2775 2780 2795 2725 104199
2014.02.17  2805 2880 2880 2775 276514
2014.02.18  2835 2805 2865 2775 146803
2014.02.19  2830 2835 2850 2785 87061
2014.02.20  2730 2815 2815 2730 70198
2014.02.21  2775 2730 2780 2730 28778
2014.02.24  2895 2780 2945 2740 426009
2014.02.25  2915 2920 2960 2895 285326
2014.02.26  2950 2900 3070 2870 622509
2014.02.27  2920 2970 2975 2890 169000
2014.02.28  2880 2980 3025 2850 308820
2014.03.03  2830 2900 2975 2810 171138
2014.03.04  2855 2830 2860 2815 103532
2014.03.05  3050 2890 3070 2890 647022
2014.03.06  3070 3030 3235 3030 463850
2014.03.07  3190 3080 3215 3080 336873
2014.03.10  3215 3230 3265 3110 204446
2014.03.11  3180 3200 3295 3180 214717
2014.03.12  3150 3180 3185 3100 145907
2014.03.13  3250 3155 3270 3095 153552
2014.03.14  3100 3235 3240 3100 141201
2014.03.17  3025 3070 3150 3005 86501
2014.03.18  3060 3080 3090 3010 101072
2014.03.19  3060 3090 3130 3020 104541
2014.03.20  3000 3055 3085 2945 138127
2014.03.21  3140 3035 3150 3010 216960
2014.03.24  3095 3140 3180 3090 109675
2014.03.25  2905 3085 3120 2905 165822
2014.03.26  2935 2930 2970 2925 90276
2014.03.27  2975 2940 2975 2910 43528
2014.03.28  2915 2935 2975 2915 86863
2014.03.31  2855 2920 2945 2850 101282
2014.04.01  2840 2900 2910 2840 82331
2014.04.02  2950 2865 2955 2865 135121
2014.04.03  3010 2965 3025 2920 131375
2014.04.04  3460 3020 3460 2970 2039451
2014.04.07  3750 3590 3885 3495 5170604
2014.04.08  3790 3810 3935 3630 2519540
2014.04.09  3860 3790 4100 3705 3227722
2014.04.10  3740 3900 3975 3740 1104757
2014.04.11  3770 3660 3770 3620 697149
2014.04.14  3715 3750 3865 3680 1092441
2014.04.15  3885 3750 3885 3700 1200094
2014.04.16  3900 3925 3970 3800 1245025
2014.04.17  3670 3945 4165 3660 1508083
2014.04.18  3740 3705 3760 3630 545242
2014.04.21  3540 3740 3765 3535 516864
2014.04.22  3600 3540 3630 3530 301896
2014.04.23  3515 3610 3625 3500 271650
2014.04.24  3495 3520 3580 3365 232973
2014.04.25  3430 3465 3520 3410 136972
2014.04.28  3545 3365 3545 3365 191497
2014.04.29  3420 3555 3580 3405 161460
2014.04.30  3355 3445 3485 3340 102408
2014.05.02  3300 3360 3385 3235 219456
2014.05.07  3285 3290 3305 3230 148659
2014.05.08  3450 3290 3470 3290 208979
2014.05.09  3490 3495 3515 3425 175045
2014.05.12  3340 3425 3460 3275 374420
2014.05.13  3140 3305 3340 3055 588946
2014.05.14  3130 3145 3190 3110 155264
2014.05.15  3130 3175 3175 3100 119141
2014.05.16  3060 3100 3165 2995 201083
2014.05.19  2900 3030 3080 2890 265466
2014.05.20  2925 2870 2935 2775 168527
2014.05.21  2920 2920 2995 2890 106453
2014.05.22  2920 2910 2985 2910 61572
2014.05.23  2930 2930 3010 2930 93581
2014.05.26  2900 2965 2965 2860 83743
2014.05.27  2855 3030 3050 2855 104181
2014.05.28  2815 2855 2880 2775 96662
2014.05.29  2850 2815 2865 2815 46567
2014.05.30  2850 2850 2965 2850 123847
2014.06.02  2685 2850 2850 2680 197980
2014.06.03  2690 2645 2745 2600 160119
2014.06.05  2700 2660 2740 2660 69663
2014.06.09  2760 2700 2760 2680 45412
2014.06.10  2760 2720 2795 2720 52956
2014.06.11  2750 2760 2790 2735 36252
2014.06.12  2795 2750 2820 2720 40271
2014.06.13  2740 2810 2810 2690 77355
2014.06.16  2790 2775 2810 2770 31808
2014.06.17  2860 2790 2865 2780 60262
2014.06.18  2820 2840 2870 2780 50432
2014.06.19  2740 2820 2840 2700 88512
2014.06.20  2715 2770 2770 2700 119888
2014.06.23  2730 2720 2740 2710 79217
2014.06.24  2855 2730 2945 2730 247447
2014.06.25  2855 2880 2900 2835 111080
2014.06.26  2920 2855 2920 2835 91841
2014.06.27  2940 2920 2960 2905 66595
2014.06.30  2880 2940 2940 2850 47200
2014.07.01  2950 2840 2960 2840 77101
2014.07.02  2955 2950 2970 2920 44260
2014.07.03  2915 2955 2955 2895 31731
2014.07.04  2875 2950 2950 2875 19354
2014.07.07  2875 2875 2920 2835 48840
2014.07.08  2910 2850 2910 2840 36389
2014.07.09  2915 2930 2930 2860 33507
2014.07.10  2905 2915 2930 2860 41139
2014.07.11  2880 2890 2925 2850 49467
2014.07.14  2895 2935 2935 2860 26477
2014.07.15  2975 2900 3050 2890 149463
2014.07.16  3135 2990 3170 2910 240529
2014.07.17  3065 3160 3230 3040 273372
2014.07.18  3040 3065 3170 3035 96628
2014.07.21  3030 3045 3065 2990 59054
2014.07.22  3020 3030 3110 3020 69368
2014.07.23  3005 3025 3055 2980 52685
2014.07.24  2930 3005 3035 2915 85764
2014.07.25  2900 2975 2975 2900 44134
2014.07.28  2805 2900 2900 2805 85602
2014.07.29  2805 2805 2865 2790 72426
2014.07.30  2770 2830 2830 2770 43459
2014.07.31  2720 2770 2825 2720 48257
2014.08.01  2770 2655 2785 2655 16341
2014.08.04  2790 2760 2840 2755 13395
2014.08.05  2780 2795 2830 2780 14250
2014.08.06  2780 2760 2825 2720 39196
2014.08.07  2730 2755 2790 2715 26157
2014.08.08  2725 2720 2750 2690 80028
2014.08.11  2770 2710 2820 2700 53300
2014.08.12  2770 2815 2815 2730 8421
2014.08.13  2750 2765 2765 2700 52342
2014.08.14  2750 2750 2800 2725 30582
2014.08.18  2760 2720 2780 2720 32302
2014.08.19  2770 2780 2800 2745 32887
2014.08.20  2775 2750 2800 2750 22469
2014.08.21  2815 2760 2840 2755 48489
2014.08.22  2860 2840 2895 2780 32651
2014.08.25  2785 2890 2895 2775 37655
2014.08.26  2820 2815 2855 2790 23872
2014.08.27  2800 2820 2855 2800 15233
2014.08.28  2780 2795 2820 2780 22763
2014.08.29  2765 2795 2795 2755 23529
2014.09.01  2705 2750 2770 2695 43732
2014.09.02  2715 2705 2760 2695 34611
2014.09.03  2700 2785 2860 2700 73557
2014.09.04  2820 2735 2830 2735 55192
2014.09.05  2820 2845 2845 2770 17420
2014.09.11  2830 2880 2880 2785 48617
2014.09.12  2840 2980 2980 2815 84167
2014.09.15  2875 2880 2915 2840 21057
2014.09.16  2910 2910 2930 2880 27056
2014.09.17  2910 2950 2950 2860 8430
2014.09.18  2880 2920 2920 2840 37703
2014.09.19  2865 2865 2905 2840 12343
2014.09.22  2895 2900 2910 2855 19200
2014.09.23  2825 2895 2895 2825 9756
2014.09.24  2825 2825 2850 2755 15463
2014.09.25  2760 2830 2830 2750 53392
2014.09.26  2785 2750 2790 2745 16983
2014.09.29  2780 2795 2810 2740 81056
2014.09.30  2800 2745 2800 2745 15146
2014.10.01  2750 2770 2790 2730 9772
2014.10.02  2675 2705 2740 2660 24216
2014.10.06  2670 2700 2730 2670 12827
2014.10.07  2675 2680 2720 2525 116010
2014.10.08  2655 2625 2660 2605 22006
2014.10.10  2620 2615 2640 2580 74753
2014.10.13  2610 2625 2645 2550 80923
2014.10.14  2600 2575 2625 2575 30945
2014.10.15  2615 2600 2650 2590 74147
2014.10.16  2635 2600 2635 2580 17439
2014.10.17  2615 2610 2655 2590 35326
2014.10.20  2615 2620 2640 2610 16093
2014.10.21  2610 2650 2650 2605 6461
2014.10.22  2605 2635 2635 2585 30791
2014.10.23  2585 2595 2605 2575 13974
2014.10.24  2540 2585 2600 2500 70081
2014.10.27  2485 2505 2540 2460 86628
2014.10.28  2520 2485 2550 2480 35918
2014.10.29  2485 2500 2560 2475 46899
2014.10.30  2490 2465 2530 2465 6219
2014.10.31  2480 2490 2500 2480 14115
2014.11.03  2515 2470 2550 2470 12817
2014.11.04  2450 2500 2545 2410 8910
2014.11.05  2340 2450 2450 2285 97662
2014.11.06  2255 2340 2390 2255 15953
2014.11.07  2245 2305 2305 2215 15391
2014.11.10  2345 2245 2430 2245 27924
2014.11.11  2450 2320 2525 2320 72053
2014.11.12  2450 2520 2520 2420 18351
2014.11.13  2435 2450 2465 2435 31457
2014.11.14  2415 2435 2455 2400 16254
2014.11.17  2400 2415 2425 2385 14082
2014.11.18  2410 2385 2420 2385 16739
2014.11.19  2395 2410 2410 2375 6346
2014.11.20  2385 2395 2415 2360 5948
2014.11.21  2370 2385 2405 2335 8121
2014.11.24  2310 2370 2395 2300 22626
2014.11.25  2405 2310 2470 2310 37987
2014.11.26  2370 2425 2425 2350 14454
2014.11.27  2330 2370 2390 2305 13587
2014.11.28  2330 2310 2345 2305 11242
2014.12.01  2300 2325 2325 2260 77369
2014.12.02  2305 2300 2350 2270 17763
2014.12.03  2280 2305 2375 2280 9988
2014.12.04  2300 2280 2330 2265 5003
2014.12.05  2320 2300 2325 2300 53296
2014.12.08  2370 2320 2395 2320 33114
2014.12.09  2330 2370 2370 2305 46554
2014.12.10  2280 2345 2345 2280 19568
2014.12.11  2270 2275 2300 2235 83132
2014.12.12  2250 2270 2295 2240 13044
2014.12.15  2295 2250 2300 2220 11344
2014.12.16  2285 2295 2305 2255 5902
2014.12.17  2255 2285 2325 2245 25599
2014.12.18  2235 2255 2295 2200 37839
2014.12.19  2260 2275 2275 2210 20955
2014.12.22  2265 2260 2285 2230 6970
2014.12.23  2255 2280 2315 2250 54423
2014.12.24  2350 2275 2350 2260 43515
2014.12.26  2390 2350 2480 2350 38214
2014.12.29  2385 2390 2405 2360 18238
2014.12.30  2330 2385 2410 2310 6085
2015.01.02  2315 2330 2330 2290 19240
2015.01.05  2355 2315 2390 2290 22851
2015.01.06  2360 2365 2365 2325 7898
2015.01.07  2365 2400 2400 2340 14673
2015.01.08  2390 2390 2390 2355 14303
2015.01.09  2435 2410 2480 2390 48895
2015.01.12  2450 2460 2460 2395 26550
2015.01.13  2445 2455 2460 2420 25409
2015.01.14  2420 2430 2455 2405 21925
2015.01.15  2435 2420 2475 2420 14791
2015.01.16  2380 2420 2435 2350 25544
2015.01.19  2375 2355 2410 2355 34310
2015.01.20  2390 2410 2415 2345 30044
2015.01.21  2375 2390 2390 2355 29544
2015.01.22  2330 2355 2390 2270 44094
2015.01.23  2300 2330 2330 2295 32983
2015.01.26  2275 2300 2325 2265 29828
2015.01.27  2270 2275 2295 2230 50186
2015.01.28  2290 2270 2335 2265 45293
2015.01.29  2290 2275 2340 2250 73405
2015.01.30  2335 2300 2380 2270 36328
2015.02.02  2290 2335 2335 2290 39942
2015.02.03  2330 2300 2330 2280 36325
2015.02.04  2400 2330 2415 2300 59782
2015.02.05  2370 2385 2420 2365 27581
2015.02.06  2415 2395 2445 2380 34843
2015.02.09  2410 2415 2435 2390 21105
2015.02.10  2320 2410 2410 2305 31359
2015.02.11  2310 2320 2400 2295 103585
2015.02.12  2300 2315 2320 2260 134505
2015.02.13  2285 2280 2325 2260 56509
2015.02.16  2320 2300 2420 2290 152745
2015.02.17  2300 2325 2350 2260 125400
2015.02.23  2330 2305 2345 2285 92961
2015.02.24  2365 2350 2370 2320 206852
2015.02.25  2365 2370 2415 2365 81656
2015.02.26  2410 2370 2415 2365 67725
2015.02.27  2415 2410 2465 2400 99740
2015.03.02  2525 2415 2535 2400 169142
2015.03.03  2520 2545 2595 2505 168135
2015.03.04  2590 2500 2630 2495 120510
2015.03.05  2550 2630 2630 2510 79532
2015.03.06  2500 2550 2565 2490 90242
2015.03.09  2530 2500 2540 2500 86139
2015.03.10  2555 2530 2585 2515 76805
2015.03.11  2550 2555 2575 2520 48545
2015.03.12  2595 2545 2610 2545 72130
2015.03.13  2565 2595 2610 2560 80852
2015.03.16  2580 2595 2595 2560 33831
2015.03.17  2670 2595 2710 2580 173140
2015.03.18  2660 2675 2690 2625 84155
2015.03.19  2615 2675 2685 2580 104678
2015.03.20  2590 2615 2625 2565 32874
2015.03.23  2625 2590 2625 2565 72273
2015.03.24  2595 2625 2625 2560 44733
2015.03.25  2590 2595 2605 2575 50673
2015.03.26  2550 2580 2600 2520 59086
2015.03.27  2565 2550 2610 2540 20466
2015.03.30  2600 2570 2600 2565 37316
2015.03.31  2680 2600 2695 2570 84601
2015.04.01  2635 2680 2695 2600 65598
2015.04.02  2605 2650 2650 2595 31310
2015.04.03  2630 2605 2660 2605 38027
2015.04.06  2635 2630 2685 2605 51788
2015.04.07  2645 2675 2690 2630 20533
2015.04.08  2635 2650 2665 2615 35695
2015.04.09  2650 2640 2665 2635 33295
2015.04.10  2700 2650 2730 2650 63739
2015.04.13  2800 2720 2800 2680 145852
2015.04.14  2785 2800 2830 2715 113730
2015.04.15  2775 2790 2800 2740 37989
2015.04.16  2700 2780 2785 2695 64193
2015.04.17  2680 2730 2730 2645 105691
2015.04.20  2650 2635 2680 2625 59451
2015.04.21  2660 2645 2675 2635 81300
2015.04.22  2595 2645 2685 2525 111548
2015.04.23  2630 2620 2645 2540 116469
2015.04.24  2615 2630 2720 2595 70344
2015.04.27  2640 2615 2665 2615 32452
2015.04.28  2675 2660 2695 2615 37404
2015.04.29  2645 2695 2700 2625 40073
2015.04.30  2600 2630 2675 2595 28900
2015.05.04  2610 2600 2625 2585 29688
2015.05.06  2575 2585 2630 2555 33721
2015.05.07  2760 2575 2870 2535 692721
2015.05.08  2735 2795 2795 2730 34065
2015.05.11  2735 2755 2755 2715 33459
2015.05.12  2730 2735 2800 2700 64843
2015.05.13  2705 2730 2730 2690 24764
2015.05.14  2760 2705 2810 2705 78501
2015.05.15  2755 2760 2835 2740 41757
2015.05.18  2745 2770 2810 2715 50320
2015.05.19  2745 2770 2830 2745 73076
2015.05.20  2710 2780 2795 2660 69528
2015.05.21  2690 2720 2740 2660 115332
2015.05.22  2685 2715 2720 2670 52529
2015.05.26  2690 2675 2700 2670 21680
2015.05.27  2645 2690 2690 2630 71947
2015.05.28  2700 2650 2720 2645 58048
2015.05.29  2735 2665 2755 2665 38941
2015.06.01  2740 2710 2770 2710 71986
2015.06.02  2710 2740 2770 2690 50221
2015.06.03  2655 2695 2730 2640 50135
2015.06.04  2670 2630 2685 2630 44877
2015.06.05  2890 2620 2950 2620 654805
2015.06.08  2850 2905 2905 2795 179503
2015.06.09  2835 2880 2880 2805 73429
2015.06.10  2920 2835 3085 2820 355367
2015.06.11  2915 2930 3100 2895 389402
2015.06.12  2785 2915 2915 2770 131598
2015.06.15  2900 2785 2930 2775 97577
2015.06.16  2890 2900 2900 2815 40248
2015.06.17  2840 2910 2945 2810 69751
2015.06.18  2810 2820 2850 2775 74944
2015.06.19  2825 2840 2840 2795 64905
2015.06.22  2770 2825 2865 2755 56690
2015.06.23  2800 2770 2820 2760 83098
2015.06.24  2870 2825 2900 2795 79147
2015.06.25  2870 2870 2880 2835 33855
2015.06.26  2780 2850 2890 2750 109804
2015.06.29  2745 2755 2780 2700 139378
2015.06.30  2800 2700 2825 2700 83175
2015.07.01  2830 2800 2865 2800 53115
2015.07.02  2810 2835 2930 2810 58897
2015.07.03  2840 2840 2845 2805 21630
2015.07.06  2980 2870 3070 2840 485932
2015.07.07  2880 3030 3030 2820 227215
2015.07.08  2800 2895 2895 2750 125152
2015.07.09  2770 2750 2790 2685 60877
2015.07.10  2830 2745 2950 2740 46063
2015.07.13  2760 2830 2830 2755 65527
2015.07.14  2815 2800 2830 2760 85009
2015.07.15  2810 2815 2850 2770 26742
2015.07.16  2870 2835 2900 2810 57401
2015.07.17  2900 2875 2950 2825 95136
2015.07.20  2940 2900 2985 2860 92837
2015.07.21  2905 2940 2985 2890 74749
2015.07.22  2880 2905 2950 2845 49155
2015.07.23  2860 2870 2910 2835 31430
2015.07.24  2840 2865 2910 2810 46678
2015.07.27  2795 2830 2835 2760 49219
2015.07.28  2750 2795 2795 2730 51086
2015.07.29  2720 2750 2765 2715 39430
2015.07.30  2700 2720 2750 2675 80966
2015.07.31  2740 2700 2780 2650 24641
2015.08.03  2700 2700 2830 2685 35136
2015.08.04  2730 2670 2730 2670 24008
2015.08.05  2775 2730 2780 2700 26748
2015.08.06  2740 2750 2780 2730 11833
2015.08.07  2735 2735 2740 2715 8605
2015.08.10  2710 2705 2730 2700 13820
2015.08.11  2700 2710 2725 2685 12161
2015.08.12  2640 2700 2710 2620 41660
2015.08.13  2690 2640 2725 2625 37010
2015.08.17  2695 2690 2720 2670 7393
2015.08.18  2645 2695 2710 2640 16444
2015.08.19  2500 2565 2635 2500 48187
2015.08.20  2425 2450 2525 2425 49255
2015.08.21  2325 2420 2440 2310 57250
2015.08.24  2270 2320 2375 2270 49216
2015.08.25  2355 2270 2430 2250 30888
2015.08.26  2425 2355 2500 2355 14940
2015.08.27  2425 2450 2475 2400 47029
2015.08.28  2460 2445 2460 2390 21942
2015.08.31  2520 2425 2540 2425 30610
2015.09.01  2425 2525 2535 2425 40631
2015.09.02  2440 2410 2450 2390 20465
2015.09.03  2470 2480 2490 2455 5334
2015.09.04  2455 2470 2515 2395 14900
2015.09.07  2695 2455 2935 2430 1000702
2015.09.08  2655 2665 2695 2570 124957
2015.09.09  2655 2685 2755 2625 33567
2015.09.10  2770 2700 2775 2655 66007
2015.09.11  2725 2765 2775 2715 48237
2015.09.14  2640 2755 2755 2640 21172
2015.09.15  2670 2640 2720 2620 6700
2015.09.16  2705 2670 2790 2670 68314
2015.09.17  2700 2775 2775 2680 15600
2015.09.18  2735 2700 2780 2695 37257
2015.09.21  2650 2760 2775 2650 14326
2015.09.22  2700 2655 2710 2640 17096
2015.09.23  2690 2705 2720 2660 11143
2015.09.24  2705 2690 2760 2650 27956
2015.09.25  2775 2735 2790 2670 35232
2015.09.30  2800 2800 2815 2730 21689
2015.10.01  2800 2815 2830 2765 17994
2015.10.02  2790 2815 2870 2730 76900
2015.10.05  2750 2785 2785 2725 28278
2015.10.06  2690 2750 2795 2680 22197
2015.10.07  2800 2715 2800 2680 31041
2015.10.08  2790 2790 2800 2740 24848
2015.10.12  2835 2790 2930 2790 74020
2015.10.13  2870 2865 2895 2775 40321
2015.10.14  2815 2870 2900 2795 58366
2015.10.15  2840 2825 2890 2800 18977
2015.10.16  2780 2870 2870 2780 26014
2015.10.19  2945 2780 2945 2780 105293
2015.10.20  2930 2950 2985 2870 26917
2015.10.21  2950 2945 3015 2870 70674
2015.10.22  2870 2960 2995 2830 66598
2015.10.23  2855 2850 2885 2780 33137
2015.10.26  2820 2825 2890 2820 32000
2015.10.27  2865 2820 2880 2810 30282
2015.10.28  2865 2870 2975 2865 56515
2015.10.29  2850 2895 2895 2825 25035
2015.10.30  2890 2850 2900 2800 18518
2015.11.02  2865 2885 2930 2840 35968
2015.11.03  2900 2865 2910 2845 37488
2015.11.04  2945 2905 2960 2900 46169
2015.11.05  3115 2970 3660 2960 4081604
2015.11.06  3025 3115 3190 2985 459386
2015.11.09  2700 3030 3055 2680 991653
2015.11.10  2680 2635 2755 2615 191815
2015.11.11  2835 2655 2835 2655 181494
2015.11.12  2880 2815 2970 2800 167032
2015.11.13  2875 2890 2890 2755 149343
2015.11.16  2950 2825 3045 2825 163840
2015.11.17  3270 2990 3450 2960 690761
2015.11.18  3600 3310 3620 3280 554545
2015.11.19  3600 3545 3800 3400 345859
2015.11.20  3490 3690 3690 3485 142377
2015.11.23  3315 3420 3480 3240 221911
2015.11.24  3690 3315 4080 3255 633607
2015.11.25  3935 3740 4300 3600 706910
2015.11.26  3870 3950 4040 3765 232724
2015.11.27  3850 3960 4000 3805 166777
2015.11.30  3830 3850 3920 3665 170448
2015.12.01  3950 3830 4070 3745 215110
2015.12.02  3810 3990 4100 3640 215474
2015.12.03  3985 3800 4045 3750 157258
2015.12.04  3945 4350 5180 3825 7040698
2015.12.07  5120 5120 5120 5120 426737
2015.12.08  6650 6650 6650 6650 136083
2015.12.09  8640 8640 8640 8640 316695
2015.12.10  9200 10000 11100 8960 6841520
2015.12.11  11950 9320 11950 9200 2363710
2015.12.14  12150 11400 12800 10950 2435463
2015.12.15  13200 12150 14000 12000 1504289
2015.12.16  11950 12800 13100 11350 741766
2015.12.17  13450 11850 13500 11500 759712
2015.12.18  13100 13800 16050 12500 1376361
2015.12.21  13200 13100 13900 13000 369271
2015.12.22  11450 13200 13850 10800 615353
2015.12.23  10550 11550 11700 10300 678844
2015.12.24  10600 10700 11150 10300 356051
2015.12.28  9800 10500 10600 9800 348434
2015.12.29  10000 10050 10250 9820 202773
2015.12.30  10400 10100 11950 9860 1313712
2016.01.04  10250 10300 11000 10050 343621
2016.01.05  8700 10150 10300 8600 1159818
2016.01.06  8500 8780 8990 8270 593537
2016.01.07  8290 8410 8780 8010 530446
2016.01.08  8350 8290 8450 8000 336840
2016.01.11  8000 8340 8420 8000 254379
2016.01.12  8130 8100 8280 8010 171593
2016.01.13  8650 8390 9400 8270 1764832
2016.01.14  8930 8640 8990 8350 255121
2016.01.15  11600 8950 11600 8950 2177694
2016.01.18  11000 11850 12400 10500 1852205
2016.01.19  11500 11300 12750 11000 1995281
2016.01.20  9600 11400 11550 9460 1234574
2016.01.21  8890 9400 9410 8660 636635
2016.01.22  9650 8720 10350 8450 1039116
2016.01.25  10150 9900 11000 9820 479978
2016.01.26  10650 10250 10950 9840 387995
2016.01.27  12100 10800 13000 10750 2239280
2016.01.28  11750 12250 13200 11550 1147994
2016.01.29  11550 11650 12000 10950 458226
2016.02.01  12100 11450 12700 11250 701492
2016.02.02  11500 11900 12450 11300 276099
2016.02.03  11600 12000 12500 11400 357136
2016.02.04  10650 11550 11700 10450 403792
2016.02.05  12500 10700 13600 10400 2622105
2016.02.11  12850 12100 13250 11950 960160
2016.02.12  11800 12700 13300 10800 792528
2016.02.15  12550 12000 12750 11950 430271
2016.02.16  12150 12500 12650 11900 345616
2016.02.17  13000 12200 13000 11700 838051
2016.02.18  13250 12900 13500 12750 801836
2016.02.19  13100 13200 13850 12900 462256
2016.02.22  12450 13200 13500 12450 291799
2016.02.23  11850 12500 12550 11750 377121
2016.02.24  12300 12100 12500 12050 238492
2016.02.25  12350 12500 12750 12150 197968
2016.02.26  13700 12550 14150 12550 1092648
2016.02.29  13450 14000 14650 12800 1098844
2016.03.02  15200 13450 15200 13300 745754
2016.03.03  14900 16000 16150 14600 792313
2016.03.04  12450 14000 14400 11850 2772997
2016.03.07  11900 12500 12500 11500 750441
2016.03.08  11700 12100 12200 11450 652591
2016.03.09  10650 11700 12000 10550 1154965
2016.03.10  10250 10750 10900 9900 2044451
2016.03.11  9390 10200 10250 9350 2016866
2016.03.14  9280 9250 9650 9090 1222839
2016.03.15  9020 9350 9480 9010 663059
2016.03.16  9090 9140 9360 8930 708489
2016.03.17  8640 9160 9240 8620 984011
2016.03.18  8460 8680 8820 8300 592083
2016.03.21  8650 8530 8840 8430 684017
2016.03.22  9060 8680 9100 8560 700946
2016.03.23  8910 8750 9110 8560 629948
2016.03.24  9470 8850 9730 8850 1358828
2016.03.25  9480 9610 9620 9350 365067
2016.03.28  9400 9300 9500 9100 264681
2016.03.29  9400 9420 9650 9280 230886
2016.03.30  9360 9500 9580 9350 160813
2016.03.31  9280 9400 9400 9140 172405
2016.04.01  9000 9290 9290 8730 356451
2016.04.04  9020 8910 9310 8830 256464
2016.04.05  9160 9160 9190 8900 159892
2016.04.06  8820 9250 9250 8800 262031
2016.04.07  8480 8820 8880 8460 357998
2016.04.08  8580 8510 8670 8460 196648
2016.04.11  8520 8580 8640 8500 109332
2016.04.12  8440 8520 8550 7930 793605
2016.04.14  8440 8250 8680 8120 217219
2016.04.15  8560 8440 8560 8370 163069
2016.04.18  8450 8670 8740 8380 218874
2016.04.19  10950 9200 10950 9200 7836528
2016.04.20  10450 11350 11550 10150 4572524
2016.04.21  10050 10550 10700 9990 1427716
2016.04.22  9650 9970 10300 9550 1091101
2016.04.25  9680 9760 10100 9560 787710
2016.04.26  9920 9610 10000 9550 715111
2016.04.27  9750 9850 10150 9730 498661
2016.04.28  9750 9700 9940 9700 293385
2016.04.29  9680 9780 10050 9680 438373
2016.05.02  9250 9700 9750 9200 374366
2016.05.03  9260 9230 9450 9150 226097
2016.05.04  8800 9250 9260 8680 397639
2016.05.09  8560 8800 8890 8400 249959
2016.05.10  9120 8440 9830 8440 1445949
2016.05.11  8940 9200 9200 8910 219742
2016.05.12  9090 8940 9200 8810 329377
2016.05.13  8730 8980 9070 8630 289683
2016.05.16  8790 8730 9040 8640 193443
2016.05.17  8700 8830 8920 8700 127997
2016.05.18  8520 8650 8880 8520 181739
2016.05.19  8850 8500 9210 8400 597182
2016.05.20  9010 8850 9190 8810 247906
2016.05.23  9580 8980 9630 8980 676261
2016.05.24  9200 10100 10350 9190 1024260
2016.05.25  8600 9180 9320 8600 325854
2016.05.26  8610 8640 8890 8530 222592
2016.05.27  8810 8600 10350 8570 3248899
2016.05.30  8810 8840 9030 8760 451116
2016.05.31  8930 8800 8950 8600 297551
2016.06.01  9150 8940 9330 8840 526103
2016.06.02  9280 9400 9700 9250 791750
2016.06.03  9180 9360 9380 9090 271350
2016.06.07  9380 9200 9630 9200 500720
2016.06.08  8860 9400 9440 8860 533767
2016.06.09  8140 8740 8750 8070 892277
2016.06.10  8060 8100 8410 7950 553210
2016.06.13  8120 7860 8300 7860 523970
2016.06.14  4105 4500 4695 4105 1351800
2016.06.15  3970 4030 4065 3950 294246
2016.06.16  3925 3960 4340 3900 875171
2016.06.17  4000 3925 4055 3925 213828
2016.06.20  4190 4005 4210 4005 331607
2016.06.21  4220 4150 4275 4140 259802
2016.06.22  4225 4155 4250 4140 179793
2016.06.23  4105 4200 4220 4035 242210
2016.06.24  3970 4105 4155 3785 373261
2016.06.27  3920 3810 4015 3810 269050
2016.06.28  3960 3875 3980 3875 170037
2016.06.29  3975 3970 4030 3940 184216
2016.06.30  4140 4000 4145 3955 276319
2016.07.01  4285 4155 4350 4120 586972
2016.07.04  4270 4235 4430 4235 315552
2016.07.05  4345 4220 4380 4190 184525
2016.07.06  4300 4285 4385 4250 167609
2016.07.07  4175 4150 4185 4085 622943
2016.07.08  4055 4175 4195 4040 560939
2016.07.11  4015 4060 4075 4010 326205
2016.07.12  4035 4020 4080 4015 196198
2016.07.13  4130 4035 4155 3965 368719
2016.07.14  4115 4150 4160 4080 348508
2016.07.15  4250 4085 4330 4080 949767
2016.07.18  4410 4300 4450 4275 797072
2016.07.19  4625 4500 4925 4500 4221690
2016.07.20  4635 4700 4765 4530 705202
2016.07.21  4600 4640 4675 4515 520787
2016.07.22  4710 4620 4780 4610 604559
2016.07.25  4610 4730 4750 4590 345859
2016.07.26  4490 4580 4590 4450 325594
2016.07.27  4455 4500 4585 4450 299351
2016.07.28  4675 4455 4760 4455 961859
2016.07.29  4560 4650 4760 4560 415888
2016.08.01  4750 4575 4780 4575 798009
2016.08.02  4845 4740 4915 4715 903482
2016.08.03  4700 4830 4885 4675 537793
2016.08.04  4690 4700 4715 4590 387535
2016.08.05  4720 4680 4840 4640 531715
2016.08.08  4665 4790 4795 4665 476527
2016.08.09  4595 4625 4645 4410 1080656
2016.08.10  4595 0 0 0 0
2016.08.11  4595 0 0 0 0
2016.08.12  4595 0 0 0 0
2016.08.16  4595 0 0 0 0
2016.08.17  4595 0 0 0 0
2016.08.18  4595 0 0 0 0
2016.08.19  4595 0 0 0 0
2016.08.22  4595 0 0 0 0
2016.08.23  4595 0 0 0 0
2016.08.24  4595 0 0 0 0
2016.08.25  4595 0 0 0 0
2016.08.26  1190 1030 1190 1005 149927511
2016.08.29  1100 1290 1320 1075 116795690
2016.08.30  1040 1110 1130 1005 47805778
2016.08.31  932 1025 1040 928 39347036
2016.09.01  929 937 974 929 18966072
2016.09.02  906 934 946 902 17747667
2016.09.05  945 920 989 919 30258488
2016.09.06  989 945 1065 945 50756465
2016.09.07  1015 1015 1045 1000 20245564
2016.09.08  965 1015 1050 965 15227623
2016.09.09  1000 958 1040 950 14958886
2016.09.12  998 996 1040 989 11793238
2016.09.13  1015 1015 1035 1000 7208120
2016.09.19  1150 1045 1185 1045 62743315
2016.09.20  1265 1170 1265 1140 43887461
2016.09.21  1220 1315 1350 1220 43927991
2016.09.22  1320 1250 1340 1205 33416750
2016.09.23  1365 1300 1425 1300 40763711
2016.09.26  1335 1385 1445 1335 24511009
2016.09.27  1330 1370 1405 1305 16131854
2016.09.28  1265 1330 1340 1215 17832372
2016.09.29  1170 1235 1245 1165 17500722
2016.09.30  1145 1180 1255 1140 21394358
2016.10.04  1160 1175 1205 1145 10137149
2016.10.05  1150 1150 1175 1135 7995110
2016.10.06  1215 1175 1230 1165 15246076
2016.10.07  1180 1215 1220 1175 6503906
2016.10.10  1145 1185 1225 1140 7909369
2016.10.11  1115 1150 1155 1070 9165720
2016.10.12  1115 1110 1135 1105 5276459
2016.10.13  1055 1115 1120 1045 7528239
2016.10.14  1055 1055 1105 1050 6548724
2016.10.17  1065 1060 1095 1055 5077271
2016.10.18  1065 1040 1085 1040 6141546
2016.10.19  1045 1070 1075 1040 3929926
2016.10.20  998 1050 1055 998 6372165
2016.10.21  956 1000 1015 956 5926770
2016.10.24  907 800 946 784 26899749
2016.10.25  865 925 949 865 12187938
2016.10.26  859 857 887 833 6689541
2016.10.27  880 880 907 874 6606171
2016.10.28  835 878 895 834 4755020
2016.10.31  799 830 839 793 3796010
2016.11.01  869 785 989 785 45030203
2016.11.02  843 856 937 835 13803079
2016.11.03  826 848 879 826 4404672
2016.11.04  810 820 843 808 5173453
2016.11.07  800 807 842 792 6809112
2016.11.08  738 762 781 734 9486501
2016.11.09  702 752 752 670 6809742
2016.11.10  724 720 734 713 3921032
2016.11.11  726 730 740 718 3822458
2016.11.14  726 732 745 719 3173400
2016.11.15  728 730 739 723 2485381
2016.11.16  946 745 946 745 43308116
2016.11.17  906 1025 1030 906 65997589
2016.11.18  1175 892 1175 891 100690355
2016.11.21  1170 1230 1295 1115 84435768
2016.11.22  1140 1155 1265 1105 53791446
2016.11.23  1025 1145 1165 1010 41307749
2016.11.24  1035 1080 1140 1015 33370334
2016.11.25  981 1015 1075 972 27629237
2016.11.28  939 979 1010 933 17780346
2016.11.29  1110 951 1195 940 123063854
2016.11.30  1130 1130 1140 1080 40619598
2016.12.01  1055 1120 1130 1045 20495093
2016.12.02  1035 1065 1125 1030 27383215
2016.12.05  1070 1045 1230 996 82237559
2016.12.06  1065 1065 1160 1055 36348328
2016.12.07  1005 1075 1100 1005 18640837
2016.12.08  950 1030 1060 950 27824722
2016.12.09  957 957 1030 940 29787617
2016.12.12  932 975 980 932 13705842
2016.12.13  949 957 975 935 14957300
2016.12.14  959 957 1040 948 42180143
2016.12.15  969 976 989 961 9467305
2016.12.16  954 971 983 952 8878720
2016.12.19  988 963 996 963 13279596
2016.12.20  976 1000 1020 967 11441975
2016.12.21  945 989 993 941 11038143
2016.12.22  920 943 953 918 8007140
2016.12.23  925 945 957 922 8502096
2016.12.26  928 935 969 926 15488492
2016.12.27  929 930 954 924 7419973
2016.12.28  808 877 877 790 38311319
2016.12.29  805 803 838 798 15712421
2017.01.02  809 801 824 771 17196283
2017.01.03  814 813 823 808 7156438
2017.01.04  815 815 821 808 6405615
2017.01.05  815 817 821 811 5814180
2017.01.06  863 814 920 813 76286949
2017.01.09  836 868 880 835 12195963
2017.01.10  831 836 860 825 10826470
2017.01.11  834 835 850 830 8223135
2017.01.12  819 831 839 818 6620878
2017.01.13  816 821 841 809 8574494
2017.01.16  811 821 831 811 5322060
2017.01.17  790 813 818 789 7079991
2017.01.18  807 790 831 788 12099066
2017.01.19  806 810 822 804 5276630
2017.01.20  790 807 807 790 5543182
2017.01.23  767 790 814 765 5772287
2017.01.24  752 750 780 748 4287518
2017.01.25  727 768 769 722 4752832
2017.01.26  735 725 744 724 3610433
2017.01.31  734 740 748 729 2879891
2017.02.01  753 730 790 730 9141056
2017.02.02  735 749 753 734 4754509
2017.02.03  691 728 735 691 7426561
2017.02.06  712 677 716 677 5041056
2017.02.07  708 710 737 705 5545475
2017.02.08  699 711 715 699 2594613
2017.02.09  700 699 711 696 3051843
2017.02.10  695 706 706 688 4842960
2017.02.13  752 731 820 721 75931895
2017.02.14  763 750 764 726 13691688
2017.02.15  763 766 830 760 27954992
2017.02.16  764 759 783 746 9775619
2017.02.17  745 770 772 745 5847063
2017.02.20  745 740 765 740 5061176
2017.02.21  760 746 789 746 11005153
2017.02.22  760 760 776 756 5835420
2017.02.23  748 761 775 748 4577957
2017.02.24  726 750 755 726 4193542
2017.02.27  718 721 734 710 3250875
2017.02.28  716 717 730 710 2761501
2017.03.02  710 718 724 707 2540151
2017.03.03  698 706 707 690 4636765
2017.03.06  699 690 710 689 3148503
2017.03.07  711 699 732 699 7990297
2017.03.08  718 712 721 710 2488662
2017.03.09  697 724 740 692 5119525
2017.03.10  697 694 701 671 4864847
2017.03.13  702 701 711 697 3296586
2017.03.14  712 704 712 699 4814877
2017.03.15  720 763 792 719 32127174
2017.03.16  709 720 726 708 6224288
2017.03.17  702 720 723 702 5339531
2017.03.20  688 695 701 685 3703767
2017.03.21  689 687 701 687 2818129
2017.03.22  667 691 694 658 5779823
2017.03.23  643 667 673 641 5561314
2017.03.24  643 0 0 0 0
2017.03.27  643 0 0 0 0
2017.03.28  643 0 0 0 0
2017.03.29  643 0 0 0 0
2017.03.30  643 0 0 0 0
2017.03.31  643 0 0 0 0
2017.04.03  643 0 0 0 0
2017.04.04  643 0 0 0 0
2017.04.05  643 0 0 0 0
2017.04.06  643 0 0 0 0
2017.04.07  643 0 0 0 0
2017.04.10  643 0 0 0 0
2017.04.11  643 0 0 0 0
2017.04.12  643 0 0 0 0
2017.04.13  643 0 0 0 0
2017.04.14  643 0 0 0 0
2017.04.17  643 0 0 0 0
2017.04.18  643 0 0 0 0
2017.04.19  643 0 0 0 0
2017.04.20  643 0 0 0 0
2017.04.21  643 0 0 0 0
2017.04.24  643 0 0 0 0
2017.04.25  643 0 0 0 0
2017.04.26  643 0 0 0 0
2017.04.27  643 0 0 0 0
2017.04.28  643 0 0 0 0
2017.05.02  643 0 0 0 0
2017.05.04  643 0 0 0 0
2017.05.08  643 0 0 0 0
2017.05.10  643 0 0 0 0
2017.05.11  643 0 0 0 0
2017.05.12  643 0 0 0 0
2017.05.15  643 0 0 0 0
2017.05.16  643 0 0 0 0
2017.05.17  643 0 0 0 0
2017.05.18  643 0 0 0 0
2017.05.19  643 0 0 0 0
2017.05.22  643 0 0 0 0
2017.05.23  643 0 0 0 0
2017.05.24  643 0 0 0 0
2017.05.25  643 0 0 0 0
2017.05.26  643 0 0 0 0
2017.05.29  643 0 0 0 0
2017.05.30  643 0 0 0 0
2017.05.31  643 0 0 0 0
2017.06.01  643 0 0 0 0
2017.06.02  643 0 0 0 0
2017.06.05  643 0 0 0 0
2017.06.07  643 0 0 0 0
2017.06.08  643 0 0 0 0
2017.06.09  643 0 0 0 0
2017.06.12  643 0 0 0 0
2017.06.13  643 0 0 0 0
2017.06.14  643 0 0 0 0
2017.06.15  643 0 0 0 0
2017.06.16  643 0 0 0 0
2017.06.19  643 0 0 0 0
2017.06.20  643 0 0 0 0
2017.06.21  643 0 0 0 0
2017.06.22  643 0 0 0 0
2017.06.23  643 0 0 0 0
2017.06.26  643 0 0 0 0
2017.06.27  643 0 0 0 0
2017.06.28  643 0 0 0 0
2017.06.29  643 0 0 0 0
2017.06.30  643 0 0 0 0
2017.07.03  643 0 0 0 0
2017.07.04  643 0 0 0 0
2017.07.05  643 0 0 0 0
2017.07.06  643 0 0 0 0
2017.07.07  643 0 0 0 0
2017.07.10  643 0 0 0 0
2017.07.11  643 0 0 0 0
2017.07.12  643 0 0 0 0
2017.07.13  643 0 0 0 0
2017.07.14  643 0 0 0 0
2017.07.17  643 0 0 0 0
2017.07.18  643 0 0 0 0
2017.07.19  643 0 0 0 0
2017.07.20  643 0 0 0 0
2017.07.21  643 0 0 0 0
2017.07.24  643 0 0 0 0
2017.07.25  643 0 0 0 0
2017.07.26  643 0 0 0 0
2017.07.27  643 0 0 0 0
2017.07.28  643 0 0 0 0
2017.07.31  643 0 0 0 0
2017.08.01  643 0 0 0 0
2017.08.02  643 0 0 0 0
2017.08.03  643 0 0 0 0
2017.08.04  643 0 0 0 0
2017.08.07  643 0 0 0 0
2017.08.08  643 0 0 0 0
2017.08.09  643 0 0 0 0
2017.08.10  643 0 0 0 0
2017.08.11  643 0 0 0 0
2017.08.14  643 0 0 0 0
2017.08.16  643 0 0 0 0
2017.08.17  643 0 0 0 0
2017.08.18  643 0 0 0 0
2017.08.21  643 0 0 0 0
2017.08.22  643 0 0 0 0
2017.08.23  643 0 0 0 0
2017.08.24  643 0 0 0 0
2017.08.25  643 0 0 0 0
2017.08.28  643 0 0 0 0
