2012.07.25  11500 13500 13500 11500 2025167
2012.07.26  11050 11150 11650 10250 1504053
2012.07.27  10950 11250 11950 10850 1523882
2012.07.30  10850 11250 11500 10650 453778
2012.07.31  11150 11050 11500 11000 634920
2012.08.01  10950 11150 11300 10850 256109
2012.08.02  11000 10950 11150 10750 298560
2012.08.03  10250 10850 10950 10200 488777
2012.08.06  9780 10550 10600 9730 499711
2012.08.07  9710 9720 9980 9500 371582
2012.08.08  9660 9780 10000 9660 233254
2012.08.09  9510 9660 9750 9500 288914
2012.08.10  9660 9550 9960 9540 432088
2012.08.13  9300 9540 9630 9300 417883
2012.08.14  9230 9370 9400 9210 209532
2012.08.16  9680 9350 9750 9330 417769
2012.08.17  9670 9740 9840 9490 208326
2012.08.20  9910 9750 10100 9630 334301
2012.08.21  9950 9970 10200 9830 333836
2012.08.22  10000 9990 10200 9750 319106
2012.08.23  10100 10100 10250 9970 274165
2012.08.24  10000 10150 10150 9850 280763
2012.08.27  9760 10050 10100 9700 168369
2012.08.28  9850 9720 9870 9720 127526
2012.08.29  10550 9880 10750 9880 678896
2012.08.30  10750 10600 10850 10400 406094
2012.08.31  11550 10750 11550 10600 765333
2012.09.03  11350 11600 11850 11350 525354
2012.09.04  11450 11500 12100 11300 618705
2012.09.05  11450 11800 11950 11450 373751
2012.09.06  12100 11650 12150 11550 540900
2012.09.07  12150 12250 12350 11850 300340
2012.09.10  12150 12300 12600 12150 282893
2012.09.11  12150 12250 12300 12000 178177
2012.09.12  11800 12300 12400 11650 301988
2012.09.13  11700 12000 12000 11550 289840
2012.09.14  11800 11950 12100 11600 318313
2012.09.17  11700 11950 11950 11300 192706
2012.09.18  11650 11600 11900 11600 167419
2012.09.19  11700 11650 11850 11450 145952
2012.09.20  12750 11750 13000 11650 838076
2012.09.21  12950 12800 13200 12600 399220
2012.09.24  12700 12950 13050 12600 165540
2012.09.25  12150 12700 13000 12150 231158
2012.09.26  12150 12050 12600 11950 161874
2012.09.27  12100 12150 12500 11850 118406
2012.09.28  11800 12200 12250 11800 149479
2012.10.02  11800 11800 12150 11500 185519
2012.10.04  11850 11850 12150 11750 126065
2012.10.05  12300 12000 12450 11950 194264
2012.10.08  11900 12400 12550 11700 242317
2012.10.09  11250 12000 12000 11200 326532
2012.10.10  12250 11200 12650 11100 587264
2012.10.11  12400 12250 12800 12200 484699
2012.10.12  12950 12600 13350 12450 454966
2012.10.15  13250 13250 13950 12850 581330
2012.10.16  13450 13250 13750 12700 322207
2012.10.17  12350 13500 13750 11450 2920210
2012.10.18  12500 12800 12900 12100 540782
2012.10.19  12350 12500 12550 11700 409161
2012.10.22  12450 12000 12600 12000 176695
2012.10.23  11800 12350 12400 11800 183653
2012.10.24  11300 11650 11850 11050 271061
2012.10.25  9950 11500 11500 9950 834243
2012.10.26  9520 10200 10350 9520 409111
2012.10.29  9500 9980 9980 9420 184661
2012.10.30  9750 9510 10000 9510 129446
2012.10.31  10550 9850 10700 9780 300083
2012.11.01  10300 10500 10550 10150 112359
2012.11.02  9920 10450 10500 9810 245472
2012.11.05  9660 9990 9990 9610 112873
2012.11.06  9900 9660 9900 9560 67920
2012.11.07  10050 9920 10300 9810 133843
2012.11.08  9810 9940 9940 9660 79410
2012.11.09  9960 9810 9990 9610 68879
2012.11.12  10650 9900 10700 9800 294057
2012.11.13  10150 10650 10800 10150 139169
2012.11.14  8650 10300 10650 8650 1067419
2012.11.15  7600 8110 8350 7370 767485
2012.11.16  7080 7630 7740 6890 366234
2012.11.19  7370 7090 7470 7090 188815
2012.11.20  7470 7410 7580 7190 204293
2012.11.21  7570 7470 7640 7350 164822
2012.11.22  8330 7580 8540 7550 424047
2012.11.23  8360 8330 8410 7800 253831
2012.11.26  8520 8470 8870 8300 223936
2012.11.27  8850 8530 9050 8530 281658
2012.11.28  8940 8810 8940 8620 101831
2012.11.29  9190 8950 9460 8810 187510
2012.11.30  9500 9210 9750 9200 193573
2012.12.03  9500 9600 9750 9290 94230
2012.12.04  9300 9560 9560 9080 125294
2012.12.05  8990 9250 9270 8750 173138
2012.12.06  9260 9250 9450 8910 155962
2012.12.07  9010 9210 9380 8870 110463
2012.12.10  9050 9000 9120 8520 146675
2012.12.11  8770 8770 9100 8700 70633
2012.12.12  8860 8760 8860 8710 44007
2012.12.13  8800 9000 9000 8710 59875
2012.12.14  8740 8840 8980 8710 80757
2012.12.17  8500 8800 8850 8490 93226
2012.12.18  8370 8610 8630 8110 68563
2012.12.20  7990 8400 8400 7920 61150
2012.12.21  7800 8000 8270 7720 57013
2012.12.24  7740 7850 7850 7600 104271
2012.12.26  7850 7750 8070 7750 89605
2012.12.27  8200 7930 8250 7760 106520
2012.12.28  8090 8210 8260 7990 81663
2013.01.02  8200 8140 8250 7980 75941
2013.01.03  8250 8320 8320 8110 49807
2013.01.04  8310 8250 8380 8200 40168
2013.01.07  8230 8310 8360 8090 107841
2013.01.08  8600 8230 8710 8230 154693
2013.01.09  8600 8650 8730 8480 83022
2013.01.10  8690 8510 8740 8500 70890
2013.01.11  8680 8690 8710 8550 48286
2013.01.14  9100 8650 9170 8550 145384
2013.01.15  9020 9100 9140 8910 63914
2013.01.16  9080 9110 9240 8930 121068
2013.01.17  8880 9080 9200 8750 70877
2013.01.18  9150 8910 9150 8800 90041
2013.01.21  9100 9100 9240 9070 43301
2013.01.22  9240 9030 9290 8950 61323
2013.01.23  9150 9240 9380 9130 83953
2013.01.24  9050 9180 9340 8980 49793
2013.01.25  8550 9000 9040 8470 158629
2013.01.28  8180 8540 8540 8150 62159
2013.01.29  8210 8110 8350 8110 32340
2013.01.30  8010 8200 8290 7990 70494
2013.01.31  8440 8250 8700 8250 209508
2013.02.01  8550 8460 8560 8200 60733
2013.02.04  8900 8640 9200 8640 180792
2013.02.05  8900 8900 9090 8770 83435
2013.02.06  9100 9080 9100 8880 77345
2013.02.07  9060 9140 9280 9000 68406
2013.02.08  9050 9100 9120 8920 47020
2013.02.12  9030 9120 9190 8980 37666
2013.02.13  9030 9070 9140 8880 68772
2013.02.14  9730 9090 9840 9000 484475
2013.02.15  10150 9920 10300 9830 307493
2013.02.18  10500 10200 10550 9960 181994
2013.02.19  10750 10500 10800 10250 261365
2013.02.20  10750 10800 10900 10600 171720
2013.02.21  11750 10500 12050 10500 669922
2013.02.22  12250 11800 12500 11650 532853
2013.02.25  12300 12550 12650 12050 218754
2013.02.26  12400 12250 12700 12100 159305
2013.02.27  12300 12350 12450 12050 123646
2013.02.28  12200 12300 12350 12100 134253
2013.03.04  12800 12300 13300 12200 318502
2013.03.05  14700 13000 14700 12700 515992
2013.03.06  14700 14700 14950 14300 436576
2013.03.07  13750 14850 14850 13700 469746
2013.03.08  14150 13950 14250 13600 258108
2013.03.11  13700 14150 14150 13300 200671
2013.03.12  13950 13500 14200 13500 176277
2013.03.13  14650 13950 14800 13950 259458
2013.03.14  14600 14650 14750 14250 118523
2013.03.15  15000 14850 15400 14650 227168
2013.03.18  13800 15000 15050 13750 267966
2013.03.19  13900 13850 14350 13600 168451
2013.03.20  13000 13900 14100 12950 222268
2013.03.21  13500 13150 13500 12550 209898
2013.03.22  13800 13500 14000 13100 114429
2013.03.25  14050 13800 14050 13700 88334
2013.03.26  13950 14000 14400 13950 139181
2013.03.27  14200 14000 14400 13900 112514
2013.03.28  14200 14100 14300 14050 47576
2013.03.29  14600 14400 14900 14350 171754
2013.04.01  14600 14700 14800 14400 60611
2013.04.02  14600 14600 14900 14300 176412
2013.04.03  14650 14800 14800 14300 117237
2013.04.04  14300 14500 14700 13150 111413
2013.04.05  13500 14350 14450 13500 145859
2013.04.08  12950 13350 13750 12950 134419
2013.04.09  13150 12750 13400 12550 106212
2013.04.10  13250 13150 13400 13000 77134
2013.04.11  13450 13350 13550 13050 84931
2013.04.12  13750 13450 13850 13450 64906
2013.04.15  13700 13600 13900 13500 69946
2013.04.16  13400 13450 13700 13200 74354
2013.04.17  13050 13600 13600 12950 96321
2013.04.18  13550 13050 13800 12800 138436
2013.04.19  13900 13550 14200 13400 245036
2013.04.22  13750 14100 14100 13750 53731
2013.04.23  14650 13850 14800 13450 240293
2013.04.24  15000 14850 15100 14500 217498
2013.04.25  14600 15100 15100 14550 71106
2013.04.26  14650 14650 14850 14250 73605
2013.04.29  14950 14800 15050 14400 73182
2013.04.30  15200 15000 15650 14950 166324
2013.05.02  14700 15350 15350 14700 42531
2013.05.03  14250 14900 14900 14250 88931
2013.05.06  14650 14350 14650 13700 82525
2013.05.07  14500 14500 14650 14200 57165
2013.05.08  14500 14450 14650 14250 76688
2013.05.09  14200 14450 14600 14050 66971
2013.05.10  14000 14200 14350 13650 81004
2013.05.13  14350 14000 14500 14000 54786
2013.05.14  13750 14350 14450 13600 74868
2013.05.15  14200 13850 14200 13800 38162
2013.05.16  14150 14300 14300 13950 41868
2013.05.20  14800 14300 15100 14100 103866
2013.05.21  15000 14800 15300 14600 189510
2013.05.22  16150 15400 16250 15400 603543
2013.05.23  16100 16100 16500 16000 193555
2013.05.24  16450 16250 16600 15850 230812
2013.05.27  16350 16600 16600 16050 89778
2013.05.28  16000 16200 16300 15800 201705
2013.05.29  16150 16150 16150 15700 107147
2013.05.30  16400 16200 16400 16000 125490
2013.05.31  16000 16300 16450 15850 117807
2013.06.03  15800 15950 16200 15650 75116
2013.06.04  15300 15800 16000 15150 95472
2013.06.05  15450 15250 15550 15050 68395
2013.06.07  14650 15300 15400 14100 143597
2013.06.10  15050 14650 15300 14650 47824
2013.06.11  15250 15200 15250 14900 27344
2013.06.12  14800 15150 15250 14800 40251
2013.06.13  14250 14600 14750 14200 67267
2013.06.14  13750 14600 14600 13750 60550
2013.06.17  13450 14000 14100 13000 83436
2013.06.18  14400 13550 14400 13150 43154
2013.06.19  14200 14250 14650 13950 28272
2013.06.20  14100 14000 14300 13550 49921
2013.06.21  13750 13700 13800 13450 37085
2013.06.24  12650 13950 13950 12650 73899
2013.06.25  12000 12450 12750 11600 130899
2013.06.26  12100 12200 12550 11950 56508
2013.06.27  13500 12300 13550 12300 99353
2013.06.28  13400 13500 13800 13200 47769
2013.07.01  13350 13600 13600 13250 28968
2013.07.02  12800 13400 13550 12650 53016
2013.07.03  12650 12950 13300 12500 44940
2013.07.04  13300 12650 13300 12450 51627
2013.07.05  13350 13400 13500 13000 60350
2013.07.08  12750 13350 13450 12450 50362
2013.07.09  12750 12850 13150 12550 30054
2013.07.10  12800 12950 13000 12500 16649
2013.07.11  14100 13150 14100 12900 95127
2013.07.12  14000 14000 14050 13700 35974
2013.07.15  14000 14000 14100 13700 48735
2013.07.16  14000 13900 14200 13850 38174
2013.07.17  14050 14150 14150 13850 28169
2013.07.18  13900 14200 14200 13450 69136
2013.07.19  13450 14000 14000 13000 109488
2013.07.22  13400 13300 13650 13150 44563
2013.07.23  13450 13200 13500 13200 30312
2013.07.24  13550 13500 13700 13350 45744
2013.07.25  13500 13600 13600 13300 34377
2013.07.26  12900 13500 13500 12650 80907
2013.07.29  12350 13000 13000 12200 90263
2013.07.30  12800 12500 12850 12200 93163
2013.07.31  12650 12800 12800 12500 25789
2013.08.01  12700 12600 12750 12200 95792
2013.08.02  13700 12900 13750 12900 107238
2013.08.05  13800 13600 13900 13550 28529
2013.08.06  13400 13600 13800 13250 53484
2013.08.07  13300 13250 13600 13100 30619
2013.08.08  13650 13400 13900 13400 83632
2013.08.09  13700 13750 13800 13400 54089
2013.08.12  13650 13700 13800 13500 31410
2013.08.13  13600 13750 13750 13200 37986
2013.08.14  13800 13550 13800 13400 32644
2013.08.16  13650 13600 13700 13200 25108
2013.08.19  13450 13650 13700 13300 39507
2013.08.20  13150 13400 13500 12900 48980
2013.08.21  13250 13100 13350 12850 30614
2013.08.22  12500 13250 13250 12300 64387
2013.08.23  12950 12750 12950 12550 31148
2013.08.26  13350 13100 13500 13100 63995
2013.08.27  12800 13550 13550 12800 76856
2013.08.28  12900 12400 13000 12400 51356
2013.08.29  13400 12800 13450 12800 83677
2013.08.30  13300 13350 13650 13150 56861
2013.09.02  13300 13400 13400 13100 39443
2013.09.03  13550 13400 13600 13250 50368
2013.09.04  13400 13550 13600 13350 19583
2013.09.05  13200 13400 13550 13150 42460
2013.09.06  13100 13300 13300 13000 33251
2013.09.09  13150 13150 13300 13000 47183
2013.09.10  13250 13250 13450 13000 58688
2013.09.11  13300 13400 13450 13050 42351
2013.09.12  13900 13350 13950 13250 145099
2013.09.13  13800 13900 13950 13700 53550
2013.09.16  14250 13800 14600 13800 210213
2013.09.17  14250 14200 14400 14000 57806
2013.09.23  14400 14250 14550 14100 80236
2013.09.24  14400 14350 14500 14200 40978
2013.09.25  14300 14400 14550 14200 52655
2013.09.26  14100 14300 14300 13950 73364
2013.09.27  15100 14200 15100 14000 226321
2013.09.30  14650 15150 15350 14600 140103
2013.10.01  14500 14550 14850 14050 93321
2013.10.02  14600 14500 14750 14400 67336
2013.10.04  15450 14750 15450 14650 233097
2013.10.07  15950 15500 16150 15400 276535
2013.10.08  15900 15900 16150 15850 132658
2013.10.10  16000 16050 16450 15950 129237
2013.10.11  15850 16150 16150 15700 122686
2013.10.14  15800 16000 16300 15550 129515
2013.10.15  15600 15750 16000 15350 101836
2013.10.16  15500 15700 15800 14950 124726
2013.10.17  15000 15800 15800 15000 85321
2013.10.18  14800 15300 15300 14500 84768
2013.10.21  15100 14900 15250 14700 67264
2013.10.22  14750 15100 15200 14700 52285
2013.10.23  14150 14950 14950 14000 171161
2013.10.24  14250 14050 14300 13650 61535
2013.10.25  14000 14250 14300 13900 60992
2013.10.28  14250 14050 14250 13500 76085
2013.10.29  13850 14250 14300 13850 50468
2013.10.30  14150 13850 14200 13700 96902
2013.10.31  13500 14050 14250 13500 87975
2013.11.01  14600 13900 14750 13600 180604
2013.11.04  14500 14700 14750 14400 81754
2013.11.05  14250 14450 14550 14050 62354
2013.11.06  13950 14450 14450 13650 98942
2013.11.07  13700 14100 14100 13250 140642
2013.11.08  13650 13550 13750 13350 63457
2013.11.11  12950 13650 13800 12850 63008
2013.11.12  13500 13100 13550 12950 68698
2013.11.13  13750 13600 13900 13450 67155
2013.11.14  13850 14100 14100 13700 36378
2013.11.15  13850 13850 14000 13650 29190
2013.11.18  13550 13850 14000 13400 44416
2013.11.19  13100 13350 13550 12750 104331
2013.11.20  13300 13100 13300 12950 15968
2013.11.21  13150 13300 13350 13000 27093
2013.11.22  13050 13300 13300 12950 20113
2013.11.25  13400 13050 13400 12950 30100
2013.11.26  13650 13750 14100 13500 175421
2013.11.27  13800 13550 13950 13450 66813
2013.11.28  13950 13950 14100 13650 87040
2013.11.29  14350 14150 14500 14150 105971
2013.12.02  14250 14350 14500 14050 47032
2013.12.03  14150 14250 14300 13850 34519
2013.12.04  14100 14150 14300 13800 27136
2013.12.05  14150 14100 14250 13850 27591
2013.12.06  13800 14000 14150 13750 40572
2013.12.09  13050 13800 13850 13050 97515
2013.12.10  12750 13100 13100 12700 43482
2013.12.11  11600 12750 12900 11450 152826
2013.12.12  12150 11500 12650 11300 182666
2013.12.13  12300 12100 12300 11750 38924
2013.12.16  11900 12300 12350 11900 22531
2013.12.17  11900 11900 12150 11750 45720
2013.12.18  12250 11850 12350 11800 27825
2013.12.19  12500 12400 12550 12150 47154
2013.12.20  12500 12600 12600 12300 16347
2013.12.23  12400 12500 12700 12150 55790
2013.12.24  12350 12400 12550 12300 17011
2013.12.26  12250 12600 12600 11900 57661
2013.12.27  12050 12250 12450 11950 71050
2013.12.30  12400 12150 12550 12000 42327
2014.01.02  12100 12450 12550 11950 35908
2014.01.03  12100 12200 12200 11900 38524
2014.01.06  11700 12100 12100 11450 115481
2014.01.07  11000 11500 11700 10850 201304
2014.01.08  11350 11150 11350 11050 75292
2014.01.09  11450 11350 11600 11300 48881
2014.01.10  11150 11450 11500 11100 42556
2014.01.13  11650 11150 11650 11150 65738
2014.01.14  11650 11400 11750 11400 49902
2014.01.15  11750 11800 11900 11600 29791
2014.01.16  11800 12000 12000 11600 86941
2014.01.17  12250 11950 12350 11900 124195
2014.01.20  12200 12250 12300 12050 47042
2014.01.21  12400 12250 12450 12100 64564
2014.01.22  12450 12400 12450 12050 54320
2014.01.23  12050 12550 12550 11950 60567
2014.01.24  11900 11950 12100 11500 74001
2014.01.27  11200 11500 11550 11100 75917
2014.01.28  11000 11200 11400 10900 100593
2014.01.29  11350 11050 11350 11000 39309
2014.02.03  11150 11250 11300 11000 43174
2014.02.04  11100 10800 11100 10750 25964
2014.02.05  11050 11150 11150 10900 30256
2014.02.06  11200 10950 11200 10900 27342
2014.02.07  11250 11300 11350 11100 16799
2014.02.10  11350 11250 11550 11150 49208
2014.02.11  11500 11400 11550 11250 30391
2014.02.12  11450 11700 11700 11300 30428
2014.02.13  11450 11500 11500 11150 64549
2014.02.14  11600 11550 11750 11350 42223
2014.02.17  11700 11550 11850 11550 27659
2014.02.18  11600 11900 11900 11400 46122
2014.02.19  11600 11600 12250 11550 152962
2014.02.20  11350 11750 11850 11350 80617
2014.02.21  11100 11450 11500 10900 128671
2014.02.24  10900 11150 11250 10850 62784
2014.02.25  11150 11000 11150 10950 42904
2014.02.26  11200 11150 11300 11050 44969
2014.02.27  11200 11100 11300 11100 36023
2014.02.28  10950 11200 11250 10900 60687
2014.03.03  11200 10800 11250 10800 35395
2014.03.04  11150 11000 11200 11000 18415
2014.03.05  11400 11250 11400 11200 34900
2014.03.06  11700 11450 12200 11300 139735
2014.03.07  12200 11950 12350 11900 153847
2014.03.10  12250 12450 12550 12150 150562
2014.03.11  12700 12150 12750 12150 107355
2014.03.12  12950 12650 13150 12600 109037
2014.03.13  13200 13000 13550 13000 108484
2014.03.14  13300 13000 13300 12850 70643
2014.03.17  13200 13300 13550 13100 77529
2014.03.18  13400 13400 13500 13000 79746
2014.03.19  13400 13400 13800 12950 134171
2014.03.20  13250 13150 13350 13150 31370
2014.03.21  13300 13400 13400 13050 68906
2014.03.24  13150 13300 13450 13050 34984
2014.03.25  12700 13150 13250 12600 62238
2014.03.26  13000 12900 13050 12700 24321
2014.03.27  13500 13350 13700 13150 132315
2014.03.28  13500 13450 13650 13300 41550
2014.03.31  13000 13650 13700 12850 64959
2014.04.01  13500 13300 13700 13250 175856
2014.04.02  14700 13950 15500 13900 811161
2014.04.03  14900 14950 14950 14550 172470
2014.04.04  14550 15350 15550 14300 326827
2014.04.07  14600 14550 14800 14400 77097
2014.04.08  14050 14700 14750 14050 98128
2014.04.09  13800 14150 14300 13750 104666
2014.04.10  13950 14000 14300 13750 99483
2014.04.11  14250 13900 14250 13700 57396
2014.04.14  14650 14400 14750 14100 108842
2014.04.15  14100 14700 14700 14100 85386
2014.04.16  14150 14200 14250 13850 95577
2014.04.17  14150 14200 14350 14050 41381
2014.04.18  14750 14300 14750 14300 149225
2014.04.21  14700 14700 14750 14400 52812
2014.04.22  14700 14800 15050 14550 110129
2014.04.23  14200 14650 14700 14200 108088
2014.04.24  14200 14150 14350 14150 161556
2014.04.25  14150 14150 14450 13900 145943
2014.04.28  14300 14050 14300 14050 59814
2014.04.29  14450 14200 14700 14200 90703
2014.04.30  14200 14550 14550 14100 38813
2014.05.02  14300 14300 14350 14100 34668
2014.05.07  14050 14300 14400 13950 65190
2014.05.08  13900 14050 14150 13550 118480
2014.05.09  13800 14000 14000 13500 48675
2014.05.12  13700 13850 13850 13450 40198
2014.05.13  14100 13700 14200 13600 72610
2014.05.14  14100 14050 14300 13850 129110
2014.05.15  14000 14200 14400 14000 149861
2014.05.16  14100 14000 14150 13550 84432
2014.05.19  13600 14400 14400 13450 91687
2014.05.20  13750 13650 13850 13000 103766
2014.05.21  13400 13650 13850 13400 35302
2014.05.22  13700 13550 13850 13450 40516
2014.05.23  13850 13850 14250 13700 60581
2014.05.26  13800 13850 14000 13650 29000
2014.05.27  13300 13700 13850 13100 83118
2014.05.28  13200 13300 13450 13150 39016
2014.05.29  12850 13250 13350 12650 82262
2014.05.30  12650 12950 13200 12400 75489
2014.06.02  12400 12500 12650 12150 79193
2014.06.03  12400 12450 12450 11950 29206
2014.06.05  12400 12600 12850 12400 25702
2014.06.09  11750 12450 12500 11400 147261
2014.06.10  11900 11650 12100 11650 30675
2014.06.11  12100 12100 12300 11850 22527
2014.06.12  12300 12000 12300 12000 13918
2014.06.13  12250 12300 12300 12000 19258
2014.06.16  12200 12250 12250 12000 13460
2014.06.17  13250 12200 13750 12200 166030
2014.06.18  13600 13350 13850 12850 75747
2014.06.19  13550 13600 13700 13250 37590
2014.06.20  13400 13550 13550 13150 23916
2014.06.23  13250 13500 13500 13150 21003
2014.06.24  13050 13250 13250 12950 12202
2014.06.25  12500 13050 13100 12500 42616
2014.06.26  12500 12700 12750 12400 22291
2014.06.27  12450 12600 12750 12200 41286
2014.06.30  12950 12700 12950 12500 54330
2014.07.01  13100 12950 13300 12900 45589
2014.07.02  13050 13200 13400 12500 31078
2014.07.03  12850 13150 13150 12800 17674
2014.07.04  12800 12850 13000 12550 30728
2014.07.07  12400 12800 12800 12150 92051
2014.07.08  11900 12350 12350 11750 131869
2014.07.09  12100 11900 12250 11800 40198
2014.07.10  12100 12150 12200 11900 28607
2014.07.11  12500 12200 12700 12100 73956
2014.07.14  12350 12450 12600 12250 26785
2014.07.15  12300 12300 12550 12100 50424
2014.07.16  12200 12350 12500 12050 28502
2014.07.17  12250 12250 12600 12250 32100
2014.07.18  12350 12250 12500 12150 17958
2014.07.21  12450 12500 12650 12400 23400
2014.07.22  12550 12600 12700 12500 19503
2014.07.23  12500 12550 12700 12400 23815
2014.07.24  12500 12750 12800 12450 48952
2014.07.25  12350 12550 12600 12300 16783
2014.07.28  12200 12350 12450 12050 27519
2014.07.29  12000 12200 12350 11800 36333
2014.07.30  12250 11850 12450 11700 41186
2014.07.31  12100 12250 12300 11900 16164
2014.08.01  12100 11950 12300 11750 21414
2014.08.04  12300 12100 12350 12100 25979
2014.08.05  12450 12300 12600 12100 36720
2014.08.06  13050 12650 13350 12600 158860
2014.08.07  13000 13200 13200 12800 48274
2014.08.08  13000 13000 13250 12800 29831
2014.08.11  13450 13100 13500 13000 67144
2014.08.12  13300 13350 13650 13200 54324
2014.08.13  13300 13450 13650 13250 118649
2014.08.14  13150 13350 13450 12950 52239
2014.08.18  13450 13150 13450 12600 63396
2014.08.19  13400 13550 13650 13000 86578
2014.08.20  13700 13400 13900 13200 78990
2014.08.21  13550 13700 13850 13500 56893
2014.08.22  13400 13650 13950 13300 42161
2014.08.25  13350 13500 13500 13050 37255
2014.08.26  13300 13250 13550 13100 41694
2014.08.27  13150 13500 13500 13150 25529
2014.08.28  13550 13200 13550 13100 36560
2014.08.29  12300 13500 13550 12250 93950
2014.09.01  12450 12500 12800 12400 55693
2014.09.02  12200 12500 12550 12100 62561
2014.09.03  12000 12400 12500 11600 78646
2014.09.04  12100 12000 12250 11900 27050
2014.09.05  12300 12100 12400 11950 28225
2014.09.11  12500 12250 12650 12150 24504
2014.09.12  12600 12600 12650 12300 21769
2014.09.15  12550 12600 12700 12450 27307
2014.09.16  12800 12550 12850 12550 20298
2014.09.17  12800 12850 12900 12600 14876
2014.09.18  12650 12800 12850 12550 15393
2014.09.19  12750 12700 12850 12500 11480
2014.09.22  12500 12850 12850 12500 11679
2014.09.23  12750 13800 13950 12700 134313
2014.09.24  12800 12850 13000 12600 23843
2014.09.25  12800 12900 12900 12600 24310
2014.09.26  12950 12700 13150 12650 44274
2014.09.29  12600 12950 13100 12400 37484
2014.09.30  12500 12550 12700 12350 31779
2014.10.01  12550 12400 12800 12200 43820
2014.10.02  12400 12450 12500 12150 41923
2014.10.06  12200 12400 12400 12200 33415
2014.10.07  12400 12200 12600 12200 32896
2014.10.08  12400 12450 12600 12150 47461
2014.10.10  12050 12400 12450 11900 52788
2014.10.13  11950 12050 12150 11850 38603
2014.10.14  12000 11950 12100 11850 44201
2014.10.15  12300 12500 12750 12300 35214
2014.10.16  12150 12200 12400 12000 13658
2014.10.17  12000 12200 12300 12000 16704
2014.10.20  12150 12100 12300 12050 15703
2014.10.21  12550 12250 12700 12200 51048
2014.10.22  12500 12550 12700 12450 18720
2014.10.23  12900 12400 12900 12400 36903
2014.10.24  12750 13000 13050 12650 23603
2014.10.27  12850 12800 12950 12750 26205
2014.10.28  13050 12800 13150 12800 27848
2014.10.29  13500 13150 13550 13100 62752
2014.10.30  13300 13500 13600 13150 17233
2014.10.31  13150 13350 13400 13150 17731
2014.11.03  13700 13300 13800 13200 52587
2014.11.04  13500 13700 13750 13300 23275
2014.11.05  13500 13700 13900 13300 28962
2014.11.06  13650 13450 13750 13400 18318
2014.11.07  13650 13500 13800 13400 11476
2014.11.10  13400 13700 13700 13200 24342
2014.11.11  13600 13250 13700 13250 44360
2014.11.12  13800 13700 13950 13400 46656
2014.11.13  14000 13800 14350 13800 64016
2014.11.14  13800 14100 14200 13400 36181
2014.11.17  13900 14050 14050 13650 42692
2014.11.18  13900 13800 13950 13700 19590
2014.11.19  13900 14000 14000 13800 40487
2014.11.20  14250 13850 14350 13750 203757
2014.11.21  14100 14250 14250 14000 24877
2014.11.24  13750 14100 14250 13100 179139
2014.11.25  13950 13750 14000 13450 65665
2014.11.26  13750 13950 13950 13750 33842
2014.11.27  13500 13900 13900 13400 35156
2014.11.28  13500 13400 13650 13100 26237
2014.12.01  13200 13600 13600 13150 27263
2014.12.02  13550 13200 13600 13000 31364
2014.12.03  13600 13600 13800 13500 19829
2014.12.04  13800 13850 13850 13600 23712
2014.12.05  13550 13850 13850 13450 22172
2014.12.08  13900 13600 14100 13550 59198
2014.12.09  13700 13900 14050 13650 33268
2014.12.10  13200 13750 13750 12900 129177
2014.12.11  13150 13050 13200 12800 50904
2014.12.12  13150 13200 13350 13050 37703
2014.12.15  13400 13000 13400 13000 27625
2014.12.16  13350 13450 13700 13300 32255
2014.12.17  13150 13350 13350 12800 37992
2014.12.18  12950 13200 13200 12300 99028
2014.12.19  13100 12950 13100 12550 42500
2014.12.22  13000 13100 13200 12900 16789
2014.12.23  12800 13000 13050 12550 53671
2014.12.24  12750 12750 12850 12600 15548
2014.12.26  13100 12750 13250 12750 34689
2014.12.29  13350 13100 13500 13000 28370
2014.12.30  13250 13500 13500 13200 22970
2015.01.02  13350 13400 13450 12900 36187
2015.01.05  13500 13450 13800 13300 73111
2015.01.06  13350 13500 13550 13250 24232
2015.01.07  13300 13400 13550 13050 61113
2015.01.08  14000 13300 14200 13050 303309
2015.01.09  16100 14300 16100 14050 862146
2015.01.12  17200 16500 18100 16150 1131566
2015.01.13  17900 17200 18050 16850 704474
2015.01.14  20000 18800 20550 18450 1306509
2015.01.15  20350 19700 21250 19500 814802
2015.01.16  20350 0 0 0 0
2015.01.19  19850 21000 21350 19850 296397
2015.01.20  20900 19950 20900 19850 202978
2015.01.21  22300 21400 22300 20900 252553
2015.01.22  20750 21800 22700 19850 701809
2015.01.23  22000 21500 23350 21250 773485
2015.01.26  21900 22550 22650 20700 406686
2015.01.27  22050 21700 22100 20950 276831
2015.01.28  20700 22000 22000 20400 389263
2015.01.29  20600 20400 21000 20150 230466
2015.01.30  20400 20950 21750 20250 250566
2015.02.02  21300 20500 21300 20050 144770
2015.02.03  21000 21300 21350 20650 121531
2015.02.04  24150 20850 24150 20700 727359
2015.02.05  23950 23950 24250 23200 341510
2015.02.06  24350 24100 24550 23550 324092
2015.02.09  23500 24350 24800 23050 332068
2015.02.10  23000 23800 23800 21900 300392
2015.02.11  23250 23550 23800 22900 159074
2015.02.12  23250 23200 24050 23000 152043
2015.02.13  22600 23400 23600 22400 192182
2015.02.16  21300 22600 22700 21300 214108
2015.02.17  22950 21600 23400 21500 274797
2015.02.23  23300 23500 24000 23000 171352
2015.02.24  23500 23350 23650 22750 120933
2015.02.25  22050 23450 23800 22050 170017
2015.02.26  22350 22050 22650 21650 74077
2015.02.27  22200 22500 22650 21900 73370
2015.03.02  20900 22200 22350 20500 229073
2015.03.03  21000 20900 21300 20500 114615
2015.03.04  21650 21000 22300 20500 166868
2015.03.05  20950 21650 22000 20700 131405
2015.03.06  21500 20950 21900 20850 115196
2015.03.09  22450 21600 22900 21350 159474
2015.03.10  22700 22750 23100 22000 135273
2015.03.11  23900 22450 24000 22100 237999
2015.03.12  27450 23900 27450 23900 728046
2015.03.13  27600 27650 27850 26500 375438
2015.03.16  26100 27700 27700 26000 280788
2015.03.17  26600 26300 26650 25650 192720
2015.03.18  25000 26100 26850 24850 417716
2015.03.19  25000 25350 25600 24500 299807
2015.03.20  25800 25000 26000 24400 265824
2015.03.23  25200 26300 26500 25000 191734
2015.03.24  25200 25050 25350 24750 72981
2015.03.25  26950 25600 27100 25150 258945
2015.03.26  26150 26500 27100 25950 141673
2015.03.27  25500 26150 26400 24800 153857
2015.03.30  25750 25800 26850 25600 104542
2015.03.31  26250 25850 27350 25500 207044
2015.04.01  29500 26400 29600 26200 429517
2015.04.02  29350 29600 29800 28550 192911
2015.04.03  27800 29200 29200 27250 255686
2015.04.06  27900 27700 28650 27350 122427
2015.04.07  27550 28100 28250 27500 84632
2015.04.08  26850 27700 27800 26800 96028
2015.04.09  27550 27000 28700 27000 171527
2015.04.10  27000 27850 28400 26600 162751
2015.04.13  25550 27000 27100 25300 244820
2015.04.14  24900 25500 25700 24400 256985
2015.04.15  25400 25150 25700 24950 128286
2015.04.16  26000 25450 26000 24600 104259
2015.04.17  26500 25900 27300 25800 121212
2015.04.20  26150 26000 27000 25850 99577
2015.04.21  25950 26600 26600 25400 92773
2015.04.22  25500 25950 26250 23900 213828
2015.04.23  24000 25400 25450 23500 145098
2015.04.24  24450 24400 25050 23350 163146
2015.04.27  27050 24450 27250 24450 243822
2015.04.28  26900 27250 27300 26000 127373
2015.04.29  25850 27000 27100 25850 129250
2015.04.30  24850 25250 25850 24750 105038
2015.05.04  25350 25400 25950 24400 87444
2015.05.06  27850 24950 29050 24900 444788
2015.05.07  28050 27800 28450 26500 251134
2015.05.08  30900 28150 31950 28050 675926
2015.05.11  34150 31550 35150 31250 568501
2015.05.12  33550 34150 34600 32850 267661
2015.05.13  35000 33600 35700 33050 239733
2015.05.14  40250 35700 40250 33800 862995
2015.05.15  46250 43200 46250 43000 232166
2015.05.18  49100 47500 51700 44050 742622
2015.05.19  47050 47950 49900 46950 378529
2015.05.20  50200 46500 50200 46200 243237
2015.05.21  47300 50400 51200 47300 174409
2015.05.22  45200 46800 49800 43950 402910
2015.05.26  45250 45400 46950 44000 151430
2015.05.27  46300 45050 47300 44100 147354
2015.05.28  44600 46600 47400 43700 163158
2015.05.29  44600 44050 46200 44050 138346
2015.06.01  42500 44350 44600 42250 153058
2015.06.02  43000 42500 45800 42450 316745
2015.06.03  43950 42700 44500 42300 143247
2015.06.04  45350 44600 47000 44150 229726
2015.06.05  44400 45600 45700 43150 154822
2015.06.08  46400 45200 46400 44350 136264
2015.06.09  48700 46700 51000 46000 439698
2015.06.10  46150 48700 49200 46150 192540
2015.06.11  42900 46200 46500 42000 326614
2015.06.12  42500 43800 43900 41800 218708
2015.06.15  45000 42900 49500 41550 329392
2015.06.16  42900 45500 45950 41650 181612
2015.06.17  43750 43000 44050 42300 99253
2015.06.18  42750 44250 44550 42700 91543
2015.06.19  47350 43300 48400 43200 235278
2015.06.22  47050 48450 48450 45400 163288
2015.06.23  56300 48000 60200 47400 730871
2015.06.24  57000 56500 59100 55800 269609
2015.06.25  60400 58100 61100 55500 255912
2015.06.26  61400 59800 66900 59800 358061
2015.06.29  39000 40000 41850 38950 161302
2015.06.30  39900 39000 40300 37150 146598
2015.07.01  37400 39850 40000 37400 240902
2015.07.02  38150 37500 39650 37500 177882
2015.07.03  37050 38150 38200 35900 237112
2015.07.06  34150 35500 36450 34150 217397
2015.07.07  35000 34800 35950 34000 166652
2015.07.08  35650 35450 36350 33750 148192
2015.07.09  34750 35100 35600 33250 125496
2015.07.10  33650 34500 34900 33600 86046
2015.07.13  36900 34300 38900 34150 363703
2015.07.14  37050 37200 37500 35800 116079
2015.07.15  35400 37500 37700 35200 117093
2015.07.16  35900 35700 36750 34550 77343
2015.07.17  34600 35000 35800 34600 197452
2015.07.20  35300 34550 36400 33700 135026
2015.07.21  35800 36500 38450 35600 243062
2015.07.22  36750 36200 37600 36000 157208
2015.07.23  36400 36750 37650 36100 101710
2015.07.24  35550 36550 36900 35050 133312
2015.07.27  33850 35500 35500 33800 154556
2015.07.28  34350 33000 34700 32100 144435
2015.07.29  32100 34550 34900 32100 91468
2015.07.30  31700 32600 33200 30150 158072
2015.07.31  34500 31300 34750 31050 130497
2015.08.03  33050 34300 35050 33050 78470
2015.08.04  35000 33000 35750 33000 148117
2015.08.05  35900 35000 36450 34450 126783
2015.08.06  35800 35950 36500 35150 78650
2015.08.07  35800 35700 36900 35400 80741
2015.08.10  35350 35850 37300 35250 129328
2015.08.11  33600 35400 36300 33600 129837
2015.08.12  32850 33300 34100 30900 147723
2015.08.13  33950 32500 34650 32500 105606
2015.08.17  23800 33950 34300 23800 979206
2015.08.18  24300 25200 26400 23500 1196039
2015.08.19  23300 23500 24200 21450 596518
2015.08.20  22400 23450 23900 22300 341733
2015.08.21  20000 20200 21550 18900 725846
2015.08.24  18950 20000 21050 18500 443654
2015.08.25  21250 19650 22200 19050 520668
2015.08.26  22450 21200 23100 21200 458615
2015.08.27  22650 23150 23750 22150 288637
2015.08.28  22350 23300 23400 21950 311544
2015.08.31  23250 22500 23350 21800 295656
2015.09.01  24350 23450 25800 23000 655052
2015.09.02  27800 24600 30350 24000 943003
2015.09.03  27900 28800 29350 26900 411888
2015.09.04  25350 28100 28350 25300 358703
2015.09.07  26150 25300 27000 24300 378626
2015.09.08  26800 25850 27400 25550 251645
2015.09.09  27050 27500 27550 26800 183744
2015.09.10  28000 26650 29300 26250 307769
2015.09.11  27850 28000 28500 27550 143198
2015.09.14  26600 28000 28300 26600 125445
2015.09.15  26900 26600 28000 26400 102332
2015.09.16  26900 27300 27500 26700 96523
2015.09.17  26700 27150 27250 25850 132484
2015.09.18  27500 27000 28150 26800 160196
2015.09.21  28000 27100 28000 27100 100391
2015.09.22  28000 28250 29050 27700 125308
2015.09.23  26700 27650 27800 26700 120067
2015.09.24  27050 26900 27700 26850 91896
2015.09.25  25800 27000 27050 25550 173398
2015.09.30  26150 25100 26500 24750 81915
2015.10.01  26800 26600 26850 26250 71020
2015.10.02  27000 27100 27350 26550 67470
2015.10.05  27000 27200 27500 26300 85094
2015.10.06  26250 27150 27150 26200 93801
2015.10.07  26250 26550 27150 25700 94181
2015.10.08  26100 26400 26500 25800 77162
2015.10.12  26500 26200 26600 25900 58073
2015.10.13  26000 26550 26600 25600 63908
2015.10.14  25000 26000 26000 24850 127339
2015.10.15  27700 24650 28000 24650 326322
2015.10.16  27700 28100 28350 27250 141493
2015.10.19  29600 28350 30000 28000 235331
2015.10.20  31750 30300 31800 30150 234710
2015.10.21  30550 32050 32450 30550 150738
2015.10.22  30400 30100 31500 29850 120911
2015.10.23  30700 31000 31200 30500 67755
2015.10.26  28850 30600 31250 28850 175085
2015.10.27  29700 29350 30000 28600 92619
2015.10.28  28900 30000 30000 28900 90746
2015.10.29  29500 29350 30650 29000 135600
2015.10.30  28100 29400 29400 27700 134247
2015.11.02  27700 28300 29000 27700 105038
2015.11.03  28550 27900 28850 27600 96259
2015.11.04  27800 28850 28950 27750 72601
2015.11.05  28500 27800 28500 27800 56349
2015.11.06  26700 28200 28450 26500 203916
2015.11.09  26200 26700 27150 25500 120605
2015.11.10  23950 25900 26200 23850 188479
2015.11.11  26250 24000 26350 24000 136424
2015.11.12  26150 26400 26450 25150 61196
2015.11.13  25650 25500 26100 25200 89224
2015.11.16  22650 22200 23900 22050 330422
2015.11.17  23450 22900 23950 22900 93588
2015.11.18  22950 23800 23850 22950 69501
2015.11.19  22750 23350 23350 22650 111559
2015.11.20  23500 22800 23600 22750 60903
2015.11.23  23700 23800 24350 23150 91159
2015.11.24  23950 23400 23950 23200 41103
2015.11.25  23500 24200 24250 23500 55337
2015.11.26  23950 23700 24250 23400 61592
2015.11.27  24050 23950 24200 23600 38783
2015.11.30  23400 24050 24050 22850 102657
2015.12.01  23950 23400 24100 23300 55888
2015.12.02  23200 23950 24100 23200 47401
2015.12.03  23350 23200 23500 22900 51157
2015.12.04  23750 23200 23950 23000 71036
2015.12.07  26000 23800 28100 23800 423835
2015.12.08  25450 26150 26200 24700 111975
2015.12.09  24700 25550 25650 24300 98248
2015.12.10  24400 24600 25300 23650 83951
2015.12.11  25200 24450 25400 23900 92939
2015.12.14  24650 24400 25000 24150 70818
2015.12.15  24400 25000 25500 24400 85003
2015.12.16  24400 24450 25150 24400 92402
2015.12.17  25700 24650 26300 24550 216660
2015.12.18  27100 25550 27400 25200 174870
2015.12.21  28400 26950 28450 26600 175927
2015.12.22  28400 28650 29300 27900 120475
2015.12.23  28150 28900 29800 28150 171190
2015.12.24  28900 28600 29400 28550 88368
2015.12.28  27800 29200 29800 27800 175759
2015.12.29  28350 27850 29050 27850 105249
2015.12.30  31000 28500 31100 28500 282671
2016.01.04  30800 31300 32050 30800 228820
2016.01.05  32900 30400 33350 30350 346003
2016.01.06  33450 34000 34350 31500 357385
2016.01.07  33250 33500 33750 31650 249707
2016.01.08  32700 32350 33100 31800 229056
2016.01.11  31200 32250 32900 31150 236898
2016.01.12  32400 31500 33200 31350 252979
2016.01.13  32450 33000 33050 32150 131466
2016.01.14  31350 31350 32050 30700 210843
2016.01.15  30750 31850 32450 30550 192616
2016.01.18  29400 30150 30400 29350 178804
2016.01.19  29450 29500 30150 28450 169537
2016.01.20  28900 29750 30400 28600 185908
2016.01.21  28450 29300 29350 28250 105676
2016.01.22  30000 29200 30650 28500 341696
2016.01.25  29800 29950 30600 29400 123849
2016.01.26  28650 29900 30300 28650 121113
2016.01.27  27600 28700 29000 27400 193776
2016.01.28  28250 27600 28650 27550 82753
2016.01.29  27750 28250 28500 27300 127457
2016.02.01  27500 27550 28050 27250 114911
2016.02.02  28700 27850 29200 27450 208496
2016.02.03  28500 28700 29150 28300 121147
2016.02.04  27900 28700 29000 27450 136985
2016.02.05  27950 27950 29000 27450 109901
2016.02.11  25200 27250 27250 25050 204690
2016.02.12  25100 24500 25500 23650 261310
2016.02.15  25650 25100 26150 24850 130671
2016.02.16  25500 26500 26500 25100 146459
2016.02.17  25750 25600 26400 25450 115304
2016.02.18  26100 26350 26400 25600 112984
2016.02.19  26900 25850 26950 25800 130012
2016.02.22  28350 27000 28700 26300 217527
2016.02.23  26700 28700 28700 26700 234069
2016.02.24  24800 26150 26250 24700 348216
2016.02.25  24600 24900 25600 24300 178864
2016.02.26  25600 25000 25650 25000 128624
2016.02.29  24900 25400 25400 24650 140272
2016.03.02  25650 25150 25800 25100 115568
2016.03.03  25400 25800 25850 25300 80819
2016.03.04  26150 25750 26500 25550 100407
2016.03.07  25950 26350 26700 25650 92690
2016.03.08  25250 26000 26200 25100 96883
2016.03.09  25800 25250 25850 25200 65514
2016.03.10  25150 26000 26000 25000 118558
2016.03.11  25500 25100 26050 24900 145269
2016.03.14  25800 25850 26250 25700 78655
2016.03.15  25350 25650 25950 25200 71002
2016.03.16  24900 25300 25300 24700 102477
2016.03.17  24600 25000 25100 24550 79570
2016.03.18  25500 24650 25850 24650 117204
2016.03.21  25550 25800 25850 25350 68637
2016.03.22  25200 25750 25750 24900 75125
2016.03.23  25350 25100 25450 25100 62543
2016.03.24  24950 25450 25450 24900 70017
2016.03.25  24850 24950 25200 24800 57766
2016.03.28  24100 25000 25050 24100 113146
2016.03.29  24500 23850 24500 23800 105569
2016.03.30  24000 24300 24550 24000 87199
2016.03.31  23750 24000 24250 23750 83567
2016.04.01  23400 23750 24100 23150 119662
2016.04.04  24350 23200 24600 23200 113754
2016.04.05  24450 24350 25000 23950 68449
2016.04.06  23950 24350 24650 23700 96904
2016.04.07  23850 24150 24200 23650 48050
2016.04.08  23900 23850 23950 23600 41166
2016.04.11  24500 23900 24500 23800 53711
2016.04.12  24100 24300 24500 24050 36743
2016.04.14  23100 24300 24300 22950 203703
2016.04.15  23050 23050 23400 22600 95750
2016.04.18  22750 23050 23250 22750 80210
2016.04.19  23100 22850 23200 22700 64535
2016.04.20  23500 23100 23700 23100 111310
2016.04.21  23350 23600 23650 23200 41326
2016.04.22  23350 23300 23550 23250 60853
2016.04.25  24550 23450 24550 23250 172679
2016.04.26  23650 24650 24650 23550 114585
2016.04.27  23300 23800 23800 23100 83278
2016.04.28  23350 23800 24500 23350 168396
2016.04.29  24150 23250 24150 22800 118031
2016.05.02  23650 24300 24350 23650 89840
2016.05.03  23600 23700 24250 23600 87018
2016.05.04  22850 23400 23550 22800 167850
2016.05.09  21700 22650 22800 21700 156619
2016.05.10  21900 21900 21950 20700 188441
2016.05.11  21100 22100 22150 21050 130654
2016.05.12  20600 21100 21250 20300 199925
2016.05.13  20600 20800 21100 20400 170018
2016.05.16  18800 18150 19300 17750 590407
2016.05.17  18650 19150 19250 18300 207134
2016.05.18  18350 18550 18650 17900 172077
2016.05.19  18600 19400 20300 18500 371665
2016.05.20  18100 18600 18800 17950 207656
2016.05.23  17650 18150 18200 17350 246331
2016.05.24  17650 17650 17950 17350 112157
2016.05.25  17450 17800 18400 17450 163044
2016.05.26  17400 17400 17700 17350 109857
2016.05.27  17700 17400 17850 17350 90804
2016.05.30  17000 17600 17700 17000 153887
2016.05.31  17350 17000 17350 16900 76040
2016.06.01  17600 17300 17650 17050 109953
2016.06.02  17050 17650 17700 17000 119602
2016.06.03  16150 17050 17100 16100 319840
2016.06.07  15300 16100 16150 15300 400585
2016.06.08  15350 15250 15700 15250 243685
2016.06.09  15600 15450 16200 15400 292316
2016.06.10  16000 15550 16500 15500 147345
2016.06.13  15400 15900 15900 15400 87767
2016.06.14  15150 15300 15600 15150 84365
2016.06.15  15600 15200 15900 15150 95295
2016.06.16  14300 15750 15750 14300 294363
2016.06.17  13950 14450 14800 13650 247205
2016.06.20  14250 14100 14450 14000 101749
2016.06.21  14100 14150 14300 13800 95982
2016.06.22  14400 14150 14700 14100 72606
2016.06.23  13850 14250 14350 13700 115757
2016.06.24  12700 14150 14200 12500 349055
2016.06.27  13050 12250 13200 12200 139202
2016.06.28  13550 12800 13700 12800 120093
2016.06.29  16400 13600 17150 13450 1915575
2016.06.30  15600 16300 16450 15500 469241
2016.07.01  15700 15800 16300 15350 300865
2016.07.04  15800 15600 16300 15600 237942
2016.07.05  15350 15750 15750 15350 130676
2016.07.06  14400 15150 15300 14300 279380
2016.07.07  15450 14600 15450 14550 201606
2016.07.08  15450 15600 15850 14950 166958
2016.07.11  15450 15500 15650 15150 88041
2016.07.12  16600 15650 16900 15500 619503
2016.07.13  16500 16600 16700 16150 197857
2016.07.14  17750 16500 17750 15950 557739
2016.07.15  17200 17750 18000 17200 280416
2016.07.18  17350 17200 17500 16850 152116
2016.07.19  17650 17250 18300 17150 435080
2016.07.20  16950 17750 17750 16900 231628
2016.07.21  17200 17250 17750 17050 145951
2016.07.22  16800 17300 17450 16650 140395
2016.07.25  16150 16800 16800 16150 170416
2016.07.26  16750 16250 16900 16250 124098
2016.07.27  16800 16800 17400 16650 150735
2016.07.28  17200 16900 17300 16800 132676
2016.07.29  16950 17400 17700 16950 165104
2016.08.01  16650 17000 17000 16500 99752
2016.08.02  17450 16700 17600 16600 227500
2016.08.03  17150 17500 18300 16950 620032
2016.08.04  18900 17300 19000 17050 1017389
2016.08.05  18700 18900 19300 18400 432493
2016.08.08  18800 18900 19050 18450 207029
2016.08.09  19100 18950 19300 18500 302482
2016.08.10  18150 19300 19350 18150 325569
2016.08.11  18050 18200 18650 17650 325948
2016.08.12  19150 18200 19450 17850 464279
2016.08.16  19800 19150 19800 18800 351562
2016.08.17  19550 19600 20250 18750 485766
2016.08.18  22400 19450 24550 19100 3817343
2016.08.19  22900 23000 23500 22050 1110815
2016.08.22  23100 22900 23350 22350 646816
2016.08.23  22200 23400 23900 22150 627305
2016.08.24  21350 22500 22900 21200 476306
2016.08.25  21500 21350 22450 21150 433154
2016.08.26  20300 21200 21350 20300 332576
2016.08.29  20050 20450 20900 20050 224464
2016.08.30  20350 20200 20700 20050 143722
2016.08.31  19050 20250 20650 18550 408069
2016.09.01  18450 18850 19150 18450 216939
2016.09.02  18500 18450 18850 18300 154218
2016.09.05  19500 18700 19500 18650 212865
2016.09.06  20300 19500 20550 19500 266708
2016.09.07  19150 20300 20600 19150 181740
2016.09.08  18800 19150 19400 18500 157938
2016.09.09  18450 18800 18950 17950 120841
2016.09.12  20100 17750 20550 17700 482559
2016.09.13  24950 20350 24950 20000 1804517
2016.09.19  24950 25200 25550 23250 692969
2016.09.20  24500 25150 25550 24100 249680
2016.09.21  24950 24700 25550 23300 410888
2016.09.22  23850 25500 26200 23850 421927
2016.09.23  23000 24200 24550 23000 268372
2016.09.26  22400 22750 23700 22300 240058
2016.09.27  22750 22200 23450 22000 224979
2016.09.28  22700 22900 24300 22450 432446
2016.09.29  22550 23050 23150 22450 105396
2016.09.30  22900 22400 24100 21750 253500
2016.10.04  22900 23100 23350 22600 93334
2016.10.05  22500 22850 22900 22400 80663
2016.10.06  22600 22500 23250 22400 113095
2016.10.07  22300 22700 22850 22250 83504
2016.10.10  20350 21800 22150 20000 482439
2016.10.11  20650 20300 21550 20100 225774
2016.10.12  21200 20600 21300 20350 114336
2016.10.13  20700 21500 21500 20700 47946
2016.10.14  21150 20600 21200 20500 70382
2016.10.17  20900 21050 21300 20600 59940
2016.10.18  20900 20700 21050 20550 64722
2016.10.19  21300 20900 21350 20800 80208
2016.10.20  20700 21500 21600 20650 65492
2016.10.21  20350 20650 20950 20350 47988
2016.10.24  20150 20400 20950 19750 81168
2016.10.25  19400 20200 20600 19400 91564
2016.10.26  19850 19200 20200 19150 103574
2016.10.27  20800 19900 21100 19900 93352
2016.10.28  20550 21000 21400 20550 81091
2016.10.31  20000 20250 20400 19550 56527
2016.11.01  19850 19700 20200 19650 45834
2016.11.02  18700 19850 19900 18700 86929
2016.11.03  18700 18350 19150 18350 43977
2016.11.04  19050 19100 19450 18650 50497
2016.11.07  19800 19050 19800 19050 44959
2016.11.08  19900 20300 20450 19700 57680
2016.11.09  18600 20100 20200 17550 184150
2016.11.10  18800 18900 19600 18750 71258
2016.11.11  18450 18650 18850 18250 48280
2016.11.14  17700 17950 18400 17500 126106
2016.11.15  17750 18500 19350 17750 196915
2016.11.16  18150 17800 18200 17550 92885
2016.11.17  17800 17950 18150 17700 56407
2016.11.18  17050 17800 18000 16850 127938
2016.11.21  15900 16900 16900 15900 133485
2016.11.22  16250 15850 16250 15550 91800
2016.11.23  15950 16250 16400 15850 65078
2016.11.24  15200 15950 16100 15200 104189
2016.11.25  15450 15150 15800 15100 68085
2016.11.28  15200 15550 15650 15200 59868
2016.11.29  15000 15000 15450 14900 98481
2016.11.30  14400 15000 15100 14250 92431
2016.12.01  14750 14400 15000 13800 109270
2016.12.02  14750 14600 15000 14500 46860
2016.12.05  13850 14650 14650 13850 64901
2016.12.06  14400 14000 14850 14000 64379
2016.12.07  14450 14500 14850 14300 36429
2016.12.08  14900 14550 15000 14550 49914
2016.12.09  15400 14750 15400 14750 63505
2016.12.12  15400 15400 15450 15250 64232
2016.12.13  15400 15400 15550 15200 83360
2016.12.14  16200 15500 17000 15500 333591
2016.12.15  16350 16100 16350 15850 74955
2016.12.16  16000 16250 16350 15650 158606
2016.12.19  16200 15850 16500 15700 74870
2016.12.20  16400 16100 16500 16100 73137
2016.12.21  16300 16350 16450 16100 52507
2016.12.22  16700 16250 16700 16150 61137
2016.12.23  16900 16600 17300 16500 105497
2016.12.26  16650 17100 17200 16550 66196
2016.12.27  17800 16700 18000 16450 123735
2016.12.28  18250 17750 18450 17450 114275
2016.12.29  18900 18350 19300 18050 130623
2017.01.02  19000 18750 19250 18650 67399
2017.01.03  18650 19300 19300 18150 114772
2017.01.04  17950 18700 18800 17950 105124
2017.01.05  17950 18200 18800 17950 109339
2017.01.06  18350 18250 18500 17950 86720
2017.01.09  17800 18300 18400 17650 74402
2017.01.10  18100 17800 19000 17800 284609
2017.01.11  20200 18350 20400 17950 610352
2017.01.12  19450 20300 20400 19400 214685
2017.01.13  19100 19500 19750 18850 135561
2017.01.16  18200 19150 19150 18150 117579
2017.01.17  18000 18250 18550 17900 93194
2017.01.18  18300 18200 18550 17400 164451
2017.01.19  18650 18550 19250 18400 121054
2017.01.20  18950 18550 19000 18300 75819
2017.01.23  19450 18950 19650 18700 168858
2017.01.24  19650 19800 20350 19500 209179
2017.01.25  21100 19700 21350 19700 471777
2017.01.26  21600 21250 22200 20700 293477
2017.01.31  21550 21800 22000 21200 107437
2017.02.01  21450 21400 21700 21000 78295
2017.02.02  20300 21350 21450 20300 174961
2017.02.03  20900 20300 21250 20200 165217
2017.02.06  22800 20650 23050 20650 665073
2017.02.07  23200 23050 24250 22750 716133
2017.02.08  23850 23400 23850 22900 202253
2017.02.09  23250 23800 23950 23200 144082
2017.02.10  23000 22500 23950 22450 262988
2017.02.13  23900 23500 24350 23000 257222
2017.02.14  23800 23900 24600 23500 190573
2017.02.15  24700 23800 25000 23400 211650
2017.02.16  24500 24900 24900 24100 131923
2017.02.17  24200 24000 25000 23850 115208
2017.02.20  24100 24350 24400 23700 130291
2017.02.21  23750 24050 24350 23100 253396
2017.02.22  23300 23800 23800 23200 105955
2017.02.23  21850 23300 23600 21550 313970
2017.02.24  21950 21700 22500 21600 229211
2017.02.27  21950 22100 22150 20900 229201
2017.02.28  21550 21950 22300 21550 57575
2017.03.02  22200 21700 22600 21600 151740
2017.03.03  21750 22200 22400 21200 133612
2017.03.06  23000 21850 23100 21500 143644
2017.03.07  22950 23100 23200 22500 91698
2017.03.08  23100 22800 23250 22550 58451
2017.03.09  22600 23450 23450 22600 63769
2017.03.10  23050 22600 23100 22150 62016
2017.03.13  22900 23150 23550 22900 96996
2017.03.14  22650 23250 23250 22500 88481
2017.03.15  21900 22550 22800 21650 114116
2017.03.16  21600 22300 22300 21400 105097
2017.03.17  21600 21500 22500 21000 186873
2017.03.20  21250 21850 21850 21250 65183
2017.03.21  21150 21500 21850 21100 70482
2017.03.22  22800 21200 22950 21200 333081
2017.03.23  22550 22950 22950 22300 128073
2017.03.24  23350 22800 23750 22400 168644
2017.03.27  23100 23850 24300 23000 204905
2017.03.28  22950 23400 23650 22800 132633
2017.03.29  23150 23050 23350 22800 70966
2017.03.30  22850 23500 23550 22700 86652
2017.03.31  22700 23100 23300 22500 70541
2017.04.03  22800 22600 22850 22150 121708
2017.04.04  22750 22700 22850 22250 92373
2017.04.05  24350 22850 24350 22850 395036
2017.04.06  24400 24350 24550 23850 159164
2017.04.07  25450 24600 25600 24050 267617
2017.04.10  25850 25950 26500 25350 376563
2017.04.11  25750 26100 27300 25100 241785
2017.04.12  25800 25850 25850 25300 103702
2017.04.13  25050 25700 25900 24800 163204
2017.04.14  24300 25200 25700 24300 165419
2017.04.17  24950 24500 25200 24200 110262
2017.04.18  25300 25050 25300 24400 124428
2017.04.19  24800 25200 25300 24650 92433
2017.04.20  23350 24650 24800 23250 300411
2017.04.21  23500 23450 24250 23000 201092
2017.04.24  23050 23650 23750 22800 124746
2017.04.25  23700 23150 23900 23150 135004
2017.04.26  22850 23950 23950 22800 264345
2017.04.27  22600 22650 23200 22400 102811
2017.04.28  22450 22800 23100 22450 91819
2017.05.02  22550 22300 23050 21950 136145
2017.05.04  22650 22750 22800 22400 89116
2017.05.08  22800 22650 22850 22250 107151
2017.05.10  22050 23000 23050 21850 204329
2017.05.11  21550 21950 22200 21150 243393
2017.05.12  21150 21800 21800 21000 188293
2017.05.15  22550 21600 22850 21550 351819
2017.05.16  21300 23250 23250 21150 466082
2017.05.17  21600 21100 21650 20950 153345
2017.05.18  20700 21100 21300 20400 249702
2017.05.19  21200 20800 21350 20650 137490
2017.05.22  20650 21350 21350 20600 130879
2017.05.23  20500 20650 20750 19900 248335
2017.05.24  21550 20450 21550 20450 222046
2017.05.25  21600 21500 21700 21250 132664
2017.05.26  22100 21550 22450 21550 194347
2017.05.29  21800 22050 22050 21600 108266
2017.05.30  22500 22000 22550 21550 156084
2017.05.31  22300 22800 22800 22100 122865
2017.06.01  21600 22200 22300 21600 176040
2017.06.02  22050 23050 23100 22050 369631
2017.06.05  22050 22300 22400 21900 98766
2017.06.07  22850 21900 22950 21900 275990
2017.06.08  23050 22850 23100 22450 136231
2017.06.09  23500 23400 23650 23050 220057
2017.06.12  22800 23200 23300 22750 110305
2017.06.13  22350 22800 23100 22150 136171
2017.06.14  22250 22300 22750 22150 88554
2017.06.15  22400 22300 22750 22150 85129
2017.06.16  22300 22300 22900 22150 149172
2017.06.19  22450 22200 22800 22200 72100
2017.06.20  21200 22700 22900 21150 253826
2017.06.21  21300 21200 21700 20850 74129
2017.06.22  21350 21550 21850 21300 58292
2017.06.23  21400 21350 21650 21150 56736
2017.06.26  21200 21400 21700 21000 78676
2017.06.27  20700 21050 21050 20400 482755
2017.06.28  20750 20600 21400 20600 151420
2017.06.29  20850 20850 21250 20550 86156
2017.06.30  20900 20850 21050 20600 46825
2017.07.03  20450 21200 21200 20450 62980
2017.07.04  20250 20650 20650 20200 63236
2017.07.05  20700 20250 20800 20250 63729
2017.07.06  20600 20700 20900 20350 41298
2017.07.07  20050 20550 20550 20050 75221
2017.07.10  20850 20100 21000 19200 286142
2017.07.11  21600 20850 22000 20800 324262
2017.07.12  21300 21750 21750 21150 102049
2017.07.13  21150 21300 21850 20900 139650
2017.07.14  21350 21100 21650 21000 77145
2017.07.17  20700 21700 21700 20600 82693
2017.07.18  21500 20550 21800 20550 164596
2017.07.19  22150 21700 22350 21500 159463
2017.07.20  22200 22150 22400 21950 85336
2017.07.21  22050 22350 22350 21800 44655
2017.07.24  22200 22150 22550 21750 106282
2017.07.25  21150 22200 22200 21050 155191
2017.07.26  20600 21200 21350 20250 123118
2017.07.27  20400 20700 20950 20150 51622
2017.07.28  19550 20550 20550 19500 125132
2017.07.31  19150 19550 19600 18850 82280
2017.08.01  19250 19350 19850 19150 53804
2017.08.02  19700 19450 19800 19250 55576
2017.08.03  18700 19550 19650 18650 94345
2017.08.04  18600 18700 18850 18150 69235
2017.08.07  19300 18700 19750 18650 77196
2017.08.08  19800 19200 19850 19200 52844
2017.08.09  19150 19750 19750 19000 51183
2017.08.10  19100 19350 19400 18650 59128
2017.08.11  18150 18800 18950 18150 67105
2017.08.14  19200 18400 19250 18400 96113
2017.08.16  18300 18350 18850 17950 243845
2017.08.17  18750 18300 18850 18300 60319
2017.08.18  18350 18500 18650 18300 84675
2017.08.21  17700 18250 18450 17650 165013
2017.08.22  17850 17550 18050 17550 68061
2017.08.23  17850 18150 18200 17850 54291
2017.08.24  18200 18250 18400 18050 66153
2017.08.25  18150 18100 18400 18100 44173
2017.08.28  18000 18100 18300 17900 32910
2017.08.29  17750 17900 17950 17650 52259
2017.08.30  17950 17750 18250 17750 44440
2017.08.31  17700 17950 18000 17550 48692
2017.09.01  18050 17700 18200 17650 58896
