2009.11.10  3450 4055 4065 3450 2201085
2009.11.11  3350 3460 3725 3285 1014490
2009.11.12  3245 3450 3475 3235 458172
2009.11.13  3285 3235 3390 3235 471103
2009.11.16  3135 3315 3340 2990 522742
2009.11.17  3025 3170 3195 3015 241410
2009.11.18  2855 3050 3145 2855 338384
2009.11.19  2860 2875 2915 2825 249906
2009.11.20  3150 2855 3245 2850 705412
2009.11.23  2975 3200 3200 2975 281792
2009.11.24  2975 3010 3090 2940 127106
2009.11.25  2925 2965 3010 2870 100924
2009.11.26  2895 2970 3030 2895 135773
2009.11.27  2785 2905 2915 2725 132578
2009.11.30  2900 2850 2940 2795 86129
2009.12.01  2845 2930 2995 2840 106002
2009.12.02  2915 2850 3035 2850 177888
2009.12.03  3010 2990 3095 2935 141293
2009.12.04  3060 3040 3180 2995 260660
2009.12.07  3065 3135 3170 3060 162756
2009.12.08  3065 3120 3125 3060 116977
2009.12.09  3150 3050 3160 3045 120489
2009.12.10  3250 3150 3400 3130 271301
2009.12.11  3320 3255 3370 3205 151809
2009.12.14  3285 3355 3355 3255 88795
2009.12.15  3270 3325 3375 3260 100389
2009.12.16  3250 3305 3315 3220 107967
2009.12.17  3240 3340 3340 3225 90694
2009.12.18  3240 3265 3280 3200 83357
2009.12.21  3200 3240 3285 3200 128154
2009.12.22  3200 3200 3225 3170 74045
2009.12.23  3135 3205 3215 3130 108131
2009.12.24  3180 3135 3210 3120 70354
2009.12.28  3225 3255 3255 3140 52648
2009.12.29  3220 3110 3220 3090 50407
2009.12.30  3115 3205 3205 3070 70534
2010.01.04  3070 3115 3115 3050 83714
2010.01.05  3045 3080 3100 3030 98360
2010.01.06  3115 3150 3150 2980 65267
2010.01.07  3245 3095 3320 3050 237562
2010.01.08  3295 3250 3350 3215 171483
2010.01.11  3400 3305 3450 3305 162162
2010.01.12  3390 3440 3440 3280 107008
2010.01.13  3475 3400 3530 3330 157095
2010.01.14  3680 3410 3830 3410 230468
2010.01.15  3785 3730 3890 3620 173420
2010.01.18  3770 3770 3805 3680 138530
2010.01.19  3760 3795 3850 3675 76780
2010.01.20  3940 3710 4070 3710 232897
2010.01.21  4000 3885 4130 3800 119383
2010.01.22  3855 3900 4030 3705 136870
2010.01.25  3690 3800 3855 3550 74070
2010.01.26  3590 3720 3720 3430 82935
2010.01.27  3500 3520 3675 3450 105739
2010.01.28  3510 3495 3520 3405 26211
2010.01.29  3290 3480 3480 3230 60692
2010.02.01  3330 3390 3390 3185 16876
2010.02.02  3330 3360 3360 3235 31107
2010.02.03  3435 3335 3450 3295 24039
2010.02.04  3425 3350 3450 3320 15991
2010.02.05  3350 3370 3370 3155 35694
2010.02.08  3320 3400 3400 3150 28270
2010.02.09  3290 3175 3320 3160 25285
2010.02.10  3280 3250 3335 3195 34812
2010.02.11  3320 3380 3380 3225 22988
2010.02.12  3620 3370 3760 3265 85570
2010.02.16  3845 3650 4120 3500 1002586
2010.02.17  3665 3845 3975 3650 307149
2010.02.18  3800 3670 3930 3670 178380
2010.02.19  3590 3700 3790 3565 143684
2010.02.22  3700 3625 3745 3625 57684
2010.02.23  3780 3700 3930 3670 221229
2010.02.24  4000 3750 4030 3700 185088
2010.02.25  3855 4060 4100 3855 135263
2010.02.26  3860 3945 3950 3755 70729
2010.03.02  3785 3860 3895 3770 73069
2010.03.03  3745 3810 3950 3745 81065
2010.03.04  3725 3745 3760 3600 112032
2010.03.05  3680 3730 3775 3655 55943
2010.03.08  3800 3725 4000 3655 66707
2010.03.09  3800 3750 3870 3750 63037
2010.03.10  3900 3840 3900 3765 85995
2010.03.11  3865 3900 4030 3830 167408
2010.03.12  3870 3890 3985 3810 44369
2010.03.15  3750 3870 3875 3705 85344
2010.03.16  3700 3720 3810 3670 78664
2010.03.17  3700 3750 3810 3680 69588
2010.03.18  3710 3720 3755 3650 75615
2010.03.19  3805 3695 3805 3680 31930
2010.03.22  3740 3805 3810 3710 33127
2010.03.23  3705 3750 3790 3690 32537
2010.03.24  3615 3720 3720 3615 44272
2010.03.25  3635 3615 3650 3540 32337
2010.03.26  3585 3640 3665 3550 33528
2010.03.29  3510 3515 3610 3510 59265
2010.03.30  3540 3545 3635 3510 16341
2010.03.31  3575 3580 3580 3520 19939
2010.04.01  3585 3575 3620 3560 20400
2010.04.02  3600 3700 3700 3530 17592
2010.04.05  3465 3550 3660 3410 42000
2010.04.06  3430 3455 3570 3425 32384
2010.04.07  3440 3440 3530 3400 31546
2010.04.08  3455 3440 3500 3415 13441
2010.04.09  3470 3500 3530 3435 20649
2010.04.12  3475 3470 3600 3470 31087
2010.04.13  3460 3575 3575 3440 36057
2010.04.14  3520 3490 3545 3460 49190
2010.04.15  3600 3560 3620 3525 30561
2010.04.16  3585 3630 3630 3520 27088
2010.04.19  3485 3585 3585 3470 17559
2010.04.20  3550 3700 3700 3500 28409
2010.04.21  3610 3625 3625 3565 12807
2010.04.22  3645 3595 3690 3520 51247
2010.04.23  3625 3640 3700 3600 31698
2010.04.26  3630 3630 3660 3570 18189
2010.04.27  3540 3615 3650 3535 44788
2010.04.28  3520 3530 3540 3490 40510
2010.04.29  3475 3560 3565 3475 22767
2010.04.30  3475 3500 3565 3440 15424
2010.05.03  3415 3425 3495 3395 14497
2010.05.04  3475 3420 3595 3420 8476
2010.05.06  3480 3390 3525 3370 13891
2010.05.07  3400 3400 3435 3000 11564
2010.05.10  3450 3320 3450 3320 10669
2010.05.11  3395 3535 3535 3180 11183
2010.05.12  3350 3380 3420 3315 26519
2010.05.13  3360 3335 3400 3290 38392
2010.05.14  3295 3360 3385 3280 28159
2010.05.17  3190 3250 3345 3100 74951
2010.05.18  3080 3150 3195 3000 70643
2010.05.19  3115 3005 3125 3005 26150
2010.05.20  3010 3130 3140 2940 43693
2010.05.24  3035 2915 3075 2915 67823
2010.05.25  2830 2980 3150 2735 48865
2010.05.26  3025 2900 3025 2770 50237
2010.05.27  3180 2935 3250 2935 23149
2010.05.28  3240 3245 3315 3130 9977
2010.05.31  3235 3295 3350 3070 11279
2010.06.01  3090 3150 3205 3090 27435
2010.06.03  3125 3155 3155 3075 16985
2010.06.04  3070 3125 3125 3030 13636
2010.06.07  3000 2945 3105 2940 13869
2010.06.08  3100 2995 3105 2965 3497
2010.06.09  3055 3120 3280 3015 23006
2010.06.10  3135 3030 3170 3030 32343
2010.06.11  3160 3250 3250 3130 12104
2010.06.14  3180 3200 3200 3110 1905
2010.06.15  3190 3160 3200 3130 6658
2010.06.16  3215 3255 3255 3150 11453
2010.06.17  3225 3230 3230 3155 21085
2010.06.18  3225 3280 3280 3100 11624
2010.06.21  3195 3175 3275 3175 10565
2010.06.22  3295 3290 3400 3185 18348
2010.06.23  3420 3220 3440 3220 19747
2010.06.24  3415 3425 3425 3300 12747
2010.06.25  3370 3390 3400 3330 10247
2010.06.28  3300 3415 3415 3300 3068
2010.06.29  3250 3375 3375 3250 1875
2010.06.30  3200 3200 3280 3200 1907
2010.07.01  3105 3390 3390 3100 5578
2010.07.02  3070 3125 3195 3000 17613
2010.07.05  3090 3070 3230 3070 4892
2010.07.06  3155 3090 3250 3090 12754
2010.07.07  3135 3130 3195 3130 13305
2010.07.08  3180 3135 3245 3135 19052
2010.07.09  3185 3150 3230 3150 6214
2010.07.12  3185 3160 3200 3110 9112
2010.07.13  3170 3130 3190 3130 3134
2010.07.14  3160 3215 3215 3130 8088
2010.07.15  3220 3100 3250 3090 30490
2010.07.16  3155 3130 3175 3110 6640
2010.07.19  3200 3170 3200 3140 8401
2010.07.20  3190 3200 3245 3110 11131
2010.07.21  3235 3125 3290 3125 23154
2010.07.22  3190 3230 3230 3095 22142
2010.07.23  3200 3150 3240 3150 10268
2010.07.26  3135 3200 3200 3135 5676
2010.07.27  3080 3150 3180 3030 25710
2010.07.28  3050 3080 3100 3030 6318
2010.07.29  2940 3040 3120 2920 30400
2010.07.30  2940 3170 3170 2925 12825
2010.08.02  2880 2950 2985 2880 35781
2010.08.03  2940 2870 3045 2870 26165
2010.08.04  2945 2940 2965 2900 12348
2010.08.05  2885 2945 2950 2885 15555
2010.08.06  2920 2885 2960 2885 7490
2010.08.09  2940 2950 2950 2900 2304
2010.08.10  2950 2945 2995 2925 8375
2010.08.11  3045 2960 3095 2960 16663
2010.08.12  3050 3045 3120 2960 9568
2010.08.13  3035 3030 3050 2930 12832
2010.08.16  2910 2950 3110 2890 13465
2010.08.17  3005 2915 3005 2900 11896
2010.08.18  2990 3050 3065 2970 7561
2010.08.19  2995 3010 3010 2935 9066
2010.08.20  2965 2990 3000 2915 12447
2010.08.23  2945 2915 2980 2910 14090
2010.08.24  2930 2990 2990 2895 6028
2010.08.25  2920 2925 2950 2900 20894
2010.08.26  2975 2980 2980 2900 22705
2010.08.27  2900 2960 2995 2855 1120
2010.08.30  2880 2960 2960 2780 3398
2010.08.31  2935 2880 2960 2870 4419
2010.09.01  2950 2940 2965 2820 14787
2010.09.02  2895 2965 2965 2865 11804
2010.09.03  2865 2895 2895 2820 24614
2010.09.06  2850 2805 2880 2805 17487
2010.09.07  2830 2870 2870 2820 9133
2010.09.08  2830 2855 2860 2815 16777
2010.09.09  2825 2825 2840 2800 14138
2010.09.10  2850 2785 2870 2785 6132
2010.09.13  2915 2850 2970 2850 20730
2010.09.14  2950 2900 3000 2900 10972
2010.09.15  2955 2955 3010 2950 7847
2010.09.16  2970 3000 3030 2970 13177
2010.09.17  2920 3000 3035 2900 10219
2010.09.20  2920 2970 2975 2920 4357
2010.09.24  3015 2935 3030 2925 8570
2010.09.27  3010 3020 3075 3010 31404
2010.09.28  3030 2980 3045 2915 9074
2010.09.29  2985 3050 3050 2985 7711
2010.09.30  2985 2995 2995 2935 2227
2010.10.01  3000 3025 3025 2885 8438
2010.10.04  3010 3025 3025 2960 2615
2010.10.05  2985 2945 2990 2945 655
2010.10.06  2975 2955 3030 2950 15554
2010.10.07  2990 3000 3050 2955 20941
2010.10.08  2960 2960 2990 2950 7213
2010.10.11  2985 2950 2985 2935 8508
2010.10.12  2980 2985 3060 2920 5473
2010.10.13  2955 2925 2980 2925 14848
2010.10.14  2950 2955 3000 2950 9832
2010.10.15  2990 3010 3010 2930 11033
2010.10.18  2970 2970 3015 2945 3149
2010.10.19  2950 2965 2990 2945 7880
2010.10.20  2980 2965 2980 2910 9184
2010.10.21  2970 3045 3045 2925 10278
2010.10.22  2945 2990 2990 2940 6923
2010.10.25  2950 2990 2990 2940 12456
2010.10.26  2955 2950 3000 2950 26533
2010.10.27  2940 3000 3000 2930 53682
2010.10.28  2950 2930 2985 2930 10290
2010.10.29  2990 2935 3025 2935 26029
2010.11.01  3090 3015 3180 3015 52467
2010.11.02  3050 3190 3190 2950 19742
2010.11.03  3030 3030 3120 3005 17548
2010.11.04  3120 3030 3150 3005 17066
2010.11.05  3055 3170 3170 3030 11225
2010.11.08  3040 3130 3150 2985 16504
2010.11.09  3020 2980 3045 2980 8524
2010.11.10  3020 2955 3035 2955 3218
2010.11.11  3025 2975 3025 2970 14651
2010.11.12  2900 2975 3055 2865 29515
2010.11.15  2940 2900 3025 2900 5203
2010.11.16  2875 3000 3000 2805 33453
2010.11.17  2840 2805 2875 2805 5182
2010.11.18  2920 2855 3015 2850 1702
2010.11.19  2950 2980 2980 2900 2412
2010.11.22  2910 2990 2990 2900 5182
2010.11.23  2870 2900 2975 2840 16391
2010.11.24  2855 2785 2870 2755 4281
2010.11.25  2880 2950 2950 2850 409
2010.11.26  2825 2950 2950 2775 9916
2010.11.29  2790 2860 2860 2750 11304
2010.11.30  2845 2800 2900 2790 1219
2010.12.01  2845 2875 2895 2800 1966
2010.12.02  2810 2920 2920 2810 16789
2010.12.03  2810 2775 2820 2770 7625
2010.12.06  2740 2780 2830 2735 14769
2010.12.07  2785 2840 2840 2735 1807
2010.12.08  2770 2760 2800 2735 8417
2010.12.09  2785 2745 2790 2745 13658
2010.12.10  2725 2795 2800 2725 15777
2010.12.13  2735 2735 2800 2735 12533
2010.12.14  2775 2780 2800 2720 22546
2010.12.15  2760 2800 2800 2750 5391
2010.12.16  2755 2760 2795 2750 2984
2010.12.17  2770 2755 2795 2740 11964
2010.12.20  2705 2775 2775 2660 8037
2010.12.21  2730 2695 2755 2690 13488
2010.12.22  2730 2715 2745 2695 6044
2010.12.23  2710 2705 2720 2680 9497
2010.12.24  2720 2705 2730 2680 4304
2010.12.27  2785 2680 2800 2680 6884
2010.12.28  2765 2730 2850 2730 7643
2010.12.29  2775 2820 2835 2755 1280
2010.12.30  2775 2785 2785 2735 636
2011.01.03  2800 2780 2800 2775 1116
2011.01.04  2815 2800 2850 2760 11400
2011.01.05  2900 2850 2955 2810 23619
2011.01.06  2890 2915 2950 2865 8086
2011.01.07  2850 2890 2900 2840 9613
2011.01.10  2770 2840 2875 2765 13225
2011.01.11  2700 2775 2820 2675 37827
2011.01.12  2725 2750 2750 2685 11924
2011.01.13  2810 2710 2810 2710 21492
2011.01.14  2810 2855 2855 2775 5550
2011.01.17  2805 2840 2840 2775 2873
2011.01.18  2785 2830 2835 2740 15034
2011.01.19  2800 2755 2830 2750 5210
2011.01.20  2745 2755 2845 2745 3014
2011.01.21  2690 2710 2750 2690 6358
2011.01.24  2670 2735 2735 2670 3570
2011.01.25  2720 2650 2800 2650 4737
2011.01.26  2720 2780 2780 2665 5363
2011.01.27  2715 2685 2740 2685 20978
2011.01.28  2680 2730 2730 2680 2930
2011.01.31  2695 2680 2700 2645 3480
2011.02.01  2695 2685 2720 2680 3414
2011.02.07  2690 2780 2780 2655 3543
2011.02.08  2650 2700 2700 2650 770
2011.02.09  2650 2655 2690 2635 2406
2011.02.10  2640 2585 2660 2585 528
2011.02.11  2585 2555 2645 2555 3956
2011.02.14  2525 2585 2585 2510 2562
2011.02.15  2345 2480 2520 2345 31649
2011.02.16  2260 2345 2355 2230 26755
2011.02.17  2270 2315 2335 2215 11532
2011.02.18  2155 2050 2190 2030 180533
2011.02.21  2210 2180 2290 2170 27790
2011.02.22  2175 2215 2215 2135 6009
2011.02.23  2165 2110 2190 2110 8767
2011.02.24  2125 2110 2165 2090 5964
2011.02.25  2120 2125 2150 2100 13250
2011.02.28  2100 2100 2145 2090 9848
2011.03.02  2080 2080 2095 2000 14171
2011.03.03  2110 2110 2140 2080 7199
2011.03.04  2150 2100 2180 2085 36221
2011.03.07  2240 2185 2435 2155 32754
2011.03.08  2250 2240 2325 2205 8105
2011.03.09  2350 2295 2375 2280 2819
2011.03.10  2350 2400 2430 2305 10042
2011.03.11  2355 2385 2385 2325 759
2011.03.14  2300 2270 2395 2200 3709
2011.03.15  2145 2290 2420 2100 8303
2011.03.16  2160 2160 2280 2140 3678
2011.03.17  2170 2205 2205 2085 3873
2011.03.18  2160 2120 2200 2120 4908
2011.03.21  2160 2165 2200 2120 14993
2011.03.22  2480 2160 2480 2150 120961
2011.03.23  2345 2630 2850 2345 374921
2011.03.24  2370 2350 2410 2260 59294
2011.03.25  2725 2415 2725 2345 431092
2011.03.28  2750 2790 3120 2700 558902
2011.03.29  2630 2900 2900 2480 206173
2011.03.30  2585 2725 2725 2495 165370
2011.03.31  2645 2585 2685 2575 49874
2011.04.01  2560 2645 2690 2550 42091
2011.04.04  2530 2565 2605 2485 64895
2011.04.05  2500 2575 2580 2495 48574
2011.04.06  2585 2485 2630 2485 75126
2011.04.07  2655 2610 2830 2575 100325
2011.04.08  2590 2720 2780 2585 95033
2011.04.11  2475 2590 2590 2455 100381
2011.04.12  2425 2510 2510 2400 54916
2011.04.13  2400 2425 2475 2400 19660
2011.04.14  2360 2445 2450 2350 44109
2011.04.15  2445 2355 2500 2355 31975
2011.04.18  2550 2500 2585 2460 38525
2011.04.19  2470 2525 2620 2470 27205
2011.04.20  2840 2475 2840 2435 207359
2011.04.21  2780 2840 2860 2775 98013
2011.04.22  2770 2765 2880 2760 68727
2011.04.25  2745 2850 2850 2745 42539
2011.04.26  2640 2800 2800 2625 52396
2011.04.27  2675 2640 2800 2610 49820
2011.04.28  2530 2800 2800 2530 33013
2011.04.29  2530 2490 2635 2490 33221
2011.05.02  2515 2535 2600 2410 22707
2011.05.03  2510 2485 2545 2465 20893
2011.05.04  2510 2475 2670 2475 13103
2011.05.06  2490 2525 2555 2460 12295
2011.05.09  2490 2460 2545 2450 4956
2011.05.11  2470 2615 2615 2455 17749
2011.05.12  2420 2475 2475 2400 25974
2011.05.13  2410 2395 2435 2365 24378
2011.05.16  2410 2410 2465 2380 17582
2011.05.17  2180 2335 2340 2145 86592
2011.05.18  2145 2170 2240 2120 39819
2011.05.19  2115 2140 2180 2115 27325
2011.05.20  2070 2050 2140 2050 18797
2011.05.23  2095 2030 2115 2030 25854
2011.05.24  2120 2095 2140 2055 5611
2011.05.25  2105 2100 2165 2055 8742
2011.05.26  2130 2180 2180 2065 11881
2011.05.27  2145 2105 2215 2105 6098
2011.05.30  2080 2105 2195 2080 7235
2011.05.31  2180 2100 2230 2090 9079
2011.06.01  2150 2175 2225 2140 5334
2011.06.02  2105 2080 2185 2080 4461
2011.06.03  2080 2180 2180 2075 9039
2011.06.07  2240 2150 2390 2150 257910
2011.06.08  2130 2240 2240 2115 37494
2011.06.09  2140 2105 2215 2105 17883
2011.06.10  2155 2225 2230 2155 9587
2011.06.13  2145 2155 2295 2120 24631
2011.06.14  2240 2120 2240 2085 21728
2011.06.15  2240 2270 2300 2175 54904
2011.06.16  2200 2240 2240 2170 15964
2011.06.17  2165 2285 2285 2140 19882
2011.06.20  2145 2260 2260 2135 4232
2011.06.21  2165 2170 2170 2100 7880
2011.06.22  2130 2265 2265 2120 18514
2011.06.23  2080 2120 2195 2080 11908
2011.06.24  2080 2110 2110 2040 17629
2011.06.27  2150 2050 2150 2035 14954
2011.06.28  2140 2115 2165 2110 5061
2011.06.29  2110 2155 2155 2045 8230
2011.06.30  2150 2110 2295 2110 33875
2011.07.01  2125 2250 2250 2100 11452
2011.07.04  2085 2160 2160 2080 15544
2011.07.05  2125 2140 2140 2090 6310
2011.07.06  2160 2130 2230 2080 37808
2011.07.07  2250 2195 2295 2140 57120
2011.07.08  2185 2210 2360 2185 79135
2011.07.11  2190 2195 2245 2160 24517
2011.07.12  2180 2155 2195 2130 53003
2011.07.13  2200 2245 2245 2170 13025
2011.07.14  2175 2225 2325 2135 51425
2011.07.15  2200 2170 2210 2155 180683
2011.07.18  2185 2200 2210 2180 129238
2011.07.19  2255 2190 2290 2190 102863
2011.07.20  2275 2280 2280 2225 20148
2011.07.21  2240 2275 2275 2200 61125
2011.07.22  2235 2250 2270 2225 17259
2011.07.25  2220 2235 2250 2170 35321
2011.07.26  2230 2215 2280 2190 25808
2011.07.27  2185 2240 2240 2180 58472
2011.07.28  2180 2180 2195 2170 10318
2011.07.29  2170 2200 2210 2145 34169
2011.08.01  2170 2220 2220 2160 27360
2011.08.02  2140 2170 2180 2130 25663
2011.08.03  2130 2110 2140 2075 28277
2011.08.04  2145 2120 2220 2020 36190
2011.08.05  2050 2045 2120 2005 28286
2011.08.08  1820 1995 2070 1815 23100
2011.08.09  1795 1600 1900 1550 76887
2011.08.10  1710 1940 1940 1705 134912
2011.08.11  1745 1650 1780 1600 56855
2011.08.12  1755 1980 1980 1755 84860
2011.08.16  1860 1800 1900 1785 19689
2011.08.17  1885 1880 1980 1845 24876
2011.08.18  1885 1900 1935 1790 31960
2011.08.19  1745 1820 1835 1740 14173
2011.08.22  1700 1950 1950 1700 11494
2011.08.23  1700 1705 1760 1655 112520
2011.08.24  1730 1705 1850 1690 82674
2011.08.25  1785 1780 1820 1725 18657
2011.08.26  1790 1785 1790 1725 15990
2011.08.29  1800 1765 1830 1750 35622
2011.08.30  1800 1795 1825 1775 12386
2011.08.31  1815 1810 1860 1770 7346
2011.09.01  1815 1815 1840 1810 17415
2011.09.02  1800 1815 1825 1780 4496
2011.09.05  1760 1795 1795 1710 4513
2011.09.06  1630 1750 1760 1620 26582
2011.09.07  1690 1690 1705 1650 16061
2011.09.08  1675 1695 1720 1635 12609
2011.09.09  1670 1675 1685 1650 9724
2011.09.14  1640 1665 1665 1600 3966
2011.09.15  1640 1630 1665 1605 15613
2011.09.16  1635 1645 1680 1635 8380
2011.09.19  1685 1700 1765 1645 2918
2011.09.20  1710 1700 1720 1650 3156
2011.09.21  1790 1680 1790 1680 2824
2011.09.22  1795 1790 1805 1710 17781
2011.09.23  1710 1725 1790 1650 29451
2011.09.26  1485 1710 1710 1455 23517
2011.09.27  1530 1600 1600 1500 6752
2011.09.28  1530 1595 1595 1500 5234
2011.09.29  1540 1495 1540 1450 7514
2011.09.30  1520 1550 1570 1485 15659
2011.10.04  1495 1490 1505 1450 7537
2011.10.05  1410 1470 1520 1385 19691
2011.10.06  1445 1425 1465 1425 3504
2011.10.07  1515 1490 1550 1445 30775
2011.10.10  1485 1500 1560 1475 27766
2011.10.11  1490 1500 1530 1485 4485
2011.10.12  1480 1520 1520 1480 6813
2011.10.13  1525 1490 1555 1490 14861
2011.10.14  1590 1525 1635 1500 35710
2011.10.17  1715 1590 1825 1570 223124
2011.10.18  1650 1670 1730 1635 30315
2011.10.19  1760 1690 1795 1630 14913
2011.10.20  1660 1760 1765 1620 77740
2011.10.21  1725 1670 1750 1665 6969
2011.10.24  1790 1820 1840 1705 13404
2011.10.25  1735 1815 1815 1700 26275
2011.10.26  1750 1790 1790 1710 8270
2011.10.27  1775 1760 1790 1735 20645
2011.10.28  1770 1815 1815 1740 8917
2011.10.31  1775 1800 1825 1750 5554
2011.11.01  1775 1715 1785 1715 1723
2011.11.02  1745 1775 1810 1690 25923
2011.11.03  1725 1800 1800 1725 11846
2011.11.04  1980 1800 1980 1735 489309
2011.11.07  1830 1985 2010 1830 357826
2011.11.08  1720 1830 1865 1720 85730
2011.11.09  1735 1740 1755 1695 45881
2011.11.10  1580 1680 1720 1560 72511
2011.11.11  1670 1620 1685 1600 21145
2011.11.14  1695 1670 1720 1650 10818
2011.11.15  1660 1705 1715 1650 9446
2011.11.16  1690 1670 1735 1650 3225
2011.11.17  1685 1715 1715 1635 12326
2011.11.18  1625 1630 1660 1610 20149
2011.11.21  1615 1630 1645 1575 17101
2011.11.22  1615 1615 1645 1590 13111
2011.11.23  1590 1615 1640 1530 31046
2011.11.24  1590 1590 1640 1575 11618
2011.11.25  1590 1600 1670 1585 7037
2011.11.28  1585 1575 1655 1560 13662
2011.11.29  1630 1620 1695 1595 12988
2011.11.30  1640 1670 1670 1590 18171
2011.12.01  1645 1640 1745 1635 6777
2011.12.02  1650 1650 1690 1645 6320
2011.12.05  1665 1695 1745 1665 1641
2011.12.06  1660 1745 1780 1650 12363
2011.12.07  1905 1740 1905 1700 470491
2011.12.08  1735 1925 1955 1650 394223
2011.12.09  1700 1715 1770 1685 73003
2011.12.12  1685 1735 1770 1670 80170
2011.12.13  1680 1685 1695 1660 20231
2011.12.14  1675 1680 1715 1660 18389
2011.12.15  1745 1665 1745 1635 57572
2011.12.16  1725 1715 1750 1690 22566
2011.12.19  1625 1710 1750 1580 47047
2011.12.20  1665 1635 1700 1625 4611
2011.12.21  1730 1705 1780 1660 46492
2011.12.22  1695 1730 1750 1660 25393
2011.12.23  1740 1695 1755 1680 29724
2011.12.26  1755 1750 1825 1725 33639
2011.12.27  1760 1770 1785 1705 26930
2011.12.28  1810 1795 1810 1715 107962
2011.12.29  1600 2080 2080 1600 1099183
2012.01.02  1725 1685 1795 1675 253366
2012.01.03  1770 1700 1810 1655 186775
2012.01.04  1855 1790 1860 1715 57663
2012.01.05  1790 1890 1890 1750 81284
2012.01.06  1870 1790 1890 1740 110490
2012.01.09  1810 1870 1915 1800 115131
2012.01.10  1870 1850 1875 1795 25515
2012.01.11  1780 1840 1855 1765 52367
2012.01.12  1765 1780 1810 1750 25426
2012.01.13  1825 1770 1825 1750 38407
2012.01.16  1780 1765 1800 1750 56956
2012.01.17  1795 1770 1865 1770 77410
2012.01.18  1770 1795 1825 1760 28665
2012.01.19  1800 1765 1820 1765 15112
2012.01.20  1760 1820 1820 1760 23808
2012.01.25  1765 1770 1790 1755 4039
2012.01.26  1765 1780 1780 1740 10818
2012.01.27  1745 1765 1800 1735 9526
2012.01.30  1765 1745 1800 1735 2799
2012.01.31  1730 1745 1770 1710 23128
2012.02.01  1745 1730 1775 1715 10412
2012.02.02  1825 1755 1870 1735 59042
2012.02.03  1785 1825 1825 1775 7550
2012.02.06  1740 1770 1800 1725 42798
2012.02.07  1775 1745 1785 1745 20723
2012.02.08  1790 1760 1820 1760 40570
2012.02.09  1825 1795 1830 1775 27106
2012.02.10  1900 1815 1950 1810 54056
2012.02.13  1875 1865 1895 1840 14211
2012.02.14  1895 1875 1915 1865 27463
2012.02.15  2175 1985 2175 1940 555555
2012.02.16  2500 2500 2500 2395 723123
2012.02.17  2875 2875 2875 2875 88568
2012.02.20  3305 3305 3305 3305 33479
2012.02.21  3800 3800 3800 3800 41917
2012.02.22  4370 4370 4370 4370 1279682
2012.02.23  5020 5000 5020 4850 524034
2012.02.24  5770 5690 5770 4410 13431452
2012.02.27  5390 5800 6630 5140 11072486
2012.02.28  6190 5160 6190 4910 6704664
2012.02.29  6300 6610 7110 6070 6467967
2012.03.02  5820 6300 6780 5750 2645826
2012.03.05  5140 5570 5700 4955 2480556
2012.03.06  4660 4985 5020 4445 1691603
2012.03.07  4700 4500 5120 4450 3091853
2012.03.08  4600 4690 4770 4450 885849
2012.03.09  4850 4690 5290 4425 2545304
2012.03.12  5290 4920 5560 4750 2798547
2012.03.13  5800 5290 5930 5140 3567555
2012.03.14  5230 5580 6050 5180 1763378
2012.03.15  5600 5160 5930 4955 2028624
2012.03.16  5720 5500 6000 5320 2044153
2012.03.19  6570 5960 6570 5930 935612
2012.03.20  7550 7550 7550 7550 258456
2012.03.21  8680 8000 8680 7430 5334757
2012.03.22  8950 8530 9670 8260 8358308
2012.03.23  9160 9200 9750 8450 5138054
2012.03.26  8290 8700 9080 7910 2105951
2012.03.27  9530 8130 9530 7600 2614407
2012.03.28  9530 9530 10300 9070 3598157
2012.03.29  9940 9890 10500 9450 1910914
2012.03.30  9000 10050 11150 9000 2827115
2012.04.02  9230 8990 9700 8780 1507021
2012.04.03  8690 9220 9490 8550 1340741
2012.04.04  8800 8660 9140 8360 1588193
2012.04.05  9420 8750 9900 8100 2071622
2012.04.06  9660 10050 10350 9050 1538021
2012.04.09  8220 9640 9640 8220 1301324
2012.04.10  6990 7560 8450 6990 4536564
2012.04.12  7020 6820 7780 6800 2721112
2012.04.13  7740 7020 7900 6730 2217225
2012.04.16  8200 7620 8900 7450 2783719
2012.04.17  7660 8100 8450 7600 1482665
2012.04.18  7400 7800 7970 7300 1070515
2012.04.19  7620 7510 8200 7260 2039195
2012.04.20  6930 7620 7770 6800 1461166
2012.04.23  6730 6910 7300 6550 1345047
2012.04.24  6470 6730 6940 6160 1290526
2012.04.25  6640 6600 7210 6550 3025983
2012.04.26  6220 6640 6930 5850 1552439
2012.04.27  6320 6280 6700 6000 1943035
2012.04.30  6510 6360 6820 6190 3638957
2012.05.02  6240 6550 6610 6200 1076853
2012.05.03  6040 6190 6490 6040 1467563
2012.05.04  5750 5880 5970 5580 1091398
2012.05.07  5600 5650 5920 5580 793553
2012.05.08  5460 5650 5870 5430 743792
2012.05.09  6270 5530 6270 5460 4132473
2012.05.10  5770 6430 6550 5660 2393416
2012.05.11  5250 5820 5820 5100 1328941
2012.05.14  4930 5250 5430 4925 796396
2012.05.15  4900 4800 5140 4545 889861
2012.05.16  4860 4925 5140 4700 381847
2012.05.17  4960 4860 5030 4770 506307
2012.05.18  4550 4830 4850 4460 421856
2012.05.21  4755 4550 4755 4520 363718
2012.05.22  5070 4830 5340 4730 1425482
2012.05.23  4825 5020 5100 4755 393716
2012.05.24  5540 4855 5540 4815 1324975
2012.05.25  5800 5800 5890 5570 2730935
2012.05.29  6010 5880 6350 5870 2175450
2012.05.30  5540 6050 6080 5540 1109702
2012.05.31  6370 5500 6370 5420 2490492
2012.06.01  6800 6590 7290 6420 4064306
2012.06.04  6510 6530 7360 6510 3239669
2012.06.05  6570 6690 6990 6400 2171951
2012.06.07  6780 6680 7210 6670 2845584
2012.06.08  7220 6890 7220 6710 2507417
2012.06.11  7190 7430 7630 7030 1935718
2012.06.12  7250 7190 7260 6870 1087525
2012.06.13  6500 7350 7370 6500 827167
2012.06.14  6500 6550 6750 6290 826449
2012.06.15  6300 6500 6620 6270 671715
2012.06.18  6540 6380 6590 6340 528630
2012.06.19  5910 6550 6780 5740 1376458
2012.06.20  6000 5950 6170 5840 635138
2012.06.21  5610 6080 6110 5540 492097
2012.06.22  6030 5540 6270 5400 956407
2012.06.25  5800 6020 6200 5800 413829
2012.06.26  6670 5750 6670 5710 1628701
2012.06.27  6750 6940 7160 6660 2861677
2012.06.28  6850 6780 7200 6680 1700391
2012.06.29  7870 7040 7870 6930 3079199
2012.07.02  8580 8000 9000 7750 3094338
2012.07.03  8950 8490 9600 8430 2941028
2012.07.04  8700 9050 9200 8570 1424476
2012.07.05  10000 8720 10000 8710 3183948
2012.07.06  9820 10250 10550 9560 2427933
2012.07.09  8900 10050 10200 8700 2252687
2012.07.10  8110 8900 9830 8030 4696962
2012.07.11  8360 8120 8500 7730 2443342
2012.07.12  8050 8340 8430 7830 903577
2012.07.13  8360 8030 8790 7850 2925688
2012.07.16  8850 8530 9080 8450 1653031
2012.07.17  10050 8850 10150 8630 4662722
2012.07.18  9220 9970 10300 9210 2401435
2012.07.19  8900 9380 9820 8620 1971628
2012.07.20  9010 9040 9130 8670 1094610
2012.07.23  9070 8850 9600 8830 1577818
2012.07.24  9120 9230 9500 9030 1333577
2012.07.25  8460 9130 9430 8110 1321505
2012.07.26  8220 8630 8770 8050 613068
2012.07.27  8240 8390 8600 8130 567556
2012.07.30  7900 8230 8340 7820 532615
2012.07.31  7570 7810 7960 7350 685243
2012.08.01  8420 7590 8650 7520 2152807
2012.08.02  8000 8420 8530 8000 628929
2012.08.03  8190 8100 8570 8000 968828
2012.08.06  8400 8270 8630 8210 811496
2012.08.07  8240 8330 8590 8060 729214
2012.08.08  8540 8350 8550 8200 758928
2012.08.09  8800 8700 9380 8640 2930277
2012.08.10  8640 8860 9000 8500 643215
2012.08.13  9070 9930 9930 9000 3055275
2012.08.14  8960 9070 9230 8850 954263
2012.08.16  8600 8300 8770 8150 1442368
2012.08.17  8510 8680 8900 8450 914711
2012.08.20  8650 8430 8650 8370 530884
2012.08.21  8710 8810 8890 8620 797974
2012.08.22  8480 8770 8770 8450 615759
2012.08.23  8620 8550 9320 8390 3027072
2012.08.24  8270 8600 8840 8250 1277518
2012.08.27  8200 8260 8480 8070 742531
2012.08.28  8490 8310 8490 8200 1021828
2012.08.29  8620 8540 9100 8460 1939032
2012.08.30  8360 8680 8760 8250 746770
2012.08.31  8650 8420 8980 8350 1300101
2012.09.03  8850 8600 8880 8570 877437
2012.09.04  8400 9480 9870 8400 2545570
2012.09.05  8350 8340 8560 8280 646670
2012.09.06  8230 8380 8480 8040 583089
2012.09.07  8190 8230 8430 8170 442126
2012.09.10  8180 8270 8320 8100 394404
2012.09.11  8480 8200 8480 8120 740798
2012.09.12  8700 8570 9170 8440 2565337
2012.09.13  8800 8730 9320 8410 2501537
2012.09.14  8670 8900 9300 8660 1556363
2012.09.17  9200 8750 9200 8670 1144875
2012.09.18  9290 9100 9690 8920 1802750
2012.09.19  9100 9390 9600 9090 817120
2012.09.20  8920 9100 9370 8830 761465
2012.09.21  9100 8920 9320 7660 1498642
2012.09.24  9000 9150 9480 8750 1296476
2012.09.25  8700 9000 9080 8450 547864
2012.09.26  8460 8610 9090 8200 836474
2012.09.27  7950 8430 8690 7880 551633
2012.09.28  8350 7890 8350 7890 378813
2012.10.02  8300 8690 8870 8300 439132
2012.10.04  8650 8320 8720 8320 458243
2012.10.05  8440 8570 8650 8400 311293
2012.10.08  8160 8470 8520 8090 312778
2012.10.09  7960 8160 8360 7700 405986
2012.10.10  7600 7960 8020 7600 209414
2012.10.11  7440 7520 7850 7220 275765
2012.10.12  7120 7440 7620 7120 260303
2012.10.15  6120 7120 7190 6060 876913
2012.10.16  6120 5920 6240 5630 516049
2012.10.17  5600 6120 6190 5600 260419
2012.10.18  5170 5700 5950 4920 571537
2012.10.19  5110 5120 5220 4735 271387
2012.10.22  5470 5000 5550 4900 237522
2012.10.23  5830 5550 6100 5550 1014560
2012.10.24  5870 5770 5870 5530 242772
2012.10.25  5760 5980 5990 5640 253014
2012.10.26  5320 5910 5960 5270 334027
2012.10.29  4850 5370 5370 4835 270877
2012.10.30  4800 4710 4980 4530 311242
2012.10.31  5520 4840 5520 4790 541151
2012.11.01  5760 5880 6340 5530 1814768
2012.11.02  5780 5700 5900 5490 653217
2012.11.05  6310 5910 6490 5900 923029
2012.11.06  6100 6200 6270 5950 507795
2012.11.07  6430 6150 6890 6030 1060542
2012.11.08  6560 6300 6780 6280 618470
2012.11.09  6150 6570 6840 6100 599722
2012.11.12  5770 6010 6040 5730 539396
2012.11.13  5050 5750 5820 5000 1305039
2012.11.14  5410 4975 5570 4910 969209
2012.11.15  4980 5350 5710 4980 527822
2012.11.16  4365 4900 5080 4235 661978
2012.11.19  5010 4495 5010 4430 398462
2012.11.20  5760 5560 5760 5530 555949
2012.11.21  5920 5950 6170 5650 2327863
2012.11.22  6800 6090 6800 5900 2994650
2012.11.23  7170 7280 7410 6850 2694217
2012.11.26  8240 7170 8240 7150 1619097
2012.11.27  7400 8050 8420 7110 2176869
2012.11.28  6830 7200 7290 6640 1107925
2012.11.29  6480 6830 7690 6150 2187796
2012.11.30  6500 6480 6820 6260 1428812
2012.12.03  5680 6700 6800 5530 1331277
2012.12.04  5130 5640 5640 4965 1246896
2012.12.05  4410 5240 5240 4370 1474384
2012.12.06  4750 4400 4955 4305 1626822
2012.12.07  4210 5090 5110 4080 1334483
2012.12.10  3580 4170 4170 3580 1067732
2012.12.11  3120 3450 3450 3045 2080766
2012.12.12  3210 3120 3420 3055 1517526
2012.12.13  3690 3150 3690 3100 1939575
2012.12.14  3900 3900 4170 3785 2458492
2012.12.17  3450 3855 3945 3410 1405757
2012.12.18  3450 3450 3740 3250 1163403
2012.12.20  3830 3250 3965 3110 2903500
2012.12.21  3760 3840 4150 3570 2286109
2012.12.24  4150 3760 4320 3750 2420169
2012.12.26  4405 4215 4655 4200 1746145
2012.12.27  4540 4370 4900 4230 1865040
2012.12.28  4665 4645 4875 4600 1570019
2013.01.02  4830 4870 4975 4755 975613
2013.01.03  4860 4930 5140 4620 2280570
2013.01.04  4845 4910 5070 4770 1256033
2013.01.07  4700 4845 5000 4700 608105
2013.01.08  4690 4745 4800 4620 609947
2013.01.09  4550 4750 4870 4550 1017562
2013.01.10  4835 4670 4835 4555 1053194
2013.01.11  5050 4935 5120 4845 1440700
2013.01.14  4740 4970 5000 4740 798522
2013.01.15  4515 4695 4855 4440 720258
2013.01.16  4800 4515 4940 4500 1035405
2013.01.17  4680 4810 4885 4625 554533
2013.01.18  5000 4710 5280 4710 3224943
2013.01.21  4955 5100 5300 4925 1451223
2013.01.22  4995 5020 5050 4815 737587
2013.01.23  5260 5080 5680 5040 3226488
2013.01.24  5240 5250 5460 5100 1252928
2013.01.25  5480 5260 5860 5150 2046038
2013.01.28  5360 5540 5740 5350 1655416
2013.01.29  5530 5460 5730 5370 1747183
2013.01.30  5250 5560 5680 5170 1164753
2013.01.31  5490 5310 5630 5250 1785666
2013.02.01  5250 5410 5480 5250 778193
2013.02.04  5290 5440 5550 5210 700437
2013.02.05  4970 5250 5340 4860 620115
2013.02.06  4980 5050 5230 4905 620917
2013.02.07  4835 5010 5050 4755 363818
2013.02.08  4840 4845 4980 4825 302837
2013.02.12  4780 4890 4925 4425 306417
2013.02.13  4880 4745 4895 4740 291929
2013.02.14  5610 4920 5610 4905 2836351
2013.02.15  5770 5830 5950 5590 3096237
2013.02.18  5970 5810 6260 5770 3149180
2013.02.19  5970 5970 6360 5830 2588563
2013.02.20  6150 6030 6150 5970 1328423
2013.02.21  5230 6050 6130 5230 2038948
2013.02.22  4900 5090 5260 4770 1725486
2013.02.25  4910 4935 5150 4900 726244
2013.02.26  4730 4820 4865 4610 534761
2013.02.27  4960 4730 5130 4675 891454
2013.02.28  5030 5040 5090 4920 607464
2013.03.04  4930 5030 5070 4925 303757
2013.03.05  5150 4980 5380 4915 1611505
2013.03.06  5310 5210 5350 5070 824644
2013.03.07  5110 5370 5420 5070 658522
2013.03.08  5080 5110 5160 5030 320089
2013.03.11  4905 5100 5130 4860 283892
2013.03.12  5010 4905 5160 4905 348371
2013.03.13  5000 5070 5120 4975 252984
2013.03.14  5160 5070 5180 4975 393146
2013.03.15  5070 5000 5350 4980 1021208
2013.03.18  4920 5120 5170 4920 413467
2013.03.19  4950 4925 5110 4920 474952
2013.03.20  4900 5030 5060 4880 196542
2013.03.21  4960 4935 5230 4920 530424
2013.03.22  5020 4960 5070 4955 179018
2013.03.25  5070 5060 5090 4995 186179
2013.03.26  5100 5090 5220 5050 585010
2013.03.27  5250 5100 5250 5010 398403
2013.03.28  5230 5240 5340 5150 407563
2013.03.29  5400 5180 5470 5180 1051511
2013.04.01  5250 5370 5450 5190 464035
2013.04.02  5170 5270 5340 5000 357353
2013.04.03  5120 5270 5270 5040 251999
2013.04.04  4845 5090 5100 4560 612609
2013.04.05  4590 5030 5130 4590 617287
2013.04.08  3905 4520 4535 3905 781966
2013.04.09  3735 3720 3935 3560 535723
2013.04.10  3930 3740 4130 3705 387054
2013.04.11  4180 4040 4225 3980 323209
2013.04.12  4110 4415 4415 4000 248127
2013.04.15  4075 4120 4200 4030 149006
2013.04.16  4020 4050 4135 3965 167517
2013.04.17  3845 4070 4070 3845 254833
2013.04.18  4420 4300 4420 4300 322256
2013.04.19  4265 5080 5080 4265 4054512
2013.04.22  4250 4310 4460 4165 867453
2013.04.23  4215 4295 4395 4195 503848
2013.04.24  4260 4250 4410 4180 565030
2013.04.25  4060 4340 4370 4010 414468
2013.04.26  4050 4120 4180 3960 314621
2013.04.29  4040 4065 4105 3995 121226
2013.04.30  3975 4060 4065 3970 210635
2013.05.02  4045 4000 4100 3960 173724
2013.05.03  3980 4055 4085 3965 133973
2013.05.06  4395 4005 4575 3985 2458598
2013.05.07  4205 4380 4385 4160 584475
2013.05.08  4350 4335 4730 4310 2429441
2013.05.09  4435 4350 4460 4270 653752
2013.05.10  4290 4490 4560 4290 399648
2013.05.13  4075 4220 4240 4075 344786
2013.05.14  4095 4095 4280 4075 254240
2013.05.15  4100 4115 4160 4090 130071
2013.05.16  4130 4120 4455 4115 641573
2013.05.20  4165 4160 4320 4105 333398
2013.05.21  4185 4180 4270 4135 149301
2013.05.22  4180 4240 4260 4180 127539
2013.05.23  4200 4180 4485 4170 575598
2013.05.24  4185 4200 4275 4180 142752
2013.05.27  4230 4260 4295 4195 112849
2013.05.28  4205 4210 4280 4190 133644
2013.05.29  3575 3720 3900 3575 1722224
2013.05.30  3570 3570 3630 3515 457503
2013.05.31  3700 3770 3770 3610 423371
2013.06.03  3510 3610 3685 3505 300658
2013.06.04  3475 3540 3630 3470 341144
2013.06.05  3225 3475 3520 3225 337426
2013.06.07  3080 3300 3300 3010 176263
2013.06.10  3115 3020 3170 3000 143349
2013.06.11  3020 3115 3145 3005 78523
2013.06.12  3010 2980 3090 2930 107029
2013.06.13  3460 3150 3460 3130 1738370
2013.06.14  3465 3355 3640 3355 2448477
2013.06.17  3170 3510 3530 3100 622455
2013.06.18  3380 3320 3645 3250 3059735
2013.06.19  3655 3550 3885 3520 2470706
2013.06.20  3540 3600 3665 3470 645866
2013.06.21  3380 3440 3455 3220 461360
2013.06.24  3480 3380 3750 3355 1390241
2013.06.25  3240 3435 3650 3240 729763
2013.06.26  3410 3325 3485 3300 344558
2013.06.27  3450 3465 3635 3450 479360
2013.06.28  3570 3515 3635 3510 336250
2013.07.01  3530 3570 3635 3505 379222
2013.07.02  3550 3570 3745 3435 1232311
2013.07.03  3050 3190 3335 3050 864715
2013.07.04  3210 3050 3210 3025 353355
2013.07.05  3160 3240 3380 3155 472592
2013.07.08  3030 3195 3195 3030 237275
2013.07.09  3035 3070 3090 3000 138156
2013.07.10  3005 3010 3150 3005 174312
2013.07.11  3050 3020 3075 3010 94406
2013.07.12  3050 3055 3105 3010 108571
2013.07.15  3115 3025 3115 3025 105554
2013.07.16  3065 3120 3135 3065 95797
2013.07.17  3045 3085 3095 3025 119134
2013.07.18  3190 3055 3260 3035 604229
2013.07.19  3150 3350 3370 3140 507762
2013.07.22  3075 3155 3185 3065 138402
2013.07.23  3090 3130 3160 3080 179861
2013.07.24  3095 3230 3245 3080 332792
2013.07.25  3010 3070 3090 2960 247769
2013.07.26  3015 3010 3065 2960 97541
2013.07.29  2975 3000 3040 2970 98916
2013.07.30  2905 2945 2975 2890 151999
2013.07.31  2945 2905 2985 2900 117776
2013.08.01  3045 2950 3280 2920 1168629
2013.08.02  3105 3065 3125 3015 357163
2013.08.05  3070 3190 3270 3070 484201
2013.08.06  3040 3070 3110 3020 207323
2013.08.07  3125 3065 3340 3005 1290185
2013.08.08  3180 3090 3335 3090 1173858
2013.08.09  3460 3200 3575 3150 2795699
2013.08.12  3495 3465 3700 3370 1395297
2013.08.13  3365 3530 3535 3265 706133
2013.08.14  3250 3335 3440 3240 622147
2013.08.16  3205 3185 3280 3160 408980
2013.08.19  3155 3210 3280 3150 346354
2013.08.20  3020 3180 3185 2955 509287
2013.08.21  2745 3005 3020 2715 358952
2013.08.22  2650 2700 2705 2570 274680
2013.08.23  2610 2560 2685 2560 774707
2013.08.26  2660 2620 2680 2580 449266
2013.08.27  2555 2645 2655 2525 693524
2013.08.28  2355 2490 2510 2335 666121
2013.08.29  2650 2400 2705 2350 2050590
2013.08.30  2530 2600 2630 2530 619834
2013.09.02  2580 2530 2700 2480 1223659
2013.09.03  2610 2590 2700 2580 719901
2013.09.04  2605 2645 2680 2585 447765
2013.09.05  2615 2660 2670 2610 305363
2013.09.06  2510 2625 2640 2500 395431
2013.09.09  2595 2540 2725 2470 1178975
2013.09.10  2680 2630 2695 2600 897505
2013.09.11  2700 2790 3025 2700 3170305
2013.09.12  2640 2790 2790 2590 753356
2013.09.13  2630 2700 2730 2630 530415
2013.09.16  2640 2630 2710 2595 939456
2013.09.17  2615 2650 2680 2615 343453
2013.09.23  2600 2605 2665 2600 244304
2013.09.24  2535 2600 2635 2530 287257
2013.09.25  2520 2570 2605 2520 242733
2013.09.26  2590 2560 2745 2520 1880905
2013.09.27  2625 2595 2680 2590 693315
2013.09.30  2610 2675 2675 2565 419865
2013.10.01  2515 2600 2610 2460 400969
2013.10.02  2520 2565 2575 2490 279399
2013.10.04  2515 2615 2670 2510 435264
2013.10.07  2455 2470 2600 2450 342196
2013.10.08  2415 2425 2460 2350 298459
2013.10.10  2390 2390 2450 2380 252192
2013.10.11  2400 2440 2450 2400 148416
2013.10.14  2495 2405 2575 2390 528941
2013.10.15  2540 2505 2560 2455 506504
2013.10.16  2540 2570 2590 2470 435407
2013.10.17  2470 2545 2565 2470 228721
2013.10.18  2415 2455 2490 2385 346686
2013.10.21  2400 2435 2440 2395 213962
2013.10.22  2405 2410 2450 2400 209464
2013.10.23  2365 2410 2430 2365 240131
2013.10.24  2360 2365 2410 2350 245826
2013.10.25  2350 2370 2400 2340 195106
2013.10.28  2385 2355 2455 2355 271213
2013.10.29  2345 2385 2385 2345 146624
2013.10.30  2305 2340 2365 2305 215104
2013.10.31  2280 2330 2330 2275 194993
2013.11.01  2290 2280 2315 2245 244899
2013.11.04  2305 2295 2380 2255 146647
2013.11.05  2340 2340 2395 2320 317799
2013.11.06  2275 2365 2365 2275 155564
2013.11.07  2185 2275 2305 2185 263629
2013.11.08  2190 2155 2245 2100 238726
2013.11.11  2150 2190 2235 2115 188513
2013.11.12  2150 2075 2170 2075 103650
2013.11.13  2045 2090 2140 2045 200478
2013.11.14  2075 2050 2090 2030 178445
2013.11.15  2150 2100 2220 2090 181195
2013.11.18  2170 2150 2170 2105 112690
2013.11.19  2070 2190 2190 2070 135308
2013.11.20  2070 2050 2095 2040 50775
2013.11.21  2020 2050 2065 1990 187081
2013.11.22  2050 2025 2165 2010 233042
2013.11.25  2050 2040 2100 2035 89899
2013.11.26  2050 2035 2095 2035 72853
2013.11.27  2175 2050 2260 2050 747007
2013.11.28  2170 2150 2210 2135 156273
2013.11.29  2155 2230 2230 2140 146893
2013.12.02  2050 2135 2165 2045 159373
2013.12.03  1980 2040 2075 1945 290777
2013.12.04  1980 1985 2035 1940 138350
2013.12.05  1980 1965 1995 1950 80895
2013.12.06  2015 1980 2080 1980 201399
2013.12.09  1980 2035 2055 1980 76275
2013.12.10  1950 1970 2000 1940 105108
2013.12.11  1885 1940 1975 1885 143856
2013.12.12  1900 1900 1935 1900 103199
2013.12.13  1895 1900 1915 1890 92623
2013.12.16  1880 1895 1925 1870 55685
2013.12.17  1785 1885 1930 1710 138177
2013.12.18  1795 1755 1840 1735 99060
2013.12.19  1840 1805 1840 1760 66736
2013.12.20  1860 1835 1890 1835 90250
2013.12.23  1835 1890 1890 1830 62534
2013.12.24  1895 1835 1945 1835 142579
2013.12.26  1955 1895 2030 1890 264127
2013.12.27  2005 1985 2005 1950 77399
2013.12.30  2035 1980 2040 1980 66118
2014.01.02  2010 2035 2050 1985 73217
2014.01.03  2005 1985 2020 1970 79160
2014.01.06  2020 2040 2040 2005 73613
2014.01.07  2060 2020 2090 2020 74612
2014.01.08  2150 2095 2150 2060 197627
2014.01.09  2190 2135 2190 2120 74106
2014.01.10  2290 2200 2345 2185 306292
2014.01.13  2280 2290 2300 2220 77457
2014.01.14  2340 2275 2345 2240 116536
2014.01.15  2310 2340 2360 2280 130518
2014.01.16  2290 2310 2335 2230 163003
2014.01.17  2260 2300 2300 2225 83839
2014.01.20  2210 2230 2230 2170 104729
2014.01.21  2190 2210 2225 2150 87063
2014.01.22  2200 2190 2515 2190 2209489
2014.01.23  2230 2200 2280 2150 307593
2014.01.24  2215 2260 2260 2170 189732
2014.01.27  2075 2150 2150 2040 301156
2014.01.28  2050 2090 2110 2000 98581
2014.01.29  2145 2080 2165 2060 91652
2014.02.03  2170 2140 2205 2065 75166
2014.02.04  2295 2130 2390 2130 1002377
2014.02.05  2360 2315 2360 2250 302458
2014.02.06  2375 2400 2495 2350 424801
2014.02.07  2460 2335 2480 2315 241150
2014.02.10  2495 2440 2555 2425 333029
2014.02.11  2530 2455 2535 2455 174492
2014.02.12  2665 2550 2685 2500 773655
2014.02.13  2455 2515 2585 2445 513049
2014.02.14  2490 2430 2530 2400 312370
2014.02.17  2395 2485 2520 2380 177457
2014.02.18  2405 2395 2440 2365 68892
2014.02.19  2400 2400 2465 2395 71921
2014.02.20  2375 2455 2640 2355 840613
2014.02.21  2410 2375 2460 2325 157508
2014.02.24  2460 2440 2480 2420 203465
2014.02.25  2455 2515 2515 2450 89909
2014.02.26  2415 2450 2485 2410 151327
2014.02.27  2355 2420 2445 2355 115871
2014.02.28  2350 2275 2365 2270 149947
2014.03.03  2300 2330 2350 2285 87473
2014.03.04  2295 2300 2365 2270 47513
2014.03.05  2325 2310 2360 2280 57176
2014.03.06  2370 2330 2370 2325 67735
2014.03.07  2315 2375 2395 2310 98873
2014.03.10  2320 2330 2345 2295 40395
2014.03.11  2330 2355 2355 2300 74167
2014.03.12  2240 2355 2355 2165 193811
2014.03.13  2270 2225 2275 2215 89970
2014.03.14  2235 2220 2250 2100 133484
2014.03.17  2195 2215 2240 2125 118214
2014.03.18  2190 2210 2210 2135 81898
2014.03.19  2195 2215 2245 2160 64110
2014.03.20  2185 2180 2205 2165 58940
2014.03.21  2170 2195 2220 2140 85701
2014.03.24  2155 2170 2190 2110 91253
2014.03.25  2170 2475 2475 2170 1352293
2014.03.26  2170 2140 2190 2115 138261
2014.03.27  2125 2150 2170 2120 165001
2014.03.28  2110 2090 2155 2080 170886
2014.03.31  2120 2105 2155 2090 97317
2014.04.01  2170 2120 2195 2110 94925
2014.04.02  2210 2200 2250 2180 86070
2014.04.03  2200 2210 2240 2180 43605
2014.04.04  2225 2200 2230 2180 42331
2014.04.07  2215 2230 2230 2190 49594
2014.04.08  2205 2220 2230 2175 71275
2014.04.09  2190 2230 2230 2170 47017
2014.04.10  2155 2210 2210 2140 72075
2014.04.11  2195 2140 2225 2110 70257
2014.04.14  2200 2195 2220 2180 57367
2014.04.15  2220 2225 2225 2175 66200
2014.04.16  2220 2185 2225 2170 61848
2014.04.17  2200 2230 2235 2200 43779
2014.04.18  2200 2185 2220 2185 31310
2014.04.21  2215 2200 2265 2190 113846
2014.04.22  2220 2215 2225 2175 55956
2014.04.23  2210 2230 2230 2190 32163
2014.04.24  2125 2205 2205 2100 118213
2014.04.25  2120 2125 2170 2100 43145
2014.04.28  2100 2120 2130 2070 44262
2014.04.29  2020 2125 2125 2010 92826
2014.04.30  2035 2010 2080 2010 73193
2014.05.02  2050 2035 2075 2030 41339
2014.05.07  2010 2055 2080 2005 39988
2014.05.08  1975 2010 2010 1930 139059
2014.05.09  2000 1970 2015 1970 31545
2014.05.12  2060 2055 2100 2005 72582
2014.05.13  2150 2070 2155 2040 119235
2014.05.14  2120 2110 2155 2100 52969
2014.05.15  2150 2130 2150 2080 42321
2014.05.16  2150 2160 2165 2125 52728
2014.05.19  2150 2170 2170 2105 53342
2014.05.20  2075 2135 2150 2075 61044
2014.05.21  2055 2075 2115 2055 40027
2014.05.22  2055 2085 2095 2050 28165
2014.05.23  2020 2080 2080 2005 32529
2014.05.26  1995 2025 2070 1995 69713
2014.05.27  2010 1995 2015 1905 75314
2014.05.28  2105 2025 2300 2025 616913
2014.05.29  2000 2105 2105 1970 156321
2014.05.30  1995 2005 2055 1950 75713
2014.06.02  1860 1990 1995 1860 174851
2014.06.03  1835 1810 1900 1805 131452
2014.06.05  1900 1860 1960 1810 85425
2014.06.09  1905 1945 1950 1850 80944
2014.06.10  1885 1930 1930 1870 42970
2014.06.11  1930 1885 1950 1885 71423
2014.06.12  1990 1950 1990 1910 82819
2014.06.13  1980 1995 1995 1950 40012
2014.06.16  1960 1965 2000 1960 25240
2014.06.17  2025 1995 2025 1965 48819
2014.06.18  1980 2030 2035 1965 53799
2014.06.19  2005 2000 2040 1950 32517
2014.06.20  1980 2030 2030 1980 29489
2014.06.23  2020 1975 2170 1975 337440
2014.06.24  1980 2010 2070 1965 60310
2014.06.25  1985 1970 2035 1950 58053
2014.06.26  1965 1985 2030 1960 37720
2014.06.27  2010 2000 2015 1980 34083
2014.06.30  2020 2015 2035 2015 16536
2014.07.01  2065 2140 2320 2065 2862869
2014.07.02  2055 2065 2095 2015 292979
2014.07.03  2055 2090 2090 2030 101001
2014.07.04  2150 2055 2155 2040 260759
2014.07.07  2150 2215 2215 2115 169948
2014.07.08  2135 2140 2170 2105 82346
2014.07.09  2130 2135 2160 2105 65624
2014.07.10  2190 2155 2190 2120 98687
2014.07.11  2140 2200 2205 2140 89346
2014.07.14  2150 2140 2180 2135 51924
2014.07.15  2140 2155 2185 2135 79407
2014.07.16  2145 2170 2315 2100 943437
2014.07.17  2150 2160 2185 2105 161925
2014.07.18  2240 2150 2280 2110 238674
2014.07.21  2575 2270 2575 2265 2267101
2014.07.22  2900 2660 2900 2565 2824504
2014.07.23  2930 2900 3000 2810 1450082
2014.07.24  2920 2880 2930 2830 609915
2014.07.25  2965 2920 3120 2755 1381677
2014.07.28  2770 2855 2900 2660 514974
2014.07.29  2770 2720 2850 2680 467548
2014.07.30  2790 2760 2845 2720 338636
2014.07.31  2655 2800 2870 2635 536477
2014.08.01  2725 2610 2770 2590 278930
2014.08.04  2900 2680 2970 2660 1071629
2014.08.05  2895 2900 2960 2835 479880
2014.08.06  2660 2895 2975 2660 471169
2014.08.07  2600 2640 2780 2420 614663
2014.08.08  2550 2650 2705 2440 277188
2014.08.11  2455 2525 2600 2400 274183
2014.08.12  2415 2455 2480 2320 362357
2014.08.13  2465 2435 2525 2425 429883
2014.08.14  2480 2500 2500 2415 218663
2014.08.18  2640 2565 2650 2405 559561
2014.08.19  2560 2630 2685 2560 322163
2014.08.20  2600 2650 2750 2535 661658
2014.08.21  2555 2635 2680 2450 450797
2014.08.22  2470 2555 2555 2430 267516
2014.08.25  2375 2560 2595 2320 981133
2014.08.26  2730 2725 2730 2630 2504633
2014.08.27  2765 2865 3010 2640 3484065
2014.08.28  2850 2720 2905 2690 1321040
2014.08.29  2700 2900 2910 2700 709676
2014.09.01  2500 2680 2695 2470 846029
2014.09.02  2605 2545 2620 2450 610015
2014.09.03  2550 2540 2625 2500 391540
2014.09.04  2515 2590 2590 2485 333251
2014.09.05  2555 2520 2595 2450 224526
2014.09.11  2820 2610 2870 2600 1121353
2014.09.12  2700 2820 2820 2645 471174
2014.09.15  2725 2655 2780 2635 492561
2014.09.16  2835 2730 2935 2710 765585
2014.09.17  2715 2895 2930 2700 527789
2014.09.18  2800 2720 2805 2675 297575
2014.09.19  2960 2860 3190 2855 2531250
2014.09.22  3180 2940 3180 2875 1208776
2014.09.23  3100 3255 3330 3015 991814
2014.09.24  3220 3100 3220 3020 658088
2014.09.25  3040 3250 3255 3030 578304
2014.09.26  2950 2970 3050 2915 438933
2014.09.29  2820 2940 2985 2770 436932
2014.09.30  2830 2820 2900 2810 241794
2014.10.01  2680 2850 2870 2650 441044
2014.10.02  2805 2640 2805 2550 332126
2014.10.06  2740 2790 2960 2705 581467
2014.10.07  2765 2740 2850 2705 250740
2014.10.08  2840 2765 2845 2740 167250
2014.10.10  2640 2840 2870 2620 272923
2014.10.13  2385 2590 2595 2350 454208
2014.10.14  2485 2395 2500 2380 155574
2014.10.15  2455 2485 2545 2390 89649
2014.10.16  2395 2410 2455 2285 212000
2014.10.17  2410 2395 2475 2335 318043
2014.10.20  2450 2410 2455 2405 123516
2014.10.21  2400 2500 2515 2400 194752
2014.10.22  2485 2445 2485 2400 85907
2014.10.23  2445 2455 2525 2425 111564
2014.10.24  2450 2445 2470 2305 199479
2014.10.27  2360 2425 2425 2360 99951
2014.10.28  2360 2445 2445 2325 128773
2014.10.29  2285 2340 2365 2280 318350
2014.10.30  2255 2285 2310 2230 98628
2014.10.31  2215 2295 2295 2205 101449
2014.11.03  2020 2230 2240 2020 339747
2014.11.04  1940 1995 2050 1870 274683
2014.11.05  1960 1945 2045 1910 210008
2014.11.06  2005 1965 2020 1860 94048
2014.11.07  2055 1960 2060 1960 65581
2014.11.10  2100 2070 2150 2025 112364
2014.11.11  2085 2095 2160 2035 125052
2014.11.12  2060 2060 2115 2060 59976
2014.11.13  2080 2060 2100 2035 54311
2014.11.14  2030 2120 2120 2020 64162
2014.11.17  1940 2035 2035 1920 141716
2014.11.18  2025 1925 2025 1910 39175
2014.11.19  2010 2040 2040 1965 63880
2014.11.20  2020 2100 2100 2010 54494
2014.11.21  2000 2000 2030 1985 32746
2014.11.24  2005 2005 2050 1990 63884
2014.11.25  2160 2000 2250 2000 498581
2014.11.26  2125 2140 2175 2095 153122
2014.11.27  2120 2125 2160 2080 86109
2014.11.28  2040 2150 2150 2025 105074
2014.12.01  2030 2040 2080 2030 64214
2014.12.02  2030 2010 2070 2010 53660
2014.12.03  2040 2065 2065 2025 60809
2014.12.04  2100 2060 2185 2060 172997
2014.12.05  2110 2090 2130 2070 71995
2014.12.08  2155 2130 2220 2130 150856
2014.12.09  2080 2155 2180 2075 114045
2014.12.10  2060 2080 2080 2020 38622
2014.12.11  2050 2060 2080 2005 54744
2014.12.12  1955 2060 2070 1925 190205
2014.12.15  1995 1920 1995 1900 131343
2014.12.16  1955 2000 2000 1940 103487
2014.12.17  1980 1990 2010 1945 83967
2014.12.18  1900 1980 2030 1865 141864
2014.12.19  1950 1910 1950 1910 56424
2014.12.22  1930 1975 1975 1915 94426
2014.12.23  1955 1950 1980 1935 54775
2014.12.24  1950 1935 1965 1935 59910
2014.12.26  1940 1970 1970 1925 59839
2014.12.29  1955 1950 1970 1945 68637
2014.12.30  1950 1955 1965 1940 39427
2015.01.02  1995 1945 2000 1940 48810
2015.01.05  2005 2000 2015 1970 58645
2015.01.06  1985 1985 2005 1970 56382
2015.01.07  2045 1980 2080 1980 123984
2015.01.08  2060 2060 2080 2040 69955
2015.01.09  2075 2080 2100 2015 86029
2015.01.12  2085 2055 2095 2040 67441
2015.01.13  2050 2100 2100 2045 64905
2015.01.14  2080 2065 2095 2000 122117
2015.01.15  2200 2190 2390 2180 1094417
2015.01.16  2185 2200 2210 2150 128501
2015.01.19  2225 2255 2255 2185 127521
2015.01.20  2225 2350 2450 2220 1119199
2015.01.21  2200 2250 2265 2190 143415
2015.01.22  2175 2210 2230 2170 126059
2015.01.23  2345 2195 2420 2175 1070670
2015.01.26  2385 2420 2485 2315 420254
2015.01.27  2315 2400 2430 2295 173493
2015.01.28  2270 2305 2345 2250 137273
2015.01.29  2240 2270 2290 2220 112643
2015.01.30  2200 2290 2325 2195 156804
2015.02.02  2370 2205 2405 2160 377407
2015.02.03  2435 2380 2435 2305 228942
2015.02.04  2370 2420 2445 2350 126802
2015.02.05  2360 2400 2405 2265 117434
2015.02.06  2380 2350 2385 2290 131368
2015.02.09  2385 2455 2520 2370 440516
2015.02.10  2250 2330 2370 2250 147935
2015.02.11  2255 2250 2275 2200 133320
2015.02.12  2280 2260 2330 2225 79075
2015.02.13  2215 2335 2340 2210 111192
2015.02.16  2235 2215 2250 2210 60971
2015.02.17  2295 2255 2370 2240 104165
2015.02.23  2325 2360 2360 2295 115950
2015.02.24  2300 2330 2350 2300 108420
2015.02.25  2260 2335 2335 2195 128333
2015.02.26  2255 2260 2290 2240 111407
2015.02.27  2300 2295 2390 2255 243328
2015.03.02  2375 2345 2470 2290 368899
2015.03.03  2415 2395 2500 2355 226865
2015.03.04  2400 2445 2460 2380 123581
2015.03.05  2375 2425 2470 2375 106176
2015.03.06  2345 2390 2400 2290 173019
2015.03.09  2355 2335 2380 2335 71318
2015.03.10  2275 2365 2365 2275 97146
2015.03.11  2290 2285 2325 2250 59720
2015.03.12  2335 2280 2370 2280 99182
2015.03.13  2350 2335 2360 2315 61456
2015.03.16  2335 2305 2385 2305 145374
2015.03.17  2340 2370 2370 2300 100911
2015.03.18  2275 2320 2340 2270 134624
2015.03.19  2280 2285 2285 2200 126116
2015.03.20  2240 2255 2280 2210 94014
2015.03.23  2240 2265 2265 2220 115401
2015.03.24  2230 2235 2260 2210 77430
2015.03.25  2265 2250 2295 2220 86722
2015.03.26  2265 2265 2265 2230 76783
2015.03.27  2190 2240 2265 2190 119178
2015.03.30  2115 2170 2170 2090 170635
2015.03.31  2150 2120 2165 2105 57652
2015.04.01  2170 2150 2180 2140 44242
2015.04.02  2195 2155 2215 2120 84374
2015.04.03  2275 2235 2280 2200 103203
2015.04.06  2250 2290 2290 2240 44588
2015.04.07  2280 2250 2290 2245 65392
2015.04.08  2285 2280 2300 2260 115144
2015.04.09  2270 2290 2300 2240 126862
2015.04.10  2255 2260 2285 2200 135712
2015.04.13  2315 2245 2390 2245 266096
2015.04.14  2270 2360 2360 2250 140676
2015.04.15  2290 2295 2335 2260 148210
2015.04.16  2290 2295 2300 2260 86047
2015.04.17  2325 2295 2340 2275 133700
2015.04.20  2280 2345 2345 2255 86437
2015.04.21  2280 2280 2300 2260 94470
2015.04.22  2195 2260 2310 1940 248987
2015.04.23  2180 2200 2230 2085 133432
2015.04.24  2290 2160 2350 2160 465511
2015.04.27  2330 2305 2340 2250 159769
2015.04.28  2260 2335 2355 2255 105013
2015.04.29  2260 2260 2290 2200 85199
2015.04.30  2165 2235 2285 2155 169224
2015.05.04  2190 2180 2260 2180 96459
2015.05.06  2135 2180 2185 2080 99556
2015.05.07  2075 2095 2135 2025 89273
2015.05.08  2105 2080 2125 2055 50323
2015.05.11  2125 2135 2135 2085 46673
2015.05.12  2130 2110 2150 2110 48335
2015.05.13  2145 2145 2175 2110 102836
2015.05.14  2190 2155 2260 2120 89691
2015.05.15  2200 2205 2230 2170 86880
2015.05.18  2175 2185 2225 2085 101120
2015.05.19  2085 2165 2165 2020 167077
2015.05.20  2040 2085 2095 2020 127795
2015.05.21  2060 2040 2065 2010 79810
2015.05.22  2080 2075 2100 2015 79591
2015.05.26  2060 2095 2110 2060 74898
2015.05.27  2040 2060 2060 1985 110590
2015.05.28  2020 2010 2040 1995 95347
2015.05.29  2015 2035 2035 1990 70047
2015.06.01  1975 2030 2030 1940 105412
2015.06.02  1900 1955 1980 1870 147290
2015.06.03  1945 1930 1970 1850 77440
2015.06.04  1970 1905 1975 1905 38235
2015.06.05  1960 1980 1980 1915 39448
2015.06.08  1955 1970 1970 1925 40691
2015.06.09  1980 1950 1980 1925 57482
2015.06.10  2060 1995 2060 1980 51052
2015.06.11  2010 2060 2100 1960 69543
2015.06.12  1995 2030 2030 1975 32535
2015.06.15  1935 1995 2000 1910 34148
2015.06.16  1930 1920 1930 1855 88399
2015.06.17  1895 1950 1950 1895 55575
2015.06.18  1935 1910 1935 1870 47254
2015.06.19  1930 1940 1940 1895 42556
2015.06.22  1970 1930 1980 1910 47160
2015.06.23  2035 1970 2035 1945 60904
2015.06.24  2045 2040 2060 2005 45372
2015.06.25  2035 2035 2035 2000 26550
2015.06.26  2010 2040 2065 1990 80632
2015.06.29  1915 1975 1975 1905 82443
2015.06.30  1940 1900 1940 1870 37216
2015.07.01  2005 1915 2025 1915 50281
2015.07.02  2005 2010 2020 1990 34491
2015.07.03  1990 1990 2010 1980 52450
2015.07.06  2060 2010 2110 1965 138717
2015.07.07  2040 2095 2095 2000 85914
2015.07.08  2015 2040 2055 1990 76012
2015.07.09  2205 2030 2285 2030 1175931
2015.07.10  2310 2160 2580 2105 2425265
2015.07.13  2290 2270 2430 2230 635535
2015.07.14  2235 2275 2300 2225 191601
2015.07.15  2215 2235 2380 2165 512822
2015.07.16  2185 2255 2255 2165 143990
2015.07.17  2175 2210 2260 2170 183351
2015.07.20  2140 2195 2195 2125 123553
2015.07.21  2200 2150 2270 2130 167093
2015.07.22  2185 2175 2205 2160 85315
2015.07.23  2215 2195 2275 2155 193194
2015.07.24  2240 2210 2260 2190 131163
2015.07.27  2130 2235 2265 2130 128032
2015.07.28  2090 2130 2145 2030 105114
2015.07.29  2095 2080 2180 2060 68868
2015.07.30  1985 2095 2130 1985 122482
2015.07.31  2050 2020 2050 1935 53571
2015.08.03  2005 2085 2085 1980 47840
2015.08.04  2055 2030 2065 1970 44178
2015.08.05  2055 2080 2080 2025 27104
2015.08.06  2055 2050 2075 2020 54086
2015.08.07  2080 2080 2090 2045 35874
2015.08.10  2045 2055 2095 2020 59777
2015.08.11  2035 2075 2075 2030 68326
2015.08.12  2025 2060 2060 1950 95140
2015.08.13  2040 2000 2045 1970 62708
2015.08.17  2045 2080 2080 2005 45355
2015.08.18  1980 2070 2070 1980 73860
2015.08.19  1955 1965 1985 1860 150503
2015.08.20  1910 1970 1970 1885 105622
2015.08.21  1740 1750 1850 1710 186708
2015.08.24  1745 1700 1780 1700 83602
2015.08.25  1810 1710 1825 1710 41445
2015.08.26  1885 1830 1885 1730 81708
2015.08.27  1900 1980 1980 1870 51726
2015.08.28  1950 1900 1950 1895 111231
2015.08.31  1940 1950 1965 1910 20529
2015.09.01  1940 1940 1945 1900 39056
2015.09.02  1910 1875 1920 1860 75498
2015.09.03  1950 1940 1950 1900 50830
2015.09.04  1935 1925 1950 1880 38834
2015.09.07  1930 1935 1980 1865 76649
2015.09.08  1920 1940 1940 1850 44493
2015.09.09  1910 1935 1935 1885 28932
2015.09.10  1905 1910 1915 1860 85943
2015.09.11  2060 1925 2280 1910 1301745
2015.09.14  2000 2030 2090 2000 136381
2015.09.15  2020 2040 2040 1980 36014
2015.09.16  2010 2035 2040 1960 102981
2015.09.17  1965 2010 2020 1935 140423
2015.09.18  1985 1965 1990 1945 55041
2015.09.21  1990 1985 2000 1965 71128
2015.09.22  2020 2020 2055 1970 93546
2015.09.23  1980 2020 2030 1970 61576
2015.09.24  2025 1980 2035 1960 77433
2015.09.25  2025 2035 2035 1975 43503
2015.09.30  2000 2000 2030 1975 40420
2015.10.01  2025 1995 2025 1990 58101
2015.10.02  2070 2015 2100 2010 114747
2015.10.05  2130 2070 2160 2070 120556
2015.10.06  2130 2145 2190 2085 137588
2015.10.07  2100 2130 2150 2075 47820
2015.10.08  2095 2140 2145 2040 99910
2015.10.12  2135 2110 2150 2100 50375
2015.10.13  2120 2160 2160 2110 36462
2015.10.14  2100 2125 2155 2080 49839
2015.10.15  2175 2150 2180 2110 78587
2015.10.16  2245 2195 2310 2190 285844
2015.10.19  2230 2250 2260 2100 92748
2015.10.20  2270 2215 2275 2200 111064
2015.10.21  2290 2270 2340 2235 269870
2015.10.22  2185 2290 2290 2175 106475
2015.10.23  2235 2165 2250 2165 64202
2015.10.26  2265 2235 2280 2200 50564
2015.10.27  2270 2280 2280 2235 38275
2015.10.28  2245 2280 2280 2190 66253
2015.10.29  2225 2250 2250 2150 33253
2015.10.30  2140 2240 2240 2130 104839
2015.11.02  2200 2110 2200 2110 40824
2015.11.03  2230 2170 2230 2170 32709
2015.11.04  2260 2245 2280 2200 108429
2015.11.05  2250 2260 2260 2190 56943
2015.11.06  2265 2265 2270 2220 73636
2015.11.09  2300 2280 2450 2270 432564
2015.11.10  2260 2290 2320 2160 166016
2015.11.11  2275 2215 2300 2215 76692
2015.11.12  2305 2260 2340 2260 75416
2015.11.13  2275 2315 2315 2220 113461
2015.11.16  2260 2230 2400 2110 106961
2015.11.17  2280 2250 2290 2210 64734
2015.11.18  2275 2290 2345 2240 76494
2015.11.19  2300 2295 2320 2255 70217
2015.11.20  2295 2335 2340 2250 68195
2015.11.23  2300 2295 2330 2265 61321
2015.11.24  2260 2300 2300 2235 73474
2015.11.25  2275 2295 2295 2235 62740
2015.11.26  2450 2290 2475 2255 585859
2015.11.27  2420 2450 2460 2370 203994
2015.11.30  2420 2440 2480 2375 170574
2015.12.01  2475 2450 2495 2390 190636
2015.12.02  2410 2500 2500 2385 155778
2015.12.03  2385 2360 2400 2325 91800
2015.12.04  2395 2330 2415 2330 64469
2015.12.07  2450 2415 2480 2355 108984
2015.12.08  3185 2420 3185 2420 3166756
2015.12.09  3160 3570 3820 3020 8568953
2015.12.10  3175 3020 3230 2880 1943004
2015.12.11  3065 3130 3220 2980 784572
2015.12.14  3145 3065 3295 2900 1566227
2015.12.15  3250 3200 3710 3200 5332673
2015.12.16  3500 3250 3500 3125 1522179
2015.12.17  3395 3800 3960 3360 2737028
2015.12.18  3530 3345 3550 3345 748929
2015.12.21  3630 3530 3665 3460 746758
2015.12.22  3810 4215 4250 3720 2033319
2015.12.23  3620 3750 3780 3575 751214
2015.12.24  3525 3640 3750 3500 383303
2015.12.28  3455 3445 3525 3355 439694
2015.12.29  3555 3430 3565 3410 219648
2015.12.30  3430 3530 3635 3430 268131
2016.01.04  3680 3460 3820 3440 803856
2016.01.05  3800 3600 3800 3555 429293
2016.01.06  3825 3820 3870 3575 479955
2016.01.07  3795 3850 3950 3670 310441
2016.01.08  3745 3690 3750 3525 405139
2016.01.11  3785 3750 3815 3605 220566
2016.01.12  3725 3790 3845 3675 190713
2016.01.13  3835 3670 3835 3650 255172
2016.01.14  3770 3775 3820 3715 171212
2016.01.15  3935 3775 3950 3730 456349
2016.01.18  4155 3885 4375 3885 887730
2016.01.19  4220 4200 4240 3995 316984
2016.01.20  4140 4080 4230 4040 274195
2016.01.21  4020 4060 4180 3980 230556
2016.01.22  3855 4020 4100 3800 369503
2016.01.25  3565 3750 3755 3440 789823
2016.01.26  3590 3620 3620 3485 151480
2016.01.27  3515 3590 3630 3515 101920
2016.01.28  3635 3460 3700 3445 137729
2016.01.29  3530 3635 3700 3470 158499
2016.02.01  3270 3510 3550 3235 263602
2016.02.02  3375 3255 3380 3160 204748
2016.02.03  3355 3320 3395 3200 120625
2016.02.04  3550 3405 3850 3345 1469708
2016.02.05  3705 3600 3705 3515 351379
2016.02.11  3520 3605 3705 3515 439836
2016.02.12  3185 3485 3520 2990 364500
2016.02.15  3380 3100 3400 3100 209331
2016.02.16  3435 3350 3475 3350 102069
2016.02.17  3370 3410 3520 3270 168153
2016.02.18  3430 3370 3445 3325 71703
2016.02.19  3315 3340 3410 3295 126725
2016.02.22  3315 3370 3370 3265 89563
2016.02.23  3275 3310 3375 3225 117597
2016.02.24  3400 3270 3570 3230 98812
2016.02.25  3450 3450 3510 3380 112448
2016.02.26  3435 3505 3515 3355 90675
2016.02.29  3380 3380 3480 3310 126713
2016.03.02  3400 3400 3450 3325 117677
2016.03.03  3645 3400 3825 3335 891448
2016.03.04  3620 3645 3650 3555 154552
2016.03.07  3640 3645 3785 3565 239517
2016.03.08  3645 3650 3705 3585 145152
2016.03.09  3590 3630 3690 3565 103036
2016.03.10  3595 3585 3695 3560 145053
2016.03.11  3680 3590 3680 3560 89702
2016.03.14  3735 3670 3850 3625 249853
2016.03.15  3950 3840 4250 3750 1415368
2016.03.16  4015 3950 4195 3840 516461
2016.03.17  3940 4000 4075 3895 296317
2016.03.18  3825 3890 3990 3730 285135
2016.03.21  3870 3850 4085 3755 212655
2016.03.22  3865 3850 3980 3740 193916
2016.03.23  3805 3860 3945 3765 208365
2016.03.24  3805 3870 3870 3735 205251
2016.03.25  3690 3770 3785 3665 245317
2016.03.28  3960 3710 4020 3695 714358
2016.03.29  3980 3875 4005 3875 218921
2016.03.30  4000 4200 4260 3895 640671
2016.03.31  3940 3990 4040 3905 176952
2016.04.01  3750 3990 3990 3750 188634
2016.04.04  3865 3740 3935 3735 216132
2016.04.05  3870 3845 3915 3765 96780
2016.04.06  3500 3870 3900 3485 624508
2016.04.07  3435 3465 3535 3345 302837
2016.04.08  3370 3600 3625 3315 455727
2016.04.11  3195 3305 3430 3165 372257
2016.04.12  3100 3195 3220 3020 359875
2016.04.14  3430 3100 3430 3100 530218
2016.04.15  3420 3505 3520 3330 231788
2016.04.18  3440 3430 3460 3350 139456
2016.04.19  3555 3440 3640 3440 357871
2016.04.20  3560 3560 3620 3470 198602
2016.04.21  3620 3640 3705 3550 365045
2016.04.22  3465 3575 3615 3450 262117
2016.04.25  3460 3465 3640 3445 199785
2016.04.26  3410 3530 3530 3390 112820
2016.04.27  3520 3370 3520 3355 154893
2016.04.28  3720 3700 3995 3620 840976
2016.04.29  3800 3670 3950 3670 623488
2016.05.02  3900 3900 3995 3800 576695
2016.05.03  3885 3910 3975 3815 272834
2016.05.04  3905 3880 3975 3805 258125
2016.05.09  3905 3905 3995 3850 172805
2016.05.10  3820 3910 3935 3765 168383
2016.05.11  3825 3850 3905 3760 143675
2016.05.12  3895 3805 3910 3780 156737
2016.05.13  3850 3920 3935 3810 106412
2016.05.16  3775 3840 3850 3740 277200
2016.05.17  3860 3760 4105 3685 2175195
2016.05.18  3900 3830 3965 3780 518630
2016.05.19  3805 3900 3995 3770 392924
2016.05.20  3725 3775 3855 3670 475520
2016.05.23  4840 4840 4840 4595 2599337
2016.05.24  6000 5500 6290 5450 10117947
2016.05.25  5630 5730 6210 5210 5554351
2016.05.26  6020 5820 6690 5630 9480628
2016.05.27  6760 5930 6760 5870 3845855
2016.05.30  6770 6500 6770 6500 649521
2016.05.31  6350 6710 6950 6190 856369
2016.06.01  7550 6410 7550 6270 1029705
2016.06.02  6950 7500 8240 6570 5521337
2016.06.03  7100 7160 7470 6490 3494163
2016.06.07  7040 7020 7360 6750 2096326
2016.06.08  5850 6510 6820 5850 3939240
2016.06.09  5920 5800 6070 5560 3545779
2016.06.10  5740 5880 6030 5620 1570974
2016.06.13  5650 5690 6360 5380 7726148
2016.06.14  5390 5810 6150 5390 5215479
2016.06.15  5420 5840 6150 5220 4433103
2016.06.16  4595 5430 5480 4535 3868456
2016.06.17  4275 4600 4735 4150 3491423
2016.06.20  4080 4390 4580 4040 5990941
2016.06.21  3720 4205 4570 3720 19033141
2016.06.22  3200 3460 3560 3080 6932107
2016.06.23  3070 3230 3245 3000 2405228
2016.06.24  2645 2980 3045 2460 4232405
2016.06.27  2780 2740 2960 2705 3644630
2016.06.28  2800 2775 2835 2720 1479805
2016.06.29  2855 2860 2945 2790 1464955
2016.06.30  2800 2865 2890 2765 742757
2016.07.01  2930 2810 3350 2745 8595614
2016.07.04  2835 2960 2960 2800 1226297
2016.07.05  2870 2835 2960 2785 1531636
2016.07.06  2815 2870 2930 2785 657636
2016.07.07  2950 2845 3015 2845 1547292
2016.07.08  2980 2995 3035 2915 927130
2016.07.11  3030 3020 3045 2940 862254
2016.07.12  3110 3070 3155 3000 1866511
2016.07.13  3130 3085 3205 3040 1252788
2016.07.14  3110 3135 3165 3060 736633
2016.07.15  3010 3125 3180 3000 700981
2016.07.18  3060 2980 3090 2955 478980
2016.07.19  3050 3085 3120 3020 313829
2016.07.20  2980 3040 3070 2965 356210
2016.07.21  2900 3000 3010 2875 433382
2016.07.22  3015 2940 3035 2885 377677
2016.07.25  2945 3015 3060 2940 338380
2016.07.26  2970 3000 3035 2945 336494
2016.07.27  2905 2970 3010 2880 421564
2016.07.28  2905 2900 2960 2885 198167
2016.07.29  2830 2920 2930 2830 367323
2016.08.01  2735 2830 2850 2700 363575
2016.08.02  2740 2740 3165 2720 2655593
2016.08.03  2615 2700 2790 2595 557222
2016.08.04  2600 2610 2640 2580 287255
2016.08.05  2535 2585 2590 2525 310872
2016.08.08  2515 2575 2575 2480 239027
2016.08.09  2535 2500 2545 2490 197846
2016.08.10  2605 2505 2635 2505 191106
2016.08.11  2610 2610 2615 2550 139428
2016.08.12  2655 2615 2665 2580 263920
2016.08.16  2650 2635 2680 2625 140066
2016.08.17  2600 2670 2670 2585 189461
2016.08.18  2565 2600 2630 2560 141235
2016.08.19  2650 2565 2650 2545 180790
2016.08.22  2585 2670 2690 2575 147140
2016.08.23  2565 2585 2630 2550 103342
2016.08.24  2545 2565 2600 2520 110096
2016.08.25  2535 2555 2580 2530 86750
2016.08.26  2520 2555 2590 2500 120194
2016.08.29  2450 2520 2540 2400 194867
2016.08.30  2345 2450 2490 2310 241174
2016.08.31  2355 2380 2395 2230 255339
2016.09.01  2370 2340 2385 2320 99985
2016.09.02  2410 2345 2435 2330 202416
2016.09.05  2390 2410 2440 2360 109346
2016.09.06  2360 2390 2405 2310 147132
2016.09.07  2325 2370 2385 2290 207972
2016.09.08  2395 2325 2465 2300 452439
2016.09.09  2295 2395 2395 2265 192873
2016.09.12  2155 2215 2280 2125 284281
2016.09.13  2225 2155 2240 2155 114658
2016.09.19  2285 2230 2315 2225 149496
2016.09.20  2335 2270 2340 2270 71193
2016.09.21  2440 2355 2550 2315 340681
2016.09.22  2370 2390 2420 2350 268772
2016.09.23  2375 2370 2390 2335 115057
2016.09.26  2345 2375 2400 2335 62074
2016.09.27  2365 2355 2365 2290 82080
2016.09.28  2310 2365 2380 2305 58992
2016.09.29  2370 2310 2380 2295 86197
2016.09.30  2270 2365 2365 2255 120735
2016.10.04  2270 2290 2310 2255 84392
2016.10.05  2300 2290 2330 2265 69208
2016.10.06  2325 2320 2340 2300 56750
2016.10.07  2320 2360 2360 2310 119439
2016.10.10  2505 2320 2540 2315 1306123
2016.10.11  2450 2500 2515 2400 435440
2016.10.12  2695 2425 2820 2420 5221715
2016.10.13  2575 2670 2680 2550 847198
2016.10.14  2520 2615 2620 2465 580540
2016.10.17  2595 2530 2715 2490 1386188
2016.10.18  2640 2585 2640 2505 494021
2016.10.19  2620 2670 2735 2580 919868
2016.10.20  2560 2680 2685 2520 680379
2016.10.21  2490 2580 2590 2460 321290
2016.10.24  2345 2470 2485 2345 365108
2016.10.25  2330 2345 2380 2255 252680
2016.10.26  2270 2305 2380 2195 422747
2016.10.27  2280 2255 2325 2240 137637
2016.10.28  2300 2310 2325 2225 144079
2016.10.31  2245 2300 2300 2150 264444
2016.11.01  2240 2225 2295 2195 132758
2016.11.02  2055 2230 2230 2050 349157
2016.11.03  2060 2000 2090 2000 158076
2016.11.04  2095 2035 2095 2005 123979
2016.11.07  2140 2075 2140 2075 73894
2016.11.08  2140 2140 2165 2105 95204
2016.11.09  1970 2140 2160 1870 588194
2016.11.10  2065 2005 2065 1995 203544
2016.11.11  2060 2040 2120 2040 101108
2016.11.14  2075 2040 2110 2030 96681
2016.11.15  2195 2055 2265 2055 286581
2016.11.16  2195 2200 2230 2150 87039
2016.11.17  2180 2215 2245 2165 128560
2016.11.18  2130 2185 2200 2090 178410
2016.11.21  2065 2115 2145 2035 201491
2016.11.22  2140 2120 2465 2060 1636527
2016.11.23  2100 2180 2180 2070 302283
2016.11.24  2050 2100 2120 2030 169790
2016.11.25  2060 2055 2085 2000 135148
2016.11.28  2025 2085 2085 1990 156207
2016.11.29  2040 2005 2040 1995 118336
2016.11.30  2010 2030 2040 1995 108800
2016.12.01  1995 2010 2015 1975 75228
2016.12.02  1955 1970 1995 1950 58470
2016.12.05  1935 1955 1965 1910 110798
2016.12.06  1930 1935 1955 1920 41815
2016.12.07  1940 1950 1970 1925 73238
2016.12.08  1960 1940 2035 1940 100576
2016.12.09  1995 1960 2040 1960 102529
2016.12.12  2045 2035 2045 2000 54463
2016.12.13  2130 2055 2220 2030 428500
2016.12.14  2100 2155 2155 2060 165830
2016.12.15  2260 2075 2360 2055 914925
2016.12.16  2170 2235 2260 2170 203547
2016.12.19  2190 2170 2250 2170 142633
2016.12.20  2280 2190 2435 2190 1042583
2016.12.21  2260 2335 2355 2235 308514
2016.12.22  2205 2235 2255 2200 141121
2016.12.23  2300 2215 2305 2160 421178
2016.12.26  2245 2310 2330 2195 254255
2016.12.27  2225 2260 2260 2205 79250
2016.12.28  2220 2200 2300 2185 129401
2016.12.29  2240 2220 2240 2205 47181
2017.01.02  2260 2260 2260 2210 68434
2017.01.03  2370 2270 2415 2265 509403
2017.01.04  2410 2380 2465 2370 267922
2017.01.05  2495 2415 2530 2410 376751
2017.01.06  2485 2450 2490 2430 122067
2017.01.09  2470 2440 2500 2430 102805
2017.01.10  2450 2465 2490 2365 141042
2017.01.11  2435 2440 2455 2405 62934
2017.01.12  2420 2450 2450 2350 122037
2017.01.13  2410 2450 2450 2370 58907
2017.01.16  2405 2395 2430 2360 55761
2017.01.17  2400 2390 2425 2370 57799
2017.01.18  2385 2415 2470 2360 197639
2017.01.19  2420 2385 2425 2375 70326
2017.01.20  2385 2405 2435 2360 70965
2017.01.23  2240 2385 2385 2235 138489
2017.01.24  2215 2250 2275 2200 152897
2017.01.25  2200 2215 2265 2190 52018
2017.01.26  2225 2200 2265 2200 73266
2017.01.31  2260 2185 2295 2180 121387
2017.02.01  2300 2285 2300 2250 62236
2017.02.02  2330 2330 2395 2260 221246
2017.02.03  2280 2385 2385 2235 153223
2017.02.06  2335 2255 2355 2255 120291
2017.02.07  2290 2335 2365 2240 114054
2017.02.08  2270 2265 2295 2255 29713
2017.02.09  2300 2245 2300 2245 47239
2017.02.10  2280 2270 2305 2250 69387
2017.02.13  2295 2280 2310 2250 48029
2017.02.14  2310 2315 2315 2245 102556
2017.02.15  2340 2330 2345 2305 132847
2017.02.16  2425 2355 2565 2325 961467
2017.02.17  2495 2430 2520 2380 561329
2017.02.20  2455 2550 2550 2440 359075
2017.02.21  2400 2475 2480 2385 205799
2017.02.22  2515 2415 2605 2385 981670
2017.02.23  2505 2510 2615 2470 784800
2017.02.24  2450 2505 2555 2430 230459
2017.02.27  2465 2475 2550 2420 274083
2017.02.28  2520 2490 2520 2410 215111
2017.03.02  2520 2575 2645 2440 1175216
2017.03.03  2415 2480 2485 2360 368766
2017.03.06  2415 2400 2460 2385 107299
2017.03.07  2415 2420 2440 2365 146703
2017.03.08  2400 2415 2420 2355 105406
2017.03.09  2325 2405 2410 2310 178193
2017.03.10  2475 2305 2520 2240 443174
2017.03.13  2475 2475 2550 2465 410568
2017.03.14  2585 2530 2590 2440 696391
2017.03.15  2500 2600 2825 2440 4383848
2017.03.16  2495 2480 2560 2460 728431
2017.03.17  2415 2500 2500 2390 491395
2017.03.20  2445 2415 2445 2340 217921
2017.03.21  2395 2420 2460 2380 163730
2017.03.22  2415 2400 2445 2385 68301
2017.03.23  2380 2435 2435 2330 251493
2017.03.24  2365 2375 2415 2355 137628
2017.03.27  2340 2395 2395 2325 194535
2017.03.28  2430 2345 2530 2345 340521
2017.03.29  2485 2450 2515 2415 205289
2017.03.30  2485 2450 2515 2445 216354
2017.03.31  2455 2485 2525 2440 165597
2017.04.03  2440 2465 2485 2370 249901
2017.04.04  2365 2465 2465 2350 268211
2017.04.05  2335 2365 2395 2305 203801
2017.04.06  2365 2330 2375 2280 162808
2017.04.07  2350 2340 2380 2305 136046
2017.04.10  2275 2395 2395 2255 176469
2017.04.11  2225 2300 2375 2210 178092
2017.04.12  2250 2205 2255 2180 179279
2017.04.13  2240 2245 2245 2180 96068
2017.04.14  2140 2240 2250 2130 199584
2017.04.17  2165 2125 2190 2080 123744
2017.04.18  2165 2140 2170 2120 141679
2017.04.19  2165 2180 2180 2115 81598
2017.04.20  2210 2165 2210 2100 185032
2017.04.21  2205 2190 2230 2155 79052
2017.04.24  2150 2225 2225 2125 119376
2017.04.25  2155 2125 2190 2125 66805
2017.04.26  2155 2155 2180 2150 48219
2017.04.27  2145 2150 2160 2100 100622
2017.04.28  2160 2125 2160 2120 64207
2017.05.02  2145 2200 2205 2140 70167
2017.05.04  2145 2140 2160 2105 51998
2017.05.08  2140 2125 2170 2110 54377
2017.05.10  2185 2140 2190 2130 83884
2017.05.11  2275 2185 2390 2160 1114327
2017.05.12  2250 2260 2285 2200 412873
2017.05.15  2245 2250 2315 2200 680309
2017.05.16  2210 2250 2250 2190 118030
2017.05.17  2215 2190 2225 2165 105753
2017.05.18  2175 2170 2200 2160 107851
2017.05.19  2210 2200 2230 2165 99543
2017.05.22  2195 2230 2230 2175 71850
2017.05.23  2210 2195 2225 2175 76410
2017.05.24  2245 2225 2350 2185 856370
2017.05.25  2230 2245 2265 2210 132376
2017.05.26  2250 2235 2250 2200 104646
2017.05.29  2245 2250 2265 2215 66204
2017.05.30  2240 2220 2250 2215 54879
2017.05.31  2225 2245 2250 2220 70729
2017.06.01  2245 2250 2250 2220 36796
2017.06.02  2260 2245 2265 2220 87650
2017.06.05  2270 2255 2290 2250 129177
2017.06.07  2265 2265 2275 2245 107018
2017.06.08  2230 2260 2265 2230 117215
2017.06.09  2200 2230 2230 2165 120114
2017.06.12  2210 2185 2215 2170 41051
2017.06.13  2210 2185 2245 2185 49301
2017.06.14  2215 2200 2245 2195 31804
2017.06.15  2180 2250 2250 2170 91330
2017.06.16  2235 2180 2235 2180 28552
2017.06.19  2230 2210 2235 2205 46423
2017.06.20  2225 2210 2230 2185 76139
2017.06.21  2220 2210 2240 2210 74655
2017.06.22  2215 2235 2245 2210 43207
2017.06.23  2240 2215 2255 2195 43471
2017.06.26  2235 2260 2260 2220 31110
2017.06.27  2230 2240 2240 2210 55548
2017.06.28  2255 2225 2300 2215 173103
2017.06.29  2245 2265 2275 2220 112795
2017.06.30  2220 2240 2245 2210 62597
2017.07.03  2210 2220 2235 2200 67500
2017.07.04  2260 2220 2285 2220 183866
2017.07.05  2265 2270 2275 2235 96056
2017.07.06  2305 2270 2310 2265 141839
2017.07.07  2330 2290 2345 2280 125740
2017.07.10  2300 2350 2350 2255 103998
2017.07.11  2300 2270 2310 2245 80307
2017.07.12  2290 2275 2330 2265 52248
2017.07.13  2225 2305 2310 2220 62884
2017.07.14  2235 2225 2240 2180 95965
2017.07.17  2220 2225 2240 2185 42494
2017.07.18  2215 2240 2240 2180 47589
2017.07.19  2190 2220 2220 2165 82931
2017.07.20  2200 2200 2210 2170 21504
2017.07.21  2200 2210 2210 2185 30632
2017.07.24  2185 2185 2200 2170 52413
2017.07.25  2185 2185 2200 2135 104099
2017.07.26  2180 2160 2195 2160 52312
2017.07.27  2175 2190 2190 2170 44555
2017.07.28  2170 2165 2180 2120 96197
2017.07.31  2160 2130 2190 2125 25185
2017.08.01  2150 2130 2175 2130 34906
2017.08.02  2145 2150 2155 2125 36204
2017.08.03  2135 2165 2165 2095 85243
2017.08.04  2125 2140 2140 2065 66899
2017.08.07  2150 2125 2150 2110 28758
2017.08.08  2150 2145 2155 2115 23961
2017.08.09  2135 2145 2150 2105 41243
2017.08.10  2125 2120 2145 2070 50715
2017.08.11  2100 2125 2125 2035 58461
2017.08.14  2065 2135 2135 2050 39909
2017.08.16  2060 2085 2090 2045 18472
2017.08.17  2075 2080 2080 2035 9679
2017.08.18  2065 2080 2080 2035 23521
2017.08.21  2075 2080 2080 2020 42836
2017.08.22  2055 2035 2080 2030 46399
2017.08.23  2045 2070 2070 2035 49156
2017.08.24  2030 2055 2075 2025 45310
2017.08.25  2035 2060 2060 2025 12002
