2009.04.07   54000 47000 54000 47000 23078
2009.04.08   62100 62100 62100 62100 21391
2009.04.09   71400 71400 71400 71400 228920
2009.04.10   82100 82100 82100 82100 50626
2009.04.13   94400 94400 94400 94400 21610
2009.04.14   108500 108500 108500 96000 1626881
2009.04.15   92300 105000 111000 92300 1295989
2009.04.16   85300 90000 102000 82400 2227280
2009.04.17   80200 89000 89900 79600 759759
2009.04.20   80100 79200 87800 76200 1213665
2009.04.21   77800 77200 82300 76700 562197
2009.04.22   85300 81500 88600 81500 930795
2009.04.23   82100 85000 85200 81500 333098
2009.04.24   78400 83000 84400 77300 276966
2009.04.27   78100 79500 84000 77900 515361
2009.04.28   69000 78600 79600 67400 384007
2009.04.29   70100 70400 72000 67500 176138
2009.04.30   71400 73500 75500 70100 179278
2009.05.04   69400 71400 71400 68500 165864
2009.05.06   72600 69300 73500 67800 241884
2009.05.07   67000 72600 72700 66400 669652
2009.05.08   65000 67700 69500 63900 340932
2009.05.11   67200 66300 68800 66200 331261
2009.05.12   69600 67500 70500 67500 259683
2009.05.13   67000 70400 70900 66500 191970
2009.05.14   65200 66700 68200 64900 159973
2009.05.15   62800 65400 66000 62400 250190
2009.05.18   66100 62200 66100 60300 326995
2009.05.19   65900 66200 66600 64000 273902
2009.05.20   67800 67000 69400 66800 319919
2009.05.21   65600 67900 68400 65200 158862
2009.05.22   69400 64300 71600 64300 498470
2009.05.25   69000 70100 71000 62500 315358
2009.05.26   73000 70000 75400 68600 832208
2009.05.27   68000 74500 76200 68000 422359
2009.05.28   66300 68000 69500 63800 216959
2009.05.29   65000 66900 67500 64400 138319
2009.06.01   66000 64800 66700 64700 135685
2009.06.02   66400 66500 68500 66000 164231
2009.06.03   67800 67100 69100 67100 115129
2009.06.04   67800 68200 71500 67400 262843
2009.06.05   67200 68600 69300 65700 107066
2009.06.08   65100 67400 67400 64900 94534
2009.06.09   62500 65100 65900 62500 116369
2009.06.10   62400 62900 63300 61300 92620
2009.06.11   62500 62500 63700 62000 60173
2009.06.12   64500 62800 65100 62200 98895
2009.06.15   62800 63800 64500 62500 52809
2009.06.16   61900 62500 63600 61300 53538
2009.06.17   61700 62000 63100 61100 64448
2009.06.18   60200 61700 62400 60200 55438
2009.06.19   57000 60600 61100 55500 180776
2009.06.22   55600 56900 57300 55400 88944
2009.06.23   54100 54300 54400 52800 96691
2009.06.24   55900 54000 58900 53000 253720
2009.06.25   56900 56600 58800 56300 91609
2009.06.26   55500 57400 58000 55300 50323
2009.06.29   53000 55200 56500 53000 55784
2009.06.30   52000 53700 54800 50600 68712
2009.07.01   55300 51300 55300 51300 94378
2009.07.02   57000 55900 57500 54700 96253
2009.07.03   58200 55600 58700 55600 79787
2009.07.06   60400 59200 62000 58800 145734
2009.07.07   59800 60600 61000 59400 50294
2009.07.08   58000 59000 59400 57100 65454
2009.07.09   59000 58600 60900 57600 60163
2009.07.10   56800 58600 59700 56800 49258
2009.07.13   53600 56300 58100 53600 49998
2009.07.14   53100 55000 55400 52700 53687
2009.07.15   55400 54500 56100 53900 72413
2009.07.16   52900 56300 56300 52800 103580
2009.07.17   53000 53600 54400 52600 58523
2009.07.20   54600 53600 54900 52800 57543
2009.07.21   54600 55000 55000 54000 46366
2009.07.22   54500 55300 55900 54500 50923
2009.07.23   57400 54700 58000 54600 121317
2009.07.24   57300 57800 58000 56600 62688
2009.07.27   57600 57900 59700 57600 72463
2009.07.28   57600 58200 59000 57600 83371
2009.07.29   56000 57500 58100 54900 81236
2009.07.30   55000 55400 55700 54200 56163
2009.07.31   54400 55200 55500 54100 62290
2009.08.03   55300 55100 55900 54300 45298
2009.08.04   54300 55900 56100 54100 65943
2009.08.05   54100 54700 55300 54100 50670
2009.08.06   53800 54200 54400 53000 44931
2009.08.07   54800 53800 55200 53200 47929
2009.08.10   56400 55200 56800 54200 116498
2009.08.11   55800 56100 56400 55400 53171
2009.08.12   57500 55700 57900 55300 165379
2009.08.13   58700 58000 58700 56600 117422
2009.08.14   58000 59000 59400 57500 89047
2009.08.17   55000 58500 59000 54000 87459
2009.08.18   54200 54200 55800 53300 53801
2009.08.19   53500 54600 54900 53500 55718
2009.08.20   55200 54300 55200 53500 47905
2009.08.21   57700 55600 59600 55000 249237
2009.08.24   56200 58500 58700 55800 93548
2009.08.25   54600 56300 56500 53900 87107
2009.08.26   54600 54400 55700 54200 52260
2009.08.27   54000 54600 55400 53800 43078
2009.08.28   54400 54800 54800 53800 34496
2009.08.31   53100 54900 55000 53100 59851
2009.09.01   53000 53100 53500 52200 49857
2009.09.02   55300 52900 55800 52500 147891
2009.09.03   54500 55300 55500 53800 35332
2009.09.04   53700 55000 55000 53400 53845
2009.09.07   53300 53700 54300 53200 36884
2009.09.08   52700 53400 53700 52100 66320
2009.09.09   53000 52600 53900 52600 60548
2009.09.10   54000 53600 54700 53300 69682
2009.09.11   54200 54100 54900 53700 45260
2009.09.14   53500 54700 54700 53300 26438
2009.09.15   53000 53500 53900 52800 35818
2009.09.16   52800 53000 53400 52700 41002
2009.09.17   52700 53000 53100 52500 34644
2009.09.18   52800 52700 53100 52400 37895
2009.09.21   53300 53100 53700 52900 34095
2009.09.22   52700 53700 53900 52700 46476
2009.09.23   52000 52600 52900 52000 43748
2009.09.24   51500 52000 52500 51100 45423
2009.09.25   50500 51500 51500 49850 56462
2009.09.28   50000 50000 50600 49950 29871
2009.09.29   49000 50200 50700 48650 57023
2009.09.30   47500 48950 49300 47000 50866
2009.10.01   47300 47250 48250 47100 28990
2009.10.05   45600 47150 47150 45350 32038
2009.10.06   45900 45700 46850 45500 28172
2009.10.07   45900 46000 46700 45900 23091
2009.10.08   45400 45600 45900 45200 23146
2009.10.09   47100 45400 47250 45400 45922
2009.10.12   51500 48600 53500 48600 178010
2009.10.13   51500 51200 52100 50800 50715
2009.10.14   51600 51600 51800 50500 40758
2009.10.15   51500 51900 52100 51100 29059
2009.10.16   49950 51000 51400 49700 41519
2009.10.19   49300 49500 49500 48650 26243
2009.10.20   50400 49100 50500 49100 26229
2009.10.21   49700 50700 50700 49650 18261
2009.10.22   48300 49600 49650 48300 24109
2009.10.23   47650 48600 49000 47500 24611
2009.10.26   49700 48000 50200 47250 47555
2009.10.27   48900 49000 49400 48500 15321
2009.10.28   49050 48950 50700 48000 53599
2009.10.29   47350 48450 48800 47250 20245
2009.10.30   47650 47700 48350 47350 10753
2009.11.02   46700 46250 47350 46200 13228
2009.11.03   46250 47300 47550 46150 9677
2009.11.04   46750 46150 47200 46150 7009
2009.11.05   46300 46800 47450 46300 7701
2009.11.06   47000 46700 47300 46500 7955
2009.11.09   48300 47200 48300 46800 19004
2009.11.10   49350 49100 50200 48300 51450
2009.11.11   49100 49150 49550 48500 12786
2009.11.12   48850 49600 49600 48550 11164
2009.11.13   47650 48850 48900 47650 11873
2009.11.16   47050 47200 47750 46650 15335
2009.11.17   47200 47050 47800 47000 11659
2009.11.18   47150 47300 47650 46800 12518
2009.11.19   46950 46650 47150 46650 13441
2009.11.20   46900 46150 46950 46150 16095
2009.11.23   47150 46750 47200 46700 15155
2009.11.24   47100 47150 48150 47100 18020
2009.11.25   46900 47100 47500 46250 34074
2009.11.26   46500 46600 47100 46400 12246
2009.11.27   43000 46500 46500 43000 52909
2009.11.30   43550 43700 44000 43400 21429
2009.12.01   43950 43100 44500 43100 19804
2009.12.02   44200 44050 44700 43900 14875
2009.12.03   44200 44050 44350 43850 16460
2009.12.04   44850 43950 45150 43950 18566
2009.12.07   45050 45050 45400 44850 19686
2009.12.08   44550 44900 45150 44400 24130
2009.12.09   44200 43950 44400 43800 20369
2009.12.10   44200 44400 44500 44000 19242
2009.12.11   46800 44500 47300 44250 74001
2009.12.14   47450 46300 47800 46300 33990
2009.12.15   47150 47500 47900 47100 22851
2009.12.16   48650 47600 49000 47000 38424
2009.12.17   48300 48650 48700 47700 19918
2009.12.18   49150 47500 49300 47500 23508
2009.12.21   48300 48700 49500 41900 28598
2009.12.22   48050 48600 48600 47600 12921
2009.12.23   46850 48150 48150 46600 19740
2009.12.24   47700 46300 47800 46300 13505
2009.12.28   47450 47000 47700 46700 19790
2009.12.29   47000 46050 47300 46050 12402
2009.12.30   47250 47300 47300 46400 16784
2010.01.04   49450 47450 50400 47450 52700
2010.01.05   50700 50100 50900 49200 74161
2010.01.06   53200 51000 53700 50900 152935
2010.01.07   53100 53600 53700 52400 76744
2010.01.08   52900 53500 53800 52000 37329
2010.01.11   55700 52400 55900 52300 90167
2010.01.12   55300 55100 56500 53900 47287
2010.01.13   54900 55300 55700 54100 29046
2010.01.14   55000 55600 56000 54800 40394
2010.01.15   56700 55100 57800 55000 93813
2010.01.18   56000 56600 56700 55300 68112
2010.01.19   52700 55800 55800 52300 97542
2010.01.20   52300 53200 53400 51400 45822
2010.01.21   52000 51800 52900 51500 34395
2010.01.22   50200 50800 51000 49500 87176
2010.01.25   49000 49300 50100 48200 30751
2010.01.26   49750 49500 49900 48500 35310
2010.01.27   49800 49400 51100 49300 25838
2010.01.28   49500 49800 50600 48000 14176
2010.01.29   48000 49000 49000 47550 30499
2010.02.01   48000 48000 48200 47100 10644
2010.02.02   48100 48500 48800 47600 25879
2010.02.03   48100 48350 48850 47600 23794
2010.02.04   47800 47800 48250 47500 7866
2010.02.05   46350 45200 47500 45200 24377
2010.02.08   46700 46200 47350 45950 9895
2010.02.09   45300 46700 46700 44800 35038
2010.02.10   44900 45500 45700 44900 20129
2010.02.11   45150 44850 45450 44700 11566
2010.02.12   45500 45300 45800 45150 11970
2010.02.16   45300 45950 45950 45100 8340
2010.02.17   45500 45300 45800 45200 20535
2010.02.18   45500 45400 45700 45150 11923
2010.02.19   44800 45500 46400 44800 24253
2010.02.22   44850 44800 45300 44750 19460
2010.02.23   44350 44850 45000 44100 29882
2010.02.24   44200 43950 44350 43700 25942
2010.02.25   43300 44300 44400 43300 27586
2010.02.26   43300 43700 43700 43200 14492
2010.03.02   44250 43500 44300 43500 17283
2010.03.03   44000 44150 44600 44000 13655
2010.03.04   43900 44050 44150 43600 8148
2010.03.05   44400 43800 44500 43800 12014
2010.03.08   44650 44850 44850 44450 12341
2010.03.09   44400 44700 44800 44200 11267
2010.03.10   44150 44600 44600 44100 10986
2010.03.11   44200 44100 44500 44000 15961
2010.03.12   44050 44000 44550 44000 10863
2010.03.15   44050 44050 44450 44000 14975
2010.03.16   44050 44200 44400 43950 13482
2010.03.17   44050 44050 44500 43950 24949
2010.03.18   45450 44250 45850 44100 36605
2010.03.19   45250 45950 45950 45000 24002
2010.03.22   45450 45200 45850 44900 15200
2010.03.23   46200 45600 47000 45600 24631
2010.03.24   45350 46800 46800 45100 20971
2010.03.25   45750 45150 45950 44550 17709
2010.03.26   45750 46000 46150 45350 11916
2010.03.29   44400 45500 45500 44200 21127
2010.03.30   44200 44450 44950 44150 13146
2010.03.31   43850 44550 44550 43800 10512
2010.04.01   43600 43700 44000 43600 16462
2010.04.02   43000 43550 43900 42400 37771
2010.04.05   42400 42600 43350 42150 16260
2010.04.06   43200 43200 43750 42650 11059
2010.04.07   43450 43300 43850 43200 12709
2010.04.08   43000 43450 43500 42700 6819
2010.04.09   42550 42950 42950 42350 15260
2010.04.12   42400 42550 42900 42150 16001
2010.04.13   41650 42400 42500 41450 23433
2010.04.14   41800 41800 41900 41500 12344
2010.04.15   41400 41600 42100 41300 21878
2010.04.16   41800 41400 41800 40500 26847
2010.04.19   41000 41600 41600 40800 14049
2010.04.20   41200 41500 41500 40650 11887
2010.04.21   41650 41000 41950 40750 20018
2010.04.22   41250 41800 42150 41250 9555
2010.04.23   41150 41500 41600 41000 10378
2010.04.26   40700 41200 41450 40650 21366
2010.04.27   40950 40500 41050 40500 18670
2010.04.28   40700 40500 41100 40050 20356
2010.04.29   40200 40300 40750 39400 25280
2010.04.30   39750 40450 40450 39400 15112
2010.05.03   38800 39700 39800 38800 22006
2010.05.04   40200 38800 44500 38800 49194
2010.05.06   39750 39600 40450 38750 14000
2010.05.07   38850 38900 39300 38300 12699
2010.05.10   38700 38800 39150 38450 13930
2010.05.11   39000 39000 39900 38950 21102
2010.05.12   38650 39400 39400 38550 24257
2010.05.13   38900 38800 39000 38300 13314
2010.05.14   38550 38850 38850 38300 14063
2010.05.17   37250 38150 38350 37100 21212
2010.05.18   36500 36800 37250 36100 23246
2010.05.19   35550 36500 36500 35350 15172
2010.05.20   33250 35000 35900 33000 34118
2010.05.24   32150 33100 33100 31400 23180
2010.05.25   29300 31400 32150 28600 48191
2010.05.26   29500 29350 30400 29200 29607
2010.05.27   30250 29200 30450 28550 19164
2010.05.28   31000 30950 31750 30350 20007
2010.05.31   30700 31400 31400 30400 15576
2010.06.01   30600 30850 31300 30600 19684
2010.06.03   32000 30600 32350 30600 20125
2010.06.04   31700 32050 32450 31350 18307
2010.06.07   30700 30200 30800 30100 11688
2010.06.08   32400 31000 32500 30700 16999
2010.06.09   31400 32900 32900 31400 10332
2010.06.10   32150 31400 32450 31400 14144
2010.06.11   33200 32250 33750 32250 24477
2010.06.14   34450 33400 34550 33100 20939
2010.06.15   34450 34550 34900 34100 21109
2010.06.16   34400 34800 34800 33750 12907
2010.06.17   34200 34650 34650 33850 12901
2010.06.18   33900 33300 34150 33300 13487
2010.06.21   33500 33900 34500 33200 14926
2010.06.22   33000 33500 33500 32800 6593
2010.06.23   34050 32600 34550 32600 17057
2010.06.24   35500 34650 35500 34050 19225
2010.06.25   35800 35000 35950 34850 19566
2010.06.28   36000 36200 36500 35100 13569
2010.06.29   35500 36000 36350 35500 24266
2010.06.30   35700 34450 35700 34450 10711
2010.07.01   35900 35700 36150 34300 16954
2010.07.02   35200 35900 36000 35150 10322
2010.07.05   35050 34900 35500 34400 10937
2010.07.06   35450 35050 35800 34700 6333
2010.07.07   35300 35200 35850 35200 7109
2010.07.08   36100 35800 36100 35300 9250
2010.07.09   39700 36450 40250 36450 100035
2010.07.12   38950 40100 40100 38700 34214
2010.07.13   38850 38950 39550 38300 17602
2010.07.14   40200 38900 40450 38650 362954
2010.07.15   41800 40500 43100 39700 74285
2010.07.16   42200 42100 42450 41450 28123
2010.07.19   42950 42000 43400 42000 29238
2010.07.20   42500 43200 43300 41850 26462
2010.07.21   42400 42650 42700 41400 17456
2010.07.22   40700 42500 42700 40700 18810
2010.07.23   40850 41650 42500 40000 15703
2010.07.26   40600 40950 41800 40400 14672
2010.07.27   40400 40250 41200 40250 5471
2010.07.28   39900 40500 40500 39300 17254
2010.07.29   37700 39250 39500 36900 41644
2010.07.30   37900 37600 37950 37000 7464
2010.08.02   37050 37500 38000 36500 19347
2010.08.03   36300 36600 37400 36100 15826
2010.08.04   36900 36300 37000 36150 11729
2010.08.05   38000 37050 38500 37050 13269
2010.08.06   37950 38250 38300 37400 8234
2010.08.09   39800 37950 39800 37950 23583
2010.08.10   39650 40200 40200 38850 14179
2010.08.11   39150 39700 39700 38700 8983
2010.08.12   38450 38100 38750 38050 6204
2010.08.13   39150 38100 39150 38100 4889
2010.08.16   38650 39200 39200 37800 8712
2010.08.17   37900 38650 38950 37600 13964
2010.08.18   37500 37700 38100 37500 6864
2010.08.19   36600 37600 37700 36150 14645
2010.08.20   37600 36750 37750 36550 9876
2010.08.23   37850 37550 38200 37550 20848
2010.08.24   39100 38500 40200 38300 33910
2010.08.25   38700 38300 38900 38000 16058
2010.08.26   38200 38800 40000 38150 25419
2010.08.27   38350 38050 38900 37700 10630
2010.08.30   38300 39100 39100 38000 8359
2010.08.31   38100 38200 38600 37750 6919
2010.09.01   37950 38250 38700 37950 10217
2010.09.02   37000 38100 38950 36500 31419
2010.09.03   37400 36950 37500 36500 13475
2010.09.06   38050 37500 38750 37500 23554
2010.09.07   38000 38000 38500 37850 13328
2010.09.08   38200 37700 38400 37400 15694
2010.09.09   38750 38450 38750 38200 9900
2010.09.10   38800 38550 39000 38050 21190
2010.09.13   38450 39100 39200 38400 9032
2010.09.14   38700 38200 38800 38050 10166
2010.09.15   38700 38900 38900 38100 13342
2010.09.16   38900 38700 38950 38300 14305
2010.09.17   40650 39100 40900 39100 52425
2010.09.20   40700 40500 41300 40100 23285
2010.09.24   40800 40700 40800 39750 14912
2010.09.27   40450 40800 41400 39550 19229
2010.09.28   39650 40000 40100 39600 14039
2010.09.29   40450 39600 40550 39350 16791
2010.09.30   40000 40900 40900 39800 11034
2010.10.01   40500 39900 40550 39650 14276
2010.10.04   40000 40600 40600 39600 17475
2010.10.05   40000 39600 40000 39600 7119
2010.10.06   39850 40000 40300 39600 7509
2010.10.07   40400 39850 40600 39700 15032
2010.10.08   42600 40750 43000 40500 73742
2010.10.11   42550 42600 42700 42100 21463
2010.10.12   42000 42550 42550 41800 19196
2010.10.13   42500 42050 43100 41800 25557
2010.10.14   42100 42500 42550 41850 13173
2010.10.15   43200 42150 43600 42150 34064
2010.10.18   42450 43600 43600 42200 21431
2010.10.19   41900 42200 42550 41350 18544
2010.10.20   41800 41850 41900 41000 14851
2010.10.21   42050 41900 42450 41450 11605
2010.10.22   42200 42550 42600 42000 12314
2010.10.25   41350 41600 42200 41300 18311
2010.10.26   38500 41350 41400 38100 106049
2010.10.27   39100 38600 39250 38400 30068
2010.10.28   39000 39250 39800 38150 27817
2010.10.29   38600 38500 39000 38500 9196
2010.11.01   38600 38600 39200 38200 14890
2010.11.02   38500 38600 39000 38350 13004
2010.11.03   38500 38700 39200 38300 11957
2010.11.04   38500 39000 39100 38350 8780
2010.11.05   38100 38400 38900 38100 13703
2010.11.08   37900 37750 38100 37650 19861
2010.11.09   37600 37750 38000 37350 13374
2010.11.10   37700 37350 38200 37350 7311
2010.11.11   37500 38100 38100 37350 6982
2010.11.12   35500 37300 37650 35500 29550
2010.11.15   35450 35500 36200 35200 11067
2010.11.16   35450 35300 36000 35200 14278
2010.11.17   35400 34600 35550 34600 6328
2010.11.18   35450 35450 36000 35450 7832
2010.11.19   35450 35550 35950 35150 13526
2010.11.22   34900 35450 35450 34600 15694
2010.11.23   33900 34600 34800 33800 20103
2010.11.24   33000 31800 33800 31800 13155
2010.11.25   33600 33100 34200 33100 12342
2010.11.26   33000 34000 34000 33000 9226
2010.11.29   33100 32400 33500 32400 14309
2010.11.30   33800 33200 34300 33200 12000
2010.12.01   34000 33800 34250 33600 4571
2010.12.02   35300 34000 35500 34000 17320
2010.12.03   34850 35600 35650 34750 8692
2010.12.06   34700 35600 35600 34600 3841
2010.12.07   34500 34700 34750 34200 4032
2010.12.08   34150 35400 35400 33950 8943
2010.12.09   34400 33950 34500 33950 3575
2010.12.10   34400 34100 34800 34050 4487
2010.12.13   34500 34250 34650 34250 5013
2010.12.14   34550 34300 34800 34300 5377
2010.12.15   34500 34950 35000 34250 5361
2010.12.16   34350 34500 34600 34300 5098
2010.12.17   34050 34200 34500 33950 5339
2010.12.20   33850 33700 34200 32900 20000
2010.12.21   34700 34250 34900 34100 9394
2010.12.22   34450 34800 35950 34350 26942
2010.12.23   34550 35200 35200 34000 8137
2010.12.24   34450 34800 34950 34150 10374
2010.12.27   35100 34950 35300 34100 13357
2010.12.28   35200 35000 35550 34600 7491
2010.12.29   35000 34250 35100 34250 25707
2010.12.30   35600 35400 35850 34950 24775
2011.01.03   35200 35750 35800 35200 7807
2011.01.04   35250 35200 35550 34700 11063
2011.01.05   34750 35000 35400 34600 10281
2011.01.06   34450 34800 35200 34450 11078
2011.01.07   34000 34200 34650 34000 11063
2011.01.10   34600 34050 34600 34000 8860
2011.01.11   34700 34850 35300 34500 15826
2011.01.12   34700 34500 35150 34500 5782
2011.01.13   35450 34750 35450 34650 19379
2011.01.14   35800 35650 35850 35150 16402
2011.01.17   35550 35900 36300 35550 6346
2011.01.18   34950 35150 35800 34400 9952
2011.01.19   34100 34950 34950 34000 16149
2011.01.20   34250 34000 34500 33950 6097
2011.01.21   33550 34000 34050 33500 10913
2011.01.24   33350 33100 33600 33100 4852
2011.01.25   33550 33350 33750 33250 4912
2011.01.26   33400 33250 33700 33200 6361
2011.01.27   32900 33150 33500 32700 13062
2011.01.28   32000 33250 33250 32000 10558
2011.01.31   31900 32000 32500 30900 17833
2011.02.01   32750 32350 32750 31800 3734
2011.02.07   32700 32350 32900 32350 9045
2011.02.08   33300 32700 33900 32700 8871
2011.02.09   33100 33300 33500 32700 8531
2011.02.10   32300 32900 33500 32300 7959
2011.02.11   32200 32950 32950 31400 8428
2011.02.14   31950 32000 32500 31600 11259
2011.02.15   31650 31950 31950 31300 178120
2011.02.16   33000 31300 33000 31300 11162
2011.02.17   32950 33000 33500 32850 11920
2011.02.18   33200 33450 33500 32650 10735
2011.02.21   33000 33200 33400 32800 5077
2011.02.22   32400 33250 33250 31800 7827
2011.02.23   31900 32300 32300 31500 7065
2011.02.24   31900 31650 32000 30900 12433
2011.02.25   32950 32000 33100 31650 7188
2011.02.28   32950 33100 33150 32400 7661
2011.03.02   32850 32850 32850 32300 5163
2011.03.03   33100 33000 33150 32350 7403
2011.03.04   33100 33150 33400 32650 7825
2011.03.07   33150 32650 33200 32550 3852
2011.03.08   33000 32650 33250 32550 5939
2011.03.09   32900 33000 33500 32700 8697
2011.03.10   32650 32750 33000 32600 4448
2011.03.11   32750 32400 32850 32000 13958
2011.03.14   32400 32050 32950 31500 8573
2011.03.15   31500 31850 32500 31500 9669
2011.03.16   31150 31000 32000 31000 6614
2011.03.17   31300 31000 31300 30300 8630
2011.03.18   31600 31500 31900 31400 4197
2011.03.21   31600 31500 32050 31300 6412
2011.03.22   31600 31600 31950 31500 2198
2011.03.23   31500 32100 32100 31500 6729
2011.03.24   31400 31400 32000 31400 3437
2011.03.25   31400 31400 31600 31250 5138
2011.03.28   31450 32000 32000 31300 5046
2011.03.29   32500 31450 32500 31150 14064
2011.03.30   33300 32400 33300 32300 17657
2011.03.31   33700 33250 34100 33050 18325
2011.04.01   33700 33900 33900 33450 6216
2011.04.04   34900 33350 35200 33350 21973
2011.04.05   35200 34500 35350 34500 9794
2011.04.06   34700 35100 35100 34350 11801
2011.04.07   34050 35000 35000 34050 6465
2011.04.08   34200 34000 34300 33700 8002
2011.04.11   34400 34450 34700 34100 5195
2011.04.12   33500 33850 34400 33500 6416
2011.04.13   33400 34000 34000 33000 5660
2011.04.14   33600 33950 33950 33000 6312
2011.04.15   33150 33850 33850 33100 6731
2011.04.18   33000 33000 33250 32450 8082
2011.04.19   32450 32700 32700 32000 8723
2011.04.20   32200 32800 32800 31650 13589
2011.04.21   32200 32000 32200 31500 21146
2011.04.22   32150 32200 32550 31700 19096
2011.04.25   31150 32000 32100 31150 37330
2011.04.26   30500 31150 31600 29700 37402
2011.04.27   30650 31100 31150 30400 8097
2011.04.28   30400 30700 31400 30400 11862
2011.04.29   29900 30500 30900 29900 10550
2011.05.02   30150 29850 30450 29700 5023
2011.05.03   29950 30150 30350 29900 7531
2011.05.04   30000 29800 30100 29700 7589
2011.05.06   29700 29900 30200 29500 9530
2011.05.09   29050 29900 30100 28950 15291
2011.05.11   29050 29050 29500 28900 6101
2011.05.12   29100 28800 29800 28700 14119
2011.05.13   28900 29150 29200 28800 5568
2011.05.16   28750 28550 29100 28300 3610
2011.05.17   29300 29300 29500 28850 7870
2011.05.18   29600 29100 29650 29100 11067
2011.05.19   29350 29750 29750 29200 5088
2011.05.20   28950 29000 29600 28800 6979
2011.05.23   28150 29250 29250 28150 6993
2011.05.24   30700 27750 32350 27750 36490
2011.05.25   29250 30700 30700 29000 10517
2011.05.26   29000 29250 29400 28700 4214
2011.05.27   29000 29000 29350 28600 9528
2011.05.30   29250 29550 29550 28500 2141
2011.05.31   27750 28850 29350 27750 19272
2011.06.01   28050 27800 28600 27050 10246
2011.06.02   27500 27500 27900 27300 3035
2011.06.03   27600 27950 28100 27500 4961
2011.06.07   26900 27300 27350 26800 9123
2011.06.08   26900 26800 27050 26700 3013
2011.06.09   27150 27000 27350 27000 3991
2011.06.10   27000 27300 27300 26800 4734
2011.06.13   26950 27150 27400 26800 4148
2011.06.14   27000 27250 27500 26950 3537
2011.06.15   27450 27300 27600 26750 4225
2011.06.16   27150 27000 27450 27000 2209
2011.06.17   27000 27000 27500 26950 5214
2011.06.20   27150 26850 27700 26850 5882
2011.06.21   27100 27600 27600 26500 3412
2011.06.22   27150 27200 27400 26900 3831
2011.06.23   28000 27000 28300 26900 20983
2011.06.24   28750 28000 28800 27750 10949
2011.06.27   29600 28550 31000 28550 64338
2011.06.28   29700 29650 30200 29250 9022
2011.06.29   29800 30300 30300 29300 12752
2011.06.30   29300 29800 29850 28900 10308
2011.07.01   29250 29200 29500 29200 8381
2011.07.04   30000 29300 30000 29300 8382
2011.07.05   30150 30200 30200 29900 8077
2011.07.06   30400 30000 30400 29950 11747
2011.07.07   29300 30100 30100 28900 20500
2011.07.08   29600 29200 29800 29000 14888
2011.07.11   29600 29600 29700 29200 5443
2011.07.12   30400 29350 30600 28900 37992
2011.07.13   29950 30400 30400 29700 12578
2011.07.14   29700 30300 30300 29400 12872
2011.07.15   30150 29700 30200 29700 16596
2011.07.18   32600 30400 33200 30100 75113
2011.07.19   32150 32600 33050 32000 24193
2011.07.20   33200 32750 33850 32000 37300
2011.07.21   33500 33400 33800 32900 22239
2011.07.22   32900 33800 34100 32700 31124
2011.07.25   32100 32750 33200 32000 29393
2011.07.26   34600 32000 34650 32000 63281
2011.07.27   34800 34600 35400 34150 73555
2011.07.28   35100 34800 36250 34500 107546
2011.07.29   35300 35250 35400 34300 64144
2011.08.01   35300 35650 36000 34350 32886
2011.08.02   33700 34750 35150 33350 37047
2011.08.03   33500 33000 33500 32750 26463
2011.08.04   33000 33550 33950 32550 31817
2011.08.05   30850 30800 31900 30000 29321
2011.08.08   29000 30550 31400 26700 64990
2011.08.09   27300 27400 28350 24650 94938
2011.08.10   28050 28100 28450 27400 52533
2011.08.11   28300 26300 28450 26300 25746
2011.08.12   29600 28850 30650 28400 42124
2011.08.16   30200 30200 31200 30200 30218
2011.08.17   31450 30300 31700 29950 24903
2011.08.18   31350 31000 31600 30400 25248
2011.08.19   29500 29950 30800 29500 38042
2011.08.22   29000 29000 30700 28500 16177
2011.08.23   30200 29000 30200 29000 20073
2011.08.24   30150 30200 30900 30050 11756
2011.08.25   29450 30700 30700 29400 15041
2011.08.26   29500 28800 29500 28800 10665
2011.08.29   29700 29950 30400 29150 9958
2011.08.30   30000 30300 30300 29750 7048
2011.08.31   34500 32900 34500 32500 33254
2011.09.01   37500 39000 39650 37100 507171
2011.09.02   37550 37500 37700 35100 125519
2011.09.05   35600 36800 37000 33500 66736
2011.09.06   35100 34700 38400 34400 112385
2011.09.07   35200 35600 36200 34500 79859
2011.09.08   36250 35750 36750 34600 51494
2011.09.09   35500 35700 36350 35050 33136
2011.09.14   33500 35500 35500 33500 39145
2011.09.15   29800 33650 34400 29550 136598
2011.09.16   31000 30300 31300 30050 44782
2011.09.19   31800 31250 33400 31250 46467
2011.09.20   31500 31550 32400 31300 17260
2011.09.21   31750 31500 32100 31200 26366
2011.09.22   30700 31000 31550 30300 22953
2011.09.23   29000 29200 29900 28000 52740
2011.09.26   26200 29200 29350 26200 34258
2011.09.27   27900 26550 27950 26550 15428
2011.09.28   27850 28000 28450 27500 19189
2011.09.29   28600 27400 28900 27400 9886
2011.09.30   28850 29000 29400 28300 5931
2011.10.04   28300 27500 28500 27200 22070
2011.10.05   27400 29250 29250 27400 14729
2011.10.06   28200 28150 29750 28150 23349
2011.10.07   29350 28750 29500 28750 13135
2011.10.10   30100 29150 30200 29050 10671
2011.10.11   30850 30850 32400 30300 26365
2011.10.12   30800 31000 31150 30300 15711
2011.10.13   33450 32200 34900 32000 72905
2011.10.14   34900 33200 35300 32000 48064
2011.10.17   36100 35900 37600 34750 56642
2011.10.18   39450 35900 40700 35150 141292
2011.10.19   38500 40000 41550 37850 141634
2011.10.20   38950 39800 41200 38250 97215
2011.10.21   38300 40100 40300 36000 91566
2011.10.24   39300 38600 39400 36900 73264
2011.10.25   39450 39700 40000 38500 29107
2011.10.26   38000 38700 39350 37700 51776
2011.10.27   37450 38200 38850 36450 48154
2011.10.28   38350 38350 38700 37000 26739
2011.10.31   39200 38350 40350 37700 69375
2011.11.01   38800 39450 40200 38550 40300
2011.11.02   38400 38750 38750 37000 29584
2011.11.03   41150 38600 41950 38000 108802
2011.11.04   44000 41850 44850 41600 124709
2011.11.07   43500 44300 44450 42700 39450
2011.11.08   41200 42150 42900 41100 106213
2011.11.09   41950 41600 42500 40800 44548
2011.11.10   40300 40700 41300 39500 48606
2011.11.11   41150 40500 41500 40100 31066
2011.11.14   41900 41250 42250 40800 28826
2011.11.15   40700 41900 42100 40600 18483
2011.11.16   37500 40600 40800 37450 59211
2011.11.17   39900 38000 40000 37600 45304
2011.11.18   39800 39000 40000 39000 19699
2011.11.21   38600 39800 39800 38000 24313
2011.11.22   38900 37800 39000 36900 37856
2011.11.23   38450 38900 40800 38300 40046
2011.11.24   38200 38000 39350 37500 41345
2011.11.25   37050 37800 38500 36300 30602
2011.11.28   37150 37500 38000 36950 32457
2011.11.29   39300 37700 39900 37650 53827
2011.11.30   39500 39600 39650 39000 28854
2011.12.01   39100 40100 40450 38950 26337
2011.12.02   38800 39100 39100 38600 11145
2011.12.05   38300 39700 39700 38000 22968
2011.12.06   38200 38300 38300 37300 23161
2011.12.07   38400 38400 38750 37700 16313
2011.12.08   38150 38000 38500 37500 11903
2011.12.09   37900 37600 38250 37300 18816
2011.12.12   37800 38000 38150 37600 9755
2011.12.13   37950 37300 38850 37200 18676
2011.12.14   39000 38500 39600 38000 19069
2011.12.15   38700 39300 39300 37450 16290
2011.12.16   38700 38700 38850 38000 13522
2011.12.19   36150 38700 38700 33900 41234
2011.12.20   36050 36150 36550 35050 9185
2011.12.21   37000 37000 37450 36150 13793
2011.12.22   37000 36550 37400 36550 5109
2011.12.23   37200 37050 37600 36900 11558
2011.12.26   37850 37200 38000 37200 10331
2011.12.27   39300 37450 39550 37450 49401
2011.12.28   38400 38350 38450 37450 15069
2011.12.29   39200 38400 39500 37500 18987
2012.01.02   39200 39000 39200 37900 14246
2012.01.03   39250 39450 40100 39000 25121
2012.01.04   38800 39200 39250 38550 24200
2012.01.05   39000 39250 39400 38250 10768
2012.01.06   38600 39000 39400 38150 18056
2012.01.09   40200 38600 40200 38300 31691
2012.01.10   39600 40600 41050 39400 16793
2012.01.11   38550 39200 40250 38500 15716
2012.01.12   38900 39200 39200 38000 10577
2012.01.13   38200 38700 39100 37700 15376
2012.01.16   37500 37700 38200 37300 8299
2012.01.17   37450 37450 38150 37450 5733
2012.01.18   38150 37750 38600 37500 12982
2012.01.19   37600 38600 38600 37500 9443
2012.01.20   37050 37600 37600 36200 34198
2012.01.25   37050 37050 37500 36700 8589
2012.01.26   36300 37100 37450 36050 29713
2012.01.27   36000 36300 36500 35950 12129
2012.01.30   35450 36000 36500 34900 26958
2012.01.31   35300 35600 35650 34850 18652
2012.02.01   35700 35300 36050 35200 10018
2012.02.02   36100 35750 36350 35400 16125
2012.02.03   35600 36100 36250 35500 8094
2012.02.06   35850 35700 36000 35500 9788
2012.02.07   35700 36150 36150 35350 8551
2012.02.08   35600 35700 36050 34850 30961
2012.02.09   35050 35600 35700 35000 14262
2012.02.10   35050 35050 35450 34700 12626
2012.02.13   36000 35100 36100 35100 13490
2012.02.14   36100 36000 36100 35600 13075
2012.02.15   36050 36250 36450 36000 10208
2012.02.16   35600 35700 36400 35350 18452
2012.02.17   35650 36050 36350 35300 18995
2012.02.20   37200 35650 37700 35650 28417
2012.02.21   37500 37250 38050 37000 38118
2012.02.22   38550 37550 39100 37550 48108
2012.02.23   38000 38700 38700 37750 12618
2012.02.24   38100 38650 38650 37400 13701
2012.02.27   37500 38450 38450 37350 11524
2012.02.28   38250 37800 38800 37300 15072
2012.02.29   38850 38350 39200 38350 14802
2012.03.02   38800 39000 39200 38600 23009
2012.03.05   38050 38800 38900 38000 10820
2012.03.06   37500 38350 38600 37350 14602
2012.03.07   37200 37100 37750 36850 10499
2012.03.08   37100 37650 37650 36950 41168
2012.03.09   39000 37300 39000 37150 31343
2012.03.12   41200 39050 41700 38850 78161
2012.03.13   40950 41500 41500 40400 26075
2012.03.14   41000 41000 41450 40700 18874
2012.03.15   42200 41000 42450 41000 51426
2012.03.16   43800 42200 44300 42100 72165
2012.03.19   43250 43300 44000 42100 46215
2012.03.20   41700 43700 43700 41700 37327
2012.03.21   44350 41500 45000 41400 65504
2012.03.22   43750 44400 45350 43600 37071
2012.03.23   42550 43500 44150 42500 27093
2012.03.26   41350 42450 42550 41150 34625
2012.03.27   42000 41750 42200 40850 26347
2012.03.28   41150 42100 42450 40700 20449
2012.03.29   39600 41100 41200 39300 35890
2012.03.30   41200 39700 41200 39300 16394
2012.04.02   41050 40500 41350 40500 12088
2012.04.03   40300 41250 41700 39950 19336
2012.04.04   39300 40750 40750 38850 21928
2012.04.05   39850 39450 40700 38350 14543
2012.04.06   41100 41200 41750 40700 35590
2012.04.09   41350 41650 42150 40650 29117
2012.04.10   47550 41600 47550 41550 219987
2012.04.12   47500 49600 50700 47100 235628
2012.04.13   51000 48200 52000 47850 289413
2012.04.16   49550 50000 51000 49250 102916
2012.04.17   47400 50200 50200 47250 82559
2012.04.18   50700 48300 51800 48250 164454
2012.04.19   50300 50700 52000 49450 131761
2012.04.20   48700 51400 53100 48700 179599
2012.04.23   47250 48300 49800 47200 94677
2012.04.24   46900 46600 48450 46150 80018
2012.04.25   46000 47500 47500 45550 48926
2012.04.26   44850 46400 47150 44600 76944
2012.04.27   44950 45050 45700 43300 59573
2012.04.30   46950 45400 47350 45000 55571
2012.05.02   47950 47100 48350 46550 48276
2012.05.03   47250 47800 48950 47150 30749
2012.05.04   46450 47200 47500 46200 32092
2012.05.07   45700 45400 46850 45400 19276
2012.05.08   47350 46150 47850 45700 29720
2012.05.09   47900 47450 49500 47000 88626
2012.05.10   46600 47550 48500 46100 37577
2012.05.11   47500 46800 48000 45400 47007
2012.05.14   46150 47500 47950 45950 26901
2012.05.15   45000 45450 45700 44300 28183
2012.05.16   43050 45000 45500 43050 27300
2012.05.17   43000 42600 43400 42250 18498
2012.05.18   40550 42200 42450 40200 28899
2012.05.21   42200 40800 42300 40800 23931
2012.05.22   42700 42900 43400 42450 16361
2012.05.23   41150 43000 43000 41100 13857
2012.05.24   42100 41150 42650 41100 14763
2012.05.25   41700 41750 42350 40900 18594
2012.05.29   41600 41650 42250 41400 17880
2012.05.30   41950 41650 42200 41650 13506
2012.05.31   41900 41150 42150 41150 8696
2012.06.01   44050 42150 44800 41900 42572
2012.06.04   43200 42500 43900 42400 25510
2012.06.05   45350 44300 46500 43600 52431
2012.06.07   45650 46000 46800 44800 27071
2012.06.08   44200 45500 45850 44200 22691
2012.06.11   45000 44900 45850 44400 13370
2012.06.12   44900 44800 45700 44400 16792
2012.06.13   43800 45300 45500 43750 14957
2012.06.14   43500 44000 44800 43200 13394
2012.06.15   42800 44050 44050 42700 13271
2012.06.18   45100 43200 45400 43200 26056
2012.06.19   45400 44450 45900 44450 19454
2012.06.20   45250 46000 46150 45100 16513
2012.06.21   45000 45100 46300 44750 21938
2012.06.22   44150 44050 44850 44000 11516
2012.06.25   43450 43750 44300 43450 15564
2012.06.26   42300 42650 43500 42250 26037
2012.06.27   43100 42300 43400 42150 9955
2012.06.28   43500 43450 43650 42700 11849
2012.06.29   43950 43150 44150 42950 11347
2012.07.02   43600 44100 44100 43500 9252
2012.07.03   43400 43200 43900 42900 14785
2012.07.04   46850 43400 46850 43400 63347
2012.07.05   48100 47500 49100 46900 104500
2012.07.06   50600 48700 50900 47900 102291
2012.07.09   50600 50600 51900 50000 52519
2012.07.10   52300 51500 52500 50500 83257
2012.07.11   53800 52500 54000 51900 95992
2012.07.12   56100 54000 56600 53700 173259
2012.07.13   54900 56800 57400 53500 92309
2012.07.16   54800 54700 56900 54200 58004
2012.07.17   53800 55200 55900 53000 82486
2012.07.18   56400 54700 56900 53400 89006
2012.07.19   58700 56800 58700 55900 84735
2012.07.20   58800 58700 59900 58100 65671
2012.07.23   59700 58500 60000 57100 55513
2012.07.24   57300 60100 60500 56900 73541
2012.07.25   55600 56500 57900 55200 72199
2012.07.26   58600 56200 58700 54700 85201
2012.07.27   60800 59000 61200 58200 84046
2012.07.30   60800 61800 62300 59700 51357
2012.07.31   60500 61000 61500 59000 40703
2012.08.01   60900 60000 62200 59600 49401
2012.08.02   62900 61300 63500 61100 79757
2012.08.03   62700 62700 63300 61600 39177
2012.08.06   60800 63000 63000 60800 44640
2012.08.07   65000 60800 65000 60000 86149
2012.08.08   63800 64500 65300 63600 46495
2012.08.09   63200 64300 66200 63200 70576
2012.08.10   63300 63500 64900 62400 47005
2012.08.13   63400 63100 64600 62600 27152
2012.08.14   63600 63500 65800 63200 53031
2012.08.16   65800 64300 66000 63600 62653
2012.08.17   66500 66200 66600 65200 35986
2012.08.20   65800 66800 66800 64800 49511
2012.08.21   67600 65700 67900 64800 53261
2012.08.22   67600 67600 68700 67100 52721
2012.08.23   68000 67800 68500 66500 43378
2012.08.24   67800 68000 70000 67600 61767
2012.08.27   69000 68000 69100 66400 31420
2012.08.28   71000 69000 72400 68300 88097
2012.08.29   72900 71700 74000 70900 64103
2012.08.30   76300 72900 76700 72400 79855
2012.08.31   75300 75900 77800 75300 61237
2012.09.03   79400 75000 79700 73300 102363
2012.09.04   77400 79900 84300 76000 143590
2012.09.05   77400 77500 79600 74700 69524
2012.09.06   75300 77800 79900 75300 42389
2012.09.07   74400 76800 76800 74000 54478
2012.09.10   76400 73700 76400 71900 76089
2012.09.11   80400 76400 80400 76300 72966
2012.09.12   80800 81200 83400 79600 65013
2012.09.13   81300 82100 82100 80400 31295
2012.09.14   79300 81200 83000 78500 66846
2012.09.17   80200 78600 80400 76000 67109
2012.09.18   80800 80300 82100 79200 30550
2012.09.19   84000 81000 84000 80500 52539
2012.09.20   87000 84700 88100 83700 83395
2012.09.21   88200 89000 90700 86700 97451
2012.09.24   94500 88400 94500 88300 101072
2012.09.25   97000 95000 97800 91600 97054
2012.09.26   94900 97000 98500 93800 75202
2012.09.27   93700 94900 95900 92000 39590
2012.09.28   95000 94200 96500 91200 53236
2012.10.02   92700 94300 95700 92700 27670
2012.10.04   94700 92200 97200 92100 49536
2012.10.05   95300 95100 97000 94200 40090
2012.10.08   99500 95300 99500 93700 64730
2012.10.09   97500 100000 100300 95900 55901
2012.10.10   96000 96900 99800 95200 48005
2012.10.11   97500 96300 98400 96000 30337
2012.10.12   97300 97500 98600 96000 27653
2012.10.15   98400 98100 99000 95900 49272
2012.10.16   93000 98600 98800 93000 64069
2012.10.17   90000 93000 93400 79100 188243
2012.10.18   84100 90800 93000 83000 129758
2012.10.19   84100 84400 86800 79800 127934
2012.10.22   88000 83500 88500 81900 97206
2012.10.23   89300 88200 90700 87400 82816
2012.10.24   86200 87500 91600 83800 97749
2012.10.25   81800 86500 87500 81000 75390
2012.10.26   82100 82000 84500 79900 59348
2012.10.29   78300 82100 82900 78100 68269
2012.10.30   79500 78600 79700 75500 88700
2012.10.31   81000 80100 83900 79500 61653
2012.11.01   79500 80700 80700 77400 67193
2012.11.02   85900 81400 86400 80300 125457
2012.11.05   84100 85400 87000 83200 64993
2012.11.06   88300 85100 90200 85000 106937
2012.11.07   90400 88900 92500 87000 68413
2012.11.08   91000 89000 92000 88800 73879
2012.11.09   88400 90500 90600 88000 60506
2012.11.12   88700 89000 89700 86600 31376
2012.11.13   91600 89500 92900 88600 60929
2012.11.14   89000 92300 92800 87700 45793
2012.11.15   85900 87400 88200 83100 69282
2012.11.16   87000 86900 88400 85000 55968
2012.11.19   90500 87000 91400 86600 58421
2012.11.20   91200 92000 92000 88900 54857
2012.11.21   90100 91200 92100 90100 26198
2012.11.22   92000 90100 92100 88100 40815
2012.11.23   89400 92700 92700 88400 34444
2012.11.26   86600 89500 89500 86500 20838
2012.11.27   84000 86900 87700 83200 53013
2012.11.28   84100 83500 85000 83400 24786
2012.11.29   81700 85000 85000 81500 19202
2012.11.30   83300 82000 85900 80900 62242
2012.12.03   79300 83000 83100 79300 53334
2012.12.04   79500 79000 81000 77200 34094
2012.12.05   75300 80700 80700 74800 90693
2012.12.06   73500 76500 77300 70000 67650
2012.12.07   71800 73700 75700 70300 56192
2012.12.10   69700 72000 72000 67800 80318
2012.12.11   69300 70200 72400 67800 55800
2012.12.12   71700 69300 72200 69300 38096
2012.12.13   76500 72300 76700 70300 71529
2012.12.14   78000 76500 78400 75600 50957
2012.12.17   74700 77800 78000 69800 50565
2012.12.18   78800 74700 79000 74200 37129
2012.12.20   79300 78200 79900 77100 31662
2012.12.21   79200 78700 79400 76300 27189
2012.12.24   79700 78000 81000 78000 28136
2012.12.26   81000 78000 81000 78000 46643
2012.12.27   81700 80600 82400 79600 30168
2012.12.28   82600 81400 82900 81300 30620
2013.01.02   79000 82700 82700 79000 49754
2013.01.03   73300 78500 79000 73300 89293
2013.01.04   74500 73300 76000 73300 39743
2013.01.07   79100 74300 79400 74300 49812
2013.01.08   79000 77900 81800 77800 59074
2013.01.09   80900 79700 83500 79000 86903
2013.01.10   84600 82100 84800 81500 64927
2013.01.11   83200 86500 87400 82900 49786
2013.01.14   85400 83500 85800 83000 45419
2013.01.15   84400 85800 85800 80300 33860
2013.01.16   83200 85200 85200 82400 24053
2013.01.17   84900 83200 85200 82500 20730
2013.01.18   85400 85000 85600 83900 15651
2013.01.21   83500 85600 86000 83500 22828
2013.01.22   83000 83300 84500 81700 22237
2013.01.23   85200 83000 85900 81400 32577
2013.01.24   82400 85700 86000 81800 19650
2013.01.25   80800 82400 83000 79800 23430
2013.01.28   77000 81600 81700 77000 33403
2013.01.29   77500 78000 79900 77500 24853
2013.01.30   73800 77100 77200 73800 59989
2013.01.31   73300 74000 75200 72800 23253
2013.02.01   73200 73300 73600 69800 54278
2013.02.04   70100 72600 73100 70100 59506
2013.02.05   68200 69600 70900 68100 54633
2013.02.06   69000 68700 69700 68100 32713
2013.02.07   63000 68500 68500 62800 188489
2013.02.08   61600 62900 62900 60100 191354
2013.02.12   61500 62000 62800 60800 92511
2013.02.13   62400 61700 62400 61000 91109
2013.02.14   66900 62300 67700 61900 177355
2013.02.15   65100 66900 66900 65000 90857
2013.02.18   65200 65000 67500 64400 62349
2013.02.19   65700 65600 67200 65400 62553
2013.02.20   68000 66900 68400 66100 73436
2013.02.21   67000 68500 69400 66200 92429
2013.02.22   70000 66800 70400 65900 82176
2013.02.25   69400 71000 71200 69400 75697
2013.02.26   70100 69400 70700 69000 41810
2013.02.27   71500 70900 72700 69300 71702
2013.02.28   76500 72000 77900 71100 161768
2013.03.04   77000 77100 77900 75900 67055
2013.03.05   79500 76500 79900 75400 84451
2013.03.06   76200 79500 80200 76200 90677
2013.03.07   77000 75900 77400 74300 71718
2013.03.08   75000 77400 78100 74900 63219
2013.03.11   81000 75500 81000 72800 112447
2013.03.12   80200 81600 82500 79400 74851
2013.03.13   80300 79800 83200 79800 94773
2013.03.14   80900 80200 81800 79500 36920
2013.03.15   84900 80900 85700 80900 118214
2013.03.18   83600 85500 87400 83600 68198
2013.03.19   87700 84500 88800 84300 70619
2013.03.20   87500 87800 89500 85500 53142
2013.03.21   87300 88500 89400 83200 89177
2013.03.22   86600 85300 89000 85300 54673
2013.03.25   83000 86000 87400 81900 62812
2013.03.26   85000 83800 85800 83000 33671
2013.03.27   84300 85000 86200 83300 40947
2013.03.28   87900 85800 87900 84300 48093
2013.03.29   87700 89200 90000 84500 88070
2013.04.01   91300 89500 91700 87500 83599
2013.04.02   90200 91300 92100 89000 39204
2013.04.03   89100 90100 91000 88300 51788
2013.04.04   87200 87900 88900 85200 47472
2013.04.05   85500 88000 88100 84400 65495
2013.04.08   78500 84200 85300 78500 128392
2013.04.09   78600 77200 79300 74800 102612
2013.04.10   80000 79500 81800 79300 57687
2013.04.11   84400 81400 84800 80300 46946
2013.04.12   84400 84700 86400 83700 37940
2013.04.15   86400 85600 87000 83500 33509
2013.04.16   81600 84500 85800 81200 115811
2013.04.17   83600 81900 83600 77900 151567
2013.04.18   81700 82800 83200 80100 45105
2013.04.19   77500 80000 80900 77500 74172
2013.04.22   78100 76400 80300 76400 27762
2013.04.23   81700 78900 81900 78900 67029
2013.04.24   82800 81700 83000 79300 93881
2013.04.25   80000 81500 82200 79500 64639
2013.04.26   83600 80500 83800 79800 73350
2013.04.29   84400 84700 84700 82800 49636
2013.04.30   82800 84200 87000 82000 49470
2013.05.02   80200 81800 82600 79400 41988
2013.05.03   80000 80700 81000 78800 45501
2013.05.06   79000 79700 80900 79000 35697
2013.05.07   80500 79200 81100 78900 38757
2013.05.08   80500 80900 81600 79400 44869
2013.05.09   78000 80700 80700 78000 57306
2013.05.10   75500 77600 78000 75500 73295
2013.05.13   69300 75900 76300 69300 186200
2013.05.14   70700 69100 71200 66500 180369
2013.05.15   69500 71200 71200 69100 56765
2013.05.16   70700 69700 71800 69700 50075
2013.05.20   74500 71700 75200 71600 81204
2013.05.21   74100 73700 75200 72500 52066
2013.05.22   75500 73700 75500 73300 50153
2013.05.23   73400 76000 76000 72300 90758
2013.05.24   75100 73400 75300 73300 38173
2013.05.27   76800 75100 77300 75000 54594
2013.05.28   78700 77300 79400 75900 52578
2013.05.29   78700 79000 79500 77000 38929
2013.05.30   78600 79200 79200 77900 21009
2013.05.31   77400 78900 79000 76300 34930
2013.06.03   72500 76400 76900 72400 74067
2013.06.04   72600 73200 74100 72000 29657
2013.06.05   71000 71900 72800 71000 28640
2013.06.07   75500 69200 75800 69200 39911
2013.06.10   74600 75600 76000 73800 16505
2013.06.11   76900 74600 77000 74200 30972
2013.06.12   77800 76800 78200 76000 35572
2013.06.13   78000 77200 78400 76800 25711
2013.06.14   77800 78000 78700 75900 19796
2013.06.17   76100 76900 77900 74600 26705
2013.06.18   74100 75000 76100 73700 26392
2013.06.19   73000 74900 75300 71600 53308
2013.06.20   69300 72000 72400 69300 55326
2013.06.21   69700 68000 71200 67900 44286
2013.06.24   69000 70400 70800 68800 13179
2013.06.25   67100 68000 68800 64500 76481
2013.06.26   66400 67200 69300 65100 37006
2013.06.27   69700 67800 69800 67400 25338
2013.06.28   70200 70700 71900 68400 41326
2013.07.01   71100 70200 72400 70200 17920
2013.07.02   71000 71900 71900 69100 39598
2013.07.03   70600 69600 71500 69600 20817
2013.07.04   70000 70700 71400 69300 11221
2013.07.05   70700 70100 71600 69000 22060
2013.07.08   66700 70700 71300 66100 55909
2013.07.09   67800 66700 68300 65800 24640
2013.07.10   68100 67800 68400 67300 8640
2013.07.11   68600 67700 69800 67700 14260
2013.07.12   70200 68700 70400 68400 15981
2013.07.15   71100 70700 71400 69500 12451
2013.07.16   71000 71100 71900 70200 7870
2013.07.17   71000 71800 71800 70400 19141
2013.07.18   69800 70600 71100 69700 18318
2013.07.19   76000 69800 78900 69800 51944
2013.07.22   76000 75600 77300 74500 27038
2013.07.23   74700 74900 75800 73000 51038
2013.07.24   72600 74500 75000 72600 34091
2013.07.25   72600 72700 74100 71100 34311
2013.07.26   72900 72700 74300 72000 26335
2013.07.29   74000 72600 74200 71000 34851
2013.07.30   74800 73300 75300 72500 35000
2013.07.31   78000 74800 78500 73700 89219
2013.08.01   76000 78300 78400 76000 27982
2013.08.02   78000 76100 78300 76100 28201
2013.08.05   77500 77000 78300 77000 9569
2013.08.06   78800 78100 80400 77000 65732
2013.08.07   77500 78600 79600 76700 27673
2013.08.08   75000 77400 77400 75000 28084
2013.08.09   77600 75800 79400 75500 50475
2013.08.12   76500 77800 78500 76300 19043
2013.08.13   76000 76200 77800 76000 13711
2013.08.14   75600 76000 77000 74200 35595
2013.08.16   74300 75800 76000 73900 31018
2013.08.19   75200 74100 75800 73800 23511
2013.08.20   71500 75500 76200 71500 36394
2013.08.21   71600 72400 72800 69900 31663
2013.08.22   70200 70700 73900 69900 36639
2013.08.23   71100 71100 72600 70700 37926
2013.08.26   73100 71700 73300 71700 25762
2013.08.27   72800 72300 75000 72300 58443
2013.08.28   73800 72200 75000 72200 37481
2013.08.29   77000 73900 77900 73500 53216
2013.08.30   76600 78000 78800 75800 27210
2013.09.02   74700 76600 77100 74300 29707
2013.09.03   77000 75100 77400 75100 28610
2013.09.04   77000 76800 77900 76200 27545
2013.09.05   76700 77700 77700 75700 17991
2013.09.06   75400 76000 76500 74700 19790
2013.09.09   73800 75400 75800 73600 30918
2013.09.10   73100 73600 74500 71400 48818
2013.09.11   72900 72700 73500 71900 36898
2013.09.12   74500 72800 74600 72800 40737
2013.09.13   74400 74300 74800 73500 9967
2013.09.16   73900 74500 74500 73200 10856
2013.09.17   73800 73400 73900 72600 18641
2013.09.23   72800 73600 73800 72700 17589
2013.09.24   73000 72700 73800 72200 18543
2013.09.25   72600 73700 73800 72300 13546
2013.09.26   75500 72500 75500 72300 43551
2013.09.27   76800 75700 77900 74700 36757
2013.09.30   76800 77100 77400 74700 50484
2013.10.01   78100 75100 79400 75100 42471
2013.10.02   82000 78500 82000 77500 83301
2013.10.04   82900 82000 83200 80100 44656
2013.10.07   82000 82500 83100 81100 32652
2013.10.08   81500 81700 82900 80600 24573
2013.10.10   79600 81500 82200 78600 44551
2013.10.11   80900 79800 80900 79100 41693
2013.10.14   79700 80900 80900 79000 24162
2013.10.15   76800 79800 80200 76000 74010
2013.10.16   77300 76800 78400 76300 55833
2013.10.17   78000 78000 78000 76000 28063
2013.10.18   77900 78100 78600 76400 27056
2013.10.21   78900 77800 78900 76800 19950
2013.10.22   79100 78900 79700 77700 24543
2013.10.23   76700 79200 79200 75200 59222
2013.10.24   78000 76100 78300 75400 32062
2013.10.25   78000 78000 78600 76800 25894
2013.10.28   76300 77800 78300 76100 16985
2013.10.29   75300 76800 76800 75000 20801
2013.10.30   77400 75000 78000 75000 26322
2013.10.31   77400 76800 78200 76100 21094
2013.11.01   78600 77100 78700 77100 19866
2013.11.04   77900 78800 78800 77500 16478
2013.11.05   77300 78500 78600 77000 12547
2013.11.06   78200 77000 78500 76000 21421
2013.11.07   76700 78200 78300 75800 24885
2013.11.08   75000 75800 76700 74700 18487
2013.11.11   75100 75500 76700 73800 14925
2013.11.12   75900 76000 76200 74700 9482
2013.11.13   74600 75400 75500 73700 21109
2013.11.14   75000 74200 75800 74200 12776
2013.11.15   75000 75500 75900 74300 22667
2013.11.18   74800 75700 75700 73900 16832
2013.11.19   72800 75000 75000 72800 34713
2013.11.20   73300 73500 73900 73000 15164
2013.11.21   73000 72800 73900 72400 18908
2013.11.22   74500 73600 75000 72800 13037
2013.11.25   74900 75200 75300 74300 9238
2013.11.26   76000 74400 76300 74000 17086
2013.11.27   76500 75400 77000 75400 14650
2013.11.28   77200 76800 77200 75600 26151
2013.11.29   78400 77300 78500 76200 45681
2013.12.02   78500 78100 79000 76700 27549
2013.12.03   76300 78500 78500 75600 66072
2013.12.04   77200 76200 77300 74100 35668
2013.12.05   76500 77500 77500 75800 27347
2013.12.06   76800 76200 77100 75200 16553
2013.12.09   76800 76600 77400 76100 15275
2013.12.10   74800 76500 77000 74100 32969
2013.12.11   73300 74600 75300 73100 30110
2013.12.12   73400 73300 74100 72800 14123
2013.12.13   73500 74700 75800 73200 35273
2013.12.16   71900 72500 73400 71800 35821
2013.12.17   70500 72000 72300 69000 65557
2013.12.18   72400 69500 72500 69500 23718
2013.12.19   71100 72500 72600 70100 24997
2013.12.20   70700 70600 71600 70200 10298
2013.12.23   72800 70700 72800 70200 13969
2013.12.24   72400 73300 73300 71600 18862
2013.12.26   73500 72900 73900 71300 31472
2013.12.27   62800 61000 64000 61000 23053
2013.12.30   64000 63500 64700 63000 17880
2014.01.02   63800 64100 64300 62200 27928
2014.01.03   62600 63200 63800 62300 14438
2014.01.06   61500 62100 62900 60700 30241
2014.01.07   62400 61100 62400 60800 27518
2014.01.08   62500 62600 62800 61300 26139
2014.01.09   59200 61100 61800 57000 174392
2014.01.10   57800 58500 59000 56100 76819
2014.01.13   60300 57800 60800 57000 55220
2014.01.14   59300 60300 60500 58200 39892
2014.01.15   59600 59300 60100 58700 26531
2014.01.16   59400 59300 60200 59300 18073
2014.01.17   58400 59400 59800 58400 12306
2014.01.20   57900 57900 58600 57200 17975
2014.01.21   58100 58000 58400 57400 19563
2014.01.22   57800 58400 58400 57100 19131
2014.01.23   58100 57600 58500 57400 13227
2014.01.24   58400 58000 59600 56400 28124
2014.01.27   58300 57100 58400 57000 18570
2014.01.28   57500 57500 58400 56900 21052
2014.01.29   58400 57500 59100 57500 31668
2014.02.03   58700 58300 59000 57800 13138
2014.02.04   57800 57900 58600 56600 26526
2014.02.05   57800 58000 58200 57100 10468
2014.02.06   55900 57800 57900 55900 33014
2014.02.07   55500 56700 56700 55100 29828
2014.02.10   53900 55500 55800 53900 39997
2014.02.11   55200 54100 55300 53900 24657
2014.02.12   55800 55900 55900 54700 17801
2014.02.13   55700 55200 55900 55000 15800
2014.02.14   56500 55700 56900 55100 17402
2014.02.17   57300 55900 57300 55700 14477
2014.02.18   58300 56500 60000 56300 31363
2014.02.19   58500 58300 58600 57200 10906
2014.02.20   57400 58500 58900 57400 13602
2014.02.21   57400 57400 58500 57300 10417
2014.02.24   57000 57300 57900 56700 11289
2014.02.25   57500 57000 58400 57000 14209
2014.02.26   58500 58300 58500 57600 12931
2014.02.27   59100 58800 59100 58100 14779
2014.02.28   60200 59000 60200 58200 26380
2014.03.03   61600 61200 61600 59700 30453
2014.03.04   61600 60700 62000 60600 23531
2014.03.05   60700 62000 62200 59900 22249
2014.03.06   59600 60200 61300 58800 39389
2014.03.07   59800 58900 60100 58500 26941
2014.03.10   59100 59900 59900 58500 22870
2014.03.11   60600 58800 60600 58700 22094
2014.03.12   59000 61000 61000 59000 23515
2014.03.13   60200 59800 60200 59100 15715
2014.03.14   59700 59200 60200 59200 17125
2014.03.17   60200 59600 60300 59400 16298
2014.03.18   59500 60200 60400 59100 13223
2014.03.19   59300 59500 60000 58700 13465
2014.03.20   58800 59300 59300 57700 13228
2014.03.21   58500 58400 59200 58100 9862
2014.03.24   58400 59000 59000 58100 5575
2014.03.25   57600 58100 58800 57200 14385
2014.03.26   57100 57700 58000 56900 12478
2014.03.27   57100 57200 58300 56600 10058
2014.03.28   58000 56800 58400 56700 8754
2014.03.31   56800 57800 57800 55600 29055
2014.04.01   56600 56700 57000 55500 22573
2014.04.02   56600 57300 57300 56400 7903
2014.04.03   55600 56900 57000 55600 19098
2014.04.04   55400 59200 60400 55000 116294
2014.04.07   54500 55000 55000 53900 35378
2014.04.08   54200 54400 55400 53100 43501
2014.04.09   55200 53500 55200 53500 25331
2014.04.10   54700 55200 55300 54100 20504
2014.04.11   54000 54000 54400 53700 18006
2014.04.14   54500 54000 54700 53600 7980
2014.04.15   54400 55000 55100 53800 23973
2014.04.16   54700 54600 54900 53700 23243
2014.04.17   54800 54500 54800 54000 15512
2014.04.18   54800 54500 55300 54300 19186
2014.04.21   53900 54400 55000 53800 33008
2014.04.22   52500 54000 54300 52000 61015
2014.04.23   52100 52500 53000 51800 32541
2014.04.24   50800 51800 52300 50800 38260
2014.04.25   51500 50900 52300 50900 19030
2014.04.28   51500 51300 52300 51100 10399
2014.04.29   52500 51200 52600 51100 16047
2014.04.30   52500 52600 52600 51800 16288
2014.05.02   51200 52600 52600 51000 24049
2014.05.07   49700 51100 51500 49450 20532
2014.05.08   49700 48800 50000 48800 13881
2014.05.09   49400 49250 50000 49050 15435
2014.05.12   48250 49400 49600 48200 23575
2014.05.13   47900 48450 48700 47250 43434
2014.05.14   47500 47650 48350 47150 32266
2014.05.15   47350 47500 47900 47250 24515
2014.05.16   47750 47250 48550 47200 31734
2014.05.19   47100 48000 48050 46850 20745
2014.05.20   46550 46850 47350 44500 92147
2014.05.21   47950 46500 48000 46100 29892
2014.05.22   51100 47900 51400 47900 76338
2014.05.23   50600 51500 51900 50100 51135
2014.05.26   51500 51100 51900 49700 36537
2014.05.27   51000 51500 51700 50500 17364
2014.05.28   51700 50500 51900 50200 19060
2014.05.29   51500 51100 52300 51000 22125
2014.05.30   53200 51600 53200 51100 41140
2014.06.02   53400 53200 53500 52100 22077
2014.06.03   52500 53100 53800 51700 32513
2014.06.05   51000 52000 52700 50700 30012
2014.06.09   50000 50800 51300 50000 38871
2014.06.10   49400 50000 50200 48700 51287
2014.06.11   53600 49700 54000 49700 48081
2014.06.12   54300 53600 55200 52600 50233
2014.06.13   54100 54400 55200 54100 34369
2014.06.16   54300 54000 55000 54000 16347
2014.06.17   53800 54000 54800 53400 16919
2014.06.18   54200 53500 54300 53000 10618
2014.06.19   54600 54500 54800 53600 20107
2014.06.20   56000 54800 57200 53800 45079
2014.06.23   56600 56800 58600 56100 68649
2014.06.24   56100 56600 56900 55100 24390
2014.06.25   54600 56300 56300 53900 31507
2014.06.26   54600 54600 55300 53900 14135
2014.06.27   53100 54200 54700 52900 32383
2014.06.30   54100 53500 54300 53300 13233
2014.07.01   53800 53600 54200 53100 10596
2014.07.02   54500 54000 54700 53800 10317
2014.07.03   56600 55800 56600 55300 24427
2014.07.04   55900 56600 56700 55400 22831
2014.07.07   56000 56300 56500 55200 15981
2014.07.08   56100 55600 56600 55600 24833
2014.07.09   56600 56000 57900 56000 31778
2014.07.10   58000 56700 58100 56600 36660
2014.07.11   60400 58100 61100 58100 96624
2014.07.14   60800 60400 61100 59500 43035
2014.07.15   60100 60900 61000 59500 31053
2014.07.16   60400 60000 60500 57400 63713
2014.07.17   60500 60500 61000 60200 23623
2014.07.18   60500 59700 60900 58200 57628
2014.07.21   63900 60900 63900 59500 90727
2014.07.22   64400 63900 64500 63200 36441
2014.07.23   62700 64800 64800 62600 26065
2014.07.24   61700 62100 63500 61400 26487
2014.07.25   61800 61300 62400 60500 18515
2014.07.28   60000 61200 61900 59500 37746
2014.07.29   57600 60100 60600 57600 41340
2014.07.30   60400 58500 60400 57600 37200
2014.07.31   59700 60400 60400 58800 21375
2014.08.01   59100 58700 59900 58400 10811
2014.08.04   61900 59900 62000 59500 45118
2014.08.05   61900 62200 62200 60900 45068
2014.08.06   62500 61900 62800 60600 47033
2014.08.07   62600 62500 62700 60700 51212
2014.08.08   61600 62400 62700 61100 19455
2014.08.11   61000 61600 61800 60500 17489
2014.08.12   59900 61100 61200 59400 25317
2014.08.13   60700 59300 60700 59300 17068
2014.08.14   62200 60900 62800 60500 43794
2014.08.18   61600 61900 62600 60600 31244
2014.08.19   61400 61200 62000 60500 35546
2014.08.20   59800 61100 61500 59400 39718
2014.08.21   60600 61100 61800 60000 58001
2014.08.22   61900 61300 62600 60500 38164
2014.08.25   62700 62600 63300 61000 38231
2014.08.26   63400 63400 64600 62900 32904
2014.08.27   63500 64800 64800 63100 27797
2014.08.28   66300 64100 66400 64100 114789
2014.08.29   65400 66500 66600 64600 36096
2014.09.01   64900 65400 65800 64700 17040
2014.09.02   65400 64900 65700 63600 22842
2014.09.03   64800 65800 66100 63500 40118
2014.09.04   64000 64800 64800 62900 35239
2014.09.05   63600 63600 64800 63500 14980
2014.09.11   61900 64000 64000 61400 35801
2014.09.12   61300 61500 62300 60100 33836
2014.09.15   61300 62300 62300 60900 6212
2014.09.16   61900 60700 62200 60700 13541
2014.09.17   62800 62300 63100 61000 13458
2014.09.18   61800 62900 62900 61300 16855
2014.09.19   60800 61400 62500 60300 21905
2014.09.22   61000 60100 61600 60100 16164
2014.09.23   59400 60500 61000 58700 28341
2014.09.24   60000 59000 60800 59000 15082
2014.09.25   60700 59000 61400 59000 16155
2014.09.26   61100 60400 61300 60100 10030
2014.09.29   59200 60500 61000 57500 33121
2014.09.30   58100 59300 59600 58000 16349
2014.10.01   56300 58600 58600 55800 18507
2014.10.02   58200 56700 59100 56200 14194
2014.10.06   58200 58200 59100 57300 9832
2014.10.07   57900 58700 58700 57700 12723
2014.10.08   57100 56500 57400 56000 32250
2014.10.10   54400 56400 57000 54400 25257
2014.10.13   55200 54000 55200 52600 25697
2014.10.14   54600 55900 55900 54000 10470
2014.10.15   53600 54400 56200 53300 17693
2014.10.16   53300 53100 55000 53000 16104
2014.10.17   52400 53300 54000 51800 19584
2014.10.20   49200 50600 51800 49150 94665
2014.10.21   47800 49350 49450 47800 44435
2014.10.22   49000 49200 49200 47400 65715
2014.10.23   49600 48500 52000 48500 87094
2014.10.24   51000 49650 51100 49550 46652
2014.10.27   50800 51700 51700 50000 21097
2014.10.28   51700 50900 51900 50500 35262
2014.10.29   51300 52300 52900 51100 30039
2014.10.30   51900 51700 52200 49600 31776
2014.10.31   51400 51600 51600 49950 39914
2014.11.03   48800 50800 50900 48500 51481
2014.11.04   45800 48800 48850 44500 99264
2014.11.05   46000 44850 46850 44850 63876
2014.11.06   47250 45700 47550 45050 33362
2014.11.07   47600 47250 48250 47250 23844
2014.11.10   48450 48400 48950 46900 36499
2014.11.11   47750 47700 48450 47650 17007
2014.11.12   47600 47800 48400 47350 14829
2014.11.13   49650 48400 50500 47700 28945
2014.11.14   50000 50300 50500 49500 30475
2014.11.17   48900 50300 50300 48500 15342
2014.11.18   49800 48500 50600 48500 36637
2014.11.19   48100 50000 50000 48050 34317
2014.11.20   47800 47950 48700 47050 13003
2014.11.21   51200 49800 52900 49100 116693
2014.11.24   52200 51500 52800 50900 25479
2014.11.25   51600 51900 52900 51000 24273
2014.11.26   51800 51200 52100 50600 11801
2014.11.27   51100 51400 52400 50900 6906
2014.11.28   51100 50700 52700 50700 8257
2014.12.01   50600 51700 51700 50300 7748
2014.12.02   51500 49950 51500 49500 11296
2014.12.03   51900 51500 52000 50800 8368
2014.12.04   50900 51900 52000 50400 19411
2014.12.05   49850 50500 50900 48850 56457
2014.12.08   49350 50400 50500 48200 25285
2014.12.09   48800 49350 49700 48550 7859
2014.12.10   49000 48900 49300 48200 9547
2014.12.11   49050 49050 49600 48300 7517
2014.12.12   48050 49150 49650 47050 42145
2014.12.15   48000 48050 48050 47100 9815
2014.12.16   48100 47500 48200 47500 7206
2014.12.17   49350 47700 49500 47650 13848
2014.12.18   48850 49050 50400 48050 17157
2014.12.19   49700 48700 50100 48700 18863
2014.12.22   50900 50100 52100 50000 35360
2014.12.23   51200 50500 51500 49900 13746
2014.12.24   51800 51200 52200 50500 19130
2014.12.26   49950 51800 52000 49950 49560
2014.12.29   49250 49750 50400 48600 24976
2014.12.30   49350 49250 49550 48800 16068
2015.01.02   48050 49350 49350 47650 33091
2015.01.05   48500 48150 49250 47700 22785
2015.01.06   48500 48850 49150 47500 9586
2015.01.07   49450 48950 49800 48200 18722
2015.01.08   48650 49850 49850 46950 11692
2015.01.09   48000 49500 49500 47800 26245
2015.01.12   48200 48000 48450 47750 21301
2015.01.13   47550 48500 48500 47400 29604
2015.01.14   47500 47900 47900 47250 14162
2015.01.15   47500 47250 47800 46300 21484
2015.01.16   46300 48400 48400 46300 31986
2015.01.19   43400 46300 46300 43300 101192
2015.01.20   43000 43450 44650 43000 65156
2015.01.21   43250 43250 43700 42600 48166
2015.01.22   43500 43600 44900 43250 36571
2015.01.23   44150 43550 44400 43350 22345
2015.01.26   43250 44200 44200 42750 34061
2015.01.27   43850 43800 44250 43150 16042
2015.01.28   43600 43850 44800 43400 15805
2015.01.29   43050 43200 44000 42950 25897
2015.01.30   44000 43400 44050 43150 16570
2015.02.02   43900 44000 44200 43500 18841
2015.02.03   44800 43900 44900 43900 31550
2015.02.04   44400 44700 44850 43650 115522
2015.02.05   43500 44450 44450 43500 52043
2015.02.06   41950 43550 43600 41850 74454
2015.02.09   43700 41950 44500 41050 73714
2015.02.10   45000 44500 47600 44300 134447
2015.02.11   46200 44350 47600 43750 85691
2015.02.12   47100 46200 47500 46100 50132
2015.02.13   50000 47100 50000 46400 94579
2015.02.16   50100 50200 51400 49100 50828
2015.02.17   50400 49800 50900 48700 41205
2015.02.23   49550 50500 50500 49200 38051
2015.02.24   49700 49600 50400 49250 23005
2015.02.25   49550 49700 49850 49100 18963
2015.02.26   48600 49050 49450 47900 33694
2015.02.27   49150 49400 50100 48100 29818
2015.03.02   48900 49200 49800 47950 20126
2015.03.03   47950 48500 48900 47650 29545
2015.03.04   48500 48250 48750 47700 19939
2015.03.05   48650 47750 49000 47750 16810
2015.03.06   48200 48650 49000 47750 34339
2015.03.09   48100 48200 48500 47850 17247
2015.03.10   49950 48400 50400 48400 40927
2015.03.11   49100 49600 50000 48250 43316
2015.03.12   49950 49000 50100 48300 25802
2015.03.13   51900 50000 52500 49350 51131
2015.03.16   52200 51800 52500 51000 35761
2015.03.17   51600 52000 52000 50800 43050
2015.03.18   50400 51100 51700 49800 34931
2015.03.19   51200 50700 51700 50500 30987
2015.03.20   54400 51200 55400 51000 92836
2015.03.23   56800 55200 57200 54300 85960
2015.03.24   56900 56800 57400 55700 40528
2015.03.25   57000 56900 57800 55500 68688
2015.03.26   55300 56000 56700 54400 57121
2015.03.27   54400 55300 56300 53300 37595
2015.03.30   54300 55900 55900 53200 33355
2015.03.31   55000 55000 55900 53500 37860
2015.04.01   54500 55100 55400 54200 19644
2015.04.02   54700 54500 55500 53600 34765
2015.04.03   55500 55000 57700 55000 49456
2015.04.06   57000 56000 57800 56000 54539
2015.04.07   57200 57300 58100 56300 34949
2015.04.08   57200 58800 59500 57200 73949
2015.04.09   57900 57200 58000 56200 39235
2015.04.10   59500 58700 59500 58100 53090
2015.04.13   58900 59800 59800 58300 37874
2015.04.14   56500 59000 59600 56500 55370
2015.04.15   56700 56500 57800 55800 63058
2015.04.16   58100 57200 58800 56100 53767
2015.04.17   57300 58200 58200 56800 43122
2015.04.20   57800 56500 58500 56000 38580
2015.04.21   58100 57800 58600 57700 36810
2015.04.22   66800 58200 66800 57800 431544
2015.04.23   70000 67900 74300 64400 458177
2015.04.24   72500 69500 76000 66500 304846
2015.04.27   73700 74600 76100 71300 136039
2015.04.28   73400 73800 76500 72900 139409
2015.04.29   84400 71800 84400 69200 532870
2015.04.30   88500 86700 92900 83400 489890
2015.05.04   87700 87500 92000 87100 234598
2015.05.06   89700 87800 91000 85500 172740
2015.05.07   88300 91000 92600 85600 156522
2015.05.08   91000 88300 92200 87700 172885
2015.05.11   93100 93500 96400 91100 156882
2015.05.12   90000 93600 94100 89000 127288
2015.05.13   82400 89500 89500 81500 355721
2015.05.14   81700 83500 84500 80600 200309
2015.05.15   91300 82000 93900 81300 349555
2015.05.18   104900 104900 104900 104900 26646
2015.05.19   120600 120600 120600 120600 160536
2015.05.20   132000 126000 134400 122500 1117350
2015.05.21   133000 129800 139300 127000 469366
2015.05.22   125500 130000 130000 119100 240794
2015.05.26   122200 121500 123900 117500 121222
2015.05.27   116600 121500 124400 115500 105917
2015.05.28   118000 120000 121500 116100 107966
2015.05.29   116000 117600 122700 112300 94808
2015.06.01   111000 115300 115500 110000 100632
2015.06.02   125900 111500 127600 111500 305830
2015.06.03   121900 128000 128400 118500 110412
2015.06.04   124300 122100 125800 120200 80507
2015.06.05   133000 124500 133000 124300 182007
2015.06.08   142800 140000 152900 137100 314109
2015.06.09   146300 142800 149500 137000 150406
2015.06.10   140900 146200 148800 138500 117362
2015.06.11   146500 140000 154300 139200 226435
2015.06.12   143900 148400 152800 138500 141018
2015.06.15   146300 143500 157500 142500 173236
2015.06.16   150000 149700 150000 140500 72776
2015.06.17   173000 151300 173000 151300 361546
2015.06.18   179600 178400 188000 173500 292171
2015.06.19   192300 179500 195000 175300 150644
2015.06.22   192400 192300 199200 186100 221678
2015.06.23   191200 190600 195000 184500 154695
2015.06.24   191500 188800 195700 185800 109881
2015.06.25   195200 190000 196700 188500 121441
2015.06.26   205700 197500 215000 197300 292421
2015.06.29   212400 200600 228000 200400 262810
2015.06.30   218000 215000 219300 203500 132093
2015.07.01   252000 221300 252000 220000 302920
2015.07.02   279500 263400 300400 252000 469012
2015.07.03   279700 284100 297300 273000 225705
2015.07.06   270500 272300 284100 267800 173113
2015.07.07   192000 278500 283400 190300 1164841
2015.07.08   206000 196600 214800 172800 1078795
2015.07.09   222400 199200 227000 195500 593852
2015.07.10   215400 228400 237600 207100 435899
2015.07.13   207900 208800 212000 195700 355290
2015.07.14   208200 215600 217700 203900 226488
2015.07.15   211000 208900 226500 206000 304978
2015.07.16   195000 192000 209500 178200 973204
2015.07.17   184700 194900 199700 173700 514236
2015.07.20   192500 185000 194100 181300 220839
2015.07.21   184500 192500 194900 182000 143710
2015.07.22   182700 184500 189300 181700 144326
2015.07.23   191700 184300 197300 183100 205301
2015.07.24   200000 191700 202600 190000 168254
2015.07.27   185000 195500 197500 185000 174194
2015.07.28   187200 177500 188400 171800 241224
2015.07.29   162000 193000 194000 155000 249493
2015.07.30   149500 162000 166900 149500 251427
2015.07.31   179800 149600 179800 147600 385286
2015.08.03   178400 177800 186000 172000 179591
2015.08.04   178800 175000 182300 172600 128216
2015.08.05   199700 182900 203000 180500 334987
2015.08.06   205000 201400 209900 197600 266291
2015.08.07   203600 198600 206200 194800 167873
2015.08.10   201600 207900 207900 201200 80792
2015.08.11   184200 204600 204800 184200 192067
2015.08.12   201300 181000 201300 173500 262369
2015.08.13   209200 199800 213100 194100 312412
2015.08.17   203700 209000 210000 201300 123950
2015.08.18   211300 206400 211600 202600 255113
2015.08.19   206100 221000 230900 191000 825455
2015.08.20   195000 202200 209900 195000 225795
2015.08.21   184900 182000 192700 174800 306227
2015.08.24   178800 184900 190000 178200 159076
2015.08.25   183000 183500 188400 175200 236009
2015.08.26   197600 184000 198800 182800 244322
2015.08.27   190500 200500 200700 189600 135261
2015.08.28   194900 195000 199800 192500 96127
2015.08.31   196400 194900 197500 190500 85973
2015.09.01   180500 193600 195300 180500 123359
2015.09.02   183000 176000 186500 174300 75429
2015.09.03   184600 185500 193900 182000 80094
2015.09.04   166000 186000 186600 165000 201805
2015.09.07   163600 166000 170300 160700 102646
2015.09.08   155000 163600 165000 149000 226707
2015.09.09   163000 162500 167400 158400 139641
2015.09.10   165100 159900 165300 155500 102471
2015.09.11   166800 163500 171600 162100 101731
2015.09.14   158000 166100 167900 158000 79180
2015.09.15   159500 158100 162300 157100 43205
2015.09.16   163900 163400 165500 160800 57287
2015.09.17   160200 166000 166300 160100 62233
2015.09.18   182500 162900 183000 162500 216512
2015.09.21   181500 179500 183300 175100 83945
2015.09.22   182500 178300 193000 176800 123530
2015.09.23   177700 182500 187900 177300 75104
2015.09.24   180100 181300 185900 178000 60239
2015.09.25   174200 182000 182200 170000 73681
2015.09.30   166000 164000 166800 161300 81044
2015.10.01   166000 170000 173000 165300 74078
2015.10.02   163700 166300 167800 163000 46120
2015.10.05   164100 166200 170400 164000 67630
2015.10.06   161400 166700 167600 161000 55105
2015.10.07   150500 159500 160000 149200 171659
2015.10.08   148400 152500 153500 147100 72827
2015.10.12   143000 147600 149900 141900 86384
2015.10.13   154500 143000 158200 137800 169173
2015.10.14   151600 151200 158900 150500 61664
2015.10.15   153000 151600 155200 151000 34407
2015.10.16   158600 158800 164500 156800 124526
2015.10.19   157800 158500 162000 157400 33238
2015.10.20   163100 158100 166100 155500 94136
2015.10.21   159200 161600 166600 159000 60850
2015.10.22   152200 158900 158900 151700 83138
2015.10.23   157800 153800 162500 153800 76946
2015.10.26   164600 164000 170000 162200 116242
2015.10.27   162700 164600 167900 162600 46003
2015.10.28   161200 164000 166300 161200 36815
2015.10.29   163800 161800 168800 160600 72184
2015.10.30   162000 163000 167500 158900 62014
2015.11.02   163100 161200 164500 159600 39022
2015.11.03   163800 165500 167100 159900 49917
2015.11.04   179500 164000 179800 162600 178695
2015.11.05   178000 178600 181700 176100 111836
2015.11.06   227800 193500 229500 190200 855875
2015.11.09   190600 219300 227800 190000 600993
2015.11.10   199500 190700 210500 175900 504445
2015.11.11   210600 195200 218300 195000 413376
2015.11.12   213500 209900 219700 207000 185364
2015.11.13   227600 209300 230100 207600 313249
2015.11.16   240900 225500 249000 224800 450394
2015.11.17   240000 239900 244000 236400 165835
2015.11.18   223000 244500 245000 222000 232190
2015.11.19   240000 224800 242500 220000 272442
2015.11.20   243000 240000 247800 232100 169181
2015.11.23   245400 244300 251300 240000 190062
2015.11.24   236000 248000 258600 235000 253963
2015.11.25   253800 231700 281200 231500 1017561
2015.11.26   251200 254800 257800 249800 187974
2015.11.27   242600 252700 256400 240200 222550
2015.11.30   246000 237900 253300 235000 194157
2015.12.01   239500 248500 249400 239300 148691
2015.12.02   244200 241500 249200 236800 180963
2015.12.03   242500 243200 247800 240100 71718
2015.12.04   236000 239000 242500 236000 86415
2015.12.07   233900 240000 243400 233900 84452
2015.12.08   216500 230200 231000 212500 245037
2015.12.09   216500 220100 225200 216000 96512
2015.12.10   207400 220300 220400 199500 247614
2015.12.11   206000 207400 209100 200400 118880
2015.12.14   193400 200800 202900 193100 128797
2015.12.15   201800 195500 201800 195500 108012
2015.12.16   201300 205100 205500 200500 96946
2015.12.17   198300 203000 204100 184400 192944
2015.12.18   200600 195500 201400 195500 72786
2015.12.21   194500 200600 200800 194100 113665
2015.12.22   189000 196000 196000 183800 193417
2015.12.23   181400 189500 190600 181100 116251
2015.12.24   185000 182000 188300 180200 121391
2015.12.28   182500 183300 185000 180500 163316
2015.12.29   200000 188300 201000 188300 197462
2015.12.30   198500 201800 203700 195700 99033
2016.01.04   198500 199900 205100 196000 132050
2016.01.05   203000 193300 203000 193300 101679
2016.01.06   218400 203900 223700 203000 282366
2016.01.07   215500 222000 224000 212000 156995
2016.01.08   219900 209000 221000 207100 131206
2016.01.11   211500 217500 221800 211500 106758
2016.01.12   203600 211300 214500 203500 95116
2016.01.13   208400 203400 211600 200000 119560
2016.01.14   203700 202000 208800 201600 73697
2016.01.15   208700 208200 219800 205500 209551
2016.01.18   212000 205000 216400 204700 76116
2016.01.19   214300 213000 218800 209100 95485
2016.01.20   215400 213000 221000 211400 138339
2016.01.21   224200 217500 232800 205000 201235
2016.01.22   222100 225800 228300 216900 98905
2016.01.25   230300 222100 233800 219900 153002
2016.01.26   229000 228000 232700 227700 85778
2016.01.27   222500 231000 232500 220200 101241
2016.01.28   227400 219700 227400 219500 61126
2016.01.29   218500 226200 226200 215500 93618
2016.02.01   218700 218700 222200 216500 61468
2016.02.02   220000 220600 226600 218700 67147
2016.02.03   210300 218300 221200 209200 88894
2016.02.04   207100 212700 212700 203000 85712
2016.02.05   202800 207900 208300 202600 44106
2016.02.11   187500 190200 195900 187500 95310
2016.02.12   165100 183600 185500 163500 200947
2016.02.15   171800 168000 173100 165000 88975
2016.02.16   183300 181000 192300 176000 148734
2016.02.17   172500 182800 185000 170400 69289
2016.02.18   180100 180000 184100 177200 42819
2016.02.19   185900 179000 186800 178500 37223
2016.02.22   191000 186000 196000 185000 85350
2016.02.23   191200 196000 200500 190000 99990
2016.02.24   186500 190000 192100 186500 44287
2016.02.25   191100 188100 193200 182500 66475
2016.02.26   189100 191000 192000 187300 28469
2016.02.29   191200 188800 191200 184500 34598
2016.03.02   195300 192300 195800 192000 52655
2016.03.03   198000 195000 200100 193400 58332
2016.03.04   196600 198000 200500 195100 39940
2016.03.07   197500 196700 199600 193000 50350
2016.03.08   201400 198000 203500 196200 56948
2016.03.09   206400 201400 208100 199500 71662
2016.03.10   204500 207000 211300 201500 60042
2016.03.11   198100 204500 204500 198000 51209
2016.03.14   194000 198100 199600 192500 48478
2016.03.15   191200 196500 197000 191000 35692
2016.03.16   191400 191200 193000 189900 39161
2016.03.17   188600 192400 192900 187300 61326
2016.03.18   190000 189800 190000 187600 33057
2016.03.21   186200 191400 192500 186000 44102
2016.03.22   187100 185500 189300 185500 25020
2016.03.23   184100 186600 187700 183400 35610
2016.03.24   180600 183500 185700 180000 47413
2016.03.25   184600 180100 192000 180100 66478
2016.03.28   182700 184100 187800 181800 42899
2016.03.29   185300 183000 185300 180000 62304
2016.03.30   178000 176000 181000 176000 142207
2016.03.31   170600 178500 178500 166200 141101
2016.04.01   181700 170000 183200 169900 106472
2016.04.04   186800 183900 189000 181700 75235
2016.04.05   185900 188900 189500 182800 36940
2016.04.06   180300 183300 184200 178800 65292
2016.04.07   177700 180100 182000 176000 47686
2016.04.08   180500 177700 182200 177600 34378
2016.04.11   178000 181000 181000 176600 26400
2016.04.12   176000 177300 179000 174000 29908
2016.04.14   174800 176000 177700 174800 25031
2016.04.15   178000 185500 186400 177200 87388
2016.04.18   176000 178000 179200 174900 27888
2016.04.19   176000 176900 178500 175700 26418
2016.04.20   175600 176100 177800 175500 27634
2016.04.21   177000 177700 177700 175500 20975
2016.04.22   175900 177000 177500 175500 23316
2016.04.25   173000 175900 175900 173000 35703
2016.04.26   171200 171500 173000 170600 37744
2016.04.27   171200 171700 173500 170700 28904
2016.04.28   168500 172000 172000 168400 48874
2016.04.29   171700 167200 175000 167200 42779
2016.05.02   159300 168000 168000 159300 43986
2016.05.03   164000 160100 175000 160100 63820
2016.05.04   160000 162500 166900 159500 31810
2016.05.09   156500 160600 160600 156500 25402
2016.05.10   159800 155300 161000 155300 28991
2016.05.11   158400 161000 161000 157200 15712
2016.05.12   158100 157900 159600 156900 15712
2016.05.13   157200 160400 160400 157000 17522
2016.05.16   159500 161200 169700 159500 96555
2016.05.17   158000 160100 161400 157300 22076
2016.05.18   151700 158000 159000 151200 43368
2016.05.19   148000 151000 152900 147400 37197
2016.05.20   148800 147600 151300 145200 51666
2016.05.23   156200 148900 158100 147000 53966
2016.05.24   156200 158000 158700 153800 29359
2016.05.25   155100 156900 158800 153700 24231
2016.05.26   150800 155500 156300 150300 32123
2016.05.27   155800 150300 163900 150100 99227
2016.05.30   161500 156000 163600 155800 80760
2016.05.31   160600 162100 162900 159500 37567
2016.06.01   156900 160600 160600 156900 48587
2016.06.02   154000 157000 162000 153500 61234
2016.06.03   153200 154100 155600 151000 50587
2016.06.07   155800 154000 156000 152800 34833
2016.06.08   161100 157200 163500 156700 85314
2016.06.09   161800 162000 164700 156500 59349
2016.06.10   163400 161800 163600 158300 39232
2016.06.13   161300 162800 162800 159900 31809
2016.06.14   159800 159300 161100 157800 33216
2016.06.15   159700 159700 161700 156700 27782
2016.06.16   156100 158900 160800 155900 32599
2016.06.17   154900 156500 160600 154600 32907
2016.06.20   156400 155100 157500 154900 22761
2016.06.21   154800 157300 158000 154600 23071
2016.06.22   152200 155800 155900 152200 20881
2016.06.23   149800 152000 152800 149000 30995
2016.06.24   141900 152300 152800 137500 78888
2016.06.27   142600 138800 147000 135000 38699
2016.06.28   145800 141000 147500 140000 47113
2016.06.29   156000 148000 157000 147500 96439
2016.06.30   157500 157000 161200 152500 97913
2016.07.01   163000 159000 164300 158100 66885
2016.07.04   164400 167500 167500 163800 52083
2016.07.05   171800 166300 173000 164000 102874
2016.07.06   168800 172100 173400 168100 65151
2016.07.07   177600 169500 178900 168800 84823
2016.07.08   179000 178900 180000 175600 63480
2016.07.11   171900 183200 184300 171800 125044
2016.07.12   181500 176000 185800 175100 176155
2016.07.13   176100 182200 182400 176000 72318
2016.07.14   173500 176000 178000 170500 57760
2016.07.15   170400 173700 175300 170000 49890
2016.07.18   166600 168800 170400 166200 58520
2016.07.19   166400 167200 170400 166400 29179
2016.07.20   165800 167000 169200 165300 32858
2016.07.21   162500 166600 167300 161500 44868
2016.07.22   162100 162000 164300 161500 29877
2016.07.25   160000 162300 164000 160000 29438
2016.07.26   159900 159000 162700 157500 33806
2016.07.27   157000 160500 161400 156500 42851
2016.07.28   156500 156500 159400 156000 21024
2016.07.29   157000 156300 158700 156300 25373
2016.08.01   151600 158200 158200 150600 66906
2016.08.02   153100 150700 156700 150700 41256
2016.08.03   150500 152000 154000 149900 34593
2016.08.04   150700 150500 153200 149500 45067
2016.08.05   150600 150800 153600 150400 25998
2016.08.08   154400 151300 154400 150900 38525
2016.08.09   161400 154400 163000 154400 58317
2016.08.10   165500 161700 167100 159500 61245
2016.08.11   167000 166000 167300 164700 32944
2016.08.12   163500 167500 167600 162900 29177
2016.08.16   161300 164800 164800 161000 23427
2016.08.17   159000 161400 162700 156000 32011
2016.08.18   156300 158300 159500 156200 22694
2016.08.19   156500 155100 157300 155100 18737
2016.08.22   151700 155500 156500 151700 33985
2016.08.23   155100 151300 156500 151300 23542
2016.08.24   153700 155500 157000 152800 18462
2016.08.25   151800 153800 154900 151500 34864
2016.08.26   150100 151200 152000 149900 26320
2016.08.29   146300 148500 149900 145000 47525
2016.08.30   146000 146000 150600 146000 26429
2016.08.31   143500 146000 147500 142900 36768
2016.09.01   149000 144000 149000 143000 22978
2016.09.02   150700 151300 151800 146200 19781
2016.09.05   150000 150600 152600 149200 29009
2016.09.06   149700 150200 152400 149200 16920
2016.09.07   146800 151000 151300 146600 29629
2016.09.08   148400 145700 148400 143600 46455
2016.09.09   158600 148900 158600 146100 101052
2016.09.12   160000 156600 163000 155800 103219
2016.09.13   158500 159200 162600 156400 44270
2016.09.19   163800 157000 164900 157000 64408
2016.09.20   167500 162800 168300 162800 71459
2016.09.21   165700 168600 171300 161100 66626
2016.09.22   165200 167800 168600 164400 38932
2016.09.23   164300 166000 166200 160100 74811
2016.09.26   166000 164400 168500 163200 48145
2016.09.27   161700 164000 164400 161300 55280
2016.09.28   161100 162500 165400 161100 28251
2016.09.29   160800 161400 162900 160800 21094
2016.09.30   154700 162500 162500 150500 80323
2016.10.04   153100 150000 157000 150000 50500
2016.10.05   151200 152700 154800 150900 59501
2016.10.06   147800 151000 153400 147700 42810
2016.10.07   143200 147800 149000 143000 61076
2016.10.10   143300 142700 146300 142700 29089
2016.10.11   142900 143500 144800 142500 24150
2016.10.12   143100 142300 144800 142000 19362
2016.10.13   141000 143000 144400 138000 40666
2016.10.14   138700 138500 141900 138400 44014
2016.10.17   135300 138700 139400 133900 63397
2016.10.18   136500 134100 137700 134100 25355
2016.10.19   141700 137000 142700 136500 33268
2016.10.20   146400 142000 148300 142000 64513
2016.10.21   145000 144500 146600 144300 24398
2016.10.24   143600 145400 147000 142400 25008
2016.10.25   141600 143600 143800 141100 33137
2016.10.26   141400 140200 142200 138500 27381
2016.10.27   150100 140500 151200 140500 61939
2016.10.28   149700 150400 153000 147000 42745
2016.10.31   149800 147500 151000 145900 50769
2016.11.01   154300 149800 160900 135200 378136
2016.11.02   151800 161500 162900 150000 229104
2016.11.03   147500 153400 154700 146500 79380
2016.11.04   143900 149000 150200 143900 42585
2016.11.07   148200 145300 150600 145300 47044
2016.11.08   147600 150000 150200 147400 28138
2016.11.09   139600 147000 148000 134800 135688
2016.11.10   148500 147000 149500 144000 96408
2016.11.11   144700 148500 149700 144000 56666
2016.11.14   142100 145000 147100 141900 27617
2016.11.15   139400 141300 142800 138400 52681
2016.11.16   141200 140100 141800 138700 24124
2016.11.17   139000 141000 141700 139000 20311
2016.11.18   136800 139500 139700 136600 25922
2016.11.21   139200 136800 141600 134700 38229
2016.11.22   139900 139100 141900 137900 19780
2016.11.23   136100 139000 140000 136000 31829
2016.11.24   131700 136200 137300 130200 50413
2016.11.25   130000 131700 133000 129600 42466
2016.11.28   124600 130100 131000 124600 65918
2016.11.29   125800 122500 129000 122500 48798
2016.11.30   126400 128300 128300 122500 41173
2016.12.01   123300 126300 126300 123300 25895
2016.12.02   117400 122200 122500 117100 66545
2016.12.05   111700 115000 116500 111700 71843
2016.12.06   111100 112200 115000 110800 61996
2016.12.07   110600 110800 112300 104400 125563
2016.12.08   109400 111100 112800 107000 50873
2016.12.09   118200 109500 119300 109400 86860
2016.12.12   119900 119800 124000 119000 61112
2016.12.13   121000 120000 121300 118000 32831
2016.12.14   120400 122900 123400 119300 23760
2016.12.15   121700 119500 125500 119400 59545
2016.12.16   119200 122100 122500 118200 35602
2016.12.19   117000 119200 120100 116000 33534
2016.12.20   116500 116700 118500 116100 20253
2016.12.21   114900 116600 116600 114700 32022
2016.12.22   113300 114800 115900 112600 32513
2016.12.23   114500 113600 116200 113100 26734
2016.12.26   115800 114700 118800 114600 26950
2016.12.27   115700 116200 116800 115100 22768
2016.12.28   120100 115800 120100 115800 52611
2016.12.29   117400 118000 119100 117200 41537
2017.01.02   115200 118400 118500 115000 25597
2017.01.03   114800 116000 116300 113700 30063
2017.01.04   119900 115200 119900 114800 69851
2017.01.05   122500 119900 124600 119900 101486
2017.01.06   122900 124000 124000 121300 34642
2017.01.09   122300 123000 124000 121700 26577
2017.01.10   118600 122100 122800 118500 46319
2017.01.11   120100 118700 120100 118000 23356
2017.01.12   116900 119600 119600 116400 36724
2017.01.13   117000 116700 119200 116700 23238
2017.01.16   117600 118000 119000 116300 17492
2017.01.17   112000 118600 118600 111400 78795
2017.01.18   111800 112000 113200 111800 25071
2017.01.19   111900 112900 113000 111800 12401
2017.01.20   112100 111800 114600 111800 23482
2017.01.23   109500 112200 112500 108800 31061
2017.01.24   107500 108500 109600 105900 33542
2017.01.25   104300 107700 108400 104200 33862
2017.01.26   107500 104800 107700 104200 34689
2017.01.31   107500 107100 110200 106500 20009
2017.02.01   109300 108200 109400 107600 16263
2017.02.02   108100 109700 109700 108000 10974
2017.02.03   108000 108500 110500 107400 24545
2017.02.06   108300 107200 108700 106300 15040
2017.02.07   110500 107600 114000 107600 41256
2017.02.08   109700 112000 112000 109000 32398
2017.02.09   108000 109600 109600 107500 22821
2017.02.10   108200 110900 110900 107700 19305
2017.02.13   107600 109000 109000 107400 15363
2017.02.14   107300 107600 108000 105900 21940
2017.02.15   111800 108000 111800 107000 59669
2017.02.16   110700 113200 113400 110100 28141
2017.02.17   111500 110700 112600 110500 21997
2017.02.20   109400 112100 112200 109100 21642
2017.02.21   110700 109400 110700 109300 15528
2017.02.22   110700 110800 111100 109400 14085
2017.02.23   110500 111700 111700 110000 17069
2017.02.24   112000 111000 112900 110100 32116
2017.02.27   112100 113200 117200 112100 77424
2017.02.28   111000 112100 113100 110000 26871
2017.03.02   108900 110600 111800 108400 32193
2017.03.03   106300 107800 108600 105400 40081
2017.03.06   106400 105000 108100 104500 22340
2017.03.07   106300 106100 107200 105500 15709
2017.03.08   105000 105600 107100 105000 18568
2017.03.09   105900 105800 106300 104800 16668
2017.03.10   106000 105900 107100 104900 17983
2017.03.13   106300 107000 107700 105400 12897
2017.03.14   108100 106300 108600 105800 25251
2017.03.15   106100 108400 108600 105800 18736
2017.03.16   106400 106200 107600 105100 20580
2017.03.17   105800 107000 107000 105400 15581
2017.03.20   104600 105300 105600 104500 20443
2017.03.21   107300 105000 107300 104400 25389
2017.03.22   107000 106400 108300 105900 22408
2017.03.23   107000 107700 107700 105700 15794
2017.03.24   106800 106600 107000 105500 15130
2017.03.27   107800 106700 109300 105600 34310
2017.03.28   108200 107800 108500 107100 18031
2017.03.29   110100 108300 110500 107900 37740
2017.03.30   113900 110500 115500 109500 66829
2017.03.31   126800 114900 127500 114900 241602
2017.04.03   127100 127500 133400 126600 206857
2017.04.04   129000 127200 129800 123600 75957
2017.04.05   128100 131500 131600 126900 53564
2017.04.06   146000 133500 149000 132100 487685
2017.04.07   153400 149900 157200 147000 333877
2017.04.10   147100 150500 152500 145700 172415
2017.04.11   148500 145900 152900 143000 186874
2017.04.12   141000 148000 149800 141000 126456
2017.04.13   141300 140800 144500 140100 67557
2017.04.14   142500 142400 146800 140700 85428
2017.04.17   142400 141500 144000 139900 59211
2017.04.18   149100 143000 150000 142600 124324
2017.04.19   146800 150000 150400 145900 54308
2017.04.20   143900 147400 147400 143200 54759
2017.04.21   143800 143600 145800 141400 55686
2017.04.24   141000 144000 144100 139500 51744
2017.04.25   144500 141600 146900 141600 56786
2017.04.26   144700 145200 147000 144600 40004
2017.04.27   142200 144800 145400 141700 37364
2017.04.28   140800 142000 144300 140500 34922
2017.05.02   137200 140100 140300 136700 55893
2017.05.04   141000 137600 141900 137600 34428
2017.05.08   144300 141600 146500 140000 64589
2017.05.10   142800 145300 145300 142100 31994
2017.05.11   145300 143400 146500 142000 47573
2017.05.12   144400 145600 146000 143000 31869
2017.05.15   148800 145400 150900 143500 74259
2017.05.16   145200 149000 149200 145200 46392
2017.05.17   144000 145200 147400 142500 34589
2017.05.18   144600 141900 144900 141800 26365
2017.05.19   144200 145400 145900 142800 34599
2017.05.22   148000 145300 148800 143300 51482
2017.05.23   157600 148900 158800 147500 206756
2017.05.24   158000 158600 165000 158000 169330
2017.05.25   160000 159500 164400 158000 110543
2017.05.26   162700 160000 164700 158800 82688
2017.05.29   161100 164500 167000 161000 88223
2017.05.30   160100 161500 162700 157200 69298
2017.05.31   162900 158800 164200 158800 67762
2017.06.01   168600 165100 169500 162700 125349
2017.06.02   175800 168600 175800 167700 153218
2017.06.05   181900 178000 185400 177500 150704
2017.06.07   184100 184000 186500 181300 113227
2017.06.08   184400 186000 190400 183400 136422
2017.06.09   184400 186800 188300 181600 93832
2017.06.12   180100 184400 185100 178000 75622
2017.06.13   186700 181200 186700 181200 80279
2017.06.14   190700 187300 191400 184800 105930
2017.06.15   185100 191300 191400 185000 88530
2017.06.16   173200 183200 183300 171600 217148
2017.06.19   172800 173200 180000 170100 141009
2017.06.20   173400 175300 176000 172400 77633
2017.06.21   169000 170300 174000 164900 96955
2017.06.22   170400 171700 173600 169400 43648
2017.06.23   171000 170600 173300 167100 63420
2017.06.26   169900 171000 172600 167700 53087
2017.06.27   171300 169800 174000 169800 43750
2017.06.28   167200 169800 170900 166900 49947
2017.06.29   167400 168300 170900 165800 39958
2017.06.30   164200 166300 168600 163400 54679
2017.07.03   162400 164200 165600 159800 52898
2017.07.04   174700 164000 176700 163100 162848
2017.07.05   173700 175400 176200 171000 66406
2017.07.06   173400 173700 177300 173300 49789
2017.07.07   172100 173000 173000 170100 41271
2017.07.10   176500 185900 186900 175600 187542
2017.07.11   174900 176500 177500 170500 99160
2017.07.12   147200 175000 175000 147200 631151
2017.07.13   137100 143200 144700 129700 1426242
2017.07.14   139300 141000 145500 138800 495838
2017.07.17   133300 141200 141400 132800 263330
2017.07.18   133200 136000 136500 130200 252682
2017.07.19   133300 133200 135700 132600 133278
2017.07.20   131200 133800 134400 130700 159672
2017.07.21   123900 131500 132600 122900 448180
2017.07.24   122200 123900 123900 119100 245332
2017.07.25   126300 123000 127400 123000 251775
2017.07.26   124900 125900 127000 123100 120320
2017.07.27   125800 125300 126600 124300 68858
2017.07.28   121900 125800 126400 121700 95714
2017.07.31   118500 120700 121800 117500 125889
2017.08.01   121300 119300 123900 119000 111586
2017.08.02   122300 122100 123200 121300 47948
2017.08.03   119700 123200 123700 119300 58108
2017.08.04   120900 120400 121600 117900 45609
2017.08.07   121300 120600 123000 120500 52400
2017.08.08   120400 121300 122300 119500 37200
2017.08.09   118800 119700 120300 118700 44261
2017.08.10   119300 119500 120800 118400 41692
2017.08.11   114900 117000 118400 114600 77774
2017.08.14   115500 114800 117800 113000 56128
2017.08.16   117800 116100 117900 115900 41031
2017.08.17  118700 117400 119800 117000 36512
2017.08.18  119000 117200 119700 117200 26848
2017.08.21  118400 119500 119700 118100 28717
2017.08.22  117400 118000 119400 117000 36742
2017.08.23  117500 117700 118700 117000 25523
2017.08.24  118700 118100 119400 117500 46764
2017.08.25  124200 118500 126400 118000 171822
2017.08.28  127700 124700 128900 124700 142234
2017.08.29  127100 126500 127700 125200 65040
2017.08.30  130100 131700 132500 130000 124787
