2009.09.23  11500 10000 11500 10000 2329890
2009.09.24  10450 13200 13200 10200 9329116
2009.09.25  8900 10550 10750 8900 2146834
2009.09.28  7570 8410 8650 7570 2505998
2009.09.29  6970 7500 7940 6750 2563292
2009.09.30  6590 7040 7440 6540 2103030
2009.10.01  6350 6780 6940 6140 720285
2009.10.05  6030 6180 6310 5870 704373
2009.10.06  5480 6130 6290 5410 1104084
2009.10.07  5750 5600 6300 5530 2351854
2009.10.08  5290 5770 5830 5230 815604
2009.10.09  5250 5290 5510 5240 765133
2009.10.12  5590 5330 5770 5280 1257709
2009.10.13  5330 5700 5770 5310 595673
2009.10.14  5370 5380 5510 5320 317290
2009.10.15  5240 5440 5450 5210 380173
2009.10.16  5050 5250 5280 5040 260504
2009.10.19  5060 5050 5160 4965 228942
2009.10.20  5360 5150 5500 5130 780693
2009.10.21  5100 5400 5400 5080 362034
2009.10.22  5050 5100 5120 5010 169022
2009.10.23  5480 5140 5740 5110 1610978
2009.10.26  5950 5480 5960 5380 1198040
2009.10.27  5940 5830 5970 5680 549712
2009.10.28  5400 5850 5940 5330 427501
2009.10.29  5200 5280 5350 5040 379412
2009.10.30  5450 5280 5570 5260 404768
2009.11.02  5200 5210 5340 5150 178748
2009.11.03  5100 5260 5340 5100 244009
2009.11.04  5160 5110 5210 5050 190867
2009.11.05  5180 5180 5360 5130 358900
2009.11.06  5390 5260 5420 5170 305490
2009.11.09  5590 5480 5840 5430 728074
2009.11.10  5360 5670 5670 5350 356007
2009.11.11  5990 5410 5990 5350 769664
2009.11.12  5790 5910 5990 5730 647248
2009.11.13  5650 5880 6270 5650 1757458
2009.11.16  5230 5570 5630 5070 580216
2009.11.17  6010 5310 6010 5230 1315901
2009.11.18  6700 6310 6910 6100 4265252
2009.11.19  6540 6690 7070 6540 1939512
2009.11.20  7120 6450 7470 6430 3559503
2009.11.23  7120 7130 7780 6900 2342545
2009.11.24  6430 7200 7490 6400 1224297
2009.11.25  6310 6570 6680 6170 857027
2009.11.26  7250 6400 7250 6380 1659225
2009.11.27  7520 7670 8150 7050 5575087
2009.11.30  8200 7850 8640 7770 4785264
2009.12.01  7700 8400 8680 7510 2693289
2009.12.02  7650 7900 8110 7590 1467316
2009.12.03  8790 7690 8790 7420 2898487
2009.12.04  8420 9120 9380 8420 3741013
2009.12.07  9070 8600 9070 8400 2282090
2009.12.08  8630 9100 9100 8600 1348778
2009.12.09  8440 8700 8950 8320 1259659
2009.12.10  8480 8520 8780 8410 1073983
2009.12.11  8530 8610 9020 8510 1761236
2009.12.14  8070 8750 8780 8010 1237616
2009.12.15  9200 8100 9270 7840 4233159
2009.12.16  8730 9300 9310 8700 1277927
2009.12.17  8420 8810 8920 8360 830767
2009.12.18  8440 8370 8870 8270 827952
2009.12.21  8240 8520 8650 8240 764733
2009.12.22  7480 8340 8360 7480 914975
2009.12.23  6920 7550 7550 6860 684917
2009.12.24  6990 7020 7410 6950 558576
2009.12.28  6610 6990 7090 6600 487479
2009.12.29  6650 6630 6910 6570 275506
2009.12.30  7140 6710 7380 6700 782078
2010.01.04  7230 7160 7230 6980 325588
2010.01.05  7330 7320 7610 7180 529435
2010.01.06  7240 7400 7520 7220 445403
2010.01.07  6820 7380 7380 6740 311517
2010.01.08  6800 6880 7050 6700 211973
2010.01.11  7270 6870 7330 6850 378711
2010.01.12  7060 7340 7340 7060 213507
2010.01.13  7000 7060 7130 6860 208195
2010.01.14  7600 7070 7700 7030 643346
2010.01.15  7650 7750 7840 7400 695519
2010.01.18  7510 7520 7840 7500 323704
2010.01.19  7670 7530 7690 7360 325215
2010.01.20  7400 7850 8100 7290 790992
2010.01.21  8110 7300 8110 7200 1001251
2010.01.22  8200 8200 8570 8150 1752271
2010.01.25  7320 8000 8190 7050 819972
2010.01.26  6800 7330 7560 6790 629368
2010.01.27  6660 6900 6980 6610 282205
2010.01.28  6500 6680 6830 6200 241778
2010.01.29  5950 6400 6410 5850 312578
2010.02.01  6000 5950 6140 5810 184661
2010.02.02  6200 6100 6430 6100 204330
2010.02.03  6300 6330 6400 6170 132877
2010.02.04  6110 6330 6340 6100 120959
2010.02.05  5710 5600 5750 5320 160506
2010.02.08  5530 5900 5900 5510 197698
2010.02.09  5500 5530 5590 5300 153724
2010.02.10  5620 5590 5740 5530 116720
2010.02.11  5780 5600 5970 5550 239604
2010.02.12  5720 5820 5850 5600 95485
2010.02.16  5960 5810 6170 5730 147120
2010.02.17  5940 6030 6090 5910 94471
2010.02.18  5910 6040 6040 5830 59529
2010.02.19  5640 5900 5940 5640 152833
2010.02.22  5780 5760 5790 5730 61428
2010.02.23  5720 5770 5790 5690 52278
2010.02.24  5620 5650 5780 5590 63496
2010.02.25  5550 5700 5730 5540 59786
2010.02.26  5480 5580 5630 5450 53036
2010.03.02  5700 5540 5750 5510 90086
2010.03.03  5650 5720 5840 5650 72240
2010.03.04  5520 5610 5690 5500 60319
2010.03.05  5890 5600 5890 5510 154778
2010.03.08  6170 5890 6240 5830 194510
2010.03.09  6160 6230 6250 6050 73519
2010.03.10  6030 6210 6320 6030 118777
2010.03.11  5860 6040 6100 5860 60690
2010.03.12  6170 5960 6200 5860 113583
2010.03.15  5970 6170 6190 5960 91236
2010.03.16  5950 5930 6140 5930 75850
2010.03.17  6000 6010 6140 5930 61295
2010.03.18  5970 6010 6100 5950 84664
2010.03.19  6020 6000 6120 5940 102108
2010.03.22  5960 6010 6020 5890 77756
2010.03.23  6290 5990 6290 5950 236975
2010.03.24  6560 6360 6870 6350 762795
2010.03.25  6320 6550 6590 6270 217057
2010.03.26  6680 6450 6710 6380 212641
2010.03.29  6700 6560 6750 6510 192018
2010.03.30  6500 6970 7050 6500 292501
2010.03.31  6380 6570 6630 6250 199452
2010.04.01  6350 6400 6580 6340 94567
2010.04.02  6290 6320 6380 6090 133288
2010.04.05  5890 6260 6260 5500 250647
2010.04.06  5730 5850 5940 5700 113746
2010.04.07  5740 5730 5880 5700 69134
2010.04.08  5690 5750 5800 5650 51006
2010.04.09  5770 5680 5920 5680 124914
2010.04.12  5610 5680 5830 5540 99513
2010.04.13  5560 5570 5680 5540 38402
2010.04.14  5630 5580 5750 5580 49439
2010.04.15  5720 5720 5830 5670 50875
2010.04.16  5690 5800 5800 5620 55013
2010.04.19  5510 5660 5700 5460 96116
2010.04.20  5670 5510 5710 5500 65500
2010.04.21  5740 5680 5930 5680 77284
2010.04.22  5760 5700 5840 5700 43453
2010.04.23  5700 5840 5840 5670 52635
2010.04.26  5680 5700 5790 5650 59833
2010.04.27  5800 5560 5850 5560 111089
2010.04.28  6350 5780 6630 5710 666795
2010.04.29  6020 6470 6490 6020 269497
2010.04.30  5950 6200 6260 5920 180725
2010.05.03  6120 5930 6260 5910 143596
2010.05.04  5880 6160 6240 5250 154059
2010.05.06  5620 5660 5750 5600 105436
2010.05.07  5310 5310 5460 5160 124698
2010.05.10  5590 5330 5670 5330 69806
2010.05.11  5560 5740 5740 5550 67995
2010.05.12  5550 5560 5670 5500 46194
2010.05.13  5750 5640 5800 5570 106595
2010.05.14  5750 5770 5860 5730 64511
2010.05.17  5640 5620 5850 5610 86780
2010.05.18  5400 5620 5650 5290 156786
2010.05.19  5350 5380 5500 5270 21646
2010.05.20  4840 5400 5420 4700 89840
2010.05.24  4700 4800 4990 4650 59815
2010.05.25  4135 4565 4690 3995 224324
2010.05.26  4315 4230 4370 4020 71426
2010.05.27  4490 4300 4640 4255 69948
2010.05.28  4630 4600 4800 4540 56286
2010.05.31  4655 4690 4690 4560 37618
2010.06.01  4645 4630 4750 4620 27191
2010.06.03  4705 4700 4800 4670 33008
2010.06.04  4720 4675 4745 4630 41876
2010.06.07  4420 4580 4580 4350 43671
2010.06.08  4530 4360 4575 4360 21955
2010.06.09  4445 4355 4525 4355 36810
2010.06.10  4745 4500 4770 4450 60592
2010.06.11  4645 4685 4770 4645 40504
2010.06.14  4570 4630 4695 4535 33330
2010.06.15  4730 4535 4760 4535 26370
2010.06.16  4775 4815 5150 4685 136424
2010.06.17  4710 4785 4855 4695 41720
2010.06.18  4640 4710 4790 4630 53176
2010.06.21  4580 4640 4730 4300 32641
2010.06.22  4640 4520 4665 4520 25290
2010.06.23  4580 4545 4695 4545 22961
2010.06.24  4635 4575 4700 4575 27855
2010.06.25  4680 4635 4700 4590 38359
2010.06.28  4510 4705 4800 4495 51438
2010.06.29  4350 4510 4550 4295 57729
2010.06.30  4390 4245 4420 4240 44692
2010.07.01  4390 4380 4420 4010 47730
2010.07.02  4300 4450 4450 4300 42749
2010.07.05  4315 4300 4475 4275 19163
2010.07.06  4360 4285 4375 4265 16746
2010.07.07  4290 4320 4390 4265 17923
2010.07.08  4325 4300 4390 4290 12812
2010.07.09  4300 4280 4350 4235 36254
2010.07.12  4290 4300 4430 4250 31688
2010.07.13  4330 4350 4350 4260 27664
2010.07.14  4385 4400 4540 4330 105528
2010.07.15  4525 4355 4525 4355 62763
2010.07.16  4525 4510 4590 4445 33557
2010.07.19  4480 4400 4500 4360 15349
2010.07.20  4470 4570 4570 4455 22730
2010.07.21  4390 4500 4500 4315 31254
2010.07.22  4150 4330 4480 4065 62766
2010.07.23  4250 4200 4325 4120 43278
2010.07.26  4245 4250 4320 4190 21725
2010.07.27  4210 4310 4310 4210 13295
2010.07.28  4195 4200 4230 4150 36714
2010.07.29  4220 4200 4280 4200 17734
2010.07.30  4205 4190 4280 4165 22591
2010.08.02  4200 4250 4250 4150 18019
2010.08.03  4115 4200 4200 4110 25343
2010.08.04  4115 4110 4170 4050 35681
2010.08.05  4070 4095 4175 4040 23207
2010.08.06  4080 4120 4120 3460 87253
2010.08.09  4085 4150 4175 4055 17052
2010.08.10  4005 4140 4140 4000 31360
2010.08.11  3925 4090 4090 3925 50560
2010.08.12  3760 3900 3900 3735 33680
2010.08.13  3895 3635 4000 3635 33057
2010.08.16  3890 4090 4090 3860 14141
2010.08.17  3915 4020 4020 3850 17422
2010.08.18  3920 3925 3995 3815 17500
2010.08.19  3850 3860 3980 3780 25007
2010.08.20  3825 3850 3900 3800 35228
2010.08.23  3800 3820 3965 3760 22222
2010.08.24  3820 3820 4010 3800 90325
2010.08.25  3845 3820 3930 3775 35150
2010.08.26  3880 3880 3950 3815 19308
2010.08.27  3855 3940 3940 3760 15607
2010.08.30  3975 3990 3990 3800 56883
2010.08.31  3835 3885 3930 3835 26115
2010.09.01  3900 3810 3930 3780 48156
2010.09.02  3865 4125 4190 3800 71929
2010.09.03  3820 3930 3930 3770 21573
2010.09.06  3880 3840 3920 3840 11063
2010.09.07  3820 3820 3900 3770 25841
2010.09.08  3765 3780 3850 3700 27236
2010.09.09  3660 3770 3795 3630 42993
2010.09.10  3630 3600 3715 3595 31236
2010.09.13  3700 3645 3720 3645 12560
2010.09.14  3605 3720 3720 3605 16459
2010.09.15  3525 3700 3720 3490 32696
2010.09.16  3475 3510 3590 3470 58012
2010.09.17  3560 3475 3630 3450 19511
2010.09.20  3530 3650 3650 3480 10580
2010.09.24  3525 3510 3560 3480 18274
2010.09.27  3430 3505 3540 3420 43542
2010.09.28  3340 3430 3480 3290 86315
2010.09.29  3500 3310 3780 3310 176965
2010.09.30  3535 3550 3615 3500 41234
2010.10.01  3580 3510 3585 3505 36542
2010.10.04  3590 3580 3660 3525 25134
2010.10.05  3640 3600 3680 3550 38513
2010.10.06  3665 3650 3670 3605 28985
2010.10.07  3620 3775 3775 3610 17637
2010.10.08  3520 3590 3620 3505 18896
2010.10.11  3580 3540 3650 3540 28425
2010.10.12  3645 3580 3650 3565 16354
2010.10.13  3880 3655 3890 3600 56823
2010.10.14  3910 3900 3940 3810 46598
2010.10.15  3825 3910 3910 3800 18371
2010.10.18  3855 3870 3900 3805 27338
2010.10.19  3845 3855 3900 3770 18815
2010.10.20  3810 3840 3860 3750 57663
2010.10.21  3790 3810 3920 3750 25143
2010.10.22  3745 3840 3840 3630 35524
2010.10.25  3775 3745 3885 3730 18774
2010.10.26  3745 3800 3840 3695 16778
2010.10.27  3705 3745 3790 3660 26525
2010.10.28  3700 3620 3780 3620 29050
2010.10.29  3730 3740 3740 3610 29589
2010.11.01  3765 3685 3765 3660 64597
2010.11.02  3850 3725 3850 3700 93937
2010.11.03  3995 3865 4110 3865 139315
2010.11.04  3900 4050 4085 3900 48709
2010.11.05  3975 4060 4065 3895 79927
2010.11.08  3845 4050 4050 3815 57148
2010.11.09  3860 3845 3935 3815 26515
2010.11.10  3755 3820 3885 3715 51796
2010.11.11  3650 3770 3770 3620 39391
2010.11.12  3600 3650 3720 3500 26160
2010.11.15  3415 3580 3630 3415 29556
2010.11.16  3395 3415 3495 3350 18856
2010.11.17  3450 3300 3525 3300 5388
2010.11.18  3465 3500 3535 3400 23870
2010.11.19  3470 3540 3540 3410 21412
2010.11.22  3475 3445 3500 3425 13898
2010.11.23  3480 3475 3640 3475 18923
2010.11.24  3380 3060 3405 2985 31237
2010.11.25  3415 3355 3470 3355 12586
2010.11.26  3475 3470 3655 3420 89525
2010.11.29  3900 3555 3980 3490 222388
2010.11.30  3865 3880 4000 3770 120618
2010.12.01  3850 3935 3950 3780 33979
2010.12.02  3965 3860 4185 3830 94405
2010.12.03  4060 3980 4125 3965 50632
2010.12.06  3960 4060 4120 3900 47752
2010.12.07  3940 4000 4025 3810 21936
2010.12.08  4245 3995 4450 3740 281147
2010.12.09  4620 4280 4765 4260 325700
2010.12.10  4590 4665 4840 4450 136453
2010.12.13  4600 4675 4675 4435 94311
2010.12.14  4480 4630 4630 4420 67521
2010.12.15  4370 4425 4505 4295 84701
2010.12.16  4340 4470 4470 4280 34290
2010.12.17  4290 4270 4395 4250 54286
2010.12.20  4110 4290 4290 4000 96353
2010.12.21  4160 4200 4225 4130 42808
2010.12.22  4100 4240 4240 3985 31679
2010.12.23  4065 4100 4125 4000 45344
2010.12.24  4070 4050 4100 4020 20948
2010.12.27  4150 4040 4175 4000 43347
2010.12.28  4150 4085 4175 4075 20953
2010.12.29  4115 4195 4195 4010 21708
2010.12.30  4145 4040 4185 4040 23424
2011.01.03  4140 4200 4210 3710 19865
2011.01.04  4150 4145 4180 4010 30311
2011.01.05  4090 4095 4200 4060 14896
2011.01.06  4165 4075 4180 4070 23056
2011.01.07  4210 4165 4250 4130 37214
2011.01.10  4125 4210 4210 4080 16896
2011.01.11  4120 4170 4200 4065 19821
2011.01.12  4120 4085 4160 4040 24177
2011.01.13  4085 4070 4120 3980 20297
2011.01.14  4045 4150 4150 3970 33134
2011.01.17  4180 4045 4180 4045 53292
2011.01.18  4220 4200 4320 4180 50373
2011.01.19  4225 4245 4280 4170 44247
2011.01.20  4240 4230 4250 4140 37934
2011.01.21  4495 4210 4565 4200 141356
2011.01.24  4490 4585 4585 4465 56008
2011.01.25  4440 4580 4580 4330 47015
2011.01.26  4350 4425 4485 4330 30660
2011.01.27  4385 4450 4450 4155 29118
2011.01.28  4320 4395 4400 4265 39298
2011.01.31  4290 4325 4400 4170 13874
2011.02.01  4290 4200 4385 4200 22006
2011.02.07  4345 4315 4395 4200 21111
2011.02.08  4320 4350 4370 4205 28797
2011.02.09  4310 4320 4375 4240 32410
2011.02.10  4315 4335 4380 4205 30405
2011.02.11  4300 4320 4380 4250 31446
2011.02.14  4265 4300 4350 4255 21766
2011.02.15  4300 4265 4350 4220 17043
2011.02.16  4300 4330 4330 4200 21423
2011.02.17  4295 4210 4600 4210 112925
2011.02.18  4285 4320 4335 4215 36285
2011.02.21  4245 4280 4320 4200 25675
2011.02.22  4270 4245 4280 4115 32392
2011.02.23  4225 4260 4260 4130 10976
2011.02.24  4190 4100 4200 4100 29318
2011.02.25  4155 4190 4280 4100 11543
2011.02.28  4105 4150 4235 4105 5508
2011.03.02  4155 4105 4160 4050 19357
2011.03.03  4065 4230 4230 4000 44191
2011.03.04  4080 4080 4200 4000 25837
2011.03.07  4100 4100 4130 4015 8667
2011.03.08  4085 4135 4135 4005 12848
2011.03.09  4010 4060 4100 3980 18025
2011.03.10  4080 4050 4150 3985 9145
2011.03.11  4075 4080 4090 3900 30888
2011.03.14  4035 3890 4090 3885 14052
2011.03.15  3960 3900 4075 3855 17890
2011.03.16  3940 3970 4080 3850 10546
2011.03.17  3830 3900 3900 3710 39697
2011.03.18  3790 4015 4015 3715 8885
2011.03.21  3775 3770 3970 3725 40498
2011.03.22  3760 3775 3870 3700 29531
2011.03.23  3720 3760 3820 3650 25267
2011.03.24  3745 3710 3790 3695 22038
2011.03.25  3750 3750 3780 3690 15675
2011.03.28  3645 3750 3750 3625 20441
2011.03.29  3555 3625 3645 3555 30068
2011.03.30  3855 3555 3865 3520 66404
2011.03.31  3790 3875 3875 3710 23805
2011.04.01  4010 3790 4050 3735 71192
2011.04.04  3965 4030 4100 3865 49308
2011.04.05  4180 4010 4250 4000 163427
2011.04.06  4120 4280 4280 4085 50351
2011.04.07  4030 4120 4150 3965 38377
2011.04.08  4040 4025 4050 3900 38598
2011.04.11  4060 4045 4060 3920 26102
2011.04.12  3985 4080 4100 3930 24010
2011.04.13  3940 3930 4050 3900 20883
2011.04.14  3925 3970 4000 3870 20008
2011.04.15  3980 3900 3995 3890 14123
2011.04.18  3945 4000 4000 3885 40112
2011.04.19  3935 3905 3985 3880 12571
2011.04.20  4310 3955 4525 3950 545987
2011.04.21  4200 4260 4445 4200 114323
2011.04.22  4455 4280 4460 4255 148710
2011.04.25  4310 4500 4530 4310 77785
2011.04.26  4165 4250 4300 4150 58810
2011.04.27  4135 4085 4290 4080 93055
2011.04.28  4065 4220 4225 4000 44239
2011.04.29  3885 4090 4100 3800 77972
2011.05.02  3950 3885 3975 3760 44045
2011.05.03  3765 3990 3995 3755 39853
2011.05.04  3795 3710 3950 3650 51288
2011.05.06  3765 3805 3870 3715 17241
2011.05.09  3735 3770 3805 3620 26330
2011.05.11  3830 3740 3940 3715 16904
2011.05.12  3865 3670 3880 3670 5727
2011.05.13  3885 3900 3940 3755 9161
2011.05.16  3840 3885 3900 3735 13233
2011.05.17  3790 3900 3900 3715 26082
2011.05.18  3855 3900 3900 3750 11401
2011.05.19  3695 3855 3895 3690 29707
2011.05.20  3825 3720 3850 3620 36926
2011.05.23  3695 3830 3840 3625 28000
2011.05.24  3730 3520 3795 3520 18778
2011.05.25  3550 3660 3750 3550 68253
2011.05.26  3575 3600 3700 3520 18706
2011.05.27  3650 3575 3690 3565 6168
2011.05.30  3800 3600 3970 3600 28839
2011.05.31  3825 3850 3850 3705 11731
2011.06.01  3835 3880 3880 3725 10818
2011.06.02  3685 3580 3830 3580 29778
2011.06.03  3705 3690 3795 3605 14222
2011.06.07  3625 3700 3750 3555 28171
2011.06.08  3595 3645 3700 3500 33187
2011.06.09  3630 3645 3700 3540 5671
2011.06.10  3670 3630 3745 3535 24961
2011.06.13  3675 3665 3800 3570 3972
2011.06.14  3650 3560 3700 3560 12253
2011.06.15  3770 3650 3770 3535 38023
2011.06.16  3675 3750 3750 3585 6503
2011.06.17  3695 3605 3730 3510 36050
2011.06.20  3535 3700 3700 3525 27211
2011.06.21  3585 3485 3630 3450 29376
2011.06.22  3595 3595 3660 3510 12123
2011.06.23  3500 3525 3645 3475 25062
2011.06.24  3500 3500 3580 3480 25258
2011.06.27  3500 3355 3535 3355 36440
2011.06.28  3480 3550 3595 3465 5657
2011.06.29  3440 3540 3540 3355 40301
2011.06.30  3430 3395 3510 3355 21835
2011.07.01  3470 3470 3570 3355 44960
2011.07.04  3555 3690 3690 3410 15751
2011.07.05  3530 3555 3555 3440 21159
2011.07.06  3530 3550 3595 3450 14932
2011.07.07  3545 3575 3590 3420 34533
2011.07.08  3550 3560 3565 3425 40569
2011.07.11  3520 3550 3550 3425 36609
2011.07.12  3395 3400 3520 3350 93465
2011.07.13  3480 3400 3550 3370 32728
2011.07.14  3480 3490 3540 3370 28257
2011.07.15  3465 3480 3550 3380 87378
2011.07.18  3355 3500 3525 3355 69917
2011.07.19  3465 3360 3485 3335 29389
2011.07.20  3405 3500 3510 3405 24085
2011.07.21  3355 3410 3490 3355 16090
2011.07.22  3365 3360 3425 3320 35786
2011.07.25  3315 3420 3440 3285 56044
2011.07.26  3365 3295 3400 3295 12226
2011.07.27  3345 3390 3390 3250 62045
2011.07.28  3415 3345 3460 3230 60626
2011.07.29  3415 3450 3450 3315 46335
2011.08.01  3530 3400 3550 3360 77769
2011.08.02  3530 3565 3585 3460 14848
2011.08.03  3500 3545 3545 3365 20101
2011.08.04  3460 3570 3600 3410 12541
2011.08.05  3400 3250 3440 3145 63674
2011.08.08  3050 3150 3400 2900 88422
2011.08.09  2785 2805 3000 2595 79417
2011.08.10  2975 2835 3195 2835 32681
2011.08.11  2870 2940 3100 2795 69623
2011.08.12  3100 2975 3250 2905 42317
2011.08.16  3200 3195 3260 3060 47258
2011.08.17  3290 3270 3290 3155 14686
2011.08.18  3300 3290 3400 3165 13558
2011.08.19  2805 3000 3235 2805 173396
2011.08.22  2570 2695 2745 2570 83460
2011.08.23  2540 2585 2625 2540 37510
2011.08.24  2545 2595 2615 2505 52415
2011.08.25  2570 2555 2630 2555 15976
2011.08.26  2580 2560 2670 2525 6930
2011.08.29  2605 2595 2655 2590 38922
2011.08.30  2700 2645 2725 2625 73260
2011.08.31  2775 2750 2880 2710 47338
2011.09.01  2860 2830 2895 2815 33857
2011.09.02  2810 2860 2900 2790 25142
2011.09.05  2620 2760 2800 2620 39607
2011.09.06  2405 2540 2620 2310 35105
2011.09.07  2475 2420 2485 2420 28860
2011.09.08  2485 2485 2590 2450 6214
2011.09.09  2495 2465 2565 2465 1475
2011.09.14  2405 2490 2640 2370 13530
2011.09.15  2455 2405 2470 2390 6267
2011.09.16  2460 2525 2525 2450 7378
2011.09.19  2460 2440 2560 2440 12720
2011.09.20  2485 2410 2500 2400 12796
2011.09.21  2470 2460 2540 2435 16296
2011.09.22  2405 2450 2515 2395 19749
2011.09.23  2295 2390 2395 2190 15938
2011.09.26  1955 2195 2315 1955 70197
2011.09.27  2085 1905 2190 1905 47669
2011.09.28  2000 2090 2135 2000 38335
2011.09.29  2055 1960 2075 1960 8761
2011.09.30  2020 2060 2095 2000 14330
2011.10.04  1920 2000 2000 1860 16284
2011.10.05  1840 1910 2000 1820 27638
2011.10.06  1925 1860 2000 1860 14867
2011.10.07  2055 1940 2100 1940 10333
2011.10.10  2005 2010 2100 2000 36860
2011.10.11  2195 2025 2195 2020 61310
2011.10.12  2200 2200 2285 2110 21721
2011.10.13  2280 2245 2320 2175 37756
2011.10.14  2240 2335 2335 2155 33340
2011.10.17  2245 2250 2300 2220 36800
2011.10.18  2240 2160 2245 2160 17818
2011.10.19  2195 2250 2255 2170 26376
2011.10.20  2160 2155 2290 2155 16908
2011.10.21  2265 2160 2290 2160 17618
2011.10.24  2250 2340 2340 2235 23161
2011.10.25  2270 2330 2330 2225 21872
2011.10.26  2285 2250 2285 2205 12464
2011.10.27  2280 2270 2330 2220 48943
2011.10.28  2310 2340 2340 2255 31333
2011.10.31  2355 2310 2425 2290 31912
2011.11.01  2280 2340 2350 2280 29111
2011.11.02  2395 2220 2450 2155 63017
2011.11.03  2330 2425 2425 2280 17416
2011.11.04  2365 2350 2430 2310 46100
2011.11.07  2475 2395 2480 2325 23228
2011.11.08  2485 2485 2515 2440 8592
2011.11.09  2510 2470 2525 2450 10662
2011.11.10  2290 2480 2480 2290 43939
2011.11.11  2250 2330 2330 2230 38925
2011.11.14  2585 2285 2585 2255 129860
2011.11.15  2615 2645 2750 2575 131024
2011.11.16  2655 2650 2840 2620 242439
2011.11.17  2890 2610 3030 2610 173217
2011.11.18  3000 3030 3240 2905 247258
2011.11.21  3120 3145 3205 3030 88718
2011.11.22  3000 3100 3130 2880 91998
2011.11.23  2890 2995 3055 2860 40401
2011.11.24  2900 2985 2990 2830 78295
2011.11.25  2915 2975 2975 2830 46458
2011.11.28  2910 2995 2995 2880 27022
2011.11.29  2925 2915 2965 2870 65748
2011.11.30  2880 2900 2945 2870 15443
2011.12.01  2900 2935 2990 2900 30568
2011.12.02  2790 2890 2950 2785 36738
2011.12.05  2780 2785 2835 2750 37076
2011.12.06  2960 2790 2985 2790 36334
2011.12.07  3000 2990 3100 2960 52430
2011.12.08  2990 2960 3025 2945 20864
2011.12.09  2960 3030 3030 2960 18645
2011.12.12  3010 3035 3035 2940 22100
2011.12.13  3085 3010 3085 2970 22090
2011.12.14  3125 3150 3150 3040 23165
2011.12.15  3080 3130 3160 3015 19614
2011.12.16  3075 3185 3185 3050 23709
2011.12.19  2995 3090 3090 2800 54669
2011.12.20  3000 3125 3125 2975 19216
2011.12.21  3095 3020 3095 3020 28403
2011.12.22  3275 3120 3350 3070 75563
2011.12.23  3160 3250 3325 3155 32616
2011.12.26  3160 3145 3185 3115 35427
2011.12.27  3095 3140 3160 3000 89994
2011.12.28  3055 3080 3095 3030 9275
2011.12.29  2935 2995 3060 2915 67811
2012.01.02  2980 2940 3005 2920 26665
2012.01.03  3160 2980 3160 2950 54185
2012.01.04  3630 3105 3630 3105 225440
2012.01.05  4170 4170 4170 4005 396172
2012.01.06  4000 4180 4365 3935 494329
2012.01.09  4130 4040 4295 3805 283744
2012.01.10  4140 4070 4265 4015 143245
2012.01.11  3795 4145 4210 3780 191237
2012.01.12  3700 3810 3810 3625 129425
2012.01.13  3575 3750 3750 3425 136454
2012.01.16  3590 3600 3630 3465 69218
2012.01.17  3555 3615 3645 3515 86728
2012.01.18  3565 3580 3670 3510 71944
2012.01.19  3735 3615 3880 3575 158572
2012.01.20  3730 3740 3760 3625 48578
2012.01.25  3545 3795 3795 3545 56282
2012.01.26  3440 3545 3545 3390 79390
2012.01.27  3525 3440 3535 3440 33220
2012.01.30  3340 3525 3540 3320 119189
2012.01.31  3305 3310 3415 3215 97727
2012.02.01  3310 3310 3315 3225 120204
2012.02.02  3375 3315 3385 3315 75643
2012.02.03  3295 3395 3395 3290 61192
2012.02.06  3290 3300 3380 3275 50292
2012.02.07  3440 3270 3475 3270 77032
2012.02.08  3565 3445 3660 3400 144237
2012.02.09  3515 3565 3565 3435 40893
2012.02.10  3500 3540 3605 3460 24291
2012.02.13  3565 3505 3630 3505 35861
2012.02.14  3645 3600 3680 3555 66332
2012.02.15  3605 3690 3690 3570 60192
2012.02.16  3570 3590 3625 3500 47130
2012.02.17  3595 3590 3620 3525 67455
2012.02.20  3780 3635 3830 3570 103216
2012.02.21  3720 3790 3810 3700 70383
2012.02.22  3660 3700 3780 3620 43792
2012.02.23  3630 3640 3705 3550 31907
2012.02.24  3705 3650 3750 3600 31919
2012.02.27  3750 3720 3875 3695 111858
2012.02.28  3725 3750 3755 3665 24487
2012.02.29  3700 3730 3800 3700 44344
2012.03.02  3680 3740 3740 3625 40001
2012.03.05  3605 3670 3680 3545 69192
2012.03.06  3500 3595 3635 3495 32624
2012.03.07  3430 3410 3500 3370 48166
2012.03.08  3450 3445 3525 3430 35230
2012.03.09  3500 3450 3505 3450 15215
2012.03.12  3485 3435 3560 3435 26083
2012.03.13  3490 3480 3550 3450 54805
2012.03.14  3515 3515 3590 3490 22864
2012.03.15  3535 3500 3550 3465 26067
2012.03.16  3470 3500 3535 3425 50018
2012.03.19  3425 3435 3490 3420 36213
2012.03.20  3470 3465 3495 3380 49940
2012.03.21  3465 3480 3500 3430 26538
2012.03.22  3450 3455 3500 3395 37127
2012.03.23  3440 3450 3460 3400 22640
2012.03.26  3385 3440 3440 3350 47281
2012.03.27  3550 3385 3600 3300 282206
2012.03.28  3765 3550 3960 3495 375550
2012.03.29  3660 3840 3850 3630 77902
2012.03.30  3855 3660 4065 3660 386744
2012.04.02  4200 3870 4430 3855 1012598
2012.04.03  4010 4260 4295 3985 385836
2012.04.04  4400 4015 4400 4000 569453
2012.04.05  4390 4390 4825 4330 2282914
2012.04.06  4050 4390 4680 3900 1275694
2012.04.09  3700 4050 4095 3650 315140
2012.04.10  3440 3650 3735 3360 258638
2012.04.12  3390 3410 3510 3325 124625
2012.04.13  3540 3425 3555 3420 85514
2012.04.16  3535 3540 3545 3440 44549
2012.04.17  3420 3535 3575 3385 131888
2012.04.18  3505 3465 3530 3350 62023
2012.04.19  3440 3460 3480 3370 87047
2012.04.20  3340 3465 3465 3320 54131
2012.04.23  3250 3400 3400 3235 39940
2012.04.24  3010 3170 3235 2965 204693
2012.04.25  2970 3020 3060 2940 104410
2012.04.26  2800 2980 3045 2800 107354
2012.04.27  2830 2820 2870 2770 45427
2012.04.30  2965 2805 3000 2805 99989
2012.05.02  3105 2965 3110 2880 82717
2012.05.03  3105 3070 3150 3070 99170
2012.05.04  3065 3060 3150 3045 52795
2012.05.07  3050 3060 3100 3020 26730
2012.05.08  3200 3080 3300 3050 89642
2012.05.09  3030 3070 3120 2960 140769
2012.05.10  3040 3045 3075 2975 21559
2012.05.11  3330 3045 3495 3030 386463
2012.05.14  3450 3430 3770 3400 574465
2012.05.15  3275 3390 3390 3200 155106
2012.05.16  3500 3330 3765 3330 1616423
2012.05.17  3640 3480 3890 3480 614954
2012.05.18  3345 3580 3790 3255 649171
2012.05.21  3480 3360 3540 3360 283555
2012.05.22  3720 3550 3720 3505 282606
2012.05.23  3600 3715 3750 3580 152095
2012.05.24  3450 3675 3680 3450 118724
2012.05.25  3350 3460 3520 3325 144434
2012.05.29  3455 3345 3465 3325 72896
2012.05.30  3595 3460 3660 3425 187689
2012.05.31  3600 3565 3700 3450 106866
2012.06.01  3480 3550 3655 3480 99256
2012.06.04  3405 3300 3405 3230 94085
2012.06.05  3375 3345 3420 3300 49582
2012.06.07  3360 3415 3455 3360 65480
2012.06.08  3280 3360 3420 3275 56698
2012.06.11  3525 3320 3525 3300 99071
2012.06.12  4050 3800 4050 3720 432360
2012.06.13  4020 4000 4125 3895 536790
2012.06.14  4150 4175 4580 4130 1184338
2012.06.15  3820 4150 4155 3820 298198
2012.06.18  3975 3830 4065 3800 332089
2012.06.19  4010 3980 4035 3860 193328
2012.06.20  3975 4010 4225 3955 247632
2012.06.21  4020 4010 4225 3985 194243
2012.06.22  4005 3955 4180 3950 144052
2012.06.25  4085 4100 4130 3955 102940
2012.06.26  4105 4050 4195 4000 122444
2012.06.27  4375 4105 4375 4050 242337
2012.06.28  4200 4340 4360 4170 160048
2012.06.29  4205 4230 4260 4090 69599
2012.07.02  4200 4260 4260 4145 51319
2012.07.03  4255 4240 4335 4200 81721
2012.07.04  4240 4295 4295 4175 90062
2012.07.05  4250 4240 4270 4170 114416
2012.07.06  4145 4205 4285 4100 77403
2012.07.09  3950 4100 4180 3920 107767
2012.07.10  4005 3940 4100 3850 90647
2012.07.11  3925 4050 4050 3915 56747
2012.07.12  4030 3930 4070 3930 44994
2012.07.13  4000 3990 4045 3820 33718
2012.07.16  3975 4000 4055 3940 33788
2012.07.17  3865 3940 3995 3855 45120
2012.07.18  3775 3900 4000 3760 43129
2012.07.19  3870 3885 3885 3660 25599
2012.07.20  3825 3865 3895 3750 15270
2012.07.23  3715 3825 3890 3690 30426
2012.07.24  3720 3650 3780 3650 31407
2012.07.25  3675 3720 3725 3565 48076
2012.07.26  3640 3525 3720 3525 23403
2012.07.27  3850 3675 3945 3675 81243
2012.07.30  3845 3850 3940 3845 40209
2012.07.31  3895 3840 3925 3835 25653
2012.08.01  3890 3890 3925 3820 6774
2012.08.02  3885 3895 3925 3830 7842
2012.08.03  3835 3890 3890 3730 25478
2012.08.06  3930 3845 3935 3835 33439
2012.08.07  3935 3960 3960 3890 13607
2012.08.08  3895 3975 3975 3880 22194
2012.08.09  3875 3900 3915 3830 23661
2012.08.10  3865 3875 3940 3860 20218
2012.08.13  4000 3890 4080 3850 76561
2012.08.14  3980 4000 4040 3870 35341
2012.08.16  3780 3900 3930 3780 175171
2012.08.17  3785 3780 3830 3690 58528
2012.08.20  3830 3785 3830 3730 19625
2012.08.21  3920 3830 4040 3820 84664
2012.08.22  3825 3950 3975 3825 27585
2012.08.23  3845 3825 3895 3805 30432
2012.08.24  3725 3805 3860 3690 84251
2012.08.27  3610 3730 3730 3555 28206
2012.08.28  3635 3640 3705 3555 52421
2012.08.29  3555 3640 3690 3530 56888
2012.08.30  3540 3620 3620 3530 65077
2012.08.31  3555 3505 3630 3505 23162
2012.09.03  3590 3590 3645 3550 44027
2012.09.04  3545 3660 3660 3510 38112
2012.09.05  3500 3545 3550 3400 68588
2012.09.06  3460 3445 3500 3350 86955
2012.09.07  3435 3410 3475 3360 29627
2012.09.10  3380 3400 3445 3355 24987
2012.09.11  3520 3370 3520 3370 47638
2012.09.12  3485 3520 3610 3475 26644
2012.09.13  3565 3480 3630 3475 30662
2012.09.14  3590 3610 3670 3510 32578
2012.09.17  3570 3590 3600 3525 21593
2012.09.18  3515 3550 3590 3500 35172
2012.09.19  3490 3510 3595 3435 46197
2012.09.20  3450 3500 3540 3430 31667
2012.09.21  3490 3460 3520 3405 36122
2012.09.24  3390 3440 3490 3380 39523
2012.09.25  3400 3390 3490 3345 21171
2012.09.26  3310 3430 3430 3260 61578
2012.09.27  3090 3310 3325 3090 89381
2012.09.28  3115 3115 3170 3010 30110
2012.10.02  3090 3120 3170 3030 18975
2012.10.04  3090 3050 3120 3035 14375
2012.10.05  3095 3085 3100 3035 17569
2012.10.08  3075 3095 3130 3020 41781
2012.10.09  2980 3060 3060 2970 65611
2012.10.10  2920 2945 2960 2905 50536
2012.10.11  2990 2930 3005 2930 21220
2012.10.12  2970 2980 2995 2930 18795
2012.10.15  2975 2960 2985 2920 22120
2012.10.16  2970 2990 3025 2940 33918
2012.10.17  3020 2985 3040 2950 36993
2012.10.18  3000 3040 3040 2915 29051
2012.10.19  2910 3015 3020 2910 17446
2012.10.22  2880 2845 2910 2830 11670
2012.10.23  2880 2880 2910 2815 20166
2012.10.24  2835 2825 2895 2825 5761
2012.10.25  2880 2885 2900 2770 23652
2012.10.26  2855 2880 3050 2835 67043
2012.10.29  2580 2820 2870 2525 83850
2012.10.30  2550 2580 2640 2510 40292
2012.10.31  2500 2555 2575 2485 21339
2012.11.01  2755 2515 2755 2400 151170
2012.11.02  2680 2720 2745 2640 48123
2012.11.05  2570 2720 2720 2570 31496
2012.11.06  2525 2575 2575 2505 38503
2012.11.07  2540 2570 2570 2525 12334
2012.11.08  2475 2530 2540 2465 22947
2012.11.09  2550 2500 2715 2490 58330
2012.11.12  2700 2575 2705 2550 26778
2012.11.13  2625 2720 2720 2625 18718
2012.11.14  2675 2645 2680 2590 36283
2012.11.15  2580 2670 2670 2455 31275
2012.11.16  2300 2555 2605 2300 43493
2012.11.19  2370 2405 2425 2270 18592
2012.11.20  2335 2420 2425 2335 9008
2012.11.21  2200 2415 2415 2200 33189
2012.11.22  2240 2260 2275 2200 22300
2012.11.23  2440 2260 2460 2205 34737
2012.11.26  2385 2430 2430 2300 18625
2012.11.27  2360 2360 2495 2350 28036
2012.11.28  2420 2350 2450 2350 11780
2012.11.29  2505 2450 2550 2450 26361
2012.11.30  2475 2565 2565 2435 10537
2012.12.03  2440 2515 2530 2435 15411
2012.12.04  2420 2480 2480 2370 41744
2012.12.05  2780 2450 2780 2450 185232
2012.12.06  2885 2920 3165 2815 1148921
2012.12.07  2750 2915 2945 2660 348968
2012.12.10  2720 2800 2965 2720 419352
2012.12.11  2585 2760 2810 2560 150236
2012.12.12  2600 2590 2675 2560 85763
2012.12.13  2640 2635 2745 2630 101340
2012.12.14  2605 2640 2700 2575 60126
2012.12.17  2700 2645 2790 2580 77620
2012.12.18  2735 2715 2750 2705 24672
2012.12.20  2600 2735 2780 2600 85493
2012.12.21  2540 2560 2615 2495 55385
2012.12.24  2540 2515 2560 2480 36141
2012.12.26  2520 2510 2580 2510 20629
2012.12.27  2550 2510 2590 2510 13275
2012.12.28  2575 2530 2595 2530 12825
2013.01.02  2660 2640 2675 2565 17400
2013.01.03  2690 2665 2700 2645 27206
2013.01.04  2690 2730 2750 2660 33086
2013.01.07  2680 2690 2740 2630 24676
2013.01.08  2670 2710 2735 2635 22530
2013.01.09  2880 2745 3045 2650 239259
2013.01.10  3000 2960 3170 2910 280019
2013.01.11  3450 3055 3450 3000 244304
2013.01.14  3600 3625 3710 3390 1925116
2013.01.15  3385 3605 3915 3385 1786501
2013.01.16  3315 3420 3500 3260 561244
2013.01.17  3130 3350 3385 3120 339860
2013.01.18  3205 3140 3295 3140 335586
2013.01.21  3410 3275 3605 3230 816789
2013.01.22  3340 3410 3420 3270 247728
2013.01.23  3230 3395 3495 3230 220029
2013.01.24  3335 3230 3335 3205 143860
2013.01.25  3245 3385 3400 3210 115082
2013.01.28  3345 3295 3365 3200 107614
2013.01.29  3380 3395 3470 3330 111908
2013.01.30  3275 3370 3390 3275 76343
2013.01.31  3095 3275 3335 3080 179399
2013.02.01  3110 3085 3135 3020 91201
2013.02.04  3010 3150 3150 3005 56232
2013.02.05  3085 2960 3140 2950 88544
2013.02.06  3200 3085 3225 3085 60469
2013.02.07  3130 3200 3230 3050 39824
2013.02.08  3220 3110 3230 3105 11502
2013.02.12  3170 3250 3280 3145 20188
2013.02.13  3190 3140 3220 3030 46808
2013.02.14  3210 3190 3270 3120 41096
2013.02.15  3305 3210 3370 3210 68482
2013.02.18  3305 3305 3340 3250 47347
2013.02.19  3345 3225 3390 3225 64764
2013.02.20  3370 3395 3395 3325 38842
2013.02.21  3340 3355 3355 3255 41106
2013.02.22  3370 3325 3405 3280 74286
2013.02.25  3310 3360 3385 3285 47973
2013.02.26  3280 3270 3310 3200 53819
2013.02.27  3175 3300 3300 3175 46767
2013.02.28  3195 3150 3245 3150 14143
2013.03.04  3065 3170 3170 3055 77170
2013.03.05  3190 3110 3190 3060 49803
2013.03.06  3100 3210 3210 3080 39758
2013.03.07  3100 3100 3160 3095 13455
2013.03.08  3150 3100 3245 3100 39280
2013.03.11  3080 3160 3210 3065 32305
2013.03.12  3070 3080 3090 3030 39176
2013.03.13  3070 3110 3110 3040 19442
2013.03.14  3040 3075 3095 3040 27350
2013.03.15  3075 3040 3095 3010 27686
2013.03.18  2975 3070 3070 2975 26276
2013.03.19  2960 2960 3030 2950 26871
2013.03.20  2820 3000 3045 2805 90653
2013.03.21  2710 2805 2875 2700 80529
2013.03.22  2750 2710 2755 2705 15995
2013.03.25  2785 2750 2815 2730 17417
2013.03.26  2805 2785 2840 2765 23408
2013.03.27  2855 2805 2915 2795 30146
2013.03.28  2905 2855 2950 2850 16176
2013.03.29  3020 2910 3025 2910 48384
2013.04.01  3470 3050 3470 3045 402794
2013.04.02  3005 3600 3730 2950 1156241
2013.04.03  3020 3065 3115 2990 208882
2013.04.04  3025 2990 3040 2850 131600
2013.04.05  3040 3020 3100 2990 72146
2013.04.08  2990 3095 3095 2960 23442
2013.04.09  2920 2910 2985 2865 38564
2013.04.10  2980 2920 2990 2860 31795
2013.04.11  2980 2975 3060 2935 77674
2013.04.12  2995 2955 3050 2925 96467
2013.04.15  2965 3000 3000 2925 61832
2013.04.16  3065 2965 3140 2965 127495
2013.04.17  3050 3065 3095 3010 66152
2013.04.18  3030 3045 3050 2985 19273
2013.04.19  3110 3075 3130 2965 58316
2013.04.22  3060 3115 3125 3050 22198
2013.04.23  3145 3030 3155 3000 148509
2013.04.24  3195 3110 3285 3110 99977
2013.04.25  3185 3235 3235 3125 44635
2013.04.26  3280 3190 3350 3190 94104
2013.04.29  3170 3275 3330 3115 49728
2013.04.30  3140 3235 3255 3120 57346
2013.05.02  3145 3120 3195 3105 25449
2013.05.03  3140 3145 3185 3065 28371
2013.05.06  3140 3215 3215 3120 34051
2013.05.07  3165 3160 3195 3130 31228
2013.05.08  3140 3170 3170 3100 41318
2013.05.09  3120 3195 3210 3120 20445
2013.05.10  3150 3120 3180 3100 19945
2013.05.13  3400 3200 3600 3200 318843
2013.05.14  3375 3390 3560 3275 261695
2013.05.15  3495 3375 3520 3335 204273
2013.05.16  3365 3520 3540 3365 109941
2013.05.20  3555 3370 3630 3360 272903
2013.05.21  3545 3555 3640 3470 167541
2013.05.22  3660 3600 3900 3600 342488
2013.05.23  3600 3620 3720 3590 77851
2013.05.24  3650 3550 3650 3480 96702
2013.05.27  3780 3655 3875 3615 196052
2013.05.28  3835 3805 3980 3770 221235
2013.05.29  3670 3840 3885 3650 122736
2013.05.30  3730 3615 3895 3615 118547
2013.05.31  3815 3705 3835 3665 48486
2013.06.03  3775 3870 3890 3715 64449
2013.06.04  3630 3740 3850 3550 79451
2013.06.05  3575 3565 3690 3550 63430
2013.06.07  3380 3575 3575 3340 74466
2013.06.10  3455 3385 3480 3375 30259
2013.06.11  3470 3470 3470 3370 25620
2013.06.12  3470 3430 3540 3380 33922
2013.06.13  3445 3475 3510 3365 26245
2013.06.14  3360 3450 3525 3310 36612
2013.06.17  3310 3315 3355 3260 25627
2013.06.18  3300 3315 3375 3235 42309
2013.06.19  3320 3310 3375 3275 18411
2013.06.20  3300 3210 3350 3210 35738
2013.06.21  3160 3280 3280 3075 68987
2013.06.24  3135 3180 3190 3120 41815
2013.06.25  3000 3100 3145 2900 73564
2013.06.26  3005 2940 3125 2940 30482
2013.06.27  3200 3015 3200 3015 51554
2013.06.28  3210 3200 3250 3170 20782
2013.07.01  3305 3330 3395 3255 64254
2013.07.02  3340 3390 3395 3270 15791
2013.07.03  3280 3320 3380 3260 24148
2013.07.04  3250 3325 3325 3120 45650
2013.07.05  3225 3215 3275 3155 38212
2013.07.08  3175 3215 3395 3170 23977
2013.07.09  3225 3230 3230 3140 19133
2013.07.10  3175 3230 3280 3100 26648
2013.07.11  3225 3190 3290 3160 50240
2013.07.12  3155 3205 3215 3100 38675
2013.07.15  3170 3170 3200 3100 18029
2013.07.16  3175 3145 3185 3115 8656
2013.07.17  3075 3160 3190 3070 56892
2013.07.18  3225 3085 3430 3055 199715
2013.07.19  3215 3270 3285 3205 40876
2013.07.22  3370 3215 3380 3215 101722
2013.07.23  3455 3370 3500 3355 92130
2013.07.24  3475 3455 3555 3380 41179
2013.07.25  3480 3470 3570 3430 45856
2013.07.26  3535 3455 3545 3435 40842
2013.07.29  3425 3535 3550 3405 36666
2013.07.30  3395 3460 3490 3370 32108
2013.07.31  3475 3395 3555 3390 27240
2013.08.01  3530 3480 3560 3460 27691
2013.08.02  3570 3540 3595 3510 22996
2013.08.05  3550 3595 3650 3535 40235
2013.08.06  3550 3525 3595 3510 13681
2013.08.07  3455 3500 3550 3455 32687
2013.08.08  3380 3440 3510 3370 36631
2013.08.09  3445 3445 3455 3330 38802
2013.08.12  3455 3480 3650 3440 99380
2013.08.13  3440 3430 3510 3400 29025
2013.08.14  3470 3500 3500 3410 20973
2013.08.16  3445 3400 3445 3375 20271
2013.08.19  3575 3435 3640 3395 89722
2013.08.20  3485 3595 3680 3485 101292
2013.08.21  3440 3480 3490 3315 85122
2013.08.22  3285 3400 3400 3285 53790
2013.08.23  3355 3290 3400 3290 47083
2013.08.26  3345 3370 3390 3305 25405
2013.08.27  3350 3320 3355 3300 12325
2013.08.28  3300 3275 3300 3120 134610
2013.08.29  3345 3345 3355 3270 21012
2013.08.30  3400 3345 3420 3300 15301
2013.09.02  3315 3390 3410 3315 20785
2013.09.03  3310 3310 3355 3295 10822
2013.09.04  3290 3355 3355 3275 9066
2013.09.05  3335 3310 3385 3270 12092
2013.09.06  3290 3340 3340 3285 15672
2013.09.09  3245 3290 3360 3225 52585
2013.09.10  3310 3240 3345 3210 11600
2013.09.11  3290 3310 3325 3230 21980
2013.09.12  3310 3290 3330 3245 21717
2013.09.13  3270 3320 3325 3265 10277
2013.09.16  3270 3265 3290 3220 15426
2013.09.17  3270 3265 3295 3210 6425
2013.09.23  3260 3270 3280 3210 13432
2013.09.24  3230 3260 3260 3215 17813
2013.09.25  3280 3230 3280 3180 22882
2013.09.26  3600 3255 3750 3220 406121
2013.09.27  3535 3600 3615 3525 108676
2013.09.30  3745 3570 3950 3550 490834
2013.10.01  3690 3760 3880 3670 119418
2013.10.02  3870 3720 4155 3690 358624
2013.10.04  4450 3850 4450 3800 712528
2013.10.07  5110 5110 5110 5110 230366
2013.10.08  5250 5610 5750 4950 2899328
2013.10.10  5430 5180 5640 5020 2219303
2013.10.11  5430 0 0 0 0
2013.10.14  5370 5350 5500 5290 456215
2013.10.15  5660 5480 5660 5400 444339
2013.10.16  5480 5660 5790 5480 297082
2013.10.17  4815 5380 5550 4660 1669305
2013.10.18  4820 4795 4905 4620 883759
2013.10.21  4780 4920 4920 4640 562007
2013.10.22  4850 4805 4930 4675 771104
2013.10.23  4200 4875 4950 4165 1537142
2013.10.24  4225 4160 4250 4045 519567
2013.10.25  4140 4260 4290 4095 267139
2013.10.28  4145 4105 4225 4090 248123
2013.10.29  4125 4245 4340 4125 620668
2013.10.30  4165 4130 4205 4010 276067
2013.10.31  4180 4215 4535 4155 1762470
2013.11.01  4480 4225 4520 4195 570077
2013.11.04  4350 4420 4455 4275 292572
2013.11.05  4035 4395 4415 3990 376453
2013.11.06  3900 4035 4040 3900 186726
2013.11.07  3965 3920 4015 3795 172158
2013.11.08  3820 3820 3955 3775 112121
2013.11.11  3530 3825 3915 3455 241440
2013.11.12  3760 3460 3780 3460 115908
2013.11.13  3770 3760 3800 3640 94581
2013.11.14  3820 3795 3840 3660 86715
2013.11.15  3840 3840 3845 3775 29993
2013.11.18  3825 3840 3885 3770 48162
2013.11.19  3770 3830 3950 3670 248190
2013.11.20  3625 3730 3735 3580 99866
2013.11.21  3600 3605 3650 3540 50670
2013.11.22  3635 3585 3670 3580 23882
2013.11.25  3685 3685 3685 3595 31003
2013.11.26  3825 3690 3825 3645 70039
2013.11.27  3805 3985 4080 3805 257094
2013.11.28  3950 3830 4060 3770 340082
2013.11.29  3890 3990 4035 3830 149435
2013.12.02  3840 3895 3930 3835 84216
2013.12.03  3720 3900 3915 3715 103156
2013.12.04  3700 3710 3760 3625 76378
2013.12.05  3780 3660 3780 3650 75050
2013.12.06  3860 3750 3930 3750 85698
2013.12.09  3860 3875 3950 3860 173643
2013.12.10  3955 3855 3980 3810 117029
2013.12.11  3855 3965 4015 3855 125921
2013.12.12  3990 3810 4010 3805 123790
2013.12.13  3955 3980 4080 3930 128836
2013.12.16  3945 4000 4020 3905 91969
2013.12.17  3900 3955 4030 3875 83903
2013.12.18  3845 3925 3930 3830 74085
2013.12.19  3900 3850 3925 3850 41858
2013.12.20  3975 3905 4005 3905 46461
2013.12.23  4010 4000 4100 3980 135714
2013.12.24  3960 4050 4090 3960 57299
2013.12.26  3835 4000 4000 3820 97156
2013.12.27  3900 3890 3960 3780 62709
2013.12.30  3950 3910 3980 3860 49161
2014.01.02  3895 3980 4040 3885 85707
2014.01.03  3930 3895 3930 3835 52982
2014.01.06  4250 3960 4350 3950 638875
2014.01.07  4300 4250 4300 4165 240447
2014.01.08  4260 4305 4440 4240 293597
2014.01.09  4460 4260 4460 4150 275172
2014.01.10  4385 4520 4670 4385 375983
2014.01.13  4370 4385 4485 4305 169877
2014.01.14  4430 4450 4580 4350 160985
2014.01.15  4510 4500 4570 4400 163322
2014.01.16  4590 4600 4870 4515 609208
2014.01.17  4475 4605 4650 4465 161956
2014.01.20  4650 4470 4650 4400 189042
2014.01.21  4450 4705 4705 4450 188363
2014.01.22  4430 4375 4460 4340 116436
2014.01.23  4300 4460 4460 4270 118929
2014.01.24  4280 4260 4320 4170 119970
2014.01.27  4190 4170 4275 4075 78091
2014.01.28  4130 4145 4195 4085 96669
2014.01.29  4215 4140 4215 4125 73406
2014.02.03  4195 4220 4265 4130 54929
2014.02.04  4130 4110 4170 4075 61791
2014.02.05  3790 4155 4165 3720 354086
2014.02.06  3825 3815 3860 3805 56342
2014.02.07  3845 3830 3860 3800 93035
2014.02.10  3855 3850 3885 3810 84918
2014.02.11  3845 3845 3885 3835 64366
2014.02.12  3905 3855 3975 3850 161628
2014.02.13  4175 3915 4350 3910 388292
2014.02.14  4290 4205 4375 4135 238961
2014.02.17  4310 4320 4350 4245 105937
2014.02.18  4260 4290 4355 4235 90089
2014.02.19  4230 4285 4300 4200 75506
2014.02.20  4180 4230 4260 4120 80304
2014.02.21  4385 4180 4400 4150 116433
2014.02.24  4390 4435 4490 4360 116078
2014.02.25  4320 4500 4500 4240 116771
2014.02.26  4210 4345 4345 4150 85641
2014.02.27  4130 4245 4385 4125 373380
2014.02.28  3925 4125 4295 3900 240745
2014.03.03  3800 3875 3915 3745 98605
2014.03.04  3910 3800 3920 3775 55221
2014.03.05  4000 3880 4020 3880 64562
2014.03.06  3965 3965 4070 3945 57640
2014.03.07  3940 3965 4020 3930 35265
2014.03.10  3940 3980 4000 3915 23979
2014.03.11  4070 3940 4090 3935 58340
2014.03.12  4095 4090 4125 4020 37104
2014.03.13  4075 4100 4125 4025 29738
2014.03.14  3970 4050 4150 3940 49005
2014.03.17  3780 3930 3960 3755 101322
2014.03.18  3875 3780 3945 3740 42155
2014.03.19  3900 3895 3940 3790 41372
2014.03.20  3900 3940 3940 3800 27415
2014.03.21  3965 3900 3995 3880 49215
2014.03.24  3950 3930 4020 3930 50860
2014.03.25  3795 3950 3950 3785 62181
2014.03.26  3780 3775 3845 3775 45566
2014.03.27  3790 3780 3865 3770 41771
2014.03.28  3830 3790 3870 3790 13112
2014.03.31  3855 3870 3910 3780 16875
2014.04.01  3890 3855 3895 3760 49023
2014.04.02  3900 3890 3990 3870 19606
2014.04.03  3855 3935 3960 3855 33711
2014.04.04  3885 3860 3890 3820 27685
2014.04.07  3850 3840 3890 3795 34035
2014.04.08  3980 3900 3980 3835 75278
2014.04.09  3995 3985 4045 3930 40724
2014.04.10  3990 4000 4035 3945 40860
2014.04.11  3980 3870 4005 3870 25859
2014.04.14  3945 3980 4005 3945 15555
2014.04.15  3950 3995 3995 3875 34837
2014.04.16  4330 4090 4465 4015 1172421
2014.04.17  4275 4320 4325 4185 224396
2014.04.18  4315 4320 4355 4265 133900
2014.04.21  4285 4350 4385 4275 105800
2014.04.22  4480 4325 4550 4230 374058
2014.04.23  4550 4495 4575 4430 220444
2014.04.24  4290 4550 4575 4270 223828
2014.04.25  4130 4295 4295 4130 119047
2014.04.28  4180 4110 4180 4065 78080
2014.04.29  4215 4180 4225 4135 56287
2014.04.30  4190 4200 4270 4155 50281
2014.05.02  4145 4200 4205 4135 28876
2014.05.07  4040 4120 4145 4040 33028
2014.05.08  3940 4045 4095 3915 52955
2014.05.09  4020 3920 4020 3920 24852
2014.05.12  4065 4100 4100 4025 25904
2014.05.13  4175 4140 4180 4060 27130
2014.05.14  4180 4155 4190 4095 44185
2014.05.15  4145 4330 4375 4145 111055
2014.05.16  4065 4100 4140 4035 50177
2014.05.19  3905 4040 4050 3900 70703
2014.05.20  3980 4110 4110 3920 27025
2014.05.21  3975 3915 4000 3915 27880
2014.05.22  3970 3975 3990 3920 45427
2014.05.23  4035 3940 4045 3910 31047
2014.05.26  4000 4050 4050 3980 27385
2014.05.27  4060 3960 4150 3960 30372
2014.05.28  4070 4055 4095 4010 18732
2014.05.29  4080 4125 4125 4030 31835
2014.05.30  4000 4055 4125 3965 28373
2014.06.02  3925 3975 4030 3890 38714
2014.06.03  3885 3875 3925 3800 38639
2014.06.05  3825 3905 4080 3825 20899
2014.06.09  3795 3820 3870 3695 37064
2014.06.10  3890 3765 3935 3765 19704
2014.06.11  3825 3890 3925 3815 10014
2014.06.12  3860 3825 3860 3710 32660
2014.06.13  3850 3880 3880 3780 6847
2014.06.16  3835 3865 3880 3770 28017
2014.06.17  3865 3835 3865 3800 12884
2014.06.18  3940 3865 3995 3825 7842
2014.06.19  3970 3940 4060 3895 23348
2014.06.20  3990 3960 4045 3920 9445
2014.06.23  3880 3990 4050 3875 20715
2014.06.24  3750 3770 3880 3750 37530
2014.06.25  3705 3750 3855 3705 14840
2014.06.26  3930 3705 3960 3640 47425
2014.06.27  3930 3855 4010 3855 21845
2014.06.30  3900 3890 3970 3865 7965
2014.07.01  3965 3900 3965 3875 19112
2014.07.02  3965 3970 4045 3945 9645
2014.07.03  3950 3955 4005 3880 21187
2014.07.04  3995 4000 4010 3930 14125
2014.07.07  3950 4045 4045 3910 25280
2014.07.08  3905 3935 3990 3880 19686
2014.07.09  3860 3890 3950 3845 37777
2014.07.10  3855 3875 3895 3815 17402
2014.07.11  3795 3840 3910 3720 32760
2014.07.14  3765 3810 3815 3730 26189
2014.07.15  3760 3765 3795 3715 19318
2014.07.16  3855 3760 3855 3725 22431
2014.07.17  3790 3940 3940 3790 16114
2014.07.18  3730 3775 3815 3730 7178
2014.07.21  3890 3730 3890 3700 30342
2014.07.22  3765 3800 3870 3760 35183
2014.07.23  3765 3765 3815 3745 12956
2014.07.24  3755 3765 3795 3735 20161
2014.07.25  3705 3665 3755 3665 21973
2014.07.28  3720 3705 3890 3680 18392
2014.07.29  3735 3760 3760 3685 8065
2014.07.30  3740 3685 3750 3660 14647
2014.07.31  3740 3770 3770 3590 17036
2014.08.01  3735 3715 3745 3610 43797
2014.08.04  3710 3765 3810 3630 33814
2014.08.05  3630 3705 3710 3630 10566
2014.08.06  3550 3630 3630 3475 51558
2014.08.07  3500 3550 3555 3415 26676
2014.08.08  3475 3530 3530 3310 21127
2014.08.11  3335 3475 3480 3335 56524
2014.08.12  3395 3370 3480 3345 6036
2014.08.13  3495 3395 3495 3335 6457
2014.08.14  3480 3495 3540 3410 11811
2014.08.18  3595 3480 3595 3435 9634
2014.08.19  3570 3575 3620 3500 11074
2014.08.20  3590 3570 3680 3455 12939
2014.08.21  3580 3580 3620 3530 4581
2014.08.22  3570 3525 3620 3510 12638
2014.08.25  3400 3510 3515 3400 23773
2014.08.26  3390 3400 3400 3335 13874
2014.08.27  3370 3365 3390 3335 5072
2014.08.28  3300 3320 3365 3250 44836
2014.08.29  3430 3310 3485 3240 52678
2014.09.01  3345 3445 3445 3345 11524
2014.09.02  3360 3345 3410 3285 10047
2014.09.03  3440 3360 3440 3280 23121
2014.09.04  3465 3455 3475 3370 17316
2014.09.05  3440 3440 3440 3340 18016
2014.09.11  3420 3440 3465 3355 6706
2014.09.12  3355 3420 3450 3335 7507
2014.09.15  3305 3330 3350 3300 7933
2014.09.16  3300 3305 3370 3250 9720
2014.09.17  3365 3300 3370 3250 34337
2014.09.18  3370 3350 3380 3315 4099
2014.09.19  3390 3370 3395 3330 4369
2014.09.22  3385 3360 3390 3290 14143
2014.09.23  3285 3325 3370 3280 21416
2014.09.24  3240 3285 3310 3220 16352
2014.09.25  3230 3250 3300 3220 13166
2014.09.26  3220 3230 3265 3160 21835
2014.09.29  3260 3220 3290 3170 29733
2014.09.30  3230 3260 3315 3170 13336
2014.10.01  3235 3215 3260 3150 18098
2014.10.02  3225 3235 3235 3150 9436
2014.10.06  3060 3225 3235 3060 26989
2014.10.07  2995 3000 3070 2980 39713
2014.10.08  2995 2995 3000 2920 24152
2014.10.10  2820 2990 2990 2785 61479
2014.10.13  2555 2775 2805 2555 72426
2014.10.14  2510 2350 2540 2350 102347
2014.10.15  2560 2525 2625 2520 22195
2014.10.16  2680 2510 2680 2505 22415
2014.10.17  2680 2630 2835 2600 38767
2014.10.20  2665 2660 2680 2550 18744
2014.10.21  2595 2675 2675 2580 27912
2014.10.22  2625 2595 2675 2585 14917
2014.10.23  2510 2625 2625 2510 29647
2014.10.24  2490 2510 2565 2475 38283
2014.10.27  2495 2490 2550 2480 20607
2014.10.28  2550 2490 2585 2490 37062
2014.10.29  2550 2560 2645 2550 13063
2014.10.30  2770 2570 2770 2570 29746
2014.10.31  2650 2790 2830 2635 45598
2014.11.03  2765 2660 2765 2625 63199
2014.11.04  2530 2790 2790 2485 78306
2014.11.05  2530 2530 2585 2495 45239
2014.11.06  2520 2535 2550 2485 25116
2014.11.07  2615 2520 2690 2505 37835
2014.11.10  2600 2620 2665 2555 14316
2014.11.11  2570 2590 2590 2535 13110
2014.11.12  2570 2570 2625 2510 39685
2014.11.13  2630 2570 2650 2520 22470
2014.11.14  2580 2640 2640 2560 8268
2014.11.17  2570 2580 2615 2525 12103
2014.11.18  2570 2570 2620 2520 63396
2014.11.19  2530 2570 2570 2505 25807
2014.11.20  2500 2530 2550 2480 37887
2014.11.21  2535 2500 2545 2495 19016
2014.11.24  2540 2535 2595 2515 15541
2014.11.25  2535 2550 2550 2500 9181
2014.11.26  2545 2530 2550 2495 7131
2014.11.27  2565 2545 2575 2520 10105
2014.11.28  2600 2590 2605 2500 20496
2014.12.01  2525 2550 2590 2510 25510
2014.12.02  2490 2525 2545 2490 56755
2014.12.03  2510 2490 2510 2485 12518
2014.12.04  2520 2495 2525 2485 28763
2014.12.05  2520 2520 2545 2505 4676
2014.12.08  2600 2525 2635 2525 31942
2014.12.09  2680 2600 2710 2550 22328
2014.12.10  2680 2670 2755 2625 16911
2014.12.11  2610 2680 2685 2565 44107
2014.12.12  2620 2560 2685 2560 23498
2014.12.15  3010 2620 3010 2620 186936
2014.12.16  3095 3100 3150 2930 182420
2014.12.17  3145 3120 3300 3015 190796
2014.12.18  3050 3145 3290 2950 102405
2014.12.19  3100 3060 3100 2915 109187
2014.12.22  3170 3135 3175 3050 40055
2014.12.23  3170 3170 3340 3050 84238
2014.12.24  3170 3090 3275 3080 42998
2014.12.26  3175 3250 3480 3175 162298
2014.12.29  2985 3210 3280 2985 88209
2014.12.30  3055 3000 3055 2945 26179
2015.01.02  3135 3090 3225 3075 29429
2015.01.05  3170 3210 3220 3020 43150
2015.01.06  3005 3100 3240 3005 59369
2015.01.07  2950 3010 3020 2920 35276
2015.01.08  3000 2950 3005 2915 28106
2015.01.09  3020 3000 3080 2960 18643
2015.01.12  2970 2975 3035 2960 20870
2015.01.13  3195 2970 3230 2965 69368
2015.01.14  3165 3180 3230 3075 20363
2015.01.15  2985 3165 3180 2985 74476
2015.01.16  2930 2990 3030 2840 25107
2015.01.19  2970 2930 2970 2890 22640
2015.01.20  2990 2910 3060 2910 25042
2015.01.21  2965 2990 2990 2900 17782
2015.01.22  2960 2985 3020 2895 22820
2015.01.23  2980 2970 3030 2950 21129
2015.01.26  3075 3010 3195 3000 23737
2015.01.27  3015 3140 3140 3000 16655
2015.01.28  3055 3040 3140 3000 40946
2015.01.29  3005 3060 3120 2960 65020
2015.01.30  2950 3005 3030 2950 18283
2015.02.02  2960 2930 2960 2915 13096
2015.02.03  3070 2960 3105 2955 18904
2015.02.04  3055 3070 3080 3025 25417
2015.02.05  3165 3090 3195 3050 31289
2015.02.06  3090 3145 3180 3075 17871
2015.02.09  3095 3125 3150 3035 8953
2015.02.10  3000 3125 3130 3000 17907
2015.02.11  3090 2990 3100 2990 22967
2015.02.12  3175 3100 3300 3080 51405
2015.02.13  3275 3190 3275 3125 14472
2015.02.16  3220 3210 3290 3200 17281
2015.02.17  3180 3160 3225 3125 18313
2015.02.23  3230 3180 3270 3180 9486
2015.02.24  3220 3230 3230 3130 30978
2015.02.25  3235 3220 3250 3180 4234
2015.02.26  3380 3270 3460 3220 70816
2015.02.27  3355 3445 3560 3335 96253
2015.03.02  3380 3355 3495 3320 48353
2015.03.03  3430 3415 3555 3345 68085
2015.03.04  3615 3410 3710 3405 185759
2015.03.05  3625 3715 3795 3555 105831
2015.03.06  3740 3625 3790 3585 78696
2015.03.09  4020 3750 4200 3750 324092
2015.03.10  4440 4030 4550 3960 330549
2015.03.11  4350 4370 4425 4260 150893
2015.03.12  4385 4360 4605 4260 93382
2015.03.13  4410 4405 4505 4275 83642
2015.03.16  4650 4450 4780 4325 212593
2015.03.17  4650 4590 4765 4535 74654
2015.03.18  4620 4730 4780 4500 106851
2015.03.19  4550 4630 4700 4380 163708
2015.03.20  4870 4500 5230 4465 457977
2015.03.23  5600 4870 5600 4870 237524
2015.03.24  5550 5500 5930 5400 317270
2015.03.25  5660 5400 5700 5230 120359
2015.03.26  5650 5630 5800 5540 88428
2015.03.27  6000 5700 6280 5590 282811
2015.03.30  5950 5950 6600 5870 231464
2015.03.31  5690 5950 6200 5570 90478
2015.04.01  5900 5600 5900 5600 77582
2015.04.02  6120 6000 6140 5910 99678
2015.04.03  6210 6120 6470 6020 104777
2015.04.06  6340 6210 6380 6030 91877
2015.04.07  6710 6480 6820 6330 121395
2015.04.08  6690 6610 6850 6610 45504
2015.04.09  6670 6690 6750 6400 54362
2015.04.10  6650 6600 6700 6450 51202
2015.04.13  6620 6640 6690 6420 33230
2015.04.14  6360 6690 6690 6170 53525
2015.04.15  6570 6430 6660 6340 70741
2015.04.16  6460 6530 6600 6370 47794
2015.04.17  6430 6330 6510 6040 104555
2015.04.20  6090 6400 6410 6020 89319
2015.04.21  6200 6080 6290 6020 58761
2015.04.22  6350 6200 6390 6000 65069
2015.04.23  6400 6350 6600 6180 47876
2015.04.24  6550 6300 6550 6300 51641
2015.04.27  6620 6550 6800 6430 63126
2015.04.28  6600 6590 6730 6520 56623
2015.04.29  6700 6430 6730 6430 80107
2015.04.30  6600 6630 6700 6400 65076
2015.05.04  7450 6530 7550 6530 149140
2015.05.06  7400 7480 7480 7110 96346
2015.05.07  7550 7350 7680 7220 93431
2015.05.08  7840 7550 7900 7380 69227
2015.05.11  7750 7840 8000 7500 81257
2015.05.12  8390 7670 8570 7670 297026
2015.05.13  8440 8510 8780 8310 82950
2015.05.14  8820 8440 8890 8300 136890
2015.05.15  10100 8820 10100 8710 453903
2015.05.18  10500 10300 10800 10050 200225
2015.05.19  11750 10650 12000 10600 277980
2015.05.20  11300 11250 11600 10900 147941
2015.05.21  10600 11450 11450 10600 160641
2015.05.22  10500 10450 10750 10200 156330
2015.05.26  10650 10550 11500 10350 106398
2015.05.27  10600 10450 10950 10100 73054
2015.05.28  11000 10800 11250 10600 124269
2015.05.29  10700 11200 11250 10500 152771
2015.06.01  10200 10700 10700 10000 127137
2015.06.02  10000 10150 10500 9850 102962
2015.06.03  10150 9900 10400 9810 94853
2015.06.04  10150 10050 10300 9930 145431
2015.06.05  11650 10050 11650 10050 306134
2015.06.08  13350 12400 13350 12200 385356
2015.06.09  11350 13650 13850 11350 624898
2015.06.10  9650 10750 10850 9650 1592054
2015.06.11  8810 9320 9600 8380 980330
2015.06.12  8740 8810 8980 8270 424469
2015.06.15  8090 8550 8670 8070 327695
2015.06.16  8140 8030 8460 7980 335266
2015.06.17  7720 7740 8120 7570 224205
2015.06.18  8280 7810 8300 7720 257209
2015.06.19  8270 8260 8370 7940 183089
2015.06.22  8250 8300 8500 8190 141739
2015.06.23  8460 8200 8650 8200 212521
2015.06.24  8400 8670 8670 8310 100890
2015.06.25  8830 8310 8980 8280 234504
2015.06.26  9340 8860 9560 8860 336663
2015.06.29  8900 9240 9300 8690 140792
2015.06.30  9030 8620 9090 8400 115717
2015.07.01  9240 9070 9400 8800 72933
2015.07.02  9440 9200 9650 9200 107196
2015.07.03  9230 9440 9530 9050 65046
2015.07.06  8970 9180 9230 8730 68641
2015.07.07  8520 9070 9140 8300 102101
2015.07.08  8680 8600 8800 8310 65841
2015.07.09  8450 8430 8750 8100 40091
2015.07.10  8680 8470 8880 8400 72291
2015.07.13  8660 8500 8680 8320 79647
2015.07.14  8380 8770 8770 8380 57688
2015.07.15  8150 8350 8400 8060 76405
2015.07.16  7820 8140 8140 7800 145394
2015.07.17  7990 7850 8180 7810 71147
2015.07.20  8070 8160 8160 7830 48918
2015.07.21  7970 8070 8100 7840 56023
2015.07.22  7860 7970 8030 7850 34125
2015.07.23  7850 7970 7970 7790 44905
2015.07.24  8240 7850 8630 7850 93966
2015.07.27  8030 8420 8420 8000 48967
2015.07.28  7810 7980 8030 7680 51418
2015.07.29  7300 7730 7890 7110 92661
2015.07.30  6700 7320 7390 6550 182358
2015.07.31  8710 6900 8710 6610 1661825
2015.08.03  8760 9400 9740 8330 1100264
2015.08.04  8550 8800 8900 8520 263263
2015.08.05  8370 8540 8650 8150 276222
2015.08.06  10850 8330 10850 8160 2427071
2015.08.07  10400 10550 10650 9880 980504
2015.08.10  10800 10400 11250 10150 813631
2015.08.11  9830 11100 11200 9610 460822
2015.08.12  9250 9620 9780 8710 323498
2015.08.13  9290 9250 9840 8950 226580
2015.08.17  9110 9500 9730 9050 126433
2015.08.18  9040 9150 9550 8750 168402
2015.08.19  8540 8980 9390 8310 310148
2015.08.20  7510 8500 8870 7510 210421
2015.08.21  7100 7010 7450 6750 279917
2015.08.24  6550 7100 7380 6410 330599
2015.08.25  7010 6700 7350 6450 211081
2015.08.26  7240 7010 7330 6900 146773
2015.08.27  7800 7270 8450 7250 364834
2015.08.28  8310 7910 9210 7750 630745
2015.08.31  8100 8270 8350 8030 89485
2015.09.01  7780 8110 8160 7670 122155
2015.09.02  8050 7500 8090 7390 84759
2015.09.03  7960 8150 8250 7900 59732
2015.09.04  7700 7900 8100 7510 67551
2015.09.07  7700 7700 7890 7560 37331
2015.09.08  7430 7700 7830 7420 62519
2015.09.09  7700 7600 7730 7550 38295
2015.09.10  7780 7630 7870 7350 49772
2015.09.11  7830 7890 7890 7650 75728
2015.09.14  7770 7780 7990 7650 39495
2015.09.15  7730 7750 7850 7670 29773
2015.09.16  8120 7820 8160 7730 127613
2015.09.17  8370 8090 8650 7900 182061
2015.09.18  8640 8500 8960 8410 179660
2015.09.21  8390 8510 8640 8290 55106
2015.09.22  8200 8390 8470 8150 61862
2015.09.23  8190 8100 8690 8100 78492
2015.09.24  7940 8180 8390 7910 64617
2015.09.25  8070 8050 8070 7610 67329
2015.09.30  8620 8140 9670 8070 878543
2015.10.01  8510 8820 8950 8510 163424
2015.10.02  8880 8600 9020 8500 121987
2015.10.05  8930 9010 9460 8850 146754
2015.10.06  8930 8940 9200 8870 67229
2015.10.07  9020 9050 9410 8910 94684
2015.10.08  9050 9200 9340 8800 128068
2015.10.12  8950 9070 9180 8950 47170
2015.10.13  9000 8910 9180 8870 37150
2015.10.14  8730 9000 9100 8680 67142
2015.10.15  8810 8730 8890 8610 43057
2015.10.16  8430 8760 8860 8430 94989
2015.10.19  8940 8440 8950 8440 163587
2015.10.20  9280 9050 10200 9010 778546
2015.10.21  9320 9280 9430 9070 95002
2015.10.22  9080 9320 9460 8990 81543
2015.10.23  9370 9300 9550 9100 137201
2015.10.26  9480 9400 9650 9280 104058
2015.10.27  9570 9480 9630 9340 91816
2015.10.28  9400 9510 9660 9350 60869
2015.10.29  9100 9390 9580 9060 102528
2015.10.30  9550 9030 9700 9020 145270
2015.11.02  9980 9760 10550 9580 653189
2015.11.03  9600 10150 10200 9490 161449
2015.11.04  9310 9540 9600 9220 123025
2015.11.05  9350 9300 9600 9230 59107
2015.11.06  9090 9350 9350 8880 113951
2015.11.09  8600 9150 9150 8490 104484
2015.11.10  8470 8510 8550 8220 79821
2015.11.11  8990 8470 9090 8470 114535
2015.11.12  8740 8990 9050 8650 62471
2015.11.13  8500 8710 8730 8160 110054
2015.11.16  8200 8230 8480 8200 49326
2015.11.17  8380 8290 8680 8290 67869
2015.11.18  8280 8400 8590 8280 49913
2015.11.19  8820 8410 8980 8310 112458
2015.11.20  8820 8820 8930 8680 28245
2015.11.23  9100 8800 9100 8700 51914
2015.11.24  9680 9190 9760 8990 193283
2015.11.25  10100 9690 10150 9600 177409
2015.11.26  10700 9990 10800 9940 215397
2015.11.27  10500 10650 10900 10350 113614
2015.11.30  10150 10600 10600 9810 145537
2015.12.01  10150 10150 10300 9920 65845
2015.12.02  9800 10150 10350 9800 55240
2015.12.03  10000 9930 10200 9790 37449
2015.12.04  9830 9980 10150 9790 48350
2015.12.07  9840 10050 10050 9820 40856
2015.12.08  9630 9610 9860 9400 76649
2015.12.09  10050 9630 10150 9550 65449
2015.12.10  9510 9950 10050 9510 91623
2015.12.11  9560 9570 9750 9390 30458
2015.12.14  8560 9480 9490 8550 158997
2015.12.15  9110 8570 9190 8560 92551
2015.12.16  9200 9380 9390 9100 48414
2015.12.17  9020 9290 9440 9010 83248
2015.12.18  9070 9000 9190 8900 58629
2015.12.21  9100 9060 9220 8800 71584
2015.12.22  8890 9220 9220 8820 53446
2015.12.23  8890 8900 9080 8760 47623
2015.12.24  8750 8900 9020 8510 59085
2015.12.28  8550 8750 8750 8550 49877
2015.12.29  8780 8550 8820 8550 29432
2015.12.30  9000 8780 9090 8750 32211
2016.01.04  8770 9320 9540 8770 81180
2016.01.05  9020 8770 9050 8610 48375
2016.01.06  9050 9090 9300 8830 49779
2016.01.07  9070 8960 9310 8910 71046
2016.01.08  9190 9020 9190 8650 57202
2016.01.11  8770 9290 9290 8770 63395
2016.01.12  8630 8770 8940 8610 39648
2016.01.13  8910 8810 8970 8690 36505
2016.01.14  8700 8710 8900 8650 102084
2016.01.15  8740 8780 8970 8670 39322
2016.01.18  8680 8700 8720 8450 22182
2016.01.19  9100 8660 9100 8620 71954
2016.01.20  8670 9190 9190 8550 51824
2016.01.21  8190 8550 8830 8150 65512
2016.01.22  8400 8350 8500 8180 42595
2016.01.25  8430 8420 8600 8410 33738
2016.01.26  8260 8450 8880 8250 81699
2016.01.27  8230 8300 8570 8200 55372
2016.01.28  8380 8220 8460 8220 18153
2016.01.29  8380 8340 8420 8280 16703
2016.02.01  7810 8400 9200 7730 444833
2016.02.02  7130 7750 7840 7130 159823
2016.02.03  7150 7000 7320 6750 133403
2016.02.04  7470 7150 7560 7100 64442
2016.02.05  7520 7540 7640 7410 23627
2016.02.11  7290 7210 7520 6930 51954
2016.02.12  6610 7010 7280 6520 116457
2016.02.15  6820 6550 6940 6510 48660
2016.02.16  6870 6830 6940 6740 67090
2016.02.17  6690 6920 6930 6650 26772
2016.02.18  6810 6800 7430 6670 86280
2016.02.19  6990 6800 7070 6660 61146
2016.02.22  7010 7050 7190 6940 42349
2016.02.23  6750 7050 7140 6700 58051
2016.02.24  6920 6750 6920 6700 34988
2016.02.25  8330 6980 8870 6980 1403383
2016.02.26  8630 8200 8850 8010 411406
2016.02.29  9370 8750 9750 8660 561881
2016.03.02  9500 9290 9800 9290 173782
2016.03.03  9320 9580 9670 9130 97698
2016.03.04  9520 9300 9520 9230 70469
2016.03.07  10200 9810 11300 9790 1009313
2016.03.08  11000 10300 11300 10250 402647
2016.03.09  11300 11150 11500 10750 255045
2016.03.10  9750 11500 11500 9750 639943
2016.03.11  12650 12500 12650 11750 734309
2016.03.14  16400 16400 16400 16400 42367
2016.03.15  21300 20200 21300 20000 411653
2016.03.16  26300 24950 26450 20800 1117800
2016.03.17  28500 26000 30000 24750 631872
2016.03.18  28500 27900 29750 26300 299004
2016.03.21  27100 28400 35000 27100 461229
2016.03.22  24750 27200 28200 24750 384789
2016.03.23  23100 24900 25950 22700 303937
2016.03.24  23400 23100 23800 22350 322619
2016.03.25  23500 23300 23950 22700 183650
2016.03.28  28400 23800 29900 23800 735037
2016.03.29  28600 29750 31500 25150 516011
2016.03.30  29200 34800 34800 28400 443528
2016.03.31  25650 28000 28900 25250 257849
2016.04.01  26350 24850 27550 23950 238262
2016.04.04  27200 26500 27200 25350 77381
2016.04.05  30300 28000 31350 27800 364236
2016.04.06  31350 31000 32300 29450 226917
2016.04.07  32300 31000 35500 30550 395637
2016.04.08  31450 32500 34950 30700 261166
2016.04.11  30200 30600 31000 29150 159337
2016.04.12  29050 30050 31650 29050 155097
2016.04.14  28300 28200 29650 27650 124754
2016.04.15  27500 28050 28400 25900 205089
2016.04.18  28000 27200 30050 26750 219386
2016.04.19  27850 28200 28900 27200 107674
2016.04.20  26000 28000 28200 25700 176568
2016.04.21  26900 25700 27200 25450 152364
2016.04.22  27000 26700 27900 26450 69191
2016.04.25  26400 26750 27450 26300 53407
2016.04.26  26200 26700 27000 25700 74698
2016.04.27  27400 26350 28800 26100 82640
2016.04.28  26600 27800 28050 26600 65611
2016.04.29  27100 26900 27350 26500 49000
2016.05.02  26750 27200 27850 26750 49558
2016.05.03  26600 26550 27200 26450 36689
2016.05.04  27250 26600 27600 26600 50278
2016.05.09  26650 27250 27700 26350 54645
2016.05.10  26200 27000 27000 26000 37476
2016.05.11  25200 26150 26200 25100 64463
2016.05.12  25300 24800 25950 24150 76785
2016.05.13  26000 25300 26050 24800 43663
2016.05.16  25000 26400 26400 24900 52825
2016.05.17  25950 25400 26450 24350 54567
2016.05.18  25200 26300 26300 24500 30679
2016.05.19  25100 25500 25600 24400 22206
2016.05.20  24900 25200 25600 24450 33997
2016.05.23  24700 25100 25100 24100 32387
2016.05.24  23950 24500 24750 23650 70123
2016.05.25  23750 23800 24200 23250 62815
2016.05.26  24350 23950 25200 23250 50338
2016.05.27  24150 24850 24850 23800 25668
2016.05.30  23600 24000 24300 23500 29994
2016.05.31  24700 23600 24900 23200 59156
2016.06.01  25600 24500 25650 24500 43108
2016.06.02  25100 25800 25800 24750 39936
2016.06.03  24300 25100 25100 24100 29709
2016.06.07  24700 23800 24900 23800 39523
2016.06.08  23750 24650 24650 23700 53144
2016.06.09  23750 23650 24100 23300 34199
2016.06.10  23900 23550 23900 23350 23712
2016.06.13  22800 23900 23900 22800 42547
2016.06.14  21900 22800 23200 21650 41648
2016.06.15  21900 22300 22500 21700 27877
2016.06.16  21000 21650 22000 20900 36581
2016.06.17  24900 21000 26300 21000 278854
2016.06.20  24850 25400 26000 23900 177401
2016.06.21  24350 25350 25350 23800 53205
2016.06.22  23650 24050 24600 23450 41118
2016.06.23  23000 23300 24000 22600 45795
2016.06.24  23200 23300 23750 21200 105364
2016.06.27  24650 22450 24900 22450 90668
2016.06.28  24800 25000 25400 24250 62793
2016.06.29  25250 25300 25300 24650 46434
2016.06.30  28400 25300 28450 25200 345365
2016.07.01  27600 28950 31100 26250 330229
2016.07.04  29350 27650 29500 27200 188638
2016.07.05  33650 29400 35000 29400 703588
2016.07.06  33650 33650 35200 31550 318134
2016.07.07  33150 36400 36700 32800 358030
2016.07.08  33900 33200 34800 33000 193011
2016.07.11  33200 34300 34700 33200 106453
2016.07.12  33200 33200 33600 31900 114249
2016.07.13  37600 33400 37600 33200 385012
2016.07.14  42250 38200 43600 38100 691861
2016.07.15  42300 41500 43000 40350 167062
2016.07.18  47150 41700 47800 41700 363128
2016.07.19  46800 47950 49200 45350 266448
2016.07.20  48850 47000 48900 46350 172332
2016.07.21  45750 48400 49200 45750 196569
2016.07.22  48650 45150 50000 43600 306229
2016.07.25  48100 48650 49800 47850 121444
2016.07.26  47050 48500 49000 46250 87023
2016.07.27  47200 47200 48300 46800 82149
2016.07.28  44250 46500 47750 44250 153319
2016.07.29  43400 44150 44500 42700 131505
2016.08.01  42550 44200 44200 41600 135113
2016.08.02  45200 41850 46600 41800 196653
2016.08.03  43850 45200 45900 43850 90937
2016.08.04  46450 44400 47650 44400 133570
2016.08.05  46000 46950 47750 45300 100179
2016.08.08  45850 46400 47850 45500 69682
2016.08.09  44000 45400 46250 43900 93518
2016.08.10  44250 43450 45450 43050 59209
2016.08.11  43200 44150 44450 42950 59455
2016.08.12  43900 43200 44650 42950 48287
2016.08.16  44500 44000 44800 43000 39700
2016.08.17  44300 44500 44950 43600 30311
2016.08.18  46950 44300 48250 43850 87339
2016.08.19  44700 47500 48000 44700 123572
2016.08.22  44950 44700 45400 43900 34200
2016.08.23  45750 44700 46000 44700 43951
2016.08.24  45800 45700 47300 45100 68978
2016.08.25  44900 45900 46700 44900 43432
2016.08.26  44700 44550 46050 44200 45676
2016.08.29  43750 44700 44900 43750 45103
2016.08.30  43500 43500 44300 43400 32829
2016.08.31  42350 43350 43950 41150 79697
2016.09.01  42650 41800 43600 41800 32430
2016.09.02  42450 42700 44000 41400 48338
2016.09.05  41900 42100 42750 41600 25868
2016.09.06  40200 41700 41800 39800 68788
2016.09.07  40550 39800 41150 38450 111247
2016.09.08  38900 40550 40700 38850 71375
2016.09.09  37100 38400 38900 36600 84730
2016.09.12  37250 35700 37550 35300 91759
2016.09.13  40650 37050 41100 37050 80743
2016.09.19  40950 41100 42350 39600 55050
2016.09.20  39650 41350 41350 39650 34376
2016.09.21  38000 39700 40900 37850 93652
2016.09.22  38900 38100 39350 36500 45223
2016.09.23  38650 40000 40000 37650 63428
2016.09.26  38150 38600 38950 37850 30670
2016.09.27  37950 37900 38800 37500 32623
2016.09.28  37450 37850 38750 37300 32210
2016.09.29  36900 37450 37850 36900 34804
2016.09.30  37150 36550 37850 36500 40589
2016.10.04  36700 37200 38050 36000 79453
2016.10.05  34950 35700 36700 34850 134992
2016.10.06  37000 35000 37750 34900 67094
2016.10.07  36000 36800 38000 36000 36525
2016.10.10  35550 35500 36350 35500 21700
2016.10.11  34450 35400 35800 34300 47177
2016.10.12  34500 34200 35150 34150 31937
2016.10.13  33300 34550 35200 31500 84081
2016.10.14  32100 33300 34000 30600 183324
2016.10.17  31400 31500 32600 31150 75118
2016.10.18  30900 31400 32200 30800 72429
2016.10.19  34300 30900 35600 30900 198552
2016.10.20  42200 34700 43400 34700 486953
2016.10.21  43950 41850 46350 39150 345162
2016.10.24  43100 43300 45400 42750 119539
2016.10.25  39800 42850 44300 39400 215408
2016.10.26  39200 40000 40750 37800 123920
2016.10.27  39300 39300 40900 39100 109757
2016.10.28  39700 39500 42000 39500 177758
2016.10.31  36550 39700 39800 36500 126679
2016.11.01  37500 36000 38750 36000 140161
2016.11.02  37750 37600 40450 37500 108658
2016.11.03  38200 38150 39300 37900 45197
2016.11.04  39550 38300 40200 37700 59203
2016.11.07  39550 40100 40900 39000 64938
2016.11.08  39000 39550 40500 39000 51933
2016.11.09  39450 39800 40250 35200 190189
2016.11.10  41050 40000 41450 39500 88643
2016.11.11  42300 41200 43300 40400 111395
2016.11.14  42200 42150 42800 41650 36737
2016.11.15  40750 42200 42350 40600 48863
2016.11.16  40750 40400 41700 40350 35286
2016.11.17  41600 41350 42250 40900 37684
2016.11.18  40700 41600 42050 39900 62537
2016.11.21  38350 40500 41100 38000 64602
2016.11.22  38100 38600 39700 37950 45511
2016.11.23  36000 38700 38700 35850 72250
2016.11.24  34600 36300 36800 34200 73607
2016.11.25  34900 34600 35700 34350 34060
2016.11.28  34000 34900 35700 34000 38059
2016.11.29  35300 33550 35800 32400 99977
2016.11.30  35600 35300 36150 34500 40196
2016.12.01  35000 35700 36250 35000 30582
2016.12.02  34450 34950 35750 34200 26743
2016.12.05  33100 33700 34550 32900 49683
2016.12.06  33750 32800 34300 32800 46483
2016.12.07  32850 34000 34850 32200 51002
2016.12.08  33000 32700 33500 32050 37515
2016.12.09  33800 32700 33800 32250 26116
2016.12.12  33950 33500 34400 33500 44568
2016.12.13  35100 33700 35600 33300 74112
2016.12.14  34700 35250 35450 34500 41111
2016.12.15  35000 35000 35500 34500 51916
2016.12.16  34200 34850 35100 34200 50611
2016.12.19  35000 34750 35300 33600 82298
2016.12.20  34800 35600 35600 33950 68378
2016.12.21  34750 34650 35700 34100 104922
2016.12.22  34400 34650 35300 33950 67315
2016.12.23  34100 34350 35250 33900 109343
2016.12.26  33550 33750 34100 32150 130137
2016.12.27  33700 33650 36800 32750 333816
2016.12.28  33350 34650 34700 32350 143314
2016.12.29  33450 32950 33650 32750 47410
2017.01.02  32800 33000 33800 32700 56938
2017.01.03  32850 32600 33250 32550 35556
2017.01.04  32250 32900 33050 32250 42939
2017.01.05  34100 32200 34400 32200 50873
2017.01.06  33550 34650 34650 33300 28067
2017.01.09  32950 33550 33550 32850 24207
2017.01.10  32850 33000 33300 32800 19037
2017.01.11  33100 32800 33450 32750 17537
2017.01.12  32750 32900 33350 32750 22794
2017.01.13  33050 32800 33150 32650 20373
2017.01.16  32300 32850 33100 32000 41327
2017.01.17  31600 32000 32700 31250 37338
2017.01.18  30600 31550 31550 30250 53467
2017.01.19  30700 30450 31550 30450 39396
2017.01.20  30500 30600 31150 30350 28815
2017.01.23  32500 30550 33050 30450 81064
2017.01.24  32200 32700 33500 32200 56280
2017.01.25  31700 31950 34500 31700 109807
2017.01.26  16700 17150 18900 15950 408728
2017.01.31  16700 16600 16900 16300 45940
2017.02.01  15900 16650 16850 15900 90849
2017.02.02  15600 15950 16350 15500 28566
2017.02.03  15800 15500 16000 15100 50090
2017.02.06  15800 15750 16250 15350 29977
2017.02.07  15250 15550 16050 15150 38570
2017.02.08  14800 15100 15350 14800 30923
2017.02.09  14950 14700 15000 14500 26084
2017.02.10  14600 15000 15250 14600 24810
2017.02.13  14600 14800 14850 14450 15562
2017.02.14  13700 14600 14650 13700 66315
2017.02.15  13600 13600 14050 13500 56967
2017.02.16  13800 14350 15950 13650 215582
2017.02.17  13950 13700 14000 13450 51540
2017.02.20  14050 14050 14750 13750 99934
2017.02.21  14150 13950 14550 13900 96621
2017.02.22  14200 14200 14450 14100 80843
2017.02.23  13650 14050 14150 13650 150383
2017.02.24  13600 13750 14100 12500 464564
2017.02.27  13400 13600 13750 13100 107806
2017.02.28  13050 13300 13450 13000 96280
2017.03.02  13400 13100 13550 13100 79373
2017.03.03  12950 13200 13350 12800 81672
2017.03.06  14300 12900 14350 12900 172560
2017.03.07  13900 14150 14500 13750 69029
2017.03.08  13950 13950 14200 13700 49818
2017.03.09  13900 14100 14500 13850 79373
2017.03.10  13850 13950 14200 13400 58970
2017.03.13  13750 13850 14000 13600 63670
2017.03.14  12850 13700 13700 12850 86508
2017.03.15  12250 13050 13200 12000 186403
2017.03.16  11600 12250 12500 11550 242938
2017.03.17  11550 11750 12100 11450 232259
2017.03.20  11300 11800 11850 11250 120394
2017.03.21  10700 11350 11500 10700 222600
2017.03.22  10800 10850 11250 10600 233794
2017.03.23  10050 10850 11000 9930 717343
2017.03.24  10350 10050 10350 9690 451331
2017.03.27  9980 10250 10350 9980 178591
2017.03.28  10250 9880 10300 9880 156834
2017.03.29  10000 10300 10500 9990 180042
2017.03.30  9920 10100 10150 9920 137172
2017.03.31  9730 9910 10100 9700 169853
2017.04.03  9740 9820 10050 9730 153932
2017.04.04  10600 9840 10800 9750 608563
2017.04.05  10600 10700 10800 10300 255168
2017.04.06  11250 10600 11250 10500 428566
2017.04.07  11200 11250 11350 11050 209145
2017.04.10  10600 11150 11150 10450 257839
2017.04.11  9880 10300 10350 9880 280153
2017.04.12  9590 9880 9950 9490 322154
2017.04.13  9480 9500 9740 9460 103222
2017.04.14  9520 9480 9640 9440 81777
2017.04.17  9710 9500 9750 9500 73331
2017.04.18  10100 9950 10300 9850 180883
2017.04.19  9970 10050 10200 9820 91850
2017.04.20  9770 10050 10050 9620 91943
2017.04.21  9770 9800 10050 9650 70776
2017.04.24  8640 9770 9800 8600 721380
2017.04.25  8520 8420 8750 8420 270075
2017.04.26  8700 8550 8960 8550 335752
2017.04.27  8120 8900 8970 8030 930906
2017.04.28  8720 8260 8840 8220 622790
2017.05.02  8880 8710 8940 8500 357719
2017.05.04  8820 8720 8970 8720 204794
2017.05.08  8640 8820 8870 8480 210039
2017.05.10  9040 8640 9040 8380 237031
2017.05.11  9430 9100 9530 9060 318057
2017.05.12  9500 9420 9540 9190 161955
2017.05.15  9490 9360 9530 9200 130812
2017.05.16  9020 9380 9380 8810 301959
2017.05.17  8960 9200 9200 8940 130028
2017.05.18  8720 8820 8940 8550 251009
2017.05.19  8540 8690 8900 8540 217455
2017.05.22  8540 8500 8760 8090 705302
2017.05.23  8350 8540 8710 8350 212037
2017.05.24  8530 8400 8720 8400 329343
2017.05.25  8400 8520 8640 8370 388698
2017.05.26  8280 8600 8600 8280 297398
2017.05.29  9070 8090 9600 7970 2777105
2017.05.30  9030 9250 9290 8910 631071
2017.05.31  8500 8250 8780 8120 1232158
2017.06.01  8780 8600 9140 8500 1094800
2017.06.02  9090 8690 9130 8670 617025
2017.06.05  8820 9200 9240 8820 467677
2017.06.07  8660 8530 8730 8350 765303
2017.06.08  8890 8640 8950 8580 498735
2017.06.09  8910 8990 9100 8660 433431
2017.06.12  8750 8820 8880 8660 270389
2017.06.13  8670 8800 8800 8430 430715
2017.06.14  8850 8750 9250 8570 752253
2017.06.15  9200 8850 9260 8660 754923
2017.06.16  9050 9050 9300 9050 392521
2017.06.19  8910 9010 9080 8880 229773
2017.06.20  8590 8890 8980 8500 467036
2017.06.21  8590 8500 8790 8400 382544
2017.06.22  8800 8620 9320 8580 1175893
2017.06.23  8830 8880 9030 8700 324496
2017.06.26  8650 8960 8960 8650 299656
2017.06.27  8920 8590 9060 8590 495773
2017.06.28  8770 9130 9250 8770 624461
2017.06.29  8630 8770 8860 8600 534338
2017.06.30  8830 8700 9070 8630 676647
2017.07.03  9020 8960 9070 8800 413766
2017.07.04  11700 9090 11700 9000 12335489
2017.07.05  11900 11550 12050 11250 4430968
2017.07.06  11700 11550 11850 11200 2189568
2017.07.07  10400 11600 12500 10400 4794988
2017.07.10  10500 10350 10750 10350 914799
2017.07.11  10350 10500 10850 9890 1439689
2017.07.12  11100 10350 11500 10000 2749840
2017.07.13  11450 11200 12000 11000 2277628
2017.07.14  11650 11700 11850 11150 898098
2017.07.17  12000 11650 12150 11400 1309229
2017.07.18  12150 11900 12500 11900 1092915
2017.07.19  12400 12150 12400 11900 748401
2017.07.20  12100 12400 12450 11400 1301455
2017.07.21  12700 12200 14400 12150 5686166
2017.07.24  13100 12950 13350 11650 1421568
2017.07.25  12200 13000 13350 11900 874934
2017.07.26  12250 12400 12850 11900 686256
2017.07.27  11350 12200 12550 11300 992376
2017.07.28  10850 11050 11450 10550 802224
2017.07.31  10600 11000 11100 10450 398340
2017.08.01  10250 10650 10800 10100 619528
2017.08.02  10700 10300 11500 10050 2303479
2017.08.03  10250 10600 10650 10100 553322
2017.08.04  10550 10200 10750 10200 492136
2017.08.07  10800 10650 11000 10400 444570
2017.08.08  10600 11250 11350 10550 509545
2017.08.09  10300 10600 10700 10250 283183
2017.08.10  10050 10300 10500 10000 321611
2017.08.11  9890 9950 10150 9880 266716
2017.08.14  10100 10000 10450 10000 258886
2017.08.16  9880 10300 10300 9880 221922
2017.08.17  9560 9950 9970 9090 454501
2017.08.18  9720 9450 9780 9450 126261
2017.08.21  9600 9750 9930 9600 159719
2017.08.22  9960 9690 10250 9600 386834
2017.08.23  9920 9990 10150 9910 149289
2017.08.24  10050 9950 10400 9950 314401
2017.08.25  10050 10250 10550 9980 408058
