2009.11.19  15850 15000 17000 14600 15203367
2009.11.20  17100 16250 17600 16050 4814195
2009.11.23  17450 17400 17550 16900 2362689
2009.11.24  17200 17500 18050 16750 2152119
2009.11.25  17600 17100 17650 16650 1199297
2009.11.26  18400 17500 19050 17500 2108599
2009.11.27  18250 17950 19150 17650 2076680
2009.11.30  18750 19000 19050 18300 1310639
2009.12.01  17550 18750 18900 17050 1769513
2009.12.02  17550 18000 18050 17400 752439
2009.12.03  18100 17700 18450 17500 1234675
2009.12.04  18450 18150 18600 17800 1044694
2009.12.07  18200 18450 18600 17950 724370
2009.12.08  18250 18200 18350 17900 355453
2009.12.09  18300 18300 18750 18100 789081
2009.12.10  18300 18300 18400 17950 386583
2009.12.11  20350 18550 20650 18500 2554934
2009.12.14  20850 20600 21000 20150 1255512
2009.12.15  20000 20850 20850 19900 1114454
2009.12.16  20650 20000 20750 19800 903013
2009.12.17  20200 20700 20850 20000 712698
2009.12.18  20250 19900 20300 19600 629625
2009.12.21  20900 20250 20900 19800 928012
2009.12.22  21100 21350 21550 20900 912391
2009.12.23  20900 21200 21400 20600 508405
2009.12.24  21000 20900 21100 20600 621865
2009.12.28  20500 21000 21200 20500 672001
2009.12.29  19650 20000 20000 19050 893926
2009.12.30  19650 19600 19900 18600 835787
2010.01.04  19750 19850 19850 19150 543934
2010.01.05  20750 19900 20950 19850 878137
2010.01.06  20700 20750 21100 20050 523757
2010.01.07  20450 20700 20900 20300 480432
2010.01.08  22700 20450 23100 20450 1590474
2010.01.11  23100 23100 24000 22250 968473
2010.01.12  23650 23150 23700 22500 583660
2010.01.13  23850 23350 24050 22950 709754
2010.01.14  23500 23950 24000 23400 298868
2010.01.15  22300 23500 23500 22300 673120
2010.01.18  22150 22350 22800 21750 448170
2010.01.19  21700 22200 22200 21400 630112
2010.01.20  22500 21900 23050 21750 775504
2010.01.21  22000 22300 22900 22000 340669
2010.01.22  21350 21650 21950 20600 914637
2010.01.25  21650 20800 21850 20700 345964
2010.01.26  21600 21850 22250 21300 434137
2010.01.27  22200 21600 22300 21150 419905
2010.01.28  21900 22550 22600 21650 568630
2010.01.29  21250 21450 21650 20800 230763
2010.02.01  20850 21000 21200 20250 279520
2010.02.02  21850 21200 21900 20750 419095
2010.02.03  22200 22000 22500 21450 387673
2010.02.04  22750 22300 22850 22050 379569
2010.02.05  22450 21900 22650 21600 439009
2010.02.08  22700 22700 23050 22200 400489
2010.02.09  23050 22650 23200 22650 304843
2010.02.10  23150 23200 23250 22800 242810
2010.02.11  22900 23100 23100 22250 464183
2010.02.12  22300 22650 22700 22200 245232
2010.02.16  22150 22100 22150 21600 324740
2010.02.17  22500 22300 22600 21900 227254
2010.02.18  23000 22450 23150 22400 546328
2010.02.19  23450 22900 23850 22650 915832
2010.02.22  24450 23700 24500 23650 913633
2010.02.23  24700 24450 25400 24150 736810
2010.02.24  25300 24450 25550 24450 586644
2010.02.25  24800 25300 25300 24200 454888
2010.02.26  25050 24650 25050 24200 272074
2010.03.02  25400 25050 25400 24600 222171
2010.03.03  25050 25200 25500 25000 217880
2010.03.04  25000 25000 25700 24400 502062
2010.03.05  25300 24900 25450 24800 179564
2010.03.08  25550 25700 25700 25200 189453
2010.03.09  25700 25300 25700 25150 194005
2010.03.10  26000 25700 26150 25450 220999
2010.03.11  26300 26050 26650 25750 349217
2010.03.12  26700 26400 26900 26150 162905
2010.03.15  26500 26900 26900 26300 140151
2010.03.16  26350 26650 26800 25500 404136
2010.03.17  26700 26500 26700 25750 389677
2010.03.18  25700 26300 26350 25100 832357
2010.03.19  25400 25350 25700 25250 264394
2010.03.22  25200 25000 25350 24100 374313
2010.03.23  24600 25200 25700 24600 314995
2010.03.24  24350 24600 24750 23950 356081
2010.03.25  24100 24050 24300 23600 409934
2010.03.26  24200 24000 24450 24000 302626
2010.03.29  23950 24000 24050 23650 182343
2010.03.30  24400 24200 24950 23950 365359
2010.03.31  24500 24400 25000 24400 265192
2010.04.01  24650 24500 24700 24150 184906
2010.04.02  23400 24400 24600 23300 355789
2010.04.05  22650 23200 23200 21900 321981
2010.04.06  23100 22950 23150 22350 166197
2010.04.07  23900 23200 23900 23150 143514
2010.04.08  23800 23600 23800 23000 174289
2010.04.09  23500 23550 23700 22800 207098
2010.04.12  23350 23800 23800 23100 163288
2010.04.13  24200 23500 24200 23400 191719
2010.04.14  24500 24400 24500 23800 204201
2010.04.15  24250 24500 24600 23900 162298
2010.04.16  24250 24200 24600 23900 165634
2010.04.19  23450 23650 23950 23400 126008
2010.04.20  24000 23900 24000 23600 85517
2010.04.21  24150 24100 24450 23500 291626
2010.04.22  23900 24200 24200 23750 128101
2010.04.23  24400 24000 24650 23750 210308
2010.04.26  24000 24300 24600 24000 341165
2010.04.27  23200 24000 24000 23100 350945
2010.04.28  22800 22700 22900 21850 645509
2010.04.29  21700 22750 22750 21600 442031
2010.04.30  21800 21750 22100 21300 214140
2010.05.03  22500 21400 22750 21400 281685
2010.05.04  23400 22900 23400 22600 330151
2010.05.06  23750 22650 23900 22500 307187
2010.05.07  23700 23400 23700 23100 298832
2010.05.10  23500 23700 23750 22900 390573
2010.05.11  23100 23800 23800 22800 196131
2010.05.12  22200 23100 23100 22150 400933
2010.05.13  22400 22450 22700 22000 252102
2010.05.14  22250 22150 22450 21700 210958
2010.05.17  22250 22100 22250 21700 132347
2010.05.18  22700 22050 22700 21750 212362
2010.05.19  22750 22750 22800 22050 106378
2010.05.20  22400 22750 22950 22000 85957
2010.05.24  21950 22200 22550 21500 163681
2010.05.25  22000 21600 22000 20300 265361
2010.05.26  22800 21650 22800 21000 170117
2010.05.27  22350 22800 22800 22250 105288
2010.05.28  22250 22550 22550 21450 306411
2010.05.31  21800 21900 22050 21750 76447
2010.06.01  22150 21700 22200 21550 144904
2010.06.03  22300 22000 22300 21850 131339
2010.06.04  22250 22100 22350 21950 172963
2010.06.07  22000 21500 22150 21500 161594
2010.06.08  21750 22150 22150 21750 110776
2010.06.09  21650 21750 21800 21250 200039
2010.06.10  21350 21600 21700 21100 295362
2010.06.11  20550 21400 21400 20550 330335
2010.06.14  20950 20600 20950 20350 329712
2010.06.15  21000 20850 21100 20700 102835
2010.06.16  21500 21150 21550 20900 247106
2010.06.17  22000 21500 22000 21350 187744
2010.06.18  22950 21700 23000 21600 417841
2010.06.21  23150 23700 23950 22800 489982
2010.06.22  23050 22800 23400 22600 410756
2010.06.23  23450 23050 24150 22800 637683
2010.06.24  24950 23650 24950 23500 1205731
2010.06.25  24850 24650 25500 24650 651778
2010.06.28  24800 25100 25300 24200 240884
2010.06.29  24050 24800 24800 23800 378492
2010.06.30  24100 23500 24650 23300 345923
2010.07.01  24550 23900 24600 23250 266566
2010.07.02  24150 24250 24450 23800 327481
2010.07.05  24300 24150 24450 23750 107297
2010.07.06  24600 24100 24800 23600 297003
2010.07.07  24500 24600 24700 24200 167154
2010.07.08  24400 24500 24700 24050 203303
2010.07.09  23550 24450 24450 23550 249683
2010.07.12  22400 23500 23500 22400 568274
2010.07.13  22400 22500 22750 22150 318258
2010.07.14  22200 22600 22800 22150 485158
2010.07.15  21750 22400 22500 21750 343916
2010.07.16  22200 21900 22200 21800 267060
2010.07.19  22600 22000 22650 21950 173234
2010.07.20  22950 22800 23200 22450 197418
2010.07.21  23200 23150 23400 23000 313587
2010.07.22  23200 23200 23200 22750 232171
2010.07.23  22350 23250 23300 22250 317652
2010.07.26  22100 22350 22750 22100 268348
2010.07.27  21900 22150 22300 21850 148939
2010.07.28  23050 22200 23200 22150 570293
2010.07.29  23500 22700 23550 22700 288605
2010.07.30  23450 23500 23600 23250 274323
2010.08.02  23600 23450 23700 23150 150144
2010.08.03  24250 23700 24550 23600 378871
2010.08.04  24950 24400 24950 24200 295734
2010.08.05  24200 24500 25150 24100 225030
2010.08.06  24650 24200 24700 23800 156323
2010.08.09  23350 24350 24650 23250 196728
2010.08.10  21450 23150 23200 21350 1265969
2010.08.11  20200 21400 21650 19850 1393535
2010.08.12  21000 20150 21050 19900 719360
2010.08.13  20500 20900 21000 20250 443992
2010.08.16  20350 20500 20600 20000 225849
2010.08.17  20200 20350 20600 20050 313780
2010.08.18  19200 20300 20750 19150 955042
2010.08.19  19800 19200 19950 19000 874776
2010.08.20  20000 19750 20300 19550 432501
2010.08.23  20000 20200 20550 19750 465358
2010.08.24  20900 20050 20900 19950 382452
2010.08.25  21100 20850 21450 20800 478045
2010.08.26  21150 21300 21350 20650 250098
2010.08.27  21150 20850 21300 20850 261290
2010.08.30  20650 21350 21350 20600 208502
2010.08.31  20200 20450 20650 19900 248615
2010.09.01  20250 20400 20400 20050 225764
2010.09.02  21000 20300 21350 20300 588117
2010.09.03  21750 21050 21800 20800 449134
2010.09.06  21750 21950 21950 21500 238439
2010.09.07  21750 21700 21800 21500 209056
2010.09.08  21150 21650 21700 20900 226938
2010.09.09  20850 21050 21350 20800 160124
2010.09.10  21650 21000 21650 21000 252881
2010.09.13  21500 21700 22100 21150 367797
2010.09.14  21400 21450 21550 21050 269907
2010.09.15  21250 21400 21650 20650 351310
2010.09.16  20400 21250 21500 20400 483213
2010.09.17  20800 20200 20800 20150 443145
2010.09.20  20800 20450 21000 20450 287753
2010.09.24  21200 21100 21350 20750 444634
2010.09.27  21200 21400 21400 21050 342293
2010.09.28  21400 21150 21400 21050 260350
2010.09.29  22000 21500 22000 21300 489650
2010.09.30  22350 22150 22400 21750 384077
2010.10.01  22600 22400 22650 22100 309213
2010.10.04  23450 22700 23500 22600 586480
2010.10.05  23650 23400 23900 23150 572791
2010.10.06  22500 23700 23700 22500 674853
2010.10.07  21550 22250 22300 21350 597799
2010.10.08  21600 21550 21900 21200 347436
2010.10.11  22250 21800 22400 21450 343228
2010.10.12  21550 22350 22350 21550 153056
2010.10.13  21800 21750 22050 21550 216140
2010.10.14  21500 21700 21900 21300 327817
2010.10.15  21150 21600 21600 20900 350299
2010.10.18  20850 21000 21150 20750 242059
2010.10.19  20700 21050 21050 20600 204058
2010.10.20  21150 20550 21350 20550 215942
2010.10.21  21200 21250 21350 21000 191047
2010.10.22  21200 21250 21350 21050 272613
2010.10.25  21200 21400 21400 21050 238660
2010.10.26  21750 21300 21900 21100 338217
2010.10.27  22650 22000 22850 21900 672051
2010.10.28  22750 22450 22750 22000 411724
2010.10.29  22900 22750 23100 22350 517960
2010.11.01  22700 23100 23150 22500 377858
2010.11.02  22700 22700 22800 21950 497509
2010.11.03  22800 23000 23150 22600 362001
2010.11.04  22800 23200 23650 22750 501222
2010.11.05  21650 22850 22900 21650 535400
2010.11.08  22050 21800 22250 21650 407149
2010.11.09  22250 22250 22300 21650 355422
2010.11.10  21500 22150 22550 21200 989386
2010.11.11  21600 21400 21700 20800 822391
2010.11.12  21000 21600 21650 20850 296208
2010.11.15  21350 20600 21500 20350 624216
2010.11.16  21350 21350 21450 21100 136017
2010.11.17  21250 21100 21300 20850 170657
2010.11.18  21800 21300 22050 21250 379367
2010.11.19  21950 21850 21950 21700 161563
2010.11.22  21950 21950 22000 21700 328371
2010.11.23  21650 21950 21950 21300 240843
2010.11.24  21500 20900 21550 20600 301032
2010.11.25  20850 21650 21650 20850 178024
2010.11.26  20800 20950 21250 20450 319329
2010.11.29  20400 20700 20850 20300 313233
2010.11.30  20200 20400 20550 20100 621032
2010.12.01  20200 20200 20300 20000 579564
2010.12.02  19450 20400 20500 19150 960683
2010.12.03  19200 19600 19800 19200 510477
2010.12.06  18250 19300 19400 18250 1144275
2010.12.07  18700 18350 18900 18250 673223
2010.12.08  19350 18800 19600 18750 722228
2010.12.09  19500 19400 19800 19350 331498
2010.12.10  18750 18750 19100 18700 14424957
2010.12.13  19700 19200 19900 19150 1711675
2010.12.14  19900 19850 19950 19600 805815
2010.12.15  20200 19950 20200 19850 685812
2010.12.16  20000 20000 20150 19750 399162
2010.12.17  19900 19800 20050 19700 477511
2010.12.20  19500 19550 19550 19150 574875
2010.12.21  19350 19650 19650 19200 548080
2010.12.22  19600 19350 19650 19200 436345
2010.12.23  20700 19500 20750 19450 1075106
2010.12.24  20900 20700 21450 20500 1367039
2010.12.27  20650 21150 21500 20550 707023
2010.12.28  21000 20650 21050 20450 633747
2010.12.29  20800 20650 20800 20250 456086
2010.12.30  20650 20750 20850 20300 426325
2011.01.03  20500 20750 20750 20400 285826
2011.01.04  20800 20500 20850 20500 404104
2011.01.05  20400 20800 20900 20350 408366
2011.01.06  20350 20400 20600 20300 372119
2011.01.07  20300 20250 20450 20200 327478
2011.01.10  20500 20200 20600 20200 408480
2011.01.11  21800 20500 21850 20500 930254
2011.01.12  21750 21650 22150 21650 769937
2011.01.13  21700 21900 22050 21350 515609
2011.01.14  20200 21350 21500 19700 1645157
2011.01.17  20000 20450 20550 19600 668362
2011.01.18  19750 20000 20000 19600 437661
2011.01.19  19750 19600 19850 19400 384195
2011.01.20  19300 19500 19750 19300 332527
2011.01.21  19600 19300 19700 19150 222447
2011.01.24  19500 19600 19650 19150 228739
2011.01.25  20150 19350 20400 19300 569328
2011.01.26  19500 20200 20250 19500 267548
2011.01.27  18700 19650 19700 18550 930248
2011.01.28  19000 18800 19250 18700 608161
2011.01.31  18550 18950 18950 18550 197275
2011.02.01  19650 18700 19650 18700 348549
2011.02.07  19300 19750 19900 19300 167622
2011.02.08  19700 19500 19850 19450 232070
2011.02.09  19400 19700 19800 19100 341379
2011.02.10  18900 19450 19450 18850 192887
2011.02.11  19550 19100 19800 19100 617313
2011.02.14  19800 19700 19900 19600 197510
2011.02.15  19500 20000 20000 19350 188207
2011.02.16  19100 19500 19500 19000 252649
2011.02.17  18800 19250 19300 18500 293833
2011.02.18  19500 18750 19550 18750 289656
2011.02.21  19550 19500 19550 19100 136509
2011.02.22  19200 19350 19400 19100 244152
2011.02.23  19200 19200 19650 19100 250175
2011.02.24  19050 19150 19250 18850 206152
2011.02.25  18850 19000 19100 18800 258987
2011.02.28  18900 18850 19000 18700 195251
2011.03.02  18800 18800 19150 18750 377114
2011.03.03  18750 18800 18950 18350 874450
2011.03.04  18750 18850 18900 18550 361731
2011.03.07  18900 18750 18950 18700 307062
2011.03.08  18500 18700 18800 18450 468683
2011.03.09  18150 18600 18650 18100 396757
2011.03.10  17050 18100 18100 16900 794201
2011.03.11  17100 16700 17300 16500 406024
2011.03.14  14600 15750 16100 14550 3328065
2011.03.15  14350 14700 15200 13450 2074440
2011.03.16  15150 14500 15150 14400 1220635
2011.03.17  15300 14700 15450 14650 828056
2011.03.18  16300 15350 16300 15350 995705
2011.03.21  15950 16550 16850 15900 833099
2011.03.22  15900 16100 16300 15800 438556
2011.03.23  15550 15950 16050 15500 377303
2011.03.24  15000 15650 15750 14850 807432
2011.03.25  15750 15250 15750 15100 636140
2011.03.28  16200 16000 16350 15900 481487
2011.03.29  16100 16250 16450 16050 266872
2011.03.30  16300 16150 16400 16050 298718
2011.03.31  16550 16600 16950 16350 682342
2011.04.01  16200 16500 16650 16200 293226
2011.04.04  16400 16250 16800 16250 635309
2011.04.05  16150 16350 16450 16000 398078
2011.04.06  16050 16100 16200 15900 301217
2011.04.07  16000 16050 16200 15900 303270
2011.04.08  15750 16000 16100 15700 444324
2011.04.11  15200 15600 15700 15150 577465
2011.04.12  15100 15300 15500 15100 283842
2011.04.13  15100 15000 15250 15000 220914
2011.04.14  15300 15050 15800 15050 492415
2011.04.15  15800 15500 15800 15350 296622
2011.04.18  15500 15900 15900 15400 255814
2011.04.19  15050 15250 15400 15000 238084
2011.04.20  15450 15200 15550 15100 287245
2011.04.21  15850 15800 16100 15650 660572
2011.04.22  15400 15800 15800 15150 482050
2011.04.25  15400 15400 15550 15100 262843
2011.04.26  14950 15300 15500 14800 383854
2011.04.27  14800 14950 15100 14450 486592
2011.04.28  14150 14800 15000 14050 681297
2011.04.29  14650 14000 14700 13900 462007
2011.05.02  15900 14900 16050 14900 945092
2011.05.03  16150 15900 16150 15650 563852
2011.05.04  16050 16200 16300 15600 383089
2011.05.06  16200 16000 16350 15700 507091
2011.05.09  16700 16500 17150 16400 848234
2011.05.11  17450 17200 17650 16900 900175
2011.05.12  17450 17450 17700 17150 451004
2011.05.13  17400 17600 17700 16900 480294
2011.05.16  17300 17150 17650 17000 233210
2011.05.17  17000 17000 17400 16850 245691
2011.05.18  16800 17000 17350 16500 218496
2011.05.19  17550 17050 17950 17050 809241
2011.05.20  17500 17800 18200 17500 660071
2011.05.23  17750 17650 18150 17500 423866
2011.05.24  17900 17900 18050 17650 636574
2011.05.25  17600 18150 18200 17600 274230
2011.05.26  17400 17800 17800 17250 259153
2011.05.27  17550 17400 17650 16950 330053
2011.05.30  17350 17700 17800 17300 275583
2011.05.31  17050 17300 17350 16600 374006
2011.06.01  17650 16650 17750 16300 925331
2011.06.02  18150 17400 18550 17000 1053354
2011.06.03  19150 18300 19400 18300 1502523
2011.06.07  19050 19350 19500 19000 532276
2011.06.08  19100 19150 19450 18850 426666
2011.06.09  18450 19300 19300 18450 373654
2011.06.10  18400 18650 18650 18100 425900
2011.06.13  18950 18600 19650 18500 590903
2011.06.14  19750 19200 19750 18950 407380
2011.06.15  19900 19700 19900 19350 273714
2011.06.16  19700 19550 19900 19400 238906
2011.06.17  19050 19800 19850 18850 348749
2011.06.20  19250 19100 19450 18750 333767
2011.06.21  18950 19200 19300 18700 450899
2011.06.22  19300 19200 19750 18900 451020
2011.06.23  19300 19800 20150 19300 793686
2011.06.24  19450 19350 19600 19000 305466
2011.06.27   19200 19500 19650 19050 272403
2011.06.28   18500 19500 19950 18500 618911
2011.06.29   19150 18750 19350 18550 334934
2011.06.30   20250 19300 20400 19300 904775
2011.07.01   21100 20500 21400 20300 1021011
2011.07.04   21100 21200 21350 20900 792171
2011.07.05   21100 21400 21600 21000 437751
2011.07.06   21600 21400 21700 21100 585540
2011.07.07   21600 22200 22200 21550 656899
2011.07.08   21400 21600 21800 21400 359430
2011.07.11   22200 21050 22200 20950 427116
2011.07.12   21950 22050 22400 21750 429888
2011.07.13   22100 21950 22150 21450 269078
2011.07.14   21700 22000 22100 21700 355326
2011.07.15   22100 21600 22300 21450 508484
2011.07.18   21700 22100 22200 21500 410948
2011.07.19   22050 22200 22700 22050 820814
2011.07.20   23650 22500 23650 22300 1012068
2011.07.21   23000 23450 23500 22650 487344
2011.07.22   23000 23300 23300 22350 367162
2011.07.25   23000 22700 23250 22700 247414
2011.07.26   22850 22800 23200 22500 386301
2011.07.27   23400 23250 23700 22900 358770
2011.07.28   23650 22950 23650 22950 162798
2011.07.29   23350 23650 23700 22600 449021
2011.08.01   23400 23500 23650 23200 258470
2011.08.02   23800 23500 24200 23450 336955
2011.08.03   23550 23550 24050 23450 458788
2011.08.04   23100 23600 23950 23050 240232
2011.08.05   22250 22700 22900 21400 592724
2011.08.08   21850 22350 22750 20500 384323
2011.08.09   21400 21700 21700 19600 824109
2011.08.10   21500 22300 22400 21500 412294
2011.08.11   22150 20350 22150 20350 294955
2011.08.12   22950 22150 23000 22000 654430
2011.08.16   23400 23500 23550 23000 337285
2011.08.17   23600 23300 23700 23100 306336
2011.08.18   24500 23700 24900 23200 649140
2011.08.19   24000 23700 25600 23500 577380
2011.08.22   23000 23800 24450 21500 417863
2011.08.23   21550 23300 23300 20900 1239804
2011.08.24   21800 21550 21800 21200 653261
2011.08.25   21600 22000 22400 20850 439615
2011.08.26   20500 20900 21350 19850 629859
2011.08.29   21200 20900 21400 20400 781464
2011.08.30   22550 21500 23300 21100 1175568
2011.08.31   22300 22550 22800 22050 741383
2011.09.01   22100 22550 22650 21950 678963
2011.09.02   22400 22100 22900 21900 799898
2011.09.05   22350 22300 22950 22300 831787
2011.09.06   22150 22100 22500 21650 586272
2011.09.07   23500 22550 23800 22100 1150305
2011.09.08   23500 23550 23650 23050 320759
2011.09.09   24000 23850 24550 23250 870540
2011.09.14   23050 24400 24400 22850 502462
2011.09.15   23450 23550 24000 22950 531318
2011.09.16   24150 23700 24150 22750 678126
2011.09.19   23900 24000 24450 23600 343912
2011.09.20   23950 23550 24000 23350 258191
2011.09.21   24750 24200 24900 24000 735778
2011.09.22   24250 24200 25000 24100 730470
2011.09.23   23500 23500 24050 22800 614987
2011.09.26   22500 24000 24050 21500 504897
2011.09.27   23100 23350 23400 22700 462884
2011.09.28   22750 23400 23450 21750 870266
2011.09.29   20100 22700 22950 19350 3721324
2011.09.30   20850 21300 21450 20350 3152098
2011.10.04   20000 20100 20200 19600 808578
2011.10.05   17000 20250 20300 17000 2236665
2011.10.06   17500 17650 18100 16450 2335340
2011.10.07   18800 17800 19050 17750 1325000
2011.10.10   19250 18650 19250 18650 761565
2011.10.11   19100 19300 19650 19100 578408
2011.10.12   19650 19200 20450 18750 669906
2011.10.13   20250 19850 20650 19750 533677
2011.10.14   20100 20300 20350 19750 582332
2011.10.17   19350 20100 20300 19250 1274952
2011.10.18   19400 19000 19550 18800 272117
2011.10.19   19800 19550 20000 19200 446640
2011.10.20   19550 20000 20500 19500 606486
2011.10.21   20000 19950 20500 19700 510101
2011.10.24   20100 20500 20550 19900 615677
2011.10.25   20900 20500 21400 20300 1194172
2011.10.26   21100 20900 21300 20350 523578
2011.10.27   20800 21350 21400 20450 563173
2011.10.28   20400 20800 21150 20300 570522
2011.10.31   20000 20800 20800 19750 427588
2011.11.01   20400 19950 20650 19800 368946
2011.11.02   19450 19850 19850 18950 1297103
2011.11.03   18600 19450 19700 18500 1176179
2011.11.04   18650 18900 19050 18500 996136
2011.11.07   18750 18800 18950 18350 517372
2011.11.08   18150 18700 18950 18050 805896
2011.11.09   18350 18350 18700 18150 540331
2011.11.10   18400 17900 19100 17800 1299391
2011.11.11   19700 18800 19700 18450 943459
2011.11.14   19700 19900 20050 19350 743292
2011.11.15   19200 19300 19800 18950 425140
2011.11.16   18500 18950 19300 18200 580453
2011.11.17   18200 18400 18500 17850 606968
2011.11.18   17950 17900 18150 17750 342704
2011.11.21   18250 18100 18350 17850 467223
2011.11.22   18550 18000 18550 17950 347324
2011.11.23   17900 18700 18750 17900 338274
2011.11.24   18200 17650 18350 17550 360531
2011.11.25   17900 18100 18400 17550 363543
2011.11.28   18700 18000 19100 18000 705261
2011.11.29   18450 18900 18950 18350 657229
2011.11.30   18300 18550 18900 18100 554309
2011.12.01   18250 18700 18800 18150 619451
2011.12.02   18300 18450 18450 18200 275574
2011.12.05   18700 18400 18700 18300 269229
2011.12.06   18450 18750 18750 18300 232493
2011.12.07   18800 18550 18900 18550 393135
2011.12.08   18500 18850 18950 18500 249770
2011.12.09   18650 18300 19000 18250 440346
2011.12.12   19000 18850 19250 18800 574469
2011.12.13   19000 19000 19250 18850 477912
2011.12.14   19000 19000 19150 18650 274197
2011.12.15   18250 18900 18900 18200 383232
2011.12.16   17300 18300 18450 17100 1595051
2011.12.19   16900 17500 17500 16000 845522
2011.12.20   17500 16950 17500 16750 463710
2011.12.21   17650 17700 18000 17550 404804
2011.12.22   17650 17650 17700 17300 237934
2011.12.23   18100 17750 18100 17700 358176
2011.12.26   18200 18200 18250 18000 220833
2011.12.27   18050 18200 18300 17750 296447
2011.12.28   17000 17600 17700 16450 813695
2011.12.29   18200 17000 18350 16550 1248432
2012.01.02   18400 18550 19300 18400 662742
2012.01.03   18050 18300 18500 18000 429635
2012.01.04   18400 18150 18550 18050 434817
2012.01.05   18100 18500 18550 18050 211033
2012.01.06   18000 18150 18300 17700 289972
2012.01.09   17600 17800 17850 17500 235159
2012.01.10   17200 17450 17750 17150 671359
2012.01.11   17750 17350 17750 17100 682905
2012.01.12   17900 17800 17900 17550 420084
2012.01.13   17500 17950 18000 17500 398564
2012.01.16   17750 17550 18000 17400 651284
2012.01.17   17900 17900 18100 17700 881830
2012.01.18   18500 18200 18700 18050 893458
2012.01.19   18650 18750 18900 18450 501778
2012.01.20   18950 18800 19000 18700 555051
2012.01.25   19400 19050 19550 18750 769614
2012.01.26   19200 19450 19500 19150 344349
2012.01.27   19400 19350 19450 18850 393186
2012.01.30   19600 19350 19900 19350 671221
2012.01.31   19900 19500 19900 19500 305436
2012.02.01   19350 19950 20000 19050 371558
2012.02.02   19200 19550 19600 18950 541832
2012.02.03   19250 19000 19400 19000 231921
2012.02.06   19350 19400 19450 19150 151851
2012.02.07   19700 19500 19900 19250 210381
2012.02.08   19350 19700 19800 19050 425017
2012.02.09   18650 19350 19500 18500 503831
2012.02.10   18850 18700 19100 18700 227061
2012.02.13   19200 19250 19600 18950 338503
2012.02.14   19500 19300 19650 19050 199605
2012.02.15   20550 19700 20600 19550 900933
2012.02.16   20450 20500 21150 20350 530423
2012.02.17   20600 20950 20950 20300 239171
2012.02.20   20650 20800 20900 20400 138242
2012.02.21   20600 20650 21150 20200 310147
2012.02.22   20750 20600 20800 20200 168534
2012.02.23   20600 20900 20900 20150 213641
2012.02.24   20350 20700 20700 20100 195724
2012.02.27   19950 20450 20450 19850 197081
2012.02.28   19150 20000 20200 18950 587506
2012.02.29   18750 19350 19350 18500 930532
2012.03.02   19900 18800 19900 18600 799261
2012.03.05   20150 20000 20300 19700 441663
2012.03.06   19950 20200 20250 19700 289616
2012.03.07   20250 19700 20500 19650 296121
2012.03.08   20250 20500 20500 19950 158392
2012.03.09   19800 20250 20250 19600 204874
2012.03.12   19600 20100 20300 19600 207475
2012.03.13   19850 19800 20100 19600 164984
2012.03.14   19750 19850 20100 19650 231595
2012.03.15   19900 19800 20050 19350 361185
2012.03.16   19650 19700 20000 19350 142239
2012.03.19   19650 19700 20200 19650 201714
2012.03.20   20700 20050 20700 19900 567407
2012.03.21   21400 21000 21600 20600 1188313
2012.03.22   21400 21550 21600 21000 424707
2012.03.23   20700 21300 21350 20550 243073
2012.03.26   20650 20800 20900 20400 133982
2012.03.27   20750 20800 21050 20450 132114
2012.03.28   21200 20950 21400 20900 146482
2012.03.29   21850 21300 22000 21250 607859
2012.03.30   21850 22050 22100 21500 441431
2012.04.02   21650 21950 22050 21450 241447
2012.04.03   21350 21550 21750 20750 314161
2012.04.04   20900 21400 21400 20450 221336
2012.04.05   21100 20700 21350 20500 120763
2012.04.06   21050 21150 21350 20750 179918
2012.04.09   20750 21050 21100 20550 66513
2012.04.10   21400 20750 21550 20750 297262
2012.04.12   21800 21700 22000 21500 491187
2012.04.13   22000 22050 22300 21850 385791
2012.04.16   22950 22250 23000 22050 940695
2012.04.17   22400 22800 22850 22050 305625
2012.04.18   22000 22650 22700 22000 133942
2012.04.19   22850 22300 22850 22200 330495
2012.04.20   22550 22600 22850 22300 76543
2012.04.23   22500 22950 22950 22350 187243
2012.04.24   21950 22400 22500 21800 170699
2012.04.25   22850 22050 23100 22000 226517
2012.04.26   24100 22900 24100 22900 511689
2012.04.27   23600 24000 24400 23500 340473
2012.04.30   23750 23900 24000 23050 290534
2012.05.02   23200 23600 23750 22950 257700
2012.05.03   23550 23350 23700 23150 209060
2012.05.04   23600 23500 24050 23350 431490
2012.05.07   23000 23400 23550 22250 616100
2012.05.08   23550 23550 24100 23200 361381
2012.05.09   23600 23500 24150 23350 570098
2012.05.10   23850 24000 24250 23500 274783
2012.05.11   23350 23650 23850 22900 185425
2012.05.14   23750 23150 23750 22600 156692
2012.05.15   23150 23500 23750 22650 186509
2012.05.16   22900 23200 23200 22400 103369
2012.05.17   21700 23000 23000 21500 490465
2012.05.18   21050 21450 21550 20850 270833
2012.05.21   21900 21900 22050 21350 207740
2012.05.22   23300 22350 23300 22350 320167
2012.05.23   23100 23200 23300 22800 234441
2012.05.24   23100 22750 23400 22750 209025
2012.05.25   22900 23600 23700 22850 220330
2012.05.29   22300 22850 23100 22300 179666
2012.05.30   22900 22200 22950 22050 86004
2012.05.31   22800 22400 23050 22400 129131
2012.06.01   22600 23000 23250 22600 130753
2012.06.04   21850 21900 22600 21550 126151
2012.06.05   22050 22300 22300 21400 121734
2012.06.07   22350 22000 23250 21900 264630
2012.06.08   21700 22450 22500 21400 292182
2012.06.11   21450 21800 21900 21200 248445
2012.06.12   21150 21200 21500 21050 211803
2012.06.13   20550 21350 21350 20400 509497
2012.06.14   20900 20900 21050 20650 298494
2012.06.15   20900 20950 21450 20900 310317
2012.06.18   21500 21200 21550 21050 149257
2012.06.19   21950 21450 21950 21300 165430
2012.06.20   21700 21950 22000 21700 79153
2012.06.21   21650 21900 22350 21650 227858
2012.06.22   21400 21300 21650 21300 257837
2012.06.25   21400 21800 21850 21350 261399
2012.06.26   22150 21600 22550 21400 414249
2012.06.27   22950 22500 23250 22350 664948
2012.06.28   22750 22750 23200 22350 262408
2012.06.29   23600 23250 23700 22900 340176
2012.07.02   22950 23200 23300 22900 344270
2012.07.03   22850 22900 23200 22700 206216
2012.07.04   22700 22800 23050 22450 306344
2012.07.05   22950 22850 23200 22650 266272
2012.07.06   22650 23000 23050 22250 147500
2012.07.09   23350 22650 23550 22350 306358
2012.07.10   23150 23600 23750 23000 218166
2012.07.11   23950 23200 24050 23200 331854
2012.07.12   23200 23700 23950 23100 394558
2012.07.13   23500 23400 23850 22600 658928
2012.07.16   23100 23850 24350 23050 398462
2012.07.17   23100 23250 23450 22850 192000
2012.07.18   24300 23400 24350 23200 970727
2012.07.19   25400 24300 25550 24300 643971
2012.07.20   24900 25600 25600 24800 351735
2012.07.23   24400 24550 25300 24250 391421
2012.07.24   23800 24250 24500 22800 959323
2012.07.25   24300 23500 24950 23100 395465
2012.07.26   25900 24800 26050 24600 640258
2012.07.27   25050 25900 26200 25050 426239
2012.07.30   24150 25150 25150 24000 463033
2012.07.31   24250 24450 25000 24150 409584
2012.08.01   24600 24400 25000 24200 342124
2012.08.02   23450 24500 24800 23450 386790
2012.08.03   23650 23000 23950 23000 247106
2012.08.06   23500 23700 24000 22950 651425
2012.08.07   24650 23550 24650 23550 344932
2012.08.08   24200 24450 24850 24050 267201
2012.08.09   23350 24200 24300 23350 650241
2012.08.10   23650 23400 23700 23250 299570
2012.08.13   23450 23700 23700 23300 187141
2012.08.14   23300 23550 23600 23250 200706
2012.08.16   24050 23450 24250 23300 545435
2012.08.17   24300 24300 24950 24000 523698
2012.08.20   26100 24600 26100 24400 402579
2012.08.21   25700 26200 26300 25550 404171
2012.08.22   27200 25800 27300 25750 603244
2012.08.23   26950 27200 27200 26650 435285
2012.08.24   26850 26800 27900 26550 564971
2012.08.27   27550 27050 27700 26950 165404
2012.08.28   27450 27550 28050 27100 273725
2012.08.29   26650 27500 27500 26300 591026
2012.08.30   27200 26650 27350 26350 446481
2012.08.31   28850 27200 29550 27200 1023093
2012.09.03   28100 28500 29200 27750 734086
2012.09.04   27900 27900 28400 27600 282502
2012.09.05   27500 28150 28200 26850 350835
2012.09.06   28000 27900 28150 27450 256711
2012.09.07   28000 28250 28400 27600 320277
2012.09.10   28500 27700 28700 27700 193716
2012.09.11   28550 28500 29200 28150 315330
2012.09.12   29200 28900 29550 28800 394157
2012.09.13   29400 29550 29600 28800 132721
2012.09.14   28100 29300 29450 28000 519760
2012.09.17   29300 28100 29550 27800 361065
2012.09.18   29000 29600 30200 28900 480971
2012.09.19   29600 29150 29750 29100 319356
2012.09.20   30800 29900 31100 29850 556562
2012.09.21   30650 30500 30900 30000 751964
2012.09.24   31150 30900 31900 30800 595132
2012.09.25   29650 31600 31600 29450 524976
2012.09.26   29800 29350 30050 29350 165506
2012.09.27   30500 29450 30500 28500 378491
2012.09.28   29350 30500 30550 29200 429193
2012.10.02   30400 29600 30700 29600 251900
2012.10.04   30650 31000 31100 29850 372752
2012.10.05   30250 30900 30900 29850 380092
2012.10.08   30450 29700 30450 29200 965793
2012.10.09   29800 30500 30500 29450 396799
2012.10.10   28950 29650 29800 28400 480993
2012.10.11   28350 28550 29050 27900 769851
2012.10.12   29850 28600 30050 28400 896367
2012.10.15   29650 30150 30650 29650 789283
2012.10.16   29400 29250 30050 27900 994472
2012.10.17   28450 29400 29850 28150 602031
2012.10.18   26900 28500 28850 26650 700669
2012.10.19   28150 26900 28150 26200 659501
2012.10.22   29600 27400 29950 27300 765181
2012.10.23   29300 29350 29750 28900 478302
2012.10.24   29400 29300 30000 28700 231540
2012.10.25   28250 29300 29650 28100 402369
2012.10.26   29350 28400 29500 27900 538211
2012.10.29   30450 29600 30450 29500 786996
2012.10.30   30650 30250 30650 29650 567611
2012.10.31   30700 30700 30800 29850 196439
2012.11.01   30400 30500 31650 29700 450643
2012.11.02   31450 31100 31950 30400 401573
2012.11.05   32500 31600 32500 31500 282010
2012.11.06   31000 32600 32600 30900 640838
2012.11.07   30500 31000 31300 30100 463162
2012.11.08   31400 30450 31500 30150 345905
2012.11.09   31400 31200 31750 31000 250745
2012.11.12   32200 31200 32300 31100 207693
2012.11.13   32000 32200 32400 31550 161584
2012.11.14   31550 31650 32000 30650 350088
2012.11.15   31950 30950 31950 30550 301772
2012.11.16   31050 32100 32150 31000 344198
2012.11.19   31850 31100 32300 30950 289441
2012.11.20   31500 32350 32400 31300 219148
2012.11.21   31100 31600 32350 30900 278543
2012.11.22   30900 31100 31400 30100 281980
2012.11.23   30850 31250 31250 30150 262063
2012.11.26   31100 30500 31650 30500 299390
2012.11.27   29900 31200 31700 29600 328836
2012.11.28   30100 29900 30200 28750 348555
2012.11.29   30050 30500 30950 29650 436866
2012.11.30   30950 29950 31150 29900 329136
2012.12.03   32250 31150 32300 30850 397914
2012.12.04   32350 32450 32750 31850 219335
2012.12.05   31150 32650 32650 31100 215292
2012.12.06   29700 31250 31500 29350 496233
2012.12.07   29100 29300 30000 28300 384406
2012.12.10   29950 29350 30150 28950 197443
2012.12.11   28250 29550 30000 27850 466092
2012.12.12   28500 28300 28800 27900 279253
2012.12.13   29200 28650 29700 28600 285233
2012.12.14   29000 28950 29400 28450 356085
2012.12.17   29700 29050 29700 28650 265570
2012.12.18   29600 29700 29700 28550 420982
2012.12.20   28400 29600 29850 28200 617334
2012.12.21   29000 28400 29300 28150 292437
2012.12.24   29850 28800 29900 28800 146255
2012.12.26   29800 29950 30200 29700 393704
2012.12.27   29300 29500 29500 28900 130979
2012.12.28   28650 29200 29450 28650 208086
2013.01.02   29250 28850 29350 28850 141164
2013.01.03   28550 29050 29500 28500 390886
2013.01.04   29700 28850 29800 28350 334987
2013.01.07   30300 29900 30500 29600 307209
2013.01.08   29900 30200 30400 29650 274207
2013.01.09   30200 30300 31050 30150 304719
2013.01.10   31300 30700 31300 30150 328475
2013.01.11   31450 31600 31850 30950 241700
2013.01.14   32100 32000 32100 31600 337800
2013.01.15   31000 31750 31950 30300 304913
2013.01.16   30100 30750 31350 29850 389441
2013.01.17   30350 30200 30650 29800 200903
2013.01.18   31000 30400 31100 30250 190906
2013.01.21   29550 30850 30850 29550 433129
2013.01.22   29500 29550 30000 29400 208872
2013.01.23   30400 29750 30550 29700 360053
2013.01.24   29500 30000 30250 29500 176762
2013.01.25   29650 29750 30200 29550 246666
2013.01.28   29700 29850 30150 29200 200909
2013.01.29   29900 29450 30000 29350 123220
2013.01.30   30100 29750 30400 29700 143452
2013.01.31   30750 30400 30850 30200 304869
2013.02.01   30800 31100 31100 30600 174972
2013.02.04   30250 30900 31000 29950 184658
2013.02.05   30150 30000 30800 30000 224184
2013.02.06   30500 30300 30900 30100 254642
2013.02.07   28850 30650 30650 28800 460646
2013.02.08   28550 28850 29450 28550 293359
2013.02.12   28250 29000 29100 28050 157910
2013.02.13   27500 28100 28800 27350 511599
2013.02.14   28500 27850 28550 27800 484762
2013.02.15   28800 28650 28900 28400 294354
2013.02.18   28550 28600 28900 28500 160306
2013.02.19   27800 28500 28800 27400 789700
2013.02.20   27300 27900 27900 27100 708717
2013.02.21   27350 27300 27500 26900 417405
2013.02.22   28300 27500 28300 27350 398674
2013.02.25   27250 28300 28400 27200 489407
2013.02.26   27350 27450 27700 27200 320913
2013.02.27   27700 27550 27800 27000 490773
2013.02.28   27750 28000 28200 27750 425866
2013.03.04   27950 28100 28200 27900 387733
2013.03.05   29100 28000 29100 27900 561931
2013.03.06   29300 29150 29400 28650 398690
2013.03.07   29550 29300 29600 29000 284537
2013.03.08   30850 29300 31000 29300 727240
2013.03.11   32050 30500 32050 30300 493991
2013.03.12   31400 32200 32200 31050 462089
2013.03.13   31500 31400 31850 31250 315183
2013.03.14   31550 31550 31900 31300 144354
2013.03.15   31400 31950 32000 31000 223146
2013.03.18   31500 31000 31750 30850 175132
2013.03.19   31450 31500 31700 30300 252219
2013.03.20   31600 31400 31750 30650 219891
2013.03.21   32700 31900 33350 31900 530042
2013.03.22   32800 32700 32900 32300 275504
2013.03.25   32300 33200 33250 32100 205027
2013.03.26   32300 32300 32550 31150 197448
2013.03.27   32050 32300 32350 31500 139534
2013.03.28   32750 32450 32800 32100 160147
2013.03.29   32300 32750 32750 32050 129426
2013.04.01   30000 31650 31650 29550 1695683
2013.04.02   31650 30000 31650 29950 752927
2013.04.03   31750 31650 31900 31000 215699
2013.04.04   31450 31300 31850 31000 276087
2013.04.05   29700 31500 31550 29700 447113
2013.04.08   29000 30000 30650 28800 421585
2013.04.09   29850 29250 30400 29200 276000
2013.04.10   30600 29700 31100 29600 289398
2013.04.11   30600 30600 31150 30000 315074
2013.04.12   31700 31250 32150 30800 313928
2013.04.15   33400 32150 33500 31450 338278
2013.04.16   33200 33000 33650 32700 237415
2013.04.17   34700 33950 35950 33800 395252
2013.04.18   34000 34700 34700 33600 231443
2013.04.19   33450 33700 34400 33450 221074
2013.04.22   34750 33550 35500 33550 267652
2013.04.23   34750 34800 35550 34750 214918
2013.04.24   34200 35100 35450 34000 258139
2013.04.25   33200 34200 34600 33000 322355
2013.04.26   33500 33750 34100 33100 201057
2013.04.29   34750 33900 34750 33900 347565
2013.04.30   34200 34900 35000 33450 396393
2013.05.02   34150 34200 34650 33550 118764
2013.05.03   33700 34400 34600 32250 796522
2013.05.06   35100 34400 35250 34000 397396
2013.05.07   35500 35100 35700 35000 407772
2013.05.08   35650 35950 35950 34900 240956
2013.05.09   35700 35850 35900 35100 96478
2013.05.10   35000 35800 36300 34750 265334
2013.05.13   36850 34700 36850 34700 283938
2013.05.14   35850 36700 36700 35300 299370
2013.05.15   35350 36100 36200 35250 153695
2013.05.16   38000 36000 38000 35600 167465
2013.05.20   37950 38150 38500 37550 244653
2013.05.21   37800 38000 38450 37500 183930
2013.05.22   38200 38000 38800 37850 163717
2013.05.23   37500 38000 38000 37300 203304
2013.05.24   37000 37700 37900 36850 255728
2013.05.27   36850 36950 36950 36150 212284
2013.05.28   38850 37250 38900 36750 275077
2013.05.29   38500 38850 38900 38000 206432
2013.05.30   37900 38100 38950 37250 356259
2013.05.31   37000 38150 38200 36750 260909
2013.06.03   36100 37000 37400 36100 238072
2013.06.04   36200 36600 37050 35750 209864
2013.06.05   36200 35550 36200 34900 292328
2013.06.07   35800 36200 36300 35300 172074
2013.06.10   36800 36500 37150 35900 128738
2013.06.11   37900 37000 37900 36800 177869
2013.06.12   36100 37600 37600 35500 273795
2013.06.13   36000 36300 36450 35300 78931
2013.06.14   35500 36550 36550 35150 206567
2013.06.17   34000 35400 35400 33200 472151
2013.06.18   34600 33800 35150 33300 405325
2013.06.19   33850 34600 34700 33700 173186
2013.06.20   33850 33200 34100 33150 155825
2013.06.21   33600 33100 34000 32150 260575
2013.06.24   33650 33900 34000 33050 172813
2013.06.25   31900 33100 33550 30800 445179
2013.06.26   32200 32450 32950 31850 152836
2013.06.27   33450 32700 34050 32300 279436
2013.06.28   35400 34000 35400 33300 269577
2013.07.01   34000 34600 35250 33950 206808
2013.07.02   34350 34150 34550 33900 179243
2013.07.03   32950 34100 34650 32800 272995
2013.07.04   33550 33000 33950 32800 179665
2013.07.05   33550 34000 34050 33100 121892
2013.07.08   32650 33850 33850 32600 170731
2013.07.09   31200 32750 32800 30850 571901
2013.07.10   30750 31500 31750 30200 483639
2013.07.11   31600 31000 31800 31000 386156
2013.07.12   33150 31800 33700 31650 422088
2013.07.15   30500 33300 33300 30500 968289
2013.07.16   31150 30600 31350 30500 390018
2013.07.17   32400 31700 32900 31300 412310
2013.07.18   33600 33550 34250 32750 471381
2013.07.19   33950 34500 34600 33600 276829
2013.07.22   33050 33950 33950 32550 316533
2013.07.23   33250 33000 33450 32750 113586
2013.07.24   32700 33250 33400 32700 172525
2013.07.25   32100 32650 33100 31750 251807
2013.07.26   31800 32150 32200 31400 156328
2013.07.29   30650 32000 32000 30650 393794
2013.07.30   33200 30900 33200 30800 382975
2013.07.31   32000 32850 32900 31800 374043
2013.08.01   31250 32000 32250 30800 445169
2013.08.02   31100 31300 31650 30850 332864
2013.08.05   31150 31100 31250 30750 188321
2013.08.06   31150 31500 31500 31000 134130
2013.08.07   31900 31300 32250 31050 229494
2013.08.08   32450 32250 32500 31600 249403
2013.08.09   31900 32650 32650 31700 213370
2013.08.12   32150 32400 32400 31650 176417
2013.08.13   31200 32000 32450 31000 310509
2013.08.14   31750 31500 31800 30900 112844
2013.08.16   32000 31600 32000 31300 163520
2013.08.19   32800 31650 32800 31650 279207
2013.08.20   32200 32600 32900 32200 247421
2013.08.21   31800 32250 32450 31550 254648
2013.08.22   30850 31250 31450 30550 235023
2013.08.23   29650 30700 31050 29200 574820
2013.08.26   31150 30000 31500 29900 465899
2013.08.27   31100 31150 31400 30700 140754
2013.08.28   31300 30300 32400 30300 261701
2013.08.29   31950 31650 32050 31350 161442
2013.08.30   32200 31750 32450 31750 144001
2013.09.02   33700 32550 33850 32400 296307
2013.09.03   33850 33750 33950 33100 154916
2013.09.04   33900 34000 34100 33550 145320
2013.09.05   34350 33850 34600 33550 192838
2013.09.06   33300 34200 34300 33150 273143
2013.09.09   33500 33700 33700 32750 266384
2013.09.10   32450 33150 33450 32250 361724
2013.09.11   32900 32700 33150 32400 307334
2013.09.12   34550 33150 35000 33100 549038
2013.09.13   34050 34100 34750 34050 309560
2013.09.16   34650 33900 34750 33750 211711
2013.09.17   34150 34750 34750 33800 173499
2013.09.23   32250 34000 34150 32250 417041
2013.09.24   33500 32300 33500 32300 277217
2013.09.25   33700 33200 34000 33150 315592
2013.09.26   34200 33350 34350 33350 302711
2013.09.27   34650 34200 35200 33900 420357
2013.09.30   34600 34900 35200 34300 157040
2013.10.01   34450 34600 34950 33600 201851
2013.10.02   34950 34550 35250 34450 151923
2013.10.04   37000 35200 37000 35100 481724
2013.10.07   36450 37500 37500 36250 227932
2013.10.08   36750 36150 37000 36000 219575
2013.10.10   36900 37000 37000 36450 177707
2013.10.11   36700 37250 37600 36000 329817
2013.10.14   36250 37100 37200 36000 166360
2013.10.15   35900 36750 37100 35500 283294
2013.10.16   37200 36200 37200 36100 295331
2013.10.17   37150 37150 37450 36950 159102
2013.10.18   37900 37150 37900 36850 124613
2013.10.21   39000 38000 40000 37750 459104
2013.10.22   39500 39000 40000 38700 299636
2013.10.23   38700 39000 39950 38600 407438
2013.10.24   39000 38650 39250 38000 282908
2013.10.25   39400 39350 39650 38850 304796
2013.10.28   39450 39800 39900 38750 162361
2013.10.29   38300 39700 39700 38300 232414
2013.10.30   39100 38750 39200 38500 179376
2013.10.31   38700 39100 39300 38700 56057
2013.11.01   38750 39200 39200 38400 135415
2013.11.04   39150 38750 39400 38450 101067
2013.11.05   38550 40000 40200 38250 431590
2013.11.06   37400 38450 38700 37350 312057
2013.11.07   37800 37400 38150 37200 197551
2013.11.08   35900 37850 37850 35600 375556
2013.11.11   35550 35950 36250 35500 80712
2013.11.12   37300 35500 37300 35500 163751
2013.11.13   36300 37700 37800 36050 150981
2013.11.14   36950 36000 37300 36000 75264
2013.11.15   36950 37400 37450 36600 89460
2013.11.18   36700 37300 37600 36550 79465
2013.11.19   36500 36500 37100 36000 117396
2013.11.20   37500 36700 37850 36500 135087
2013.11.21   37250 37850 38550 37250 119903
2013.11.22   38250 37250 38350 37150 168642
2013.11.25   37500 38250 38400 37450 139400
2013.11.26   37550 38050 38200 37150 179532
2013.11.27   38950 37700 39000 37700 232769
2013.11.28   39600 38900 39650 38850 272037
2013.11.29   40250 39550 40400 39450 150973
2013.12.02   40000 40500 41250 39350 324093
2013.12.03   39500 39700 40250 39150 128292
2013.12.04   38800 39500 39700 38500 72415
2013.12.05   38950 38700 39450 38700 51272
2013.12.06   39750 39150 40100 38250 284435
2013.12.09   40000 39900 40000 39300 160502
2013.12.10   40700 40000 40700 39200 187516
2013.12.11   40500 40450 40700 39750 120473
2013.12.12   39400 40000 40050 39350 370366
2013.12.13   38450 39400 39450 38100 216058
2013.12.16   39750 38950 40250 38500 154835
2013.12.17   39450 40400 40700 39200 138078
2013.12.18   40250 39500 40500 39200 130192
2013.12.19   41000 41050 41050 40150 120640
2013.12.20   40200 40900 41300 40200 76885
2013.12.23   39600 40550 40550 39250 161281
2013.12.24   39650 39600 40100 39600 75680
2013.12.26   39100 39500 39900 38850 104396
2013.12.27   39300 39050 39700 38700 100848
2013.12.30   40400 39500 40400 39000 51355
2014.01.02   40350 40600 40650 40100 46649
2014.01.03   39800 39700 40600 39700 58342
2014.01.06   39000 39800 40100 38950 93713
2014.01.07   38500 39000 39500 38450 103181
2014.01.08   40900 38750 42900 38700 365227
2014.01.09   39500 40950 41200 39000 486137
2014.01.10   39500 39400 39800 38850 291682
2014.01.13   39850 39200 39950 39200 163338
2014.01.14   38850 39400 39600 38650 179344
2014.01.15   38250 39000 39000 37200 490877
2014.01.16   37250 38650 38650 37200 254504
2014.01.17   37950 37350 38450 37100 171794
2014.01.20   39350 38450 39600 38250 197948
2014.01.21   39200 39350 39400 38850 80291
2014.01.22   39850 39500 39850 38900 183303
2014.01.23   39450 39850 40450 38800 192649
2014.01.24   40900 39500 40900 39200 267879
2014.01.27   40400 40000 40700 39700 132375
2014.01.28   40400 40350 40600 39550 220221
2014.01.29   41500 40450 42000 40000 181647
2014.02.03   43850 42500 43950 42000 291482
2014.02.04   43100 43800 43950 43100 333913
2014.02.05   42900 43000 43550 42700 220951
2014.02.06   42000 42900 43000 41700 240888
2014.02.07   43100 42100 43500 42000 247522
2014.02.10   42550 42550 43100 41350 327644
2014.02.11   41500 42500 43150 41500 236033
2014.02.12   40900 42000 42300 40700 288427
2014.02.13   39600 41400 41450 39550 709766
2014.02.14   39450 39800 40100 39050 295858
2014.02.17   40500 40200 40650 39550 239144
2014.02.18   40400 40350 41150 39800 154575
2014.02.19   41000 40550 41700 40400 249826
2014.02.20   39800 40800 41300 39350 220705
2014.02.21   39350 40000 40100 39350 180604
2014.02.24   39450 39750 39750 38850 107338
2014.02.25   42200 40150 45350 40100 1167463
2014.02.26   41850 41000 41850 40250 549572
2014.02.27   42550 41800 43000 41050 251246
2014.02.28   44000 43150 44000 42750 254424
2014.03.03   43250 44000 44150 43250 167617
2014.03.04   42650 43950 44350 42650 150545
2014.03.05   42600 42700 43300 42200 175895
2014.03.06   44800 43000 45000 42450 269127
2014.03.07   44600 44800 45400 44350 229979
2014.03.10   44850 44600 45550 44150 246692
2014.03.11   45500 44650 46200 44650 162214
2014.03.12   44400 45500 46000 44350 235721
2014.03.13   43450 44400 44750 43050 319733
2014.03.14   43400 42850 43600 42800 125983
2014.03.17   43100 43550 43550 42300 133607
2014.03.18   43950 43200 46100 43050 462764
2014.03.19   46950 44800 46950 44700 503466
2014.03.20   47500 46350 47550 45250 310552
2014.03.21   48650 47500 48950 46400 323782
2014.03.24   48600 48800 49600 47350 365906
2014.03.25   44950 47850 48500 44800 459702
2014.03.26   43850 44950 45300 43450 433163
2014.03.27   43850 44400 44950 43400 336824
2014.03.28   45150 44150 45850 43900 229214
2014.03.31   43750 45150 45600 42500 473477
2014.04.01   45000 43850 45950 43850 279616
2014.04.02   46300 45500 46950 45200 318294
2014.04.03   45850 46750 46850 45500 200777
2014.04.04   44950 45300 45800 44600 303611
2014.04.07   44850 44950 45950 43850 322502
2014.04.08   44350 44200 45550 44200 320513
2014.04.09   43600 44550 44700 43300 280702
2014.04.10   44800 44400 45200 44150 346372
2014.04.11   44950 44250 45400 44150 213280
2014.04.14   44600 45100 45300 44600 320136
2014.04.15   44800 46800 46800 44650 361531
2014.04.16   44100 45100 45100 44050 141247
2014.04.17   43850 44250 44650 43450 236457
2014.04.18   44800 44150 45150 44150 212151
2014.04.21   44400 44800 45100 44250 119067
2014.04.22   44400 44600 45100 44200 206866
2014.04.23   43700 44500 44650 43550 354965
2014.04.24   42400 43650 43750 42100 445044
2014.04.25   42700 42350 43400 42250 291837
2014.04.28   43450 43000 44000 42750 209041
2014.04.29   43600 43500 43950 43200 161017
2014.04.30   43050 43000 44050 43000 215941
2014.05.02   44850 43350 45000 43350 259314
2014.05.07   44550 45000 45200 44250 303302
2014.05.08   44600 44800 45400 44350 207696
2014.05.09   42750 44800 44900 41700 402916
2014.05.12   43250 42750 43750 42200 121416
2014.05.13   44400 44000 44900 43800 244237
2014.05.14   44200 44000 44500 43850 126129
2014.05.15   43200 43900 44350 43050 91401
2014.05.16   42300 42900 43200 42200 221357
2014.05.19   42450 42700 43300 42250 164706
2014.05.20   41950 42000 42450 41250 163654
2014.05.21   41700 41500 42150 41500 142123
2014.05.22   41300 41950 42050 41100 198108
2014.05.23   40900 41000 41500 40600 245354
2014.05.26   41700 40850 41800 40600 198570
2014.05.27   41500 41550 41700 41250 122399
2014.05.28   40050 41150 41300 39800 369238
2014.05.29   40300 40200 40900 40100 219237
2014.05.30   41150 40450 41950 40450 334955
2014.06.02   40500 41200 41850 40000 180977
2014.06.03   40100 40500 41100 39750 107162
2014.06.05   40000 40400 40400 39400 169423
2014.06.09   39400 40050 40100 39100 246037
2014.06.10   39300 39000 39750 39000 226485
2014.06.11   37950 39250 39700 37600 420724
2014.06.12   39850 38150 39850 38100 380739
2014.06.13   40100 39700 40250 39200 228277
2014.06.16   39700 39650 40450 39450 206508
2014.06.17   40500 39750 40750 39700 201640
2014.06.18   40500 40850 40950 40100 253446
2014.06.19   39800 39750 40300 39350 253252
2014.06.20   40200 40000 40300 39500 169167
2014.06.23   40000 40450 40450 39900 128506
2014.06.24   40300 40000 40650 39950 166284
2014.06.25   40100 40550 40550 39550 142981
2014.06.26   40700 40200 41000 40150 163839
2014.06.27   41450 41300 42600 41300 356780
2014.06.30   41600 41450 42250 41450 338886
2014.07.01   43200 41700 43500 41700 325103
2014.07.02   43950 43200 43950 42750 251167
2014.07.03   42750 43700 44200 42650 246568
2014.07.04   41600 41900 42000 40850 380849
2014.07.07   41300 41400 41550 40950 233609
2014.07.08   42500 41150 42550 41150 302269
2014.07.09   41950 42200 42550 41600 203009
2014.07.10   40950 41600 41950 40950 195960
2014.07.11   41500 40750 41500 39850 306786
2014.07.14   41950 41650 41950 40000 134702
2014.07.15   42200 41900 42550 41700 262456
2014.07.16   40900 42500 42700 40750 255005
2014.07.17   42350 41200 42350 41200 214050
2014.07.18   43950 42500 44800 42450 488346
2014.07.21   43600 44000 44050 42700 274221
2014.07.22   43450 43900 44000 42850 258984
2014.07.23   42150 43450 43450 41900 282851
2014.07.24   41000 42000 42150 41000 186219
2014.07.25   41050 41000 41200 40850 224621
2014.07.28   40400 40500 41050 40300 351074
2014.07.29   39900 40200 40850 39350 306608
2014.07.30   43000 40000 43300 39200 702577
2014.07.31   42850 42500 43500 42150 275229
2014.08.01   43800 42200 44050 42000 461247
2014.08.04   43000 44100 44550 42050 499617
2014.08.05   42450 43000 43700 42150 185664
2014.08.06   44050 42400 44250 42050 500108
2014.08.07   42900 44050 44200 42900 242035
2014.08.08   43600 42900 44050 42900 307444
2014.08.11   42850 43450 43550 42350 285754
2014.08.12   41500 42800 42850 41250 260016
2014.08.13   42300 41300 42750 40900 523614
2014.08.14   41750 41400 43100 40650 574030
2014.08.18   44700 41750 44700 41700 810526
2014.08.19   46000 44600 46450 43900 605250
2014.08.20   45550 46300 46450 45550 248770
2014.08.21   46450 45550 47600 45550 238603
2014.08.22   45900 46450 47250 45850 195289
2014.08.25   49150 45800 49600 45650 437395
2014.08.26   47000 48900 48950 46900 511576
2014.08.27   45600 46550 46700 45450 496107
2014.08.28   44900 45900 45950 44850 461247
2014.08.29   45200 46000 46550 45100 1250715
2014.09.01   45000 45650 45900 44550 356447
2014.09.02   45200 44650 45350 44650 507744
2014.09.03   45000 44900 45500 44800 473325
2014.09.04   43900 45000 45200 43400 494602
2014.09.05   43900 43650 45000 43450 774421
2014.09.11   43000 43350 43800 42100 1199923
2014.09.12   42800 43000 43300 42300 478188
2014.09.15   42500 43000 43200 42500 248684
2014.09.16   44200 42300 44650 42300 546571
2014.09.17   43450 44000 44600 43050 324870
2014.09.18   43350 43450 43800 42750 406134
2014.09.19   43600 43950 44300 43400 362668
2014.09.22   42300 43900 43950 42200 354776
2014.09.23   41400 42400 42400 41150 386456
2014.09.24   42350 41150 42750 40850 411120
2014.09.25   42550 42800 43300 42100 203625
2014.09.26   42150 42300 42500 41750 250389
2014.09.29   42100 42200 42700 42050 193290
2014.09.30   41950 42500 42700 40900 380940
2014.10.01   40600 42000 42050 40600 320635
2014.10.02   42000 40100 42450 39800 424120
2014.10.06   41750 41600 42150 41150 315731
2014.10.07   41350 41400 42000 41200 166193
2014.10.08   41550 41100 41850 40600 246821
2014.10.10   40400 41550 41850 40200 334770
2014.10.13   39300 39650 40450 38700 440812
2014.10.14   38800 38750 39800 38550 508640
2014.10.15   36900 38250 38800 36850 1022248
2014.10.16   37250 36750 37900 36300 490696
2014.10.17   36450 37700 37700 36450 345308
2014.10.20   38300 36950 38700 36750 324402
2014.10.21   37200 38000 38450 36750 520831
2014.10.22   37350 37800 37900 37050 245460
2014.10.23   37700 37350 37850 36700 252034
2014.10.24   37250 38100 38200 37100 159247
2014.10.27   37500 37250 37750 36850 156917
2014.10.28   37750 37250 38100 37250 134307
2014.10.29   39900 37950 39950 37800 458715
2014.10.30   38850 39500 39900 38250 264452
2014.10.31   38250 39000 39050 37850 146814
2014.11.03   38250 38150 38700 38050 118172
2014.11.04   37550 38300 38400 37000 228196
2014.11.05   39200 37950 39550 37550 384066
2014.11.06   38100 38900 39500 37800 261487
2014.11.07   36850 38450 38500 36200 551625
2014.11.10   36650 37000 37900 36500 171915
2014.11.11   37400 36650 37500 36500 174273
2014.11.12   38850 37000 39150 37000 383440
2014.11.13   39900 38050 39900 37900 276328
2014.11.14   39850 39950 40300 39500 180185
2014.11.17   38750 39900 40400 38300 334454
2014.11.18   40400 39050 40700 39000 214150
2014.11.19   40400 40400 40800 39900 187440
2014.11.20   39850 40300 40550 39800 108691
2014.11.21   39000 39750 40200 38500 284874
2014.11.24   39000 39000 39850 38900 135539
2014.11.25   39250 39000 39850 39000 155552
2014.11.26   39450 39350 39500 38850 124480
2014.11.27   39250 39450 39550 38650 166074
2014.11.28   37800 38900 39250 37700 222540
2014.12.01   38250 37400 38400 37300 110508
2014.12.02   37750 38250 38450 37700 153550
2014.12.03   39200 37750 39200 37600 133802
2014.12.04   35400 39150 39150 33600 1740487
2014.12.05   35900 36100 37100 35750 643698
2014.12.08   35450 36200 36250 35300 412595
2014.12.09   34950 35100 35800 34750 242309
2014.12.10   35200 34950 35500 34750 161678
2014.12.11   33450 35000 35000 32950 659289
2014.12.12   33600 33250 34200 33250 325219
2014.12.15   33650 33500 33750 32500 417526
2014.12.16   35300 34400 35900 34300 511723
2014.12.17   33250 35300 35300 32800 470221
2014.12.18   32400 33300 33600 31350 750432
2014.12.19   32350 32850 32950 31800 357477
2014.12.22   32200 32000 32550 31400 446422
2014.12.23   33800 32400 33950 32400 315337
2014.12.24   33900 33700 34100 33200 263171
2014.12.26   34350 34100 34450 33900 287812
2014.12.29   32600 33450 33750 32500 329918
2014.12.30   32250 32350 33050 32150 226192
2015.01.02   32900 32100 32900 32000 141924
2015.01.05   33350 32450 33600 32400 159559
2015.01.06   32450 32950 33150 31900 261014
2015.01.07   32150 32100 32950 31900 203761
2015.01.08   33850 32000 33850 32000 278351
2015.01.09   35900 34250 38100 34250 1254280
2015.01.12   36750 35700 37250 35500 518550
2015.01.13   37100 36750 37750 35950 389102
2015.01.14   37350 37100 38000 37100 247882
2015.01.15   38300 36800 38500 36800 248769
2015.01.16   38400 38700 38800 37950 239708
2015.01.19   39950 41350 42300 39500 734457
2015.01.20   40200 39900 41000 39000 476258
2015.01.21   39600 39750 40300 39550 200031
2015.01.22   39250 39250 40150 39200 178709
2015.01.23   40000 39250 40200 38300 352951
2015.01.26   40000 40000 40400 39650 192864
2015.01.27   40550 40300 41400 39850 398718
2015.01.28   40600 40500 41050 40200 315702
2015.01.29   40600 40750 41050 40100 117592
2015.01.30   40100 40950 40950 38700 351022
2015.02.02   39500 39600 40100 39300 122837
2015.02.03   39500 39050 40450 39000 240619
2015.02.04   38550 40050 40200 38550 225578
2015.02.05   40200 39400 40400 38900 439019
2015.02.06   40050 40050 40550 39500 182769
2015.02.09   36550 39150 39500 36250 898300
2015.02.10   36850 36800 37200 35100 410195
2015.02.11   38000 36850 38300 36850 294215
2015.02.12   37550 37250 37950 37200 192141
2015.02.13   36700 37200 37900 36100 391554
2015.02.16   37150 36700 37500 35700 143170
2015.02.17   37800 37200 38100 37200 177139
2015.02.23   36700 37300 37750 36500 212390
2015.02.24   36100 36150 36850 35950 198826
2015.02.25   35700 36100 36500 35650 138161
2015.02.26   34150 35800 36100 33900 414244
2015.02.27   34750 34250 35300 34250 355503
2015.03.02   35350 34650 35600 34550 204195
2015.03.03   34800 35150 35400 34800 174873
2015.03.04   35400 34600 35550 34300 173239
2015.03.05   35850 35500 36150 35400 223295
2015.03.06   33900 35000 35250 33800 568898
2015.03.09   33800 33800 34250 33200 289544
2015.03.10   35150 33700 35150 33650 418369
2015.03.11   34150 35050 35200 34000 229925
2015.03.12   33400 34000 34450 33400 265791
2015.03.13   34700 33700 34750 33600 216791
2015.03.16   34650 34700 34800 34100 127629
2015.03.17   34500 34950 34950 34100 193610
2015.03.18   33350 34800 34800 33250 329003
2015.03.19   33300 33400 33600 33000 207027
2015.03.20   33300 33350 33500 32900 311112
2015.03.23   34750 33500 34750 33450 346209
2015.03.24   34100 34700 34750 33850 202589
2015.03.25   33950 34250 34400 33150 224421
2015.03.26   34650 33550 34650 33550 201438
2015.03.27   35000 34700 35000 34100 230168
2015.03.30   36050 34950 36100 34650 337379
2015.03.31   37850 36400 38950 36250 727215
2015.04.01   37500 38000 38400 37050 252461
2015.04.02   36350 37150 37400 36100 352848
2015.04.03   38200 36750 38250 36550 301275
2015.04.06   37450 38350 38950 37150 228586
2015.04.07   37650 37800 38650 37000 147642
2015.04.08   36950 37850 37850 36900 158337
2015.04.09   37800 36800 37900 36750 193491
2015.04.10   37600 37500 37850 37350 107629
2015.04.13   39000 37450 39200 37450 379226
2015.04.14   40000 38400 40300 38000 495122
2015.04.15   41250 42000 43750 41200 1538729
2015.04.16   41450 40500 42100 40150 410698
2015.04.17   41150 41100 41700 40550 197230
2015.04.20   40850 41000 41700 40500 227970
2015.04.21   40000 40900 40950 39900 261097
2015.04.22   40100 40200 41400 39950 355378
2015.04.23   40550 40000 40900 38850 331386
2015.04.24   40450 40050 41550 39800 240967
2015.04.27   40300 40900 41150 40150 146612
2015.04.28   39500 40150 40700 39500 153529
2015.04.29   40000 40450 40450 39400 241578
2015.04.30   38550 39750 40000 38300 204901
2015.05.04   37650 38600 38650 37200 188960
2015.05.06   37300 37200 37850 37000 243194
2015.05.07   39050 37300 39100 36700 328764
2015.05.08   40550 39300 40700 38500 357490
2015.05.11   40150 40800 40800 39800 164497
2015.05.12   43000 41900 44000 41650 1265825
2015.05.13   41300 42800 42800 41050 527559
2015.05.14   41800 42050 42250 41600 215249
2015.05.15   42100 41300 42300 41050 205776
2015.05.18   41350 41400 41900 40600 190637
2015.05.19   41100 41100 41900 40800 187224
2015.05.20   42100 40500 42600 40500 276711
2015.05.21   41850 42100 42500 40800 228340
2015.05.22   41750 41900 42300 41450 140001
2015.05.26   42300 40900 42600 40800 191783
2015.05.27   41500 41800 42100 40700 185801
2015.05.28   42850 41500 43250 41150 277636
2015.05.29   41500 42500 43450 40850 377709
2015.06.01   39600 40100 40600 38200 603639
2015.06.02   37650 38500 39400 37200 574214
2015.06.03   37800 36900 38850 36050 458814
2015.06.04   37850 38200 38450 37200 233517
2015.06.05   38600 37500 38900 37450 234161
2015.06.08   39150 38500 39350 37600 197745
2015.06.09   39000 39200 39950 38250 277800
2015.06.10   38400 38850 39050 38300 174123
2015.06.11   39550 39450 39650 38400 346322
2015.06.12   39800 39500 40350 39150 219942
2015.06.15   38850 39800 40000 38500 161923
2015.06.16   38900 39050 39850 38550 244959
2015.06.17   40550 39900 40650 39100 330500
2015.06.18   36900 39750 39950 36900 960439
2015.06.19   31650 30850 33750 30750 4247194
2015.06.22   32500 31950 33000 31650 1584044
2015.06.23   32650 33900 34250 32450 1112171
2015.06.24   31950 32700 33000 31800 803200
2015.06.25   31200 31800 32100 31000 1014011
2015.06.26   31100 31600 32200 31000 1088604
2015.06.29   30650 30650 31450 30300 742541
2015.06.30   31100 30800 31200 30250 670472
2015.07.01   31350 31100 31500 30800 490024
2015.07.02   31500 31550 31550 31100 594093
2015.07.03   32000 31400 32500 31250 1115409
2015.07.06   31000 31900 32500 30850 1042922
2015.07.07   30250 31250 31250 30150 729971
2015.07.08   30450 30500 30950 30200 484582
2015.07.09   30250 30000 30400 29800 395556
2015.07.10   29750 30450 30550 29650 461712
2015.07.13   31350 30000 31400 29900 514631
2015.07.14   31400 31650 32000 31350 680886
2015.07.15   31700 31450 31850 31300 328663
2015.07.16   31050 31650 31700 30800 452859
2015.07.17   30900 31150 31200 30550 254629
2015.07.20   29750 31100 31150 29450 577030
2015.07.21   29500 29550 29750 28850 503197
2015.07.22   29650 29400 30050 29250 432663
2015.07.23   29450 29850 29900 29400 260991
2015.07.24   27850 29300 29500 27700 732827
2015.07.27   28400 27800 28650 27200 466052
2015.07.28   29550 28350 29800 28250 803635
2015.07.29   29800 29750 30150 29100 457382
2015.07.30   30400 29600 30500 29100 527885
2015.07.31   30100 30550 30750 29600 469420
2015.08.03   31300 30150 32500 30150 952038
2015.08.04   31600 31300 31800 30950 401415
2015.08.05   31750 31600 32050 31000 310949
2015.08.06   31650 31800 32100 31450 364639
2015.08.07   31100 31650 31650 31050 198340
2015.08.10   30250 30750 31000 30150 373811
2015.08.11   31250 30750 31750 30500 511209
2015.08.12   30250 30850 31350 29500 499586
2015.08.13   31100 30000 31300 29700 261585
2015.08.17   30700 31600 31600 30600 227990
2015.08.18   30400 30900 31200 30100 180077
2015.08.19   29450 30000 30100 28850 417991
2015.08.20   28550 29100 29800 28550 457807
2015.08.21   27800 27150 27900 26950 633175
2015.08.24   29000 27500 29750 27350 572235
2015.08.25   29050 29500 29550 28650 491991
2015.08.26   29150 29050 29350 28800 416315
2015.08.27   30250 29700 30600 29450 517440
2015.08.28   30450 30750 31000 30250 337298
2015.08.31   31300 31050 31650 30650 582384
2015.09.01   30550 31200 31400 30550 276030
2015.09.02   31000 29950 31400 29850 261437
2015.09.03   31200 31150 31650 30950 219163
2015.09.04   30050 30950 31350 29900 256871
2015.09.07   30000 30000 31050 29800 309530
2015.09.08   29650 30000 30350 29000 365619
2015.09.09   30000 30000 30200 29750 348938
2015.09.10   30350 29600 30350 29550 279859
2015.09.11   30700 30250 30700 30000 238276
2015.09.14   31200 31000 31500 30700 476353
2015.09.15   31100 31500 31550 30900 231909
2015.09.16   33150 31300 33400 31250 1271678
2015.09.17   33450 33300 33850 32850 513719
2015.09.18   33150 33650 33800 32700 458565
2015.09.21   33200 33000 33400 32700 303139
2015.09.22   34000 33100 34100 33100 508493
2015.09.23   34000 33700 34600 33600 395183
2015.09.24   34150 34000 34350 33750 240770
2015.09.25   33750 34150 34200 33300 177113
2015.09.30   33250 33100 33800 32700 328658
2015.10.01   33550 33250 33900 33250 259303
2015.10.02   33500 33600 33850 33200 205875
2015.10.05   35100 34000 35200 33600 561678
2015.10.06   34800 35300 35450 34800 282226
2015.10.07   34050 34800 34950 33850 290971
2015.10.08   33950 34500 34600 33600 238841
2015.10.12   33950 34200 34500 33550 216154
2015.10.13   33400 33450 33900 33250 368283
2015.10.14   32050 32750 32900 31350 790000
2015.10.15   33050 32050 33200 32050 343442
2015.10.16   32800 32850 33200 32800 165468
2015.10.19   33150 32800 33400 32700 148221
2015.10.20   32950 33250 33400 32550 219472
2015.10.21   32850 32950 33100 32350 251318
2015.10.22   31750 32650 32650 31700 361881
2015.10.23   31800 31800 32100 31350 335991
2015.10.26   32000 32150 32200 31650 223581
2015.10.27   32650 31950 32750 31900 225022
2015.10.28   33150 32650 33150 32250 197893
2015.10.29   32100 33150 33150 31900 256275
2015.10.30   31800 32050 32050 31450 218849
2015.11.02   31850 31800 32100 31500 115816
2015.11.03   32350 32000 32350 31800 198270
2015.11.04   31900 32350 32350 31600 321317
2015.11.05   32050 31800 32150 31550 260179
2015.11.06   31600 32100 32150 31550 166746
2015.11.09   31200 31700 32250 31150 215481
2015.11.10   30650 31150 31200 30300 314461
2015.11.11   26650 25800 28050 25750 3041953
2015.11.12   26300 26550 26700 25800 1087032
2015.11.13   26100 25950 26350 25500 784361
2015.11.16   25400 25600 25800 25150 473782
2015.11.17   25450 25450 25750 25250 473167
2015.11.18   24800 25450 25650 24750 502647
2015.11.19   24650 24850 25200 24450 489586
2015.11.20   24500 24750 24800 24200 558363
2015.11.23   23950 24500 24500 23700 665959
2015.11.24   23900 23800 24150 23150 809228
2015.11.25   23950 23900 24450 23700 454004
2015.11.26   24100 23800 24150 23650 294575
2015.11.27   24150 24200 24400 24050 345312
2015.11.30   23850 23950 24350 23650 284694
2015.12.01   24200 24000 24550 23950 302696
2015.12.02   25000 24400 25150 24300 617012
2015.12.03   25550 24900 25650 24500 404006
2015.12.04   25100 25300 25700 24800 311394
2015.12.07   24200 25100 25250 24100 337367
2015.12.08   24050 24400 24900 23850 316950
2015.12.09   24350 24050 24400 23950 103265
2015.12.10   23900 24350 24550 23500 352369
2015.12.11   24100 23750 24150 23750 205853
2015.12.14   24100 23800 24250 23550 219672
2015.12.15   24950 24000 24950 24000 240096
2015.12.16   25000 24900 25150 24700 220599
2015.12.17   25000 25100 25300 24850 195627
2015.12.18   25450 25000 25600 24850 324055
2015.12.21   25650 25350 25750 25300 177340
2015.12.22   25100 25600 25600 25050 265326
2015.12.23   25300 25150 25400 24950 197068
2015.12.24   25550 25400 25750 25350 183770
2015.12.28   25100 25600 25700 25100 222824
2015.12.29   24300 24800 24900 23850 320599
2015.12.30   24200 24200 24500 23950 168946
2016.01.04   23400 24150 24150 23400 295611
2016.01.05   23900 23300 23900 23300 140238
2016.01.06   23100 24150 24150 22900 400409
2016.01.07   22450 22700 23250 22350 264488
2016.01.08   22500 22000 22550 21700 296326
2016.01.11   21850 22250 22650 21800 232481
2016.01.12   22000 21850 22350 21800 308951
2016.01.13   21950 22050 22300 21700 277011
2016.01.14   21350 21750 21950 21000 455566
2016.01.15   20950 21550 21600 20700 283322
2016.01.18   21250 20750 21850 20500 412159
2016.01.19   21450 21600 21900 21250 295426
2016.01.20   20700 21200 21400 20050 414986
2016.01.21   20650 20250 21000 20000 289822
2016.01.22   21100 20550 21850 20550 324961
2016.01.25   21650 21300 21950 21200 249786
2016.01.26   21750 21450 21900 21400 140406
2016.01.27   21950 21750 22100 21700 195544
2016.01.28   21850 21700 22000 21700 115833
2016.01.29   22850 22000 22850 22000 328602
2016.02.01   23050 22900 23150 22550 237958
2016.02.02   22950 22800 23150 22400 218409
2016.02.03   22450 22700 22800 22400 144419
2016.02.04   23950 22550 24100 22550 813166
2016.02.05   24800 23700 24900 23450 438379
2016.02.11   23400 23850 24550 23200 324774
2016.02.12   22050 23200 23250 22000 410151
2016.02.15   23200 21900 23350 21900 424460
2016.02.16   24000 23100 24200 22500 440274
2016.02.17   23500 24000 24150 23350 294857
2016.02.18   24000 23500 24400 23450 389885
2016.02.19   24150 24000 24300 23650 251645
2016.02.22   24250 23900 24300 23850 192352
2016.02.23   24300 24350 24650 24050 235771
2016.02.24   24500 24300 24550 24100 233201
2016.02.25   24750 24500 24900 24400 317825
2016.02.26   25850 24900 26050 24850 728060
2016.02.29   26150 25750 26250 25100 563745
2016.03.02   25150 26100 26100 24600 992490
2016.03.03   24550 25150 25200 24200 534356
2016.03.04   24700 24350 24700 24200 263902
2016.03.07   24600 24700 24850 24500 242275
2016.03.08   24500 24600 24800 24000 324198
2016.03.09   24500 24500 24750 24350 335714
2016.03.10   24950 24550 25300 24550 600674
2016.03.11   24950 24700 25050 24550 230193
2016.03.14   24000 24850 24950 23950 485581
2016.03.15   24250 23900 24700 23900 404418
2016.03.16   24150 24400 24600 24150 171112
2016.03.17   24200 24250 24600 24150 268446
2016.03.18   23750 24100 24300 23600 274821
2016.03.21   23850 23750 24000 23450 244615
2016.03.22   23850 23850 24150 23600 144517
2016.03.23   24250 23850 24550 23850 213501
2016.03.24   23750 24200 24550 23750 209722
2016.03.25   23550 23800 23900 23500 133046
2016.03.28   23450 23500 23950 23400 175141
2016.03.29   23600 23450 23750 23450 146471
2016.03.30   23150 23700 23750 23100 257489
2016.03.31   22850 23250 23400 22650 386872
2016.04.01   22200 22900 22950 22200 241570
2016.04.04   22150 22250 22350 21850 258582
2016.04.05   23450 22200 23550 21850 474919
2016.04.06   25800 23550 26200 23550 1789794
2016.04.07   26000 25700 26250 25450 607275
2016.04.08   26750 25800 27200 25750 896972
2016.04.11   27400 27150 27400 26650 572179
2016.04.12   26500 27200 27350 26200 452699
2016.04.14   27250 26200 27250 26150 389485
2016.04.15   26700 27050 27200 26650 295777
2016.04.18   27600 27000 27900 26800 536330
2016.04.19   26800 27900 27900 26450 470613
2016.04.20   26700 26750 27000 26250 388159
2016.04.21   26900 26700 27050 26200 468001
2016.04.22   27200 27150 28150 27000 740898
2016.04.25   26600 27000 27350 26450 334885
2016.04.26   27300 26900 27700 26600 345103
2016.04.27   28700 27150 28950 27100 837966
2016.04.28   28900 28950 29150 27700 858317
2016.04.29   28850 28750 29100 28350 423091
2016.05.02   29150 28900 29500 28650 431401
2016.05.03   29350 29050 29550 28650 387581
2016.05.04   30100 29200 30300 28950 668102
2016.05.09   29950 29950 30250 29100 383338
2016.05.10   28950 29950 30050 28800 448703
2016.05.11   29000 29200 29800 28200 829063
2016.05.12   29700 28500 30050 28500 406598
2016.05.13   30300 29750 30450 29400 318404
2016.05.16   29650 29950 30350 29300 210548
2016.05.17   29700 29650 29900 29300 156792
2016.05.18   29250 29350 29800 29100 190533
2016.05.19   28350 28850 29000 27500 437737
2016.05.20   28400 28300 28600 28050 147573
2016.05.23   27700 28000 28300 27550 260292
2016.05.24   27350 27850 27950 27000 261654
2016.05.25   28650 27550 29200 27100 315996
2016.05.26   28100 28400 29050 28050 118230
2016.05.27   28750 28100 28900 28000 131207
2016.05.30   28450 28600 28950 28350 132895
2016.05.31   28200 28500 28600 27950 186573
2016.06.01   28000 28050 28550 27950 134795
2016.06.02   27200 27950 28250 26950 423160
2016.06.03   27400 27350 27750 27200 269029
2016.06.07   27450 27750 27750 27150 145700
2016.06.08   27450 27450 27650 26950 199151
2016.06.09   27750 27350 27950 27300 220976
2016.06.10   27350 27650 28400 26950 351887
2016.06.13   26200 27350 27400 25950 362674
2016.06.14   26650 26300 27250 26250 447914
2016.06.15   26750 26800 27650 26700 286278
2016.06.16   26250 27000 27100 26050 189361
2016.06.17   26450 26500 26950 26350 153626
2016.06.20   26250 26850 27250 26050 282866
2016.06.21   26550 26500 26600 26250 121472
2016.06.22   26400 26600 26700 26250 109977
2016.06.23   26000 26300 26400 25850 183700
2016.06.24   25000 26300 26450 24400 552087
2016.06.27   26150 24300 26500 24300 457214
2016.06.28   26900 26150 26900 26050 337571
2016.06.29   26900 26950 27050 26550 268841
2016.06.30   26550 27150 27150 26400 193144
2016.07.01   26650 26800 26900 26450 207892
2016.07.04   26900 26800 27050 26650 195472
2016.07.05   27600 26800 27800 26750 315352
2016.07.06   27550 27700 28150 27200 375776
2016.07.07   27550 27750 27900 27250 262514
2016.07.08   25850 27600 27650 25750 640577
2016.07.11   24950 25300 25900 24650 1114582
2016.07.12   25450 25150 25900 25050 492492
2016.07.13   25250 25500 25800 25050 397317
2016.07.14   25400 25050 25600 25000 261318
2016.07.15   25150 25550 25550 24850 307079
2016.07.18   24700 25200 25200 24650 273891
2016.07.19   25100 24950 25250 24700 361638
2016.07.20   25100 25250 25250 24850 173416
2016.07.21   24700 25000 25350 24550 341257
2016.07.22   24800 24700 24900 24450 162986
2016.07.25   24150 24950 25000 24100 321870
2016.07.26   25950 24250 26050 24200 587809
2016.07.27   25550 26100 26300 25450 422562
2016.07.28   25550 25750 25950 25000 151413
2016.07.29   26050 25800 26100 25100 275020
2016.08.01   25600 26000 26200 25550 299442
2016.08.02   25600 25750 25900 25150 186534
2016.08.03   25700 25250 25900 25150 206711
2016.08.04   26750 25500 26950 25450 609017
2016.08.05   25500 26750 26900 25350 648006
2016.08.08   26300 25800 26450 25600 275289
2016.08.09   25800 26350 26350 25700 377921
2016.08.10   25900 25700 26050 25500 418582
2016.08.11   26150 25900 26400 25750 279812
2016.08.12   26200 26150 26250 25900 165485
2016.08.16   26200 26200 26350 26000 204206
2016.08.17   26350 26200 26600 26100 258129
2016.08.18   26600 26350 26650 26200 255394
2016.08.19   26050 26500 26500 25850 425076
2016.08.22   25800 25900 26200 25650 409474
2016.08.23   25900 25950 26300 25750 413164
2016.08.24   26850 25850 27250 25850 667692
2016.08.25   26450 26900 26950 26350 228212
2016.08.26   27000 26450 27100 26450 271185
2016.08.29   26500 27100 27100 26450 198824
2016.08.30   26000 26700 27000 26000 276224
2016.08.31   26100 26200 26800 26100 189895
2016.09.01   26100 26250 26250 25650 174044
2016.09.02   26850 26200 27650 26200 906155
2016.09.05   26150 27000 27000 26050 417241
2016.09.06   25500 26150 26150 25250 610765
2016.09.07   25150 25650 25750 25100 354562
2016.09.08   25300 25400 25450 25050 209631
2016.09.09   24950 25300 25300 24950 265276
2016.09.12   24850 24800 25000 24450 257708
2016.09.13   24350 24900 25000 24150 300571
2016.09.19   24800 24400 24850 24200 121236
2016.09.20   25050 24700 25100 24450 129241
2016.09.21   25000 25000 25150 24650 147663
2016.09.22   25000 25200 25450 24850 184266
2016.09.23   24600 25200 25200 24500 386184
2016.09.26   24500 24700 24700 24450 176474
2016.09.27   25100 24650 25150 24450 190221
2016.09.28   25100 24750 25250 24750 164233
2016.09.29   24950 25100 25150 24850 153973
2016.09.30   24650 24900 25100 24550 212286
2016.10.04   24800 24750 24950 24650 119564
2016.10.05   25100 24850 25150 24650 282826
2016.10.06   24550 25050 25050 24350 392134
2016.10.07   24200 24500 24600 24100 313022
2016.10.10   23950 24200 24250 23750 330392
2016.10.11   23750 24050 24150 23550 332849
2016.10.12   23750 23800 24100 23700 209908
2016.10.13   23400 23800 23850 23400 205306
2016.10.14   23450 23600 23600 23350 141877
2016.10.17   23000 23700 23700 22900 296512
2016.10.18   22950 23000 23150 22500 394375
2016.10.19   22500 22900 23150 22450 414667
2016.10.20   22600 22450 22750 22400 317402
2016.10.21   22650 22700 22800 22450 267724
2016.10.24   22800 22750 23000 22700 208173
2016.10.25   21250 22700 22700 20900 1489886
2016.10.26   22100 21250 22150 21050 381925
2016.10.27   22200 21850 22700 21850 263575
2016.10.28   22050 22200 22350 21850 152221
2016.10.31   21700 22000 22450 21600 251986
2016.11.01   21900 21500 22150 21500 191248
2016.11.02   21550 22000 22000 21300 292412
2016.11.03   22400 21750 22450 21550 316348
2016.11.04   22500 22350 22650 22000 305606
2016.11.07   21450 22500 22500 21250 681670
2016.11.08   21550 21550 21750 21350 344999
2016.11.09   21550 21450 21650 20750 503240
2016.11.10   21750 21750 22000 21300 403586
2016.11.11   21350 21750 21800 21050 372604
2016.11.14   21050 21300 21350 20850 279162
2016.11.15   20900 21000 21200 20800 146433
2016.11.16   21600 21150 21600 21050 301606
2016.11.17   21900 21450 21950 21300 153561
2016.11.18   21650 21900 21900 21300 142063
2016.11.21   21250 21350 21500 21150 167606
2016.11.22   21200 21300 21400 20850 176713
2016.11.23   21200 21200 21400 20900 163834
2016.11.24   21400 21200 21550 21200 164619
2016.11.25   21400 21400 21600 21350 145526
2016.11.28   21700 21450 21750 21250 157370
2016.11.29   22250 21650 22300 21450 230337
2016.11.30   22000 22300 22300 21850 235202
2016.12.01   21650 21950 22100 21550 156095
2016.12.02   21250 21600 21700 21100 189204
2016.12.05   20500 21100 21150 20350 362887
2016.12.06   20550 20450 20750 20400 203880
2016.12.07   20950 20650 21000 20450 163273
2016.12.08   21250 20950 21300 20800 193701
2016.12.09   21050 21150 21150 20650 237078
2016.12.12   21200 21100 21600 20950 211015
2016.12.13   21950 21250 21950 21050 292735
2016.12.14   21700 21900 22050 21550 199009
2016.12.15   21350 21500 21550 21250 230482
2016.12.16   21100 21400 21400 21050 210658
2016.12.19   21200 21350 21350 21000 99078
2016.12.20   20950 21150 21300 20900 209287
2016.12.21   20900 21100 21150 20800 192889
2016.12.22   21050 20900 21050 20850 127586
2016.12.23   21150 21050 21200 20900 167119
2016.12.26   21250 21200 21350 21100 164188
2016.12.27   21300 21250 21400 21150 285543
2016.12.28   20700 20850 20900 20600 256894
2016.12.29   20450 20750 20850 20250 297630
2017.01.02   19950 20400 20400 19900 235727
2017.01.03   19850 20000 20000 19600 394534
2017.01.04   20200 19800 20200 19750 264121
2017.01.05   20250 20050 20300 20000 218321
2017.01.06   20200 20150 20250 19900 296734
2017.01.09   19800 20200 20200 19700 301788
2017.01.10   19350 19750 19850 19300 346778
2017.01.11   19350 19250 19550 19200 171567
2017.01.12   19500 19450 19550 19350 291659
2017.01.13   19550 19600 19750 19400 190233
2017.01.16   19900 19700 19900 19550 175626
2017.01.17   19950 19950 20100 19800 158644
2017.01.18   19950 19800 20000 19700 150466
2017.01.19   19700 19900 20000 19550 152289
2017.01.20   19800 19700 19850 19450 220403
2017.01.23   19700 19900 19900 19500 191933
2017.01.24   19400 19800 19850 19300 266646
2017.01.25   18750 19350 19500 18750 315270
2017.01.26   19200 18850 19250 18750 185161
2017.01.31   18900 19050 19150 18800 156452
2017.02.01   19350 18900 19400 18850 164381
2017.02.02   19450 19200 19700 19150 220719
2017.02.03   19350 19450 19500 19100 169189
2017.02.06   19450 19450 19850 19350 144410
2017.02.07   19650 19450 19650 19400 146094
2017.02.08   19750 19600 19900 19350 198226
2017.02.09   19750 19750 20150 19400 266473
2017.02.10   19250 19600 19700 19200 281989
2017.02.13   19100 19200 19450 19050 218264
2017.02.14   20650 19250 20850 19150 1364195
2017.02.15   20850 20500 21600 20450 1063859
2017.02.16   21000 20900 21000 20450 437172
2017.02.17   20650 21000 21000 20550 154973
2017.02.20   21050 20600 21200 20400 277132
2017.02.21   20950 21100 21250 20800 181877
2017.02.22   20750 20950 21050 20650 173345
2017.02.23   21550 20700 21700 20700 499196
2017.02.24   21600 21600 21800 21300 269414
2017.02.27   21400 21750 21850 21250 283614
2017.02.28   21350 21300 21450 21150 166418
2017.03.02   21300 21550 21550 21000 207190
2017.03.03   19600 20600 20700 19300 1038879
2017.03.06   19150 19200 19400 19000 351385
2017.03.07   19300 19150 19400 19100 167784
2017.03.08   19300 19100 19400 19000 174056
2017.03.09   19650 19200 19850 19150 262105
2017.03.10   19400 19700 19950 19250 285832
2017.03.13   19300 19400 19550 19150 258554
2017.03.14   19300 19350 19450 19250 193320
2017.03.15   19500 19400 19550 19300 244755
2017.03.16   19350 19550 19750 19150 201148
2017.03.17   19400 19200 19600 19200 173694
2017.03.20   19550 19500 19550 19300 173555
2017.03.21   19650 19450 19750 19450 182784
2017.03.22   20400 19700 20600 19600 320736
2017.03.23   20500 20600 21000 20400 323292
2017.03.24   21000 20650 21100 20500 266046
2017.03.27   21500 21250 21550 20950 342068
2017.03.28   21750 21450 21950 21450 397299
2017.03.29   21500 21850 21850 21150 242255
2017.03.30   22000 21500 22200 21450 291318
2017.03.31   21900 21950 22050 21650 258571
2017.04.03   22150 21800 22350 21700 231765
2017.04.04   22200 22100 22350 22000 186004
2017.04.05   22150 22300 22350 21850 195089
2017.04.06   21950 22050 22150 21650 152534
2017.04.07   22050 21900 22150 21850 133209
2017.04.10   21350 21800 21900 21100 246193
2017.04.11   22100 21350 22100 21350 234156
2017.04.12   21800 21950 22000 21100 364228
2017.04.13   22300 21750 22400 21400 342890
2017.04.14   21750 22350 22350 21650 136270
2017.04.17   22150 21900 22300 21900 213092
2017.04.18   22000 22050 22250 21900 216281
2017.04.19   22050 22000 22100 21800 165516
2017.04.20   21950 22100 22150 21700 231164
2017.04.21   22050 21900 22100 21500 225497
2017.04.24   21550 22150 22150 21550 155153
2017.04.25   21750 21550 21750 21450 156009
2017.04.26   21950 21650 22100 21550 150694
2017.04.27   21700 21850 22000 21600 146432
2017.04.28   21700 21550 21750 21400 156365
2017.05.02   21900 21550 21900 21500 85305
2017.05.04   22300 21900 22400 21750 228412
2017.05.08   22400 22400 22400 21800 355491
2017.05.10   22150 22500 22500 22050 202491
2017.05.11   23100 22250 23100 22100 549710
2017.05.12   22800 22550 23150 22500 422745
2017.05.15   22700 22750 23100 22650 219364
2017.05.16   22600 22650 22700 22400 220818
2017.05.17   23000 22600 23500 22600 601807
2017.05.18   23150 22650 23300 22600 497906
2017.05.19   23000 23300 23300 22900 264451
2017.05.22   22600 23050 23200 22550 276606
2017.05.23   22700 22600 22950 22500 387487
2017.05.24   22850 22750 22900 22550 166161
2017.05.25   22850 22850 22950 22700 188772
2017.05.26   22800 22700 23050 22650 296196
2017.05.29   22500 22800 22850 22300 320285
2017.05.30   22450 22300 22700 22150 250262
2017.05.31   22200 22450 22450 21950 335620
2017.06.01   21450 22200 22350 21400 668518
2017.06.02   21400 21500 21800 21150 772252
2017.06.05   21850 21600 22350 21500 621364
2017.06.07   21950 21900 22050 21700 262152
2017.06.08   22500 21950 22600 21700 581664
2017.06.09   22800 22600 22900 22350 397617
2017.06.12   22750 22750 22950 22450 314085
2017.06.13   22650 22750 22950 22650 215963
2017.06.14   22100 22600 22700 21900 492601
2017.06.15   22350 22150 22400 22050 243010
2017.06.16   22150 22350 22350 21950 278525
2017.06.19   22250 22200 22300 21900 162743
2017.06.20   22200 22250 22550 22050 319115
2017.06.21   22700 22200 23050 22200 617186
2017.06.22   22700 22800 22800 22400 204719
2017.06.23   22650 22800 23000 22600 242210
2017.06.26   22800 22900 22900 22600 226522
2017.06.27   22650 22800 22850 22450 278742
2017.06.28   22550 22650 22700 22450 223726
2017.06.29   22400 22550 22600 22250 272773
2017.06.30   22400 22400 22550 22200 101858
2017.07.03   22100 22400 22600 22050 160562
2017.07.04   22100 22250 22300 21950 94190
2017.07.05   21750 22000 22100 21700 176914
2017.07.06   21750 21700 21850 21700 116537
2017.07.07   22050 21700 22250 21500 166007
2017.07.10   21500 21900 22100 21350 231449
2017.07.11   21600 21300 21800 21300 142382
2017.07.12   21500 21500 21700 21450 68356
2017.07.13   21400 21600 21800 21400 128365
2017.07.14   21950 21500 22050 21450 233947
2017.07.17   22000 22100 22100 21750 111166
2017.07.18   21850 21850 22100 21700 194236
2017.07.19   22550 22050 22750 21950 380901
2017.07.20   22450 22550 22750 22350 165985
2017.07.21   22300 22350 22400 22200 104625
2017.07.24   22600 22400 22750 22100 198139
2017.07.25   23300 22800 23350 22700 476041
2017.07.26   23250 23350 23750 23200 380571
2017.07.27   23700 23300 23750 23300 283266
2017.07.28   23450 23500 23700 23350 219984
2017.07.31   22950 23400 23450 22950 237678
2017.08.01   23600 23000 23700 23000 214679
2017.08.02   23600 23200 23650 23100 230495
2017.08.03   23500 23650 23700 23300 239035
2017.08.04   24000 23650 24100 23600 296738
2017.08.07   23700 24100 24300 23650 164109
2017.08.08   23950 23800 24250 23650 221008
2017.08.09   24300 23950 24500 23850 306035
2017.08.10   24150 24200 24500 23900 356697
2017.08.11   23500 23800 23900 23200 257986
2017.08.14   23550 23500 23700 23200 108156
2017.08.16   23400 23400 23550 23200 125765
2017.08.17   23550 23250 23750 23200 86031
2017.08.18   23050 23250 23650 23000 243108
