2010.02.04  15450 15750 16950 13400 3126015
2010.02.05  14300 14200 15650 13900 936366
2010.02.08  13100 14700 15200 12800 859773
2010.02.09  12950 13100 13650 12500 291574
2010.02.10  12200 13200 13350 12200 236841
2010.02.11  11850 12450 12700 11800 256915
2010.02.12  12550 12150 13050 12100 405354
2010.02.16  12100 12450 12500 12000 133564
2010.02.17  12400 12350 12800 12250 175968
2010.02.18  13050 12450 13200 12200 364095
2010.02.19  11850 12800 13100 11850 306840
2010.02.22  12050 12150 12600 11950 310762
2010.02.23  12300 12150 12450 12100 121485
2010.02.24  11900 12100 12200 11850 146946
2010.02.25  11000 12100 12100 11000 249407
2010.02.26  10900 11200 11350 10850 94060
2010.03.02  10600 11050 11200 10600 134060
2010.03.03  10700 10600 10950 10550 79903
2010.03.04  10800 10850 11200 10800 136653
2010.03.05  10800 11000 11200 10800 73732
2010.03.08  11250 11000 11300 10800 105048
2010.03.09  11100 11200 11250 11000 66478
2010.03.10  10750 11250 11250 10750 87279
2010.03.11  10600 10750 10950 10600 62653
2010.03.12  10600 10700 10750 10550 67511
2010.03.15  10600 10700 10900 10550 58659
2010.03.16  10900 10650 11150 10550 95140
2010.03.17  10800 11000 11000 10650 74906
2010.03.18  10950 10800 11550 10750 256902
2010.03.19  11850 11200 12000 10950 479570
2010.03.22  11750 11800 11850 11500 179940
2010.03.23  11400 11900 11900 11400 164363
2010.03.24  10850 11400 11400 10700 260183
2010.03.25  10650 10900 10900 10600 90500
2010.03.26  10850 10700 11100 10700 121720
2010.03.29  10400 10700 10900 10400 107882
2010.03.30  10600 10550 10700 10150 129994
2010.03.31  10350 10600 10750 10300 94258
2010.04.01  10650 10450 10750 10350 77075
2010.04.02  10350 10750 10750 10350 82469
2010.04.05  9980 10400 10450 9700 171377
2010.04.06  9720 9900 10000 9720 70486
2010.04.07  9370 9800 9800 9310 147144
2010.04.08  9370 9370 9680 9310 102767
2010.04.09  9120 9500 9540 9060 124115
2010.04.12  9100 9150 9300 9090 69490
2010.04.13  9300 9190 9540 9190 135157
2010.04.14  9480 9340 9580 9300 85986
2010.04.15  9180 9600 9600 9180 69574
2010.04.16  8850 9170 9250 8850 115041
2010.04.19  8390 8790 8820 8310 108779
2010.04.20  8370 8540 8550 8250 99831
2010.04.21  8670 8450 9020 8450 195575
2010.04.22  8450 8710 8880 8420 107332
2010.04.23  8250 8460 8520 8250 95958
2010.04.26  8320 8250 8450 8250 70389
2010.04.27  8450 8330 8540 8300 68393
2010.04.28  8200 8280 8340 8080 61506
2010.04.29  8160 8240 8410 8160 69264
2010.04.30  8360 8270 8590 8160 148267
2010.05.03  8210 8310 8580 8210 71359
2010.05.04  8210 8270 8380 8190 56553
2010.05.06  8050 8040 8170 7950 64159
2010.05.07  7750 7880 7940 7500 65568
2010.05.10  7780 7680 7930 7680 53170
2010.05.11  7680 7820 8090 7680 48737
2010.05.12  7830 7730 8320 7720 111186
2010.05.13  8060 7900 8190 7900 66130
2010.05.14  7960 7980 8260 7930 84508
2010.05.17  7050 7840 7890 7050 116103
2010.05.18  7060 7110 7230 6970 76005
2010.05.19  6900 7050 7080 6850 48105
2010.05.20  6200 6800 6980 6200 73474
2010.05.24  6550 6350 6900 6230 70616
2010.05.25  6470 6500 6780 6210 60105
2010.05.26  6780 6490 6790 6490 32234
2010.05.27  6700 6560 6930 6410 20438
2010.05.28  6550 6990 6990 6500 46532
2010.05.31  6540 6520 6660 6520 27016
2010.06.01  6800 6630 7050 6560 71179
2010.06.03  7060 6830 7250 6830 61811
2010.06.04  7500 7090 7820 7030 105098
2010.06.07  7210 7200 7660 7200 81946
2010.06.08  6940 7260 7280 6940 45988
2010.06.09  6960 7000 7180 6870 40457
2010.06.10  6920 7000 7160 6900 26843
2010.06.11  7050 6980 7300 6980 46375
2010.06.14  7040 7090 7150 6910 24489
2010.06.15  7050 7080 7130 6960 19350
2010.06.16  6950 7070 7120 6950 24700
2010.06.17  6820 6970 7040 6820 25759
2010.06.18  6650 6800 6880 6600 22517
2010.06.21  6600 6740 6750 6510 23062
2010.06.22  6530 6610 6680 6520 24451
2010.06.23  6560 6500 6610 6450 21968
2010.06.24  6550 6680 6740 6500 50623
2010.06.25  6470 6540 6680 6430 26429
2010.06.28  6470 6450 6600 6440 21838
2010.06.29  6210 6500 6500 6210 60365
2010.06.30  6060 6120 6190 5950 43511
2010.07.01  5950 6000 6110 5840 30354
2010.07.02  6020 6160 6160 5950 29689
2010.07.05  6290 6050 6300 5950 34447
2010.07.06  6300 6220 6390 6210 31196
2010.07.07  6420 6300 6650 6200 41503
2010.07.08  6700 6460 6780 6460 48001
2010.07.09  6720 6790 6900 6630 38143
2010.07.12  6570 6730 6890 6570 32985
2010.07.13  6480 6630 6630 6380 54066
2010.07.14  6610 6570 6650 6460 34294
2010.07.15  6630 6650 6730 6610 29225
2010.07.16  6580 6630 6650 6500 32811
2010.07.19  6670 6510 6770 6510 25297
2010.07.20  7670 6790 7670 6680 479168
2010.07.21  7430 7750 7800 7300 241999
2010.07.22  7080 7500 7600 7080 118372
2010.07.23  7100 7170 7680 7050 175298
2010.07.26  7280 7150 7360 7070 47867
2010.07.27  6810 7430 7670 6810 150318
2010.07.28  6750 6810 6920 6700 47297
2010.07.29  6710 6740 6850 6480 45661
2010.07.30  6170 6710 6710 6010 66686
2010.08.02  5910 6120 6260 5910 57527
2010.08.03  5800 5900 5950 5750 49384
2010.08.04  5720 5800 5860 5660 26789
2010.08.05  5490 5760 5860 5400 49595
2010.08.06  5580 5460 5580 5290 47267
2010.08.09  5590 5580 5710 5500 41780
2010.08.10  5500 5600 5630 5480 17481
2010.08.11  5310 5640 5640 5290 25655
2010.08.12  5350 5310 5430 5250 21990
2010.08.13  5510 5300 5600 5300 42597
2010.08.16  5890 5510 6030 5500 74115
2010.08.17  5740 5850 6080 5700 36388
2010.08.18  5730 5740 5830 5640 23352
2010.08.19  5730 5820 5820 5630 27937
2010.08.20  5580 5650 5720 5560 25299
2010.08.23  5570 5670 5670 5470 27329
2010.08.24  5400 5580 5590 5390 17921
2010.08.25  5220 5270 5330 5200 38692
2010.08.26  5260 5230 5360 5200 20465
2010.08.27  5240 5270 5350 5210 8698
2010.08.30  5330 5210 5400 5210 12416
2010.08.31  5260 5200 5290 4800 21279
2010.09.01  5210 5270 5290 5180 9992
2010.09.02  5250 5190 5300 5170 17248
2010.09.03  5250 5290 5400 5240 15957
2010.09.06  5430 5300 5610 5260 38968
2010.09.07  5530 5470 5620 5410 28913
2010.09.08  5410 5450 5590 5270 31923
2010.09.09  5500 5420 5590 5340 19816
2010.09.10  5550 5570 5600 5450 25994
2010.09.13  5520 5620 5640 5310 29833
2010.09.14  5280 5470 5590 5280 48278
2010.09.15  5360 5280 5510 5280 17468
2010.09.16  5190 5510 5510 5190 22322
2010.09.17  5270 5300 5350 5210 9251
2010.09.20  5230 5230 5320 5170 14197
2010.09.24  5280 5360 5360 5210 15552
2010.09.27  5230 5310 5370 5150 17210
2010.09.28  5290 5200 5300 5150 21263
2010.09.29  5300 5300 5430 5250 10387
2010.09.30  5350 5300 5410 5290 16950
2010.10.01  5270 5350 5450 5250 19235
2010.10.04  5210 5370 5370 5170 15391
2010.10.05  5200 5200 5280 5160 17606
2010.10.06  5210 5250 5280 5150 18979
2010.10.07  5240 5170 5270 5150 27531
2010.10.08  5320 5270 5390 5200 35655
2010.10.11  5290 5320 5390 5270 18981
2010.10.12  5240 5120 5290 5120 26698
2010.10.13  5280 5210 5290 5170 17797
2010.10.14  5270 5300 5340 5220 21711
2010.10.15  5350 5210 5350 5200 16982
2010.10.18  5670 5380 5910 5340 101063
2010.10.19  5550 5760 5840 5550 54729
2010.10.20  5480 5470 5540 5430 40719
2010.10.21  5530 5490 5650 5450 41678
2010.10.22  6040 5510 6260 5470 249007
2010.10.25  5900 6130 6150 5800 70977
2010.10.26  5820 5990 5990 5800 44171
2010.10.27  5750 5820 6050 5710 44932
2010.10.28  6050 5850 6080 5680 71166
2010.10.29  5900 6200 6200 5830 43308
2010.11.01  6170 5900 6190 5770 57232
2010.11.02  6160 6110 6250 5950 54664
2010.11.03  6170 6230 6440 6050 57640
2010.11.04  6000 6190 6200 5960 38324
2010.11.05  5800 6130 6130 5720 37532
2010.11.08  5670 5860 5860 5650 35782
2010.11.09  5630 5720 5720 5560 28102
2010.11.10  5340 5630 5630 5340 51754
2010.11.11  5300 5310 5370 5250 37530
2010.11.12  5220 5310 5370 5150 36479
2010.11.15  5130 5250 5250 4810 35466
2010.11.16  5000 5150 5150 4900 21264
2010.11.17  5100 4830 5100 4830 11893
2010.11.18  5170 5030 5250 5030 18261
2010.11.19  5160 5170 5250 5150 7154
2010.11.22  5170 5110 5240 5110 5676
2010.11.23  5160 5210 5210 5090 5982
2010.11.24  5020 4840 5040 4840 13473
2010.11.25  4970 5100 5170 4970 11057
2010.11.26  4700 5050 5100 4660 26207
2010.11.29  4525 4850 4880 4005 9145
2010.11.30  4125 4410 4605 4105 38419
2010.12.01  4365 4125 4365 4010 24229
2010.12.02  4385 4365 4410 4290 13821
2010.12.03  4305 4415 4485 4280 14611
2010.12.06  4305 4360 4430 4305 6582
2010.12.07  4410 4245 4415 4245 17139
2010.12.08  4400 4485 4485 4320 8840
2010.12.09  4355 4450 4450 4335 5705
2010.12.10  4360 4390 4390 4200 13305
2010.12.13  4395 4560 4560 4360 4394
2010.12.14  4325 4345 4440 4315 9412
2010.12.15  4280 4255 4335 4225 4487
2010.12.16  4235 4195 4365 4125 10838
2010.12.17  4195 4235 4235 4105 18278
2010.12.20  3965 4125 4185 3965 25576
2010.12.21  4000 4190 4190 3995 28983
2010.12.22  3935 4000 4100 3935 27892
2010.12.23  3985 3960 4310 3925 32198
2010.12.24  4125 4010 4380 3940 49216
2010.12.27  4100 4190 4200 4000 25523
2010.12.28  4075 4100 4135 4010 14382
2010.12.29  4105 4030 4130 4020 12664
2010.12.30  4130 4150 4290 4100 36335
2011.01.03  4150 4110 4205 4105 16417
2011.01.04  4300 4150 4340 4150 33388
2011.01.05  4430 4375 4475 4270 40720
2011.01.06  4480 4445 4595 4405 31621
2011.01.07  4495 4490 4630 4455 28689
2011.01.10  4390 4495 4500 4330 29407
2011.01.11  4385 4360 4485 4340 12461
2011.01.12  4380 4350 4490 4325 23829
2011.01.13  4350 4380 4410 4300 10562
2011.01.14  4360 4335 4540 4335 7159
2011.01.17  4390 4365 4400 4270 15279
2011.01.18  4360 4255 4470 4255 27857
2011.01.19  4380 4345 4470 4340 11874
2011.01.20  4645 4380 4900 4360 181865
2011.01.21  4545 4770 4770 4475 38900
2011.01.24  4595 4515 4660 4500 28013
2011.01.25  4740 4580 5140 4550 110318
2011.01.26  4600 4740 4740 4480 34857
2011.01.27  4665 4605 4730 4580 15236
2011.01.28  4540 4660 4745 4500 23616
2011.01.31  4245 4480 4480 4220 40086
2011.02.01  4255 4245 4295 4180 16134
2011.02.07  4260 4265 4305 4160 18564
2011.02.08  4190 4270 4330 4180 6186
2011.02.09  4170 4285 4285 4115 9562
2011.02.10  4140 4120 4270 4090 10671
2011.02.11  4050 4115 4205 4050 9395
2011.02.14  3925 4040 4150 3925 25167
2011.02.15  3705 3925 3935 3650 40907
2011.02.16  3730 3725 3800 3670 11011
2011.02.17  3670 3705 3785 3620 15283
2011.02.18  3700 3635 3770 3615 16868
2011.02.21  3700 3700 3920 3700 6671
2011.02.22  3550 3650 3700 3550 24548
2011.02.23  3530 3555 3590 3510 10485
2011.02.24  3570 3440 3645 3400 34727
2011.02.25  3620 3585 3945 3575 96137
2011.02.28  3640 3600 3645 3515 11392
2011.03.02  3695 3630 3695 3520 14201
2011.03.03  3675 3745 3745 3565 8446
2011.03.04  3640 3605 3700 3605 3900
2011.03.07  3615 3610 3685 3580 9502
2011.03.08  3580 3600 3640 3545 3735
2011.03.09  3600 3615 3615 3540 8493
2011.03.10  3700 3600 3745 3600 21810
2011.03.11  3710 3710 3740 3650 8903
2011.03.14  3800 3700 3800 3650 36663
2011.03.15  3655 3805 3805 3500 46540
2011.03.16  3770 3655 3785 3625 14964
2011.03.17  3790 3745 3850 3655 32319
2011.03.18  3850 3830 4035 3745 124350
2011.03.21  3770 3870 3880 3690 18713
2011.03.22  3560 3705 3750 3555 24740
2011.03.23  3470 3540 3665 3390 28607
2011.03.24  3480 3405 3505 3405 18426
2011.03.25  3485 3430 3490 3430 4006
2011.03.28  3350 3420 3500 3340 18149
2011.03.29  3480 3290 3490 3180 35699
2011.03.30  3460 3475 3475 3355 10697
2011.03.31  3480 3465 3515 3380 7012
2011.04.01  3500 3485 3505 3450 3892
2011.04.04  3540 3500 3575 3490 4218
2011.04.05  3565 3570 3570 3500 11288
2011.04.06  3570 3590 3635 3570 7712
2011.04.07  3605 3565 3625 3500 15769
2011.04.08  3600 3610 3635 3525 9578
2011.04.11  3540 3590 3600 3535 3190
2011.04.12  3605 3540 3605 3450 7726
2011.04.13  3600 3545 3615 3415 19930
2011.04.14  3600 3600 3605 3500 14267
2011.04.15  3590 3510 3590 3470 6105
2011.04.18  3615 3800 3800 3520 25888
2011.04.19  3780 3595 3940 3550 123085
2011.04.20  3630 3830 3920 3625 64773
2011.04.21  3805 3630 3895 3590 31199
2011.04.22  3570 3860 4345 3500 349599
2011.04.25  3525 3625 3690 3495 27554
2011.04.26  3350 3425 3530 3305 22791
2011.04.27  3220 3320 3365 3205 21569
2011.04.28  3100 3205 3270 3100 24584
2011.04.29  3150 3200 3270 3100 7277
2011.05.02  3220 3285 3285 3200 663
2011.05.03  3700 3200 3700 3190 57692
2011.05.04  3550 3810 3940 3500 87679
2011.05.06  3500 3550 3615 3255 28509
2011.05.09  3390 3610 3630 3360 20686
2011.05.11  3350 3390 3530 3325 6387
2011.05.12  3360 3365 3405 3300 3627
2011.05.13  3355 3305 3380 3305 4143
2011.05.16  3480 3355 3490 3280 4330
2011.05.17  3480 3550 3550 3335 1715
2011.05.18  3390 3480 3550 3390 5293
2011.05.19  3350 3365 3485 3290 6571
2011.05.20  3340 3280 3350 3170 7017
2011.05.23  3235 3340 3375 3110 4484
2011.05.24  3495 3200 3520 3100 13667
2011.05.25  3425 3480 3490 3240 3011
2011.05.26  3415 3425 3425 3245 122
2011.05.27  3355 3400 3400 3220 1546
2011.05.30  3135 3320 3320 3115 3355
2011.05.31  3190 3150 3450 3150 1559
2011.06.01  3150 3115 3450 3115 5017
2011.06.02  3195 3120 3280 3080 4249
2011.06.03  3195 3235 3235 3070 3893
2011.06.07  3100 3220 3220 3070 646
2011.06.08  3020 3105 3180 3020 4464
2011.06.09  3080 3020 3100 3000 5045
2011.06.10  3010 3070 3110 3010 2108
2011.06.13  2915 3040 3040 2890 4786
2011.06.14  2795 2770 2980 2765 20416
2011.06.15  2800 2795 3005 2750 4835
2011.06.16  2660 2660 2755 2660 11074
2011.06.17  2575 2595 2730 2560 9437
2011.06.20  2475 2505 2615 2475 32822
2011.06.21  2630 2545 2630 2440 7003
2011.06.22  2600 2630 2700 2535 5122
2011.06.23  2530 2615 2645 2515 6212
2011.06.24  2595 2445 2595 2445 8757
2011.06.27  2655 2565 2715 2565 1526
2011.06.28  2640 2790 2790 2635 6028
2011.06.29  2690 2815 2815 2555 6473
2011.06.30  2715 2815 2815 2620 1274
2011.07.01  2785 2715 2785 2600 2595
2011.07.04  2800 2900 2900 2660 7747
2011.07.05  2870 2900 2900 2725 1402
2011.07.06  2885 2720 2890 2720 5338
2011.07.07  2880 2880 2900 2750 4874
2011.07.08  2775 2880 2895 2775 4015
2011.07.11  2885 2785 2885 2765 1971
2011.07.12  2870 2745 3100 2745 4794
2011.07.13  2850 2990 2990 2845 6943
2011.07.14  2850 2990 2990 2850 950
2011.07.15  2770 2850 2895 2770 801
2011.07.18  2850 2780 2890 2770 3655
2011.07.19  2850 2805 2960 2805 5492
2011.07.20  2935 2860 2990 2855 41065
2011.07.21  2980 2990 3375 2935 229488
2011.07.22  3040 3090 3100 2900 15068
2011.07.25  2940 2980 3100 2925 14566
2011.07.26  3050 2930 3070 2920 8249
2011.07.27  3095 3080 3170 3010 14055
2011.07.28  3060 3005 3115 3005 5549
2011.07.29  3110 3070 3140 3070 15751
2011.08.01  3105 3080 3145 3000 37001
2011.08.02  3110 3120 3120 3050 9766
2011.08.03  3050 3110 3140 3025 11405
2011.08.04  3010 3095 3100 3010 13050
2011.08.05  2980 3090 3090 2775 10874
2011.08.08  2665 2625 2955 2625 20562
2011.08.09  2495 2800 2800 2400 13077
2011.08.10  2515 2405 2695 2405 16956
2011.08.11  2440 2425 2505 2305 10262
2011.08.12  2545 2500 2580 2440 11748
2011.08.16  2590 2545 2650 2545 13932
2011.08.17  2570 2600 2630 2515 13951
2011.08.18  2495 2590 2600 2450 40464
2011.08.19  2485 2380 2490 2370 15621
2011.08.22  2500 2405 2510 2405 3953
2011.08.23  2465 2500 2575 2440 6641
2011.08.24  2445 2470 2530 2440 5472
2011.08.25  2360 2455 2455 2360 3976
2011.08.26  2345 2360 2395 2320 4695
2011.08.29  2490 2450 2600 2370 11783
2011.08.30  2450 2490 2510 2370 7638
2011.08.31  2430 2450 2470 2370 3495
2011.09.01  2465 2445 2545 2400 2446
2011.09.02  2470 2460 2470 2380 4744
2011.09.05  2410 2500 2500 2350 3309
2011.09.06  2355 2350 2445 2240 7916
2011.09.07  2350 2375 2495 2300 4398
2011.09.08  2380 2375 2390 2320 1150
2011.09.09  2470 2485 2485 2300 13362
2011.09.14  2305 2470 2470 2305 3361
2011.09.15  2320 2395 2395 2300 11457
2011.09.16  2340 2410 2410 2320 5676
2011.09.19  2365 2500 2500 2310 71
2011.09.20  2400 2350 2485 2350 5235
2011.09.21  2395 2315 2395 2315 1699
2011.09.22  2315 2320 2395 2300 22732
2011.09.23  2200 2330 2475 2200 6321
2011.09.26  2200 2210 2350 2000 8605
2011.09.27  2115 2285 2285 2025 9418
2011.09.28  2005 2150 2150 1985 11190
2011.09.29  2070 2070 2070 1985 6432
2011.09.30  2095 2020 2100 2020 6648
2011.10.04  2080 1950 2080 1885 1776
2011.10.05  2050 2030 2095 2000 403
2011.10.06  2290 2045 2290 2045 7016
2011.10.07  2160 2110 2200 2100 5824
2011.10.10  2165 2180 2180 2075 1590
2011.10.11  2190 2115 2250 2115 2103
2011.10.12  2200 2130 2200 2130 2052
2011.10.13  2290 2230 2390 2160 4656
2011.10.14  2250 2250 2250 2210 4164
2011.10.17  2350 2290 2350 2255 12112
2011.10.18  2300 2290 2445 2265 10574
2011.10.19  2295 2300 2300 2220 27415
2011.10.20  2280 2290 2290 2210 6939
2011.10.21  2395 2280 2400 2155 15828
2011.10.24  2415 2440 2440 2320 10756
2011.10.25  2390 2415 2420 2350 1118
2011.10.26  2350 2270 2395 2270 13969
2011.10.27  2700 2315 2700 2315 178826
2011.10.28  2345 2720 2815 2315 235529
2011.10.31  2345 2415 2475 2290 35907
2011.11.01  2235 2340 2395 2185 21373
2011.11.02  2215 2230 2230 2110 11698
2011.11.03  2235 2350 2350 2175 3152
2011.11.04  2250 2260 2360 2180 13832
2011.11.07  2245 2320 2320 2200 6256
2011.11.08  2245 2350 2350 2245 5526
2011.11.09  2280 2295 2295 2215 822
2011.11.10  2195 2200 2205 2145 13948
2011.11.11  2215 2150 2285 2150 7943
2011.11.14  2265 2330 2330 2160 7044
2011.11.15  2280 2265 2280 2160 9279
2011.11.16  2210 2330 2330 2170 4641
2011.11.17  2160 2185 2210 2150 9646
2011.11.18  2090 2170 2170 2065 18308
2011.11.21  2070 2055 2175 2055 5710
2011.11.22  2165 2190 2190 2040 1380
2011.11.23  2140 2170 2170 2100 2214
2011.11.24  2150 2040 2175 2040 2103
2011.11.25  2085 2100 2220 2055 8672
2011.11.28  2130 2100 2175 2100 1260
2011.11.29  2135 2315 2315 2080 4620
2011.11.30  2125 2200 2200 2070 766
2011.12.01  2100 2215 2215 2090 7146
2011.12.02  2130 2125 2140 2075 4264
2011.12.05  2120 2185 2185 2090 1254
2011.12.06  2150 2120 2160 2075 4313
2011.12.07  2230 2100 2295 2100 5037
2011.12.08  2160 2125 2225 2125 5402
2011.12.09  2195 2230 2230 2100 1154
2011.12.12  2210 2135 2230 2135 11728
2011.12.13  2210 2155 2330 2155 3617
2011.12.14  2210 2170 2210 2160 3704
2011.12.15  2210 2200 2270 2150 41182
2011.12.16  2140 2230 2525 2140 325621
2011.12.19  2460 2130 2460 2090 566797
2011.12.20  2215 2300 2345 2200 253094
2011.12.21  2320 2205 2350 2195 93438
2011.12.22  2380 2575 2665 2380 374152
2011.12.23  2420 2400 2450 2280 128716
2011.12.26  2300 2420 2535 2295 102526
2011.12.27  2230 2325 2350 2190 34580
2011.12.28  2200 2300 2300 2170 16658
2011.12.29  2155 2200 2280 2150 21078
2012.01.02  2325 2160 2395 2155 30620
2012.01.03  2345 2360 2475 2280 24876
2012.01.04  2305 2460 2460 2270 15564
2012.01.05  2340 2395 2400 2245 30284
2012.01.06  2445 2305 2445 2305 41943
2012.01.09  2405 2580 2585 2355 42983
2012.01.10  2380 2425 2430 2335 20931
2012.01.11  2345 2350 2475 2345 24848
2012.01.12  2410 2375 2420 2330 21161
2012.01.13  2350 2455 2470 2315 35417
2012.01.16  2240 2260 2340 2225 34485
2012.01.17  2160 2320 2320 2155 29660
2012.01.18  2125 2175 2185 2115 20191
2012.01.19  2175 2125 2180 2115 9158
2012.01.20  2225 2195 2230 2110 19494
2012.01.25  2165 2255 2255 2100 43478
2012.01.26  2165 2165 2185 2135 2150
2012.01.27  2200 2160 2265 2150 4083
2012.01.30  2310 2205 2390 2170 48213
2012.01.31  2325 2285 2485 2280 13398
2012.02.01  2255 2325 2380 2200 47965
2012.02.02  2285 2280 2285 2215 8289
2012.02.03  2350 2265 2350 2250 7217
2012.02.06  2335 2350 2420 2275 26470
2012.02.07  2280 2415 2415 2260 13820
2012.02.08  2295 2375 2380 2270 22652
2012.02.09  2250 2305 2345 2245 21038
2012.02.10  2300 2285 2365 2240 14837
2012.02.13  2325 2335 2355 2280 7803
2012.02.14  2325 2380 2390 2295 27773
2012.02.15  2450 2335 2585 2280 124585
2012.02.16  2405 2455 2610 2405 125272
2012.02.17  2460 2485 2485 2370 35899
2012.02.20  2825 2460 2825 2460 378745
2012.02.21  2520 2670 2770 2520 285788
2012.02.22  2480 2530 2815 2475 276941
2012.02.23  2350 2460 2510 2320 122677
2012.02.24  2365 2350 2415 2330 28160
2012.02.27  2320 2430 2430 2320 34450
2012.02.28  2310 2360 2360 2295 33241
2012.02.29  2350 2360 2360 2300 21234
2012.03.02  2395 2350 2455 2350 28920
2012.03.05  2480 2455 2485 2410 36944
2012.03.06  2465 2480 2515 2415 27451
2012.03.07  2520 2465 2540 2410 26846
2012.03.08  2595 2495 2690 2495 61562
2012.03.09  2600 2620 2695 2550 26630
2012.03.12  2480 2600 2600 2440 57059
2012.03.13  2475 2500 2515 2410 23679
2012.03.14  2470 2515 2515 2460 12516
2012.03.15  2425 2435 2520 2400 27281
2012.03.16  2435 2385 2435 2380 8185
2012.03.19  2395 2480 2480 2380 10505
2012.03.20  2400 2380 2445 2380 8853
2012.03.21  2385 2330 2435 2330 29346
2012.03.22  2740 2365 2740 2365 516191
2012.03.23  2500 2750 2825 2500 678335
2012.03.26  2510 2500 2575 2450 95258
2012.03.27  2885 2545 2885 2545 435073
2012.03.28  2820 3045 3295 2805 503404
2012.03.29  2820 2890 2890 2675 153650
2012.03.30  3100 2920 3240 2890 505423
2012.04.02  3150 3100 3150 2990 105701
2012.04.03  2835 3135 3140 2835 122159
2012.04.04  2825 2800 2930 2790 48802
2012.04.05  2745 2725 2815 2685 61691
2012.04.06  2910 2705 2950 2705 56138
2012.04.09  2770 2995 2995 2770 24356
2012.04.10  2510 2620 2780 2505 66670
2012.04.12  2215 2510 2830 2155 80315
2012.04.13  2270 2215 2310 2215 29871
2012.04.16  2550 2260 2590 2255 50808
2012.04.17  2430 2490 2600 2385 21888
2012.04.18  2470 2565 2565 2435 20821
2012.04.19  2500 2580 2580 2445 5408
2012.04.20  2500 2490 2635 2405 29788
2012.04.23  2370 2540 2540 2370 8261
2012.04.24  2345 2470 2470 2285 7646
2012.04.25  2385 2285 2485 2285 22447
2012.04.26  2340 2450 2450 2340 5413
2012.04.27  2335 2340 2425 2215 7360
2012.04.30  2345 2430 2430 2280 14620
2012.05.02  2350 2400 2400 2280 10752
2012.05.03  2390 2335 2450 2335 6389
2012.05.04  2425 2435 2435 2340 8570
2012.05.07  2570 2330 2670 2330 12636
2012.05.08  2605 2625 2630 2530 15755
2012.05.09  2595 2620 2620 2470 7637
2012.05.10  2660 2605 2890 2595 49943
2012.05.11  2720 2700 2860 2620 18934
2012.05.14  2570 2720 2840 2570 10129
2012.05.15  2505 2550 2735 2400 20263
2012.05.16  2540 2560 2580 2470 23377
2012.05.17  2550 2630 2630 2430 12859
2012.05.18  2330 2670 2670 2330 10182
2012.05.21  2325 2330 2385 2250 5153
2012.05.22  2425 2400 2425 2290 18080
2012.05.23  2340 2565 2565 2335 3837
2012.05.24  2375 2490 2490 2335 2476
2012.05.25  2330 2380 2500 2310 4029
2012.05.29  2280 2320 2410 2280 8731
2012.05.30  2360 2365 2365 2295 6410
2012.05.31  2340 2365 2365 2260 2842
2012.06.01  2390 2330 2435 2320 8927
2012.06.04  2305 2495 2495 2130 7201
2012.06.05  2230 2305 2320 2220 4835
2012.06.07  2245 2230 2310 2160 16824
2012.06.08  2170 2305 2305 2100 62688
2012.06.11  1845 1870 1960 1845 305241
2012.06.12  1730 1685 1775 1665 334499
2012.06.13  1715 1720 1790 1715 79043
2012.06.14  1720 1715 1750 1670 53189
2012.06.15  1710 1700 1760 1700 49043
2012.06.18  1705 1710 1745 1695 17871
2012.06.19  1765 1705 1785 1680 39556
2012.06.20  1815 1780 1865 1760 27194
2012.06.21  1950 1815 1950 1815 78175
2012.06.22  2240 1975 2240 1900 176444
2012.06.25  1960 2330 2330 1960 136848
2012.06.26  2065 1915 2125 1880 42515
2012.06.27  2115 2050 2155 2050 37645
2012.06.28  2090 2160 2160 2050 34980
2012.06.29  2140 2150 2180 2100 13127
2012.07.02  2080 2225 2225 2035 34553
2012.07.03  2145 2065 2185 2045 29586
2012.07.04  2465 2150 2465 2150 145983
2012.07.05  1920 1940 2065 1890 115529
2012.07.06  1860 1920 1920 1780 19775
2012.07.09  1840 1900 1905 1825 5497
2012.07.10  1980 1870 2035 1815 28028
2012.07.11  1970 1970 1970 1885 2040
2012.07.12  1890 1960 1980 1880 19766
2012.07.13  1955 1940 1955 1880 5945
2012.07.16  1950 2030 2030 1895 12217
2012.07.17  1950 1950 1955 1910 6174
2012.07.18  1910 1950 1980 1890 45817
2012.07.19  2195 1915 2195 1880 26830
2012.07.20  2065 2100 2135 1970 79734
2012.07.23  2010 2090 2090 1970 55632
2012.07.24  1980 2010 2010 1950 22224
2012.07.25  1950 1940 1990 1880 10876
2012.07.26  1935 1890 1950 1870 10123
2012.07.27  1930 1945 1945 1880 7518
2012.07.30  1895 1930 1980 1870 17342
2012.07.31  1880 1925 1925 1850 11851
2012.08.01  1890 1880 1920 1855 20525
2012.08.02  1905 1850 1905 1810 45517
2012.08.03  1905 1855 1935 1855 43061
2012.08.06  1880 1940 1950 1880 19111
2012.08.07  1900 1880 1910 1855 32850
2012.08.08  1985 1920 1985 1880 18721
2012.08.09  2280 1920 2280 1920 116434
2012.08.10  2620 2495 2620 2460 421636
2012.08.13  2550 2620 2690 2465 385838
2012.08.14  2540 2540 2620 2505 150051
2012.08.16  2545 2540 2660 2525 113642
2012.08.17  2340 2540 2550 2300 195396
2012.08.20  2455 2310 2465 2300 109119
2012.08.21  2405 2315 2410 2300 201134
2012.08.22  2200 2355 2600 2160 436392
2012.08.23  2195 2060 2275 2010 751380
2012.08.24  2350 2235 2400 2150 496157
2012.08.27  2700 2315 2700 2315 473119
2012.08.28  2745 2780 2870 2655 395442
2012.08.29  2720 2740 2840 2710 381227
2012.08.30  2700 2720 2755 2680 109539
2012.08.31  2730 2710 2750 2640 133145
2012.09.03  2760 2750 2830 2705 107337
2012.09.04  2750 2825 2845 2675 123703
2012.09.05  2625 2695 2700 2570 143999
2012.09.06  2615 2625 2690 2500 101387
2012.09.07  2595 2640 2640 2510 153985
2012.09.10  2580 2600 2600 2525 104918
2012.09.11  2570 2580 2580 2510 63125
2012.09.12  2600 2530 2600 2500 90051
2012.09.13  2825 2565 2850 2550 135187
2012.09.14  2855 2840 2980 2770 57511
2012.09.17  2805 2895 2895 2700 45967
2012.09.18  2995 2840 3010 2760 127885
2012.09.19  3000 3080 3080 2945 49034
2012.09.20  2940 2965 3045 2860 96902
2012.09.21  2730 2940 3005 2500 184525
2012.09.24  2735 2660 2790 2650 13884
2012.09.25  2690 2735 2740 2670 16659
2012.09.26  2790 2610 2790 2610 39618
2012.09.27  2785 2790 2820 2740 15432
2012.09.28  2830 2820 2840 2775 20079
2012.10.02  2800 2830 2840 2700 22489
2012.10.04  2820 2750 2880 2750 50410
2012.10.05  2745 2820 2880 2740 32725
2012.10.08  2775 2720 2795 2630 62762
2012.10.09  2730 2775 2790 2645 33873
2012.10.10  2680 2650 2745 2640 30804
2012.10.11  2600 2750 2750 2590 51947
2012.10.12  2500 2600 2685 2435 103538
2012.10.15  2505 2530 2605 2475 23836
2012.10.16  2455 2540 2600 2400 40783
2012.10.17  2400 2460 2460 2245 54422
2012.10.18  2400 2400 2435 2305 13678
2012.10.19  2255 2400 2435 2255 16065
2012.10.22  2350 2290 2380 2210 53598
2012.10.23  2450 2385 2595 2310 78009
2012.10.24  2650 2420 2650 2420 45197
2012.10.25  2620 2650 2680 2520 33142
2012.10.26  2530 2680 2680 2515 46358
2012.10.29  2520 2570 2600 2410 36072
2012.10.30  2470 2505 2535 2430 22375
2012.10.31  2460 2550 2560 2425 21399
2012.11.01  2695 2480 2780 2450 49703
2012.11.02  2570 2605 2650 2555 31776
2012.11.05  2590 2700 2700 2530 10903
2012.11.06  2580 2675 2675 2475 13563
2012.11.07  2570 2525 2630 2510 26659
2012.11.08  2570 2645 2645 2480 37585
2012.11.09  2580 2575 2580 2525 14194
2012.11.12  2565 2565 2685 2520 29056
2012.11.13  2545 2680 2680 2515 40746
2012.11.14  2580 2680 2680 2525 12087
2012.11.15  2550 2560 2580 2520 14657
2012.11.16  2555 2530 2575 2525 20126
2012.11.19  2535 2550 2560 2410 43606
2012.11.20  2500 2500 2585 2420 25154
2012.11.21  2555 2500 2630 2490 7555
2012.11.22  2540 2525 2625 2525 6097
2012.11.23  2540 2530 2590 2520 19375
2012.11.26  2590 2540 2590 2485 10902
2012.11.27  2600 2665 2665 2530 14305
2012.11.28  2630 2550 2650 2540 13540
2012.11.29  2760 2630 2785 2620 83603
2012.11.30  2735 2760 2815 2685 19850
2012.12.03  3020 2780 3080 2710 259612
2012.12.04  3055 3095 3095 2975 90976
2012.12.05  2950 3045 3095 2880 78514
2012.12.06  2755 2950 2950 2695 62623
2012.12.07  2650 2780 2780 2555 53864
2012.12.10  2650 2630 2770 2600 32877
2012.12.11  2690 2695 2695 2620 18840
2012.12.12  2680 2790 2790 2630 10928
2012.12.13  2625 2640 2710 2550 58490
2012.12.14  2570 2560 2690 2500 19385
2012.12.17  2620 2525 2770 2525 8907
2012.12.18  2635 2575 2715 2570 4644
2012.12.20  2640 2550 2680 2550 24317
2012.12.21  2625 2550 2640 2550 12816
2012.12.24  2650 2590 2690 2505 18040
2012.12.26  2605 2650 2670 2555 17951
2012.12.27  2670 2570 2695 2570 11031
2012.12.28  2710 2670 2760 2665 12483
2013.01.02  2770 2715 3000 2670 90865
2013.01.03  2775 2735 2880 2700 17698
2013.01.04  2855 2780 2875 2715 40985
2013.01.07  2810 2850 2855 2800 11022
2013.01.08  2815 2780 2850 2750 11396
2013.01.09  2765 2810 2860 2640 59456
2013.01.10  2660 2755 2820 2600 129909
2013.01.11  2560 2665 2725 2530 150306
2013.01.14  2515 2550 2615 2515 194246
2013.01.15  2435 2550 2585 2435 308139
2013.01.16  2330 2440 2500 2305 417164
2013.01.17  2380 2355 2430 2345 127959
2013.01.18  2345 2390 2425 2245 395981
2013.01.21  2500 2375 2545 2330 631873
2013.01.22  2875 2650 2875 2600 484945
2013.01.23  3200 2875 3280 2850 508244
2013.01.24  3270 3200 3340 3105 240936
2013.01.25  3430 3260 3630 3260 327661
2013.01.28  3295 3470 3470 3295 209067
2013.01.29  3200 3300 3340 3110 107469
2013.01.30  3535 3210 3565 3200 218045
2013.01.31  3475 3600 3800 3455 219507
2013.02.01  3670 3415 3715 3300 163098
2013.02.04  3800 3700 3880 3700 195443
2013.02.05  3755 3800 3825 3695 82325
2013.02.06  3840 3800 3870 3760 70104
2013.02.07  3750 3775 3870 3735 58977
2013.02.08  3670 3710 3810 3600 70609
2013.02.12  3800 3650 3800 3640 60277
2013.02.13  3715 3850 3850 3710 101140
2013.02.14  3755 3750 3795 3610 79460
2013.02.15  3660 3760 3840 3650 111686
2013.02.18  3800 3630 3865 3620 78837
2013.02.19  3795 3730 3800 3730 29445
2013.02.20  3795 3860 3860 3620 189490
2013.02.21  3235 3830 3830 3235 315861
2013.02.22  3400 3100 3720 3030 333795
2013.02.25  3400 3390 3500 3315 65945
2013.02.26  3265 3350 3425 3180 107100
2013.02.27  3195 3220 3290 3060 157888
2013.02.28  3350 3150 3410 3150 76748
2013.03.04  3380 3500 3505 3300 52706
2013.03.05  3290 3360 3425 3275 32520
2013.03.06  3350 3280 3400 3280 71585
2013.03.07  3285 3350 3390 3220 126014
2013.03.08  3110 3230 3275 3075 133489
2013.03.11  2965 3065 3085 2940 117603
2013.03.12  2890 2965 3010 2840 103425
2013.03.13  2895 2835 3000 2650 70678
2013.03.14  2465 2895 2895 2465 543812
2013.03.15  2550 2475 2560 2435 278696
2013.03.18  2170 2560 2580 2170 498380
2013.03.19  2335 2210 2410 2170 223310
2013.03.20  2300 2380 2380 2240 83007
2013.03.21  2075 2290 2335 1955 559052
2013.03.22  2140 2070 2170 2045 142081
2013.03.25  2460 2155 2460 2150 509591
2013.03.26  2340 2430 2470 2310 520227
2013.03.27  2240 2385 2385 2160 353339
2013.03.28  1990 2240 2240 1905 1179905
2013.03.29  2095 2015 2125 1945 968893
2013.04.01  2030 2085 2095 1995 323143
2013.04.02  1950 2025 2040 1890 494466
2013.04.03  1935 2000 2000 1890 187229
2013.04.04  2030 1940 2030 1775 297459
2013.04.05  1990 2030 2040 1930 115574
2013.04.08  1925 2000 2000 1910 59739
2013.04.09  1900 1900 1930 1855 109354
2013.04.10  1885 1865 1920 1865 38731
2013.04.11  1915 1900 1945 1860 100297
2013.04.12  1900 1925 1950 1880 72154
2013.04.15  1925 1930 1950 1875 85689
2013.04.16  1985 1925 1995 1895 179768
2013.04.17  2000 1990 2015 1950 180923
2013.04.18  2065 2000 2100 1960 234131
2013.04.19  2000 2070 2085 1980 118045
2013.04.22  1980 2000 2005 1950 65542
2013.04.23  1970 1980 2000 1685 137742
2013.04.24  1945 1970 1985 1915 91092
2013.04.25  1985 1980 2130 1950 642458
2013.04.26  2025 2000 2055 1950 172433
2013.04.29  2000 2040 2070 1980 215132
2013.04.30  2010 2000 2030 1980 135602
2013.05.02  2265 2015 2290 1980 863322
2013.05.03  2165 2205 2240 2110 340395
2013.05.06  2100 2175 2175 2095 255721
2013.05.07  2135 2100 2160 2075 145531
2013.05.08  2120 2130 2150 2080 122691
2013.05.09  2120 2115 2160 2090 91220
2013.05.10  2090 2135 2160 2075 139385
2013.05.13  2110 2080 2120 2060 79028
2013.05.14  2040 2115 2125 2005 82008
2013.05.15  2010 2035 2070 2000 107092
2013.05.16  2120 2035 2150 2030 186958
2013.05.20  2140 2125 2160 2100 79244
2013.05.21  2120 2135 2150 2095 78212
2013.05.22  2170 2120 2255 2120 200005
2013.05.23  2180 2170 2230 2160 168646
2013.05.24  2145 2180 2215 2105 105007
2013.05.27  2155 2150 2195 2120 99254
2013.05.28  2225 2155 2240 2150 137073
2013.05.29  2265 2225 2290 2225 176545
2013.05.30  2255 2260 2280 2175 79334
2013.05.31  2335 2260 2335 2245 237236
2013.06.03  2200 2365 2365 2200 171339
2013.06.04  2200 2180 2260 2165 125951
2013.06.05  2095 2205 2230 2095 102723
2013.06.07  2040 2095 2100 1925 100499
2013.06.10  2125 2000 2125 2000 45796
2013.06.11  2115 2140 2140 2075 27809
2013.06.12  2100 2065 2120 2030 46886
2013.06.13  2175 2095 2185 2050 104282
2013.06.14  2135 2180 2195 2130 21399
2013.06.17  2090 2135 2175 2085 150525
2013.06.18  2160 2140 2160 2100 36374
2013.06.19  2170 2180 2235 2160 74443
2013.06.20  2200 2125 2255 2125 122446
2013.06.21  2180 2180 2200 2105 99157
2013.06.24  2180 2190 2230 2110 52472
2013.06.25  2005 2175 2175 1900 103579
2013.06.26  2075 2000 2090 2000 37968
2013.06.27  2120 2070 2190 2070 72900
2013.06.28  2190 2115 2195 2105 89954
2013.07.01  2300 2175 2325 2175 221635
2013.07.02  2275 2340 2340 2230 71066
2013.07.03  2235 2270 2300 2230 50413
2013.07.04  2220 2265 2270 2160 91489
2013.07.05  2190 2205 2245 2130 88438
2013.07.08  2160 2180 2180 2075 71359
2013.07.09  2125 2160 2165 2095 23825
2013.07.10  2085 2140 2140 2050 40269
2013.07.11  2135 2095 2145 2080 17472
2013.07.12  2115 2140 2150 2105 54810
2013.07.15  2150 2285 2285 2100 103156
2013.07.16  2095 2140 2165 2085 95477
2013.07.17  2080 2095 2130 2060 59200
2013.07.18  2090 2060 2125 2015 33127
2013.07.19  2060 2130 2130 2020 35063
2013.07.22  2090 2035 2110 2035 30144
2013.07.23  2080 2065 2105 2050 25463
2013.07.24  2055 2080 2095 2055 42244
2013.07.25  2025 2055 2070 1995 53457
2013.07.26  2000 2040 2040 1990 34355
2013.07.29  1995 2000 2050 1965 19405
2013.07.30  2005 1995 2040 1955 24766
2013.07.31  2030 2000 2030 2000 21595
2013.08.01  2025 2050 2060 1990 23959
2013.08.02  2020 1990 2035 1975 19396
2013.08.05  1980 1980 2025 1950 29074
2013.08.06  1970 1985 1985 1925 15489
2013.08.07  1960 1970 2000 1925 6842
2013.08.08  1915 1955 1980 1915 25468
2013.08.09  1920 1940 1960 1890 40574
2013.08.12  1880 1920 1950 1880 25781
2013.08.13  1940 1880 1940 1865 23810
2013.08.14  1900 1930 1935 1870 52885
2013.08.16  1890 1895 1925 1850 18563
2013.08.19  1835 1880 1880 1770 93892
2013.08.20  1770 1840 1840 1770 60786
2013.08.21  1785 1745 1800 1745 46639
2013.08.22  1765 1760 1800 1755 19669
2013.08.23  1775 1755 1820 1750 13883
2013.08.26  1810 1765 1840 1765 53707
2013.08.27  1790 1810 1810 1770 6716
2013.08.28  1790 1770 1810 1750 39640
2013.08.29  1885 1785 1885 1780 36122
2013.08.30  1895 1920 1930 1825 18024
2013.09.02  1885 1860 1915 1850 17775
2013.09.03  1840 1895 1900 1835 30945
2013.09.04  1830 1835 1900 1795 25122
2013.09.05  1785 1825 1845 1730 54364
2013.09.06  1750 1755 1800 1680 121517
2013.09.09  1745 1745 1750 1630 134891
2013.09.10  1685 1735 1750 1605 55108
2013.09.11  1805 1700 1835 1700 116027
2013.09.12  1840 1815 1860 1785 57421
2013.09.13  1830 1860 1865 1800 18250
2013.09.16  1820 1860 1860 1790 40411
2013.09.17  1810 1800 1840 1775 24856
2013.09.23  1860 1825 1880 1800 78617
2013.09.24  1865 1880 1880 1820 55698
2013.09.25  1850 1895 1895 1830 59660
2013.09.26  1930 1870 1935 1830 92545
2013.09.27  1930 1920 1940 1905 47607
2013.09.30  1950 1930 1970 1905 37108
2013.10.01  1920 1980 1980 1915 79352
2013.10.02  1950 1900 1970 1900 53906
2013.10.04  1950 1930 1950 1900 40969
2013.10.07  1970 1920 1970 1900 83597
2013.10.08  1970 1950 2015 1935 44086
2013.10.10  1975 2000 2000 1935 18762
2013.10.11  1975 1945 2010 1910 72480
2013.10.14  1960 1965 1975 1940 21157
2013.10.15  1950 1965 1990 1900 21251
2013.10.16  1955 1980 1980 1910 16020
2013.10.17  1930 1940 1955 1910 17165
2013.10.18  1930 1935 1940 1900 21264
2013.10.21  1935 1905 1935 1900 67438
2013.10.22  2075 1925 2075 1905 134436
2013.10.23  2150 2060 2295 2060 280212
2013.10.24  2245 2190 2250 2155 114226
2013.10.25  2230 2210 2285 2150 101456
2013.10.28  2260 2245 2270 2185 98349
2013.10.29  2130 2270 2305 2080 130758
2013.10.30  2130 2130 2130 2025 66410
2013.10.31  2090 2150 2150 2040 25372
2013.11.01  2095 2040 2145 2035 27250
2013.11.04  2095 2050 2115 2040 9350
2013.11.05  2070 2135 2135 2025 25857
2013.11.06  2070 2060 2095 2045 31805
2013.11.07  2095 2120 2120 2050 29228
2013.11.08  2090 2095 2105 2050 19794
2013.11.11  2140 2085 2190 2085 83619
2013.11.12  2130 2140 2165 2105 86953
2013.11.13  2110 2110 2140 2105 33532
2013.11.14  2070 2130 2130 2030 42507
2013.11.15  2240 2060 2280 2060 207401
2013.11.18  2310 2265 2365 2210 258849
2013.11.19  2310 2285 2390 2280 132465
2013.11.20  2325 2310 2330 2255 67298
2013.11.21  2285 2320 2320 2265 56352
2013.11.22  2265 2290 2300 2240 36184
2013.11.25  2100 2280 2280 2095 101726
2013.11.26  2170 2100 2255 2100 82657
2013.11.27  2220 2135 2250 2135 44592
2013.11.28  2310 2260 2350 2185 126564
2013.11.29  2510 2400 2600 2310 541087
2013.12.02  2205 2510 2530 2185 554289
2013.12.03  2185 2200 2225 2140 124960
2013.12.04  2255 2185 2285 2185 72113
2013.12.05  2355 2285 2430 2230 171096
2013.12.06  2295 2330 2420 2210 116759
2013.12.09  2190 2300 2300 2185 132965
2013.12.10  2260 2190 2315 2180 57250
2013.12.11  2260 2255 2325 2225 133121
2013.12.12  2260 2290 2295 2200 43263
2013.12.13  2290 2260 2330 2205 160223
2013.12.16  2630 2515 2630 2450 1143877
2013.12.17  2755 2700 2900 2665 2130035
2013.12.18  2815 2645 2820 2530 801549
2013.12.19  2800 2760 2800 2645 306010
2013.12.20  2725 2800 2840 2725 190656
2013.12.23  2730 2745 2745 2550 300614
2013.12.24  2700 2730 2740 2680 144419
2013.12.26  2885 2770 2910 2695 436446
2013.12.27  2925 2905 2950 2860 312302
2013.12.30  2930 2920 2980 2920 252288
2014.01.02  2860 2910 2920 2800 237695
2014.01.03  2860 2880 2880 2800 110335
2014.01.06  2825 2845 2900 2770 113260
2014.01.07  2800 2830 2840 2690 144230
2014.01.08  2765 2840 2860 2760 97264
2014.01.09  2660 2790 2790 2650 161149
2014.01.10  2630 2700 2700 2500 143337
2014.01.13  2490 2670 2670 2480 198432
2014.01.14  2570 2455 2615 2455 197246
2014.01.15  2500 2485 2590 2465 134345
2014.01.16  2595 2515 2610 2455 190148
2014.01.17  2605 2625 2625 2545 150835
2014.01.20  2530 2595 2610 2495 108158
2014.01.21  2315 2530 2550 2315 293067
2014.01.22  2210 2330 2390 2200 197791
2014.01.23  2210 2240 2350 2135 300616
2014.01.24  2265 2270 2270 2180 255790
2014.01.27  2465 2280 2530 2170 416754
2014.01.28  2400 2460 2555 2360 321454
2014.01.29  2400 2405 2440 2370 98221
2014.02.03  2375 2375 2405 2295 96028
2014.02.04  2285 2375 2375 2240 133711
2014.02.05  2270 2310 2330 2220 111597
2014.02.06  2255 2295 2300 2210 43778
2014.02.07  2270 2280 2300 2215 78584
2014.02.10  2290 2300 2320 2265 106858
2014.02.11  2380 2320 2445 2290 194355
2014.02.12  2400 2380 2430 2375 61027
2014.02.13  2450 2400 2470 2390 95375
2014.02.14  2370 2470 2480 2370 67792
2014.02.17  2515 2350 2555 2320 196171
2014.02.18  2515 2585 2585 2465 65802
2014.02.19  2495 2440 2560 2430 90797
2014.02.20  2510 2540 2540 2485 53073
2014.02.21  2475 2465 2535 2435 65123
2014.02.24  2600 2530 2630 2520 141346
2014.02.25  2535 2595 2600 2510 118621
2014.02.26  2530 2580 2580 2495 91524
2014.02.27  2445 2550 2550 2440 107905
2014.02.28  2520 2440 2520 2405 89582
2014.03.03  2540 2560 2595 2485 132330
2014.03.04  2695 2500 2745 2500 410672
2014.03.05  2840 2695 2860 2670 415992
2014.03.06  2840 2845 2930 2800 405439
2014.03.07  2825 2870 2870 2775 163572
2014.03.10  2795 2870 2870 2745 175371
2014.03.11  2810 2765 2830 2725 169680
2014.03.12  2890 2815 2980 2790 266521
2014.03.13  2895 2895 2970 2845 150760
2014.03.14  3100 2860 3225 2815 376104
2014.03.17  3230 3100 3265 3100 364590
2014.03.18  3380 3230 3400 3190 432226
2014.03.19  3400 3440 3560 3100 584555
2014.03.20  3400 3390 3495 3300 226319
2014.03.21  3565 3400 3595 3375 250825
2014.03.24  3605 3585 3690 3460 198134
2014.03.25  3535 3570 3680 3535 158239
2014.03.26  3400 3550 3570 3250 381960
2014.03.27  3300 3330 3390 3190 301160
2014.03.28  3460 3300 3490 3250 125033
2014.03.31  3810 3510 3880 3510 349344
2014.04.01  3790 3845 3845 3715 158132
2014.04.02  3800 3770 3880 3710 126367
2014.04.03  3965 3800 3995 3755 180459
2014.04.04  3890 4080 4165 3840 269169
2014.04.07  3770 3885 3885 3720 90647
2014.04.08  3790 3780 3855 3705 79210
2014.04.09  3685 3720 3850 3650 131414
2014.04.10  3730 3725 3750 3635 174393
2014.04.11  3740 3755 3755 3630 56931
2014.04.14  3830 3740 3890 3735 124277
2014.04.15  3845 3890 3890 3800 63188
2014.04.16  3880 3930 3970 3815 116175
2014.04.17  3915 3890 3940 3835 81662
2014.04.18  3905 3920 3940 3870 75482
2014.04.21  3895 3940 3945 3800 142833
2014.04.22  3800 3900 3910 3715 111209
2014.04.23  3580 3800 3870 3565 215416
2014.04.24  3530 3580 3620 3455 108063
2014.04.25  3565 3520 3600 3510 62171
2014.04.28  3685 3590 3690 3550 58808
2014.04.29  3650 3680 3690 3595 22312
2014.04.30  3610 3620 3650 3300 123350
2014.05.02  3430 3600 3600 3320 139687
2014.05.07  3300 3400 3420 3210 116636
2014.05.08  3205 3295 3330 3150 130219
2014.05.09  3390 3135 3390 3135 171564
2014.05.12  3565 3410 3565 3405 117402
2014.05.13  3565 3580 3625 3460 109986
2014.05.14  3500 3590 3590 3435 88313
2014.05.15  3545 3500 3550 3415 104445
2014.05.16  3450 3540 3540 3435 62776
2014.05.19  3200 3440 3440 3175 247573
2014.05.20  3175 3065 3260 3065 135927
2014.05.21  3025 3210 3210 2955 126051
2014.05.22  3265 3060 3390 3015 211567
2014.05.23  3275 3225 3330 3190 69087
2014.05.26  3165 3285 3285 3075 69508
2014.05.27  3165 3165 3165 2980 155914
2014.05.28  3240 3110 3245 3100 76731
2014.05.29  3210 3165 3310 3165 98002
2014.05.30  3200 3210 3235 3100 132534
2014.06.02  3140 3170 3230 3060 70592
2014.06.03  3130 3170 3170 3035 56521
2014.06.05  3050 3095 3145 3015 84947
2014.06.09  2930 3000 3040 2870 155037
2014.06.10  3165 2900 3165 2830 204189
2014.06.11  3115 3200 3310 3100 155102
2014.06.12  3225 3150 3270 3125 82720
2014.06.13  3385 3250 3385 3250 119426
2014.06.16  3395 3325 3425 3300 99465
2014.06.17  3340 3395 3410 3300 129565
2014.06.18  3280 3320 3360 3260 49795
2014.06.19  3140 3260 3290 3100 120415
2014.06.20  3230 3120 3245 3115 36428
2014.06.23  3105 3200 3200 3100 51413
2014.06.24  3155 3140 3175 3100 39830
2014.06.25  3270 3150 3340 3135 103222
2014.06.26  3215 3300 3310 3170 99951
2014.06.27  3120 3250 3250 3105 71198
2014.06.30  3080 3120 3140 3030 63527
2014.07.01  3150 3110 3230 3110 91311
2014.07.02  3210 3215 3215 3150 59227
2014.07.03  3170 3230 3285 3150 37779
2014.07.04  3330 3225 3330 3155 90763
2014.07.07  3810 3390 3810 3345 556437
2014.07.08  3950 3730 4075 3730 587522
2014.07.09  4000 4000 4110 3905 267390
2014.07.10  4100 4015 4385 4000 684799
2014.07.11  4310 4015 4550 4015 450240
2014.07.14  4195 4400 4555 4135 589879
2014.07.15  4040 4200 4375 4040 331806
2014.07.16  4280 4040 4280 3840 502730
2014.07.17  4210 4325 4435 4080 263790
2014.07.18  4080 4200 4240 4050 232659
2014.07.21  4160 4120 4225 4035 217556
2014.07.22  4130 4160 4250 4100 114320
2014.07.23  4150 4105 4275 4090 159334
2014.07.24  4300 4150 4360 4000 352552
2014.07.25  4650 4315 4710 4290 752014
2014.07.28  4560 4700 4700 4400 367028
2014.07.29  4330 4450 4550 4230 273638
2014.07.30  4165 4330 4330 4070 176978
2014.07.31  4230 4180 4250 3880 241192
2014.08.01  4145 4180 4230 4105 75356
2014.08.04  3935 4190 4195 3935 158334
2014.08.05  3890 3915 4000 3735 281290
2014.08.06  3965 3890 4050 3750 187365
2014.08.07  3900 4000 4000 3765 213368
2014.08.08  4070 3890 4075 3860 173089
2014.08.11  4310 4100 4310 4010 255837
2014.08.12  4315 4300 4450 4255 318139
2014.08.13  4400 4270 4420 4190 219115
2014.08.14  4335 4430 4430 4250 135803
2014.08.18  4300 4310 4350 4200 118266
2014.08.19  4020 4325 4325 3925 359597
2014.08.20  3950 4020 4030 3870 141699
2014.08.21  3945 3970 3970 3870 97525
2014.08.22  3960 3960 4025 3880 100982
2014.08.25  3900 3960 4000 3855 98306
2014.08.26  3950 3880 4200 3850 517163
2014.08.27  3900 4050 4055 3850 129490
2014.08.28  3900 3900 3960 3620 172300
2014.08.29  4100 3950 4135 3920 245130
2014.09.01  4560 4280 4715 4190 1214434
2014.09.02  4910 4620 5090 4460 1063976
2014.09.03  4810 4910 5020 4770 445983
2014.09.04  4525 4890 4920 4480 495255
2014.09.05  4635 4570 4705 4500 299297
2014.09.11  4520 4605 4690 4420 1033936
2014.09.12  4835 4700 5020 4620 782907
2014.09.15  4800 4800 4900 4725 207657
2014.09.16  4995 4860 5050 4730 370264
2014.09.17  4970 5150 5160 4965 416768
2014.09.18  5000 4920 5080 4850 212503
2014.09.19  4985 5060 5060 4930 185097
2014.09.22  4915 4950 5040 4825 179620
2014.09.23  4975 4980 5020 4865 119300
2014.09.24  5220 4975 5310 4945 486643
2014.09.25  5250 5210 5300 5080 275316
2014.09.26  5240 5110 5280 5100 148774
2014.09.29  5140 5190 5270 4875 250688
2014.09.30  5140 5140 5160 5040 167903
2014.10.01  4980 5080 5120 4925 233382
2014.10.02  4985 4820 5040 4820 134596
2014.10.06  4770 5090 5090 4770 228929
2014.10.07  4890 4610 4950 4610 120960
2014.10.08  4880 4765 4950 4765 119355
2014.10.10  4730 4850 4895 4680 140251
2014.10.13  4435 4605 4750 4420 169034
2014.10.14  4475 4260 4595 4260 181184
2014.10.15  4630 4570 4745 4500 104200
2014.10.16  4640 4700 4700 4490 75917
2014.10.17  4600 4610 4700 4480 159081
2014.10.20  4620 4600 4655 4540 67414
2014.10.21  4450 4690 4690 4450 164720
2014.10.22  4270 4470 4510 3995 519100
2014.10.23  4140 4270 4380 4035 257784
2014.10.24  4165 4165 4210 4100 84744
2014.10.27  4100 4230 4230 4045 94019
2014.10.28  4390 4050 4440 3960 235922
2014.10.29  4430 4400 4575 4350 172868
2014.10.30  4250 4320 4450 4250 85998
2014.10.31  4235 4260 4300 4105 77370
2014.11.03  4080 4235 4280 3990 138821
2014.11.04  4150 4080 4150 3800 282770
2014.11.05  4360 4110 4360 4110 202661
2014.11.06  4750 4440 4750 4430 468846
2014.11.07  4565 4750 4785 4455 293035
2014.11.10  4435 4570 4570 4325 167039
2014.11.11  4325 4350 4450 4250 119126
2014.11.12  4295 4280 4335 4250 104649
2014.11.13  4190 4305 4305 4150 111871
2014.11.14  4185 4190 4260 4150 42761
2014.11.17  4100 4200 4200 4050 104245
2014.11.18  4160 4055 4160 4015 61398
2014.11.19  4010 4180 4180 3970 160372
2014.11.20  4100 4010 4130 3930 85768
2014.11.21  4055 4130 4135 4040 59631
2014.11.24  4005 4130 4130 3950 128226
2014.11.25  4175 4085 4275 4085 186692
2014.11.26  4250 4255 4255 4105 165223
2014.11.27  4370 4330 4435 4275 223733
2014.11.28  4290 4265 4395 4255 91341
2014.12.01  4170 4380 4380 4160 57049
2014.12.02  4100 4010 4155 4010 84453
2014.12.03  4095 4055 4170 4030 26335
2014.12.04  4010 4115 4115 4005 86899
2014.12.05  4200 4010 4235 4010 97855
2014.12.08  4225 4200 4270 4165 84683
2014.12.09  4180 4165 4230 4105 48090
2014.12.10  4085 4300 4300 4005 85110
2014.12.11  4025 4070 4115 4000 62229
2014.12.12  3940 4070 4090 3940 102416
2014.12.15  3855 4000 4020 3740 170134
2014.12.16  4000 3855 4000 3850 148382
2014.12.17  4080 4085 4095 3980 98784
2014.12.18  4060 4080 4175 3955 135625
2014.12.19  4175 4160 4190 4040 120676
2014.12.22  4245 4270 4335 4200 137054
2014.12.23  4180 4280 4280 4155 69532
2014.12.24  4165 4160 4270 4105 93331
2014.12.26  4025 4165 4165 3955 116508
2014.12.29  4290 4150 4350 4120 339736
2014.12.30  4570 4370 4625 4315 334134
2015.01.02  4540 4580 4775 4400 199571
2015.01.05  4630 4695 4745 4555 178786
2015.01.06  4650 4630 4680 4550 95849
2015.01.07  4650 4700 4705 4590 139736
2015.01.08  4705 4720 4760 4605 176729
2015.01.09  4710 4795 4795 4665 127333
2015.01.12  4655 4710 4750 4585 164037
2015.01.13  4800 4650 4955 4625 244218
2015.01.14  4915 4935 4940 4850 262818
2015.01.15  4925 4915 4935 4815 114605
2015.01.16  4870 4850 4960 4830 90866
2015.01.19  4925 4870 4925 4730 126177
2015.01.20  4850 4905 4945 4830 109237
2015.01.21  4775 4845 4880 4690 196956
2015.01.22  4715 4850 4850 4650 109149
2015.01.23  4760 4700 4795 4700 82697
2015.01.26  4730 4815 4815 4695 74228
2015.01.27  4735 4795 4795 4660 115519
2015.01.28  4645 4705 4705 4580 121944
2015.01.29  4610 4645 4650 4495 149552
2015.01.30  4820 4610 4920 4595 190580
2015.02.02  4935 4870 4970 4820 241119
2015.02.03  4810 4960 5010 4600 284811
2015.02.04  4880 4710 4940 4710 237023
2015.02.05  4930 4905 4930 4770 188281
2015.02.06  5350 4900 5350 4900 645590
2015.02.09  5350 5330 5550 5240 373033
2015.02.10  5200 5320 5320 5030 223765
2015.02.11  5200 5250 5250 5090 122317
2015.02.12  5650 5240 5680 5160 394876
2015.02.13  5700 5600 6150 5570 507303
2015.02.16  5890 5750 6110 5720 440630
2015.02.17  6610 5890 6770 5880 826376
2015.02.23  7320 6800 7550 6700 1238236
2015.02.24  7390 7490 7710 7180 634012
2015.02.25  7960 7500 8060 7390 660449
2015.02.26  8360 8200 8900 8120 1059470
2015.02.27  8700 8440 8700 8050 530979
2015.03.02  8440 8700 8740 8280 428524
2015.03.03  9560 8460 9560 8410 910940
2015.03.04  10400 9870 10850 9670 1115978
2015.03.05  10150 10600 10650 9900 488365
2015.03.06  9760 10150 10150 9370 755859
2015.03.09  9150 9800 10250 9100 967951
2015.03.10  8850 9150 9250 8320 1012965
2015.03.11  10000 8870 10000 8710 927465
2015.03.12  9800 10200 10200 9740 409643
2015.03.13  9780 9810 10150 9670 316175
2015.03.16  9520 9800 9830 9090 324734
2015.03.17  9530 9520 9900 9440 240413
2015.03.18  9550 9600 10250 9450 605483
2015.03.19  10000 9460 10200 9430 486740
2015.03.20  11500 10250 11500 10150 1230046
2015.03.23  12200 11900 12800 11600 1079146
2015.03.24  11650 11900 11950 11000 843827
2015.03.25  11500 11500 12250 11200 729088
2015.03.26  11550 11200 12100 11100 415536
2015.03.27  11800 11600 11800 10950 343876
2015.03.30  11650 11850 12300 11350 408541
2015.03.31  11500 11700 11700 11150 259055
2015.04.01  11500 11550 11600 10800 333906
2015.04.02  13000 11500 13200 11200 1063745
2015.04.03  13050 13200 13600 12550 569689
2015.04.06  14300 13150 14800 12800 772381
2015.04.07  15000 14450 15750 14000 735709
2015.04.08  14800 15050 15050 14350 431039
2015.04.09  14300 14500 14600 14150 393211
2015.04.10  14500 14250 15100 13600 384550
2015.04.13  16150 14550 16250 13900 911170
2015.04.14  16300 16800 17700 15800 698828
2015.04.15  17400 16700 17550 16200 591272
2015.04.16  17350 17200 17500 16600 356037
2015.04.17  18000 17600 19000 17100 513715
2015.04.20  18400 18300 18700 17500 256869
2015.04.21  19100 18400 19350 18150 259698
2015.04.22  17750 19100 19300 16250 1710190
2015.04.23  16100 18300 18350 15550 1001212
2015.04.24  17150 16100 17150 15950 459456
2015.04.27  19200 17800 19500 17350 732142
2015.04.28  20900 19500 22000 19300 1201730
2015.04.29  21100 20900 22100 19900 715126
2015.04.30  20750 21250 21250 20050 378109
2015.05.04  23850 20950 23850 20950 943058
2015.05.06  25700 24150 26350 24150 1117325
2015.05.07  25850 25100 26200 23600 818595
2015.05.08  26950 26650 27600 25550 737895
2015.05.11  27200 26450 27550 26300 484158
2015.05.12  30000 27600 31250 27450 1233621
2015.05.13  30450 30950 31400 29150 501752
2015.05.14  25900 27850 29450 25900 1855631
2015.05.15  28000 24100 29000 22800 3554492
2015.05.18  29150 30500 30750 28600 961776
2015.05.19  26250 28200 28500 24800 1308580
2015.05.20  26500 25400 27750 24500 917101
2015.05.21  25100 26800 27100 24850 572155
2015.05.22  25950 25200 26800 25100 490021
2015.05.26  25950 25500 26600 25050 347893
2015.05.27  23900 26000 26050 23350 625679
2015.05.28  24450 23400 25650 23400 456136
2015.05.29  24350 24750 25600 23950 341971
2015.06.01  23950 23800 24650 22200 414957
2015.06.02  23500 24900 25500 23500 450485
2015.06.03  22250 22900 24400 21950 552967
2015.06.04  22850 22850 23500 20850 840274
2015.06.05  23100 22400 23950 22300 360804
2015.06.08  23250 23500 23900 22900 236783
2015.06.09  22100 22750 23150 21600 537143
2015.06.10  20350 22100 22100 20050 782473
2015.06.11  21200 20500 22000 20100 720281
2015.06.12  21350 21100 22550 21100 574822
2015.06.15  23350 20900 24200 20450 808865
2015.06.16  25000 22900 25250 22150 889004
2015.06.17  25000 25000 26500 24350 676952
2015.06.18  24800 25500 25600 24550 268245
2015.06.19  24550 25000 25300 23800 346088
2015.06.22  24750 24550 25000 24200 180077
2015.06.23  25050 24500 26000 24300 466252
2015.06.24  25100 25100 25850 24650 237528
2015.06.25  25750 25100 25800 24400 332347
2015.06.26  26950 26300 28500 25550 996236
2015.06.29  26300 26150 27150 25750 408294
2015.06.30  26850 26000 28400 25900 620038
2015.07.01  27100 27500 27700 26650 338961
2015.07.02  27000 27250 27500 26500 308001
2015.07.03  27000 27000 28050 26800 257037
2015.07.06  26000 26400 27050 26000 301007
2015.07.07  24800 26400 26750 24000 373447
2015.07.08  25700 24950 26500 23500 345119
2015.07.09  25300 25100 25400 24400 212217
2015.07.10  27450 25500 27550 25350 525694
2015.07.13  28350 27900 28500 27250 412558
2015.07.14  28200 28700 28800 27100 335258
2015.07.15  27250 28300 28400 27200 222779
2015.07.16  27200 27250 27650 26400 247728
2015.07.17  27550 27200 28650 26650 291048
2015.07.20  27300 27550 28350 26700 214075
2015.07.21  26950 27300 27600 26600 156085
2015.07.22  26700 26950 27000 26050 199154
2015.07.23  27050 26850 27500 26300 193291
2015.07.24  27350 27000 28000 26850 220904
2015.07.27  26500 27300 27650 26500 235994
2015.07.28  25950 25550 26150 24350 335476
2015.07.29  24450 25900 26250 24450 210041
2015.07.30  23650 23700 25100 23500 280556
2015.07.31  24500 23550 24850 23400 121302
2015.08.03  23950 24800 24850 23850 86534
2015.08.04  23750 23600 24200 23400 116593
2015.08.05  24150 23750 24600 23600 131405
2015.08.06  27000 24300 27350 24050 477478
2015.08.07  26300 26900 27600 26300 205221
2015.08.10  27200 26250 27200 25600 220505
2015.08.11  24050 28200 28400 23600 856871
2015.08.12  22000 23100 23500 20450 1062158
2015.08.13  22350 22000 23100 21600 337687
2015.08.17  23300 21250 24550 20850 685451
2015.08.18  22600 23300 23650 22500 149899
2015.08.19  21500 22100 22400 20950 229942
2015.08.20  21000 20800 22150 20800 138668
2015.08.21  19800 19100 20500 19100 275097
2015.08.24  19000 19200 20300 18950 218679
2015.08.25  19500 19000 20000 18600 219175
2015.08.26  20300 19700 20300 19450 167458
2015.08.27  20200 20650 20800 19900 151614
2015.08.28  20550 20500 20550 19850 169911
2015.08.31  20850 20900 21950 20700 189989
2015.09.01  20200 20750 21200 20200 99343
2015.09.02  19450 19400 19850 18900 217646
2015.09.03  19550 19800 20200 19400 79814
2015.09.04  18150 19550 19900 17650 243705
2015.09.07  18250 17700 18500 17200 196122
2015.09.08  17450 18200 18300 17000 217653
2015.09.09  19000 17450 19000 17400 294751
2015.09.10  19300 18800 20000 18000 176606
2015.09.11  19350 19200 20050 18900 104055
2015.09.14  19050 19500 19500 18650 97056
2015.09.15  19000 18750 19150 18700 54800
2015.09.16  18700 19250 19300 18550 126871
2015.09.17  18600 18750 19100 18400 99693
2015.09.18  19850 19000 19850 18600 126374
2015.09.21  21450 19900 21800 19900 277721
2015.09.22  23500 21500 23600 21500 344778
2015.09.23  23500 23600 24150 22650 189199
2015.09.24  23800 24450 26850 23800 434380
2015.09.25  25000 23850 25500 23200 243858
2015.09.30  24950 25100 26000 24700 169219
2015.10.01  24800 25950 26000 24300 163677
2015.10.02  24100 24600 25000 23800 155735
2015.10.05  23800 24400 24400 23750 124189
2015.10.06  24300 23950 25350 23200 239160
2015.10.07  23750 24450 24600 23700 85620
2015.10.08  24450 23800 24450 23300 126250
2015.10.12  24200 24400 24550 23800 120969
2015.10.13  24050 24200 24200 23650 97492
2015.10.14  23300 23850 24800 22700 154447
2015.10.15  23500 23300 23750 23100 67198
2015.10.16  22700 23500 23800 22000 187512
2015.10.19  21950 22500 22850 21600 200125
2015.10.20  23050 21950 23800 21500 293169
2015.10.21  22550 23100 23400 22550 108008
2015.10.22  21400 22250 22250 20500 281123
2015.10.23  21050 21600 21950 21050 109571
2015.10.26  21650 21600 21750 20650 78775
2015.10.27  22550 21500 22650 21500 133205
2015.10.28  23650 22550 23950 22550 223453
2015.10.29  25100 23950 25100 23850 333377
2015.10.30  24400 25100 25250 23500 277210
2015.11.02  23500 23950 24300 22450 157581
2015.11.03  23100 23000 23450 22500 92143
2015.11.04  24700 23000 24850 23000 255154
2015.11.05  24450 24200 24850 23800 191972
2015.11.06  25500 24450 26200 24250 377698
2015.11.09  24500 25300 25300 24100 229806
2015.11.10  23550 24050 24050 22950 195521
2015.11.11  23950 23900 24200 23400 89987
2015.11.12  24100 23950 24450 23500 112066
2015.11.13  24400 23900 25000 23100 188153
2015.11.16  24000 23500 24200 23300 131469
2015.11.17  24500 24150 25300 24150 217287
2015.11.18  24250 24650 25150 24250 151416
2015.11.19  24150 24400 24750 23650 132417
2015.11.20  23850 23900 23900 23400 148915
2015.11.23  23400 24150 24250 23100 109873
2015.11.24  23900 23450 24200 23100 150755
2015.11.25  24150 24200 24500 23600 125945
2015.11.26  24000 24300 24300 23800 77006
2015.11.27  23650 24000 24150 23500 117774
2015.11.30  24550 23650 24550 23250 262951
2015.12.01  23650 24200 24400 23650 90895
2015.12.02  23500 23600 23750 23050 150192
2015.12.03  23300 23100 23500 22950 72349
2015.12.04  23200 23200 23200 22800 84703
2015.12.07  22900 23250 23300 21950 145836
2015.12.08  22600 22700 22700 21900 141458
2015.12.09  21900 22550 22550 21800 204495
2015.12.10  21350 21700 21750 20200 285858
2015.12.11  23000 21500 23800 21500 364730
2015.12.14  22800 22750 22950 22250 147689
2015.12.15  23050 22700 23150 22550 129338
2015.12.16  24000 23200 24300 22900 411995
2015.12.17  24000 24100 24600 23850 218842
2015.12.18  23900 24300 24600 23600 322304
2015.12.21  23800 23900 24200 23200 209593
2015.12.22  23350 23850 23850 22850 208096
2015.12.23  22750 22700 23050 22000 334728
2015.12.24  22900 22800 23900 22750 260174
2015.12.28  22500 23200 23750 22300 235775
2015.12.29  23950 22600 24000 22550 282675
2015.12.30  24900 23900 24900 23800 277035
2016.01.04  24900 25100 26500 24700 481055
2016.01.05  25150 24500 25500 24100 212456
2016.01.06  25800 25300 25950 24600 214660
2016.01.07  24850 25700 25700 24850 124798
2016.01.08  24900 24000 25050 23700 218570
2016.01.11  24200 24800 24900 24150 97163
2016.01.12  24350 24200 25000 24150 134255
2016.01.13  24400 24400 24800 24200 119244
2016.01.14  23900 24000 24200 23500 167960
2016.01.15  23700 23950 24200 23600 100101
2016.01.18  23050 23450 23650 23000 137203
2016.01.19  23600 23100 23650 23050 108427
2016.01.20  24150 23350 24800 22450 341026
2016.01.21  23650 23800 24250 23250 159131
2016.01.22  23350 23650 23800 23000 152205
2016.01.25  24300 23550 24300 23300 185580
2016.01.26  24600 24300 25150 24200 247103
2016.01.27  24550 24700 24800 24300 155236
2016.01.28  24600 24500 24800 24050 130585
2016.01.29  24950 24600 24950 24150 121359
2016.02.01  24950 25000 25050 24500 121373
2016.02.02  26500 24750 26700 24500 496309
2016.02.03  27300 26500 27500 26000 430265
2016.02.04  27300 27400 28050 27000 238199
2016.02.05  27100 27250 27500 26350 295552
2016.02.11  27400 26100 28100 26000 291800
2016.02.12  25800 27150 27300 25500 384903
2016.02.15  25800 25750 26200 24500 318335
2016.02.16  25750 25750 26050 25400 162410
2016.02.17  25500 25650 26050 24700 189295
2016.02.18  26450 26000 27150 25700 314885
2016.02.19  27100 26600 27400 26150 246311
2016.02.22  27250 27150 27750 26500 180822
2016.02.23  26900 27400 27800 26500 152355
2016.02.24  27300 26650 27300 26250 192214
2016.02.25  28000 27450 28000 26950 322239
2016.02.26  28900 28200 29100 27800 471057
2016.02.29  29750 28850 29800 28500 288778
2016.03.02  30000 29900 30450 29600 227604
2016.03.03  30550 29600 30750 28900 286774
2016.03.04  30100 30500 30550 29800 231262
2016.03.07  29900 29700 30250 29050 279722
2016.03.08  29300 29600 29900 28950 394597
2016.03.09  29500 28600 29650 28000 424220
2016.03.10  29750 29700 29750 29000 128294
2016.03.11  29750 29300 29850 29200 95038
2016.03.14  30650 29900 30800 29600 292518
2016.03.15  30400 30700 30900 29300 215781
2016.03.16  30150 29950 30250 29650 139058
2016.03.17  29800 29750 30150 29450 204112
2016.03.18  29950 29500 30500 29500 102832
2016.03.21  29700 30000 30100 29600 109996
2016.03.22  30050 29700 30150 28700 188763
2016.03.23  29800 29650 30000 29350 124477
2016.03.24  29250 29800 30000 29050 101098
2016.03.25  28950 29250 29700 28650 111532
2016.03.28  28400 28950 28950 28000 149493
2016.03.29  28350 28700 28850 28050 144229
2016.03.30  27700 28450 28500 27450 163956
2016.03.31  28500 27900 28600 27650 116795
2016.04.01  29300 28500 29400 27950 224473
2016.04.04  28450 29850 30150 28000 236902
2016.04.05  27850 28350 28350 27250 199900
2016.04.06  27350 27850 27900 27100 97318
2016.04.07  27000 27300 27450 26150 246005
2016.04.08  27300 26900 27700 26600 123835
2016.04.11  27400 27300 27600 26900 84628
2016.04.12  26950 27300 27450 26600 112193
2016.04.14  28100 26500 28200 26200 158203
2016.04.15  28450 27950 28750 27550 182436
2016.04.18  29100 28650 29200 28400 251281
2016.04.19  28900 29250 29500 28650 177442
2016.04.20  29300 28950 29600 28750 188217
2016.04.21  30500 29450 30500 29050 346641
2016.04.22  32300 30400 32800 30150 609073
2016.04.25  34250 32750 35000 32650 809777
2016.04.26  33500 34150 34500 33150 304875
2016.04.27  34950 33450 36550 33250 649780
2016.04.28  35500 35200 35800 34400 244669
2016.04.29  35200 35200 35950 34600 156306
2016.05.02  34000 34700 34900 33300 300268
2016.05.03  34250 34300 34500 33650 141515
2016.05.04  33550 33900 34050 33100 161309
2016.05.09  32950 33350 34350 32700 149443
2016.05.10  34150 33150 34350 32600 138754
2016.05.11  33000 34000 34300 33000 126204
2016.05.12  33000 32700 33650 32350 144911
2016.05.13  34100 33550 34600 33000 230259
2016.05.16  32600 34100 34100 32600 240188
2016.05.17  32100 32550 32850 31100 282049
2016.05.18  32000 31950 32800 31450 148247
2016.05.19  31250 31700 32200 30800 188521
2016.05.20  32300 31000 32550 31000 150299
2016.05.23  31900 32400 32550 31600 115083
2016.05.24  31600 31600 31900 30800 179360
2016.05.25  31600 31300 31850 30850 187601
2016.05.26  30650 31600 31600 30650 160300
2016.05.27  32400 30800 32450 30700 241435
2016.05.30  31550 32050 32400 31500 147195
2016.05.31  31400 31500 31750 31000 118461
2016.06.01  31400 31400 32400 31250 141346
2016.06.02  30950 31600 31600 30700 161590
2016.06.03  31300 30950 31300 30200 180443
2016.06.07  32650 31000 32750 30900 224904
2016.06.08  32300 32650 32750 32000 147074
2016.06.09  32000 32200 32650 31400 183500
2016.06.10  31900 32150 32200 31250 176018
2016.06.13  31000 31400 31450 30850 128681
2016.06.14  31400 30550 31500 30500 109654
2016.06.15  31100 31200 31850 30950 110557
2016.06.16  30550 31050 31150 29750 213698
2016.06.17  31400 30600 32050 30600 249347
2016.06.20  31500 31950 32300 31400 223309
2016.06.21  31400 31500 31650 30800 103977
2016.06.22  31400 31300 31750 30950 136069
2016.06.23  30600 31200 31300 30300 132707
2016.06.24  27550 30850 31050 27300 494500
2016.06.27  27650 26150 27800 25700 359764
2016.06.28  28150 27200 28350 27050 330326
2016.06.29  29400 28650 29850 28550 226167
2016.06.30  29700 29500 30200 29050 243955
2016.07.01  29600 29700 29900 29500 99724
2016.07.04  29550 30000 30000 29400 78453
2016.07.05  29000 29550 29750 28950 129926
2016.07.06  28700 28750 29200 28250 95471
2016.07.07  29250 28700 29500 28700 84293
2016.07.08  29550 29250 29700 28500 123850
2016.07.11  29200 29550 29600 29200 64526
2016.07.12  28800 29100 29350 28750 80956
2016.07.13  29300 28900 29750 28800 106927
2016.07.14  28850 29400 29400 28400 109139
2016.07.15  28200 29000 29000 28050 166692
2016.07.18  30650 28050 31800 27400 702827
2016.07.19  29950 30650 30750 29800 171560
2016.07.20  29950 30000 30400 29500 88942
2016.07.21  30300 29950 30700 29800 172096
2016.07.22  29150 30800 30800 29150 295890
2016.07.25  28900 29250 29300 28700 92639
2016.07.26  28850 28700 29200 28600 73238
2016.07.27  29900 28950 30250 28850 171125
2016.07.28  29550 30200 30300 29200 146041
2016.07.29  28950 29350 29550 28950 85381
2016.08.01  29300 29100 29700 29050 73313
2016.08.02  28700 29150 29500 28700 63101
2016.08.03  28450 28700 29000 28100 97587
2016.08.04  28750 28500 28850 28250 88140
2016.08.05  28300 28750 28750 28000 100706
2016.08.08  28300 28000 28450 27750 67410
2016.08.09  28300 28100 28450 28000 60186
2016.08.10  28600 28300 28650 28000 91135
2016.08.11  29750 29100 30200 28700 324739
2016.08.12  29650 30000 30100 29350 102252
2016.08.16  29200 29400 29650 28950 90469
2016.08.17  28700 29700 29700 28400 96009
2016.08.18  28650 28600 28900 27750 165108
2016.08.19  28000 28300 28900 28000 123376
2016.08.22  27900 28000 28100 26750 235852
2016.08.23  27450 27500 27900 27150 168566
2016.08.24  27450 27250 27550 27000 95004
2016.08.25  28000 27150 28250 27150 167007
2016.08.26  27700 28000 28100 27550 81601
2016.08.29  27200 27700 27750 26400 139243
2016.08.30  28100 26900 28200 26850 196654
2016.08.31  28000 28150 28500 27500 144365
2016.09.01  28500 28100 28600 27900 130656
2016.09.02  28600 28550 28950 28450 76115
2016.09.05  28900 28700 28950 28350 104562
2016.09.06  29450 28900 29750 28750 211787
2016.09.07  29150 29300 29650 29100 103788
2016.09.08  29100 29150 29850 28500 261001
2016.09.09  28300 29250 29250 28100 113961
2016.09.12  27650 27500 27950 27350 95023
2016.09.13  28500 27500 28500 27500 252999
2016.09.19  28700 28500 28750 28150 64258
2016.09.20  28450 28300 28850 28200 50998
2016.09.21  27800 28350 28400 27800 78927
2016.09.22  28400 28100 28450 27700 90266
2016.09.23  28150 28400 28650 27950 51176
2016.09.26  27950 28200 28250 27650 56587
2016.09.27  27650 28200 28300 27650 70414
2016.09.28  27650 27650 28000 27450 63941
2016.09.29  27800 27900 28000 27600 55716
2016.09.30  27600 28100 28100 27350 63802
2016.10.04  27600 27100 27600 26950 108465
2016.10.05  26850 27150 27500 26850 71194
2016.10.06  27200 26350 27250 25600 293308
2016.10.07  26700 27200 27250 25700 208298
2016.10.10  26300 26200 26700 25900 87427
2016.10.11  25750 26300 26300 25750 70990
2016.10.12  24450 25500 25500 24250 294282
2016.10.13  24950 24200 25000 24200 98240
2016.10.14  24800 25000 25350 24500 176246
2016.10.17  24250 24500 24750 24050 78354
2016.10.18  24300 23750 24450 22850 170822
2016.10.19  24400 24300 24450 23600 119242
2016.10.20  24700 24450 24950 24000 180668
2016.10.21  24300 24750 24750 24050 55248
2016.10.24  24100 23950 24200 23600 84453
2016.10.25  23550 24000 24100 23350 132306
2016.10.26  23500 23450 23700 22600 137429
2016.10.27  26150 23500 26250 23350 223401
2016.10.28  25750 25900 26150 25100 113561
2016.10.31  25300 25700 25700 24900 110988
2016.11.01  25250 25000 25400 24700 74973
2016.11.02  24500 24900 25250 23950 93812
2016.11.03  24300 23900 24700 23850 93117
2016.11.04  25750 24450 25950 23650 174382
2016.11.07  25850 25700 26150 25200 114188
2016.11.08  25400 25550 25800 25200 135323
2016.11.09  24950 25500 25500 23350 228592
2016.11.10  25950 24950 26300 24950 172731
2016.11.11  25900 26300 26300 25400 71812
2016.11.14  25600 25800 25850 25100 70416
2016.11.15  25300 25500 25500 24800 69812
2016.11.16  24250 25250 25400 24250 197595
2016.11.17  24750 23950 24850 23350 236122
2016.11.18  24500 24550 24600 23950 82390
2016.11.21  23950 24250 24500 23650 84674
2016.11.22  23850 23950 24050 23600 142306
2016.11.23  23850 23600 23950 23550 42574
2016.11.24  23800 23800 23900 22900 144714
2016.11.25  23800 23700 23800 23200 226898
2016.11.28  23700 23600 23800 23300 45819
2016.11.29  23700 23600 23850 23500 29514
2016.11.30  23650 23750 23950 23500 39907
2016.12.01  23650 23650 23750 23300 51132
2016.12.02  23500 23750 23850 23500 107774
2016.12.05  23100 23000 23150 22400 127750
2016.12.06  21200 23100 23250 21200 288728
2016.12.07  14850 14850 16250 14850 9103661
2016.12.08  15550 14650 16600 14650 13098794
2016.12.09  15200 15650 16000 15000 2556772
2016.12.12  15200 15400 15400 14700 1907159
2016.12.13  15700 15250 15850 15000 2143618
2016.12.14  15550 15800 15800 15450 1004682
2016.12.15  15700 15400 15750 15300 852230
2016.12.16  15400 15750 15750 15400 633517
2016.12.19  15450 15400 15550 15250 566875
2016.12.20  14250 15450 15550 13950 1850283
2016.12.21  14650 14550 14750 13600 1643350
2016.12.22  14300 14700 14750 14300 525281
2016.12.23  14750 14450 15100 14450 1113720
2016.12.26  14550 14950 15100 14550 604846
2016.12.27  14350 14550 14700 14350 527191
2016.12.28  14500 14500 14900 14350 612067
2016.12.29  14600 15150 15150 14500 881877
2017.01.02  14150 14650 14750 14100 448486
2017.01.03  14350 14150 14500 14100 579707
2017.01.04  14300 14500 14650 14150 480276
2017.01.05  14100 14400 14450 14000 504848
2017.01.06  14950 14100 15050 14050 1263123
2017.01.09  15550 15300 15850 15150 1675647
2017.01.10  15300 15600 15650 15150 603188
2017.01.11  15000 15450 15550 14800 684649
2017.01.12  14750 15000 15100 14700 437586
2017.01.13  14850 14800 15150 14700 293610
2017.01.16  14800 15000 15200 14750 346519
2017.01.17  14650 14850 14950 14600 255509
2017.01.18  14800 14700 14950 14600 404422
2017.01.19  14700 15000 15200 14650 432128
2017.01.20  14700 15000 15150 14650 684317
2017.01.23  13550 14600 14700 13550 1086654
2017.01.24  12700 13550 13950 12350 1429575
2017.01.25  12800 12700 13150 12650 453389
2017.01.26  13000 12900 13250 12900 343781
2017.01.31  12650 13100 13150 12600 250960
2017.02.01  13150 12700 13150 12500 339964
2017.02.02  12900 13150 13150 12800 265954
2017.02.03  12100 12850 12950 12000 616019
2017.02.06  11850 12150 12250 11300 922568
2017.02.07  11450 11950 11950 11250 502181
2017.02.08  11400 11550 11650 11100 463215
2017.02.09  11900 11500 12000 11300 431136
2017.02.10  11600 11900 11900 11350 341111
2017.02.13  11500 11600 11600 11300 220341
2017.02.14  11900 11550 12400 11500 583385
2017.02.15  12250 11850 12600 11750 532516
2017.02.16  12400 12350 12450 12050 236226
2017.02.17  13000 12450 13250 12350 810259
2017.02.20  13350 13100 13450 13050 493707
2017.02.21  13300 13300 13450 13000 384573
2017.02.22  13300 13350 13450 13050 244945
2017.02.23  13550 13250 13900 13250 464824
2017.02.24  13450 13700 13850 13350 307304
2017.02.27  13050 13350 13400 12850 295463
2017.02.28  13700 13050 13750 12850 540076
2017.03.02  13700 13850 13900 13500 350622
2017.03.03  13450 13700 13700 13100 352916
2017.03.06  14000 13550 14200 13400 469482
2017.03.07  14850 14050 15100 14050 956514
2017.03.08  14800 14950 15050 14600 277480
2017.03.09  14750 14800 15300 14650 409895
2017.03.10  14850 14800 15000 14300 288018
2017.03.13  14850 14950 15150 14750 224120
2017.03.14  14450 14850 14900 14400 236000
2017.03.15  13950 14500 14850 13850 427578
2017.03.16  14100 14100 14200 13500 430787
2017.03.17  13650 14100 14200 13550 258726
2017.03.20  13250 13650 13650 13150 198210
2017.03.21  13400 13350 13750 13250 156761
2017.03.22  14100 13300 14200 13300 320817
2017.03.23  13450 14200 14200 13400 285172
2017.03.24  13600 13500 13600 13350 91311
2017.03.27  13350 13600 13650 13300 105697
2017.03.28  13300 13300 13400 13100 166272
2017.03.29  13000 13350 13350 13000 169885
2017.03.30  13100 13000 13150 12850 144582
2017.03.31  13350 13000 13350 12950 117148
2017.04.03  13250 13400 13600 13150 125495
2017.04.04  13250 13250 13450 13200 178907
2017.04.05  13600 13200 13600 13200 229947
2017.04.06  13350 13600 13600 13250 149027
2017.04.07  14050 13300 14100 13150 408842
2017.04.10  13950 14100 14400 13850 495242
2017.04.11  13800 14050 14050 13600 262200
2017.04.12  13700 13750 13800 13550 146038
2017.04.13  14100 13650 14100 13600 270596
2017.04.14  13800 14100 14150 13800 215336
2017.04.17  14550 13900 14550 13750 566666
2017.04.18  14600 14550 14750 14300 320606
2017.04.19  15250 14500 15450 14450 1045326
2017.04.20  15150 15350 15350 15000 364781
2017.04.21  14600 15100 15100 14550 450859
2017.04.24  14600 14650 14900 14350 267209
2017.04.25  14700 14700 14750 14500 177843
2017.04.26  14450 14750 14850 14300 294285
2017.04.27  14250 14450 14650 14250 248236
2017.04.28  13950 14400 14400 13850 300499
2017.05.02  14100 13950 14300 13950 116492
2017.05.04  13950 14150 14350 13800 277231
2017.05.08  14650 14100 14650 13950 385627
2017.05.10  14400 14750 14750 14300 235763
2017.05.11  14450 14450 14550 14300 245192
2017.05.12  13950 14450 14450 13900 337776
2017.05.15  14000 14250 14300 13900 216290
2017.05.16  13900 14100 14100 13800 269029
2017.05.17  13450 13900 13950 13450 318218
2017.05.18  13450 13200 13500 13150 178637
2017.05.19  13650 13450 13700 13300 131953
2017.05.22  13600 13650 13750 13450 112971
2017.05.23  13400 13700 13700 13300 184832
2017.05.24  13450 13400 13650 13350 151597
2017.05.25  13400 13450 13600 13250 172632
2017.05.26  13800 13450 13950 13400 220247
2017.05.29  13600 13950 13950 13550 161220
2017.05.30  13600 13500 13750 13450 172153
2017.05.31  13650 13650 14000 13550 367372
2017.06.01  14800 13800 14850 13750 1253958
2017.06.02  14800 15050 15100 14650 769835
2017.06.05  14950 14850 15250 14700 512169
2017.06.07  14500 14900 15250 14450 541383
2017.06.08  14800 14400 14800 14350 373976
2017.06.09  14700 14900 14950 14600 344041
2017.06.12  14250 14550 14750 14150 395565
2017.06.13  14350 14350 14500 14200 220706
2017.06.14  14100 14400 14450 14100 291030
2017.06.15  13850 14150 14200 13700 382709
2017.06.16  14000 13850 14000 13700 192591
2017.06.19  14100 14050 14350 14000 217959
2017.06.20  13850 14100 14250 13750 203653
2017.06.21  13600 13800 13850 13500 211742
2017.06.22  13600 13550 13750 13550 150122
2017.06.23  13900 13600 14050 13600 183251
2017.06.26  13250 13550 13600 13000 524953
2017.06.27  13200 13300 13300 13050 192079
2017.06.28  13200 13250 13450 13150 160492
2017.06.29  13300 13250 13300 13100 85853
2017.06.30  13750 13250 13850 13250 257129
2017.07.03  13500 13850 13850 13450 136004
2017.07.04  13250 13500 13700 13150 157596
2017.07.05  13550 13600 13800 13500 223724
2017.07.06  13400 13600 13700 13350 112962
2017.07.07  13450 13450 13500 13250 79173
2017.07.10  13700 13600 13900 13450 144718
2017.07.11  13500 13650 13700 13350 110881
2017.07.12  13300 13400 13500 13250 99572
2017.07.13  13300 13300 13650 13250 123249
2017.07.14  13400 13500 13500 13300 75673
2017.07.17  13400 13400 13500 13300 82393
2017.07.18  13700 13350 13800 13350 212175
2017.07.19  14150 13800 14150 13750 465694
2017.07.20  13950 14200 14500 13950 400805
2017.07.21  14050 14100 14200 13900 208551
2017.07.24  14500 14150 14550 14050 553623
2017.07.25  14250 14500 14550 14250 252602
2017.07.26  14100 14350 14600 14000 303774
2017.07.27  13800 14100 14300 13700 248227
2017.07.28  13450 13800 13850 13300 245085
2017.07.31  13550 13350 13650 13300 145823
2017.08.01  14000 13600 14150 13550 227085
2017.08.02  13900 14000 14150 13800 131172
2017.08.03  13450 13850 13950 13350 230334
2017.08.04  13600 13450 13650 13350 122457
2017.08.07  13500 13650 13700 13450 100848
2017.08.08  14100 13500 14250 13500 409560
2017.08.09  13600 14000 14000 13600 195228
2017.08.10  13850 13600 13850 13300 277297
2017.08.11  13450 13600 13750 13450 200572
2017.08.14  13700 13900 13900 13600 159351
2017.08.16  13600 13800 13850 13500 141250
2017.08.17  13950 13550 14000 13500 235792
2017.08.18  14100 13800 14300 13700 288577
2017.08.21  14000 14050 14250 13900 145279
2017.08.22  14000 14000 14000 14000 0
