2011.12.01     9320 10850 11500 9300 2222546
2011.12.02     9800 9380 10450 9320 690056
2011.12.05     9320 9850 9880 9300 207791
2011.12.06     8950 9350 9650 8790 264530
2011.12.07     9510 9100 9980 9000 347331
2011.12.08     9430 9510 9780 9310 221787
2011.12.09     9350 9380 9480 9300 103064
2011.12.12     9270 9500 9590 9270 58509
2011.12.13     8900 9200 9200 8900 62792
2011.12.14     8990 8970 9190 8840 69516
2011.12.15     8770 9010 9130 8770 69231
2011.12.16     8580 8830 8930 8580 64518
2011.12.19     8290 8580 8780 7510 96176
2011.12.20     7900 8180 8600 7900 88567
2011.12.21     7960 8000 8180 7930 70621
2011.12.22     7900 7970 8050 7880 30382
2011.12.23     7980 7920 8180 7920 33052
2011.12.26     7850 8040 8040 7300 41088
2011.12.27     7840 7920 7920 7710 30124
2011.12.28     7950 7810 7970 7800 32209
2011.12.29     8100 7960 8200 7920 34878
2012.01.02     8200 8030 8280 8030 32871
2012.01.03     8120 8310 8320 8080 41799
2012.01.04     8610 8230 8640 8130 76571
2012.01.05     8630 8650 8750 8510 48698
2012.01.06     8790 8630 8980 8550 38475
2012.01.09     9100 8800 9200 8720 87004
2012.01.10     9240 9070 9270 9060 27533
2012.01.11     9120 9270 9300 9050 19038
2012.01.12     8970 9210 9210 8880 18150
2012.01.13     9630 8950 9700 8950 90660
2012.01.16     9350 9630 9630 9200 17257
2012.01.17     9350 9400 9500 9190 21622
2012.01.18     9020 9350 9480 9000 18667
2012.01.19     9150 9500 9500 8950 26230
2012.01.20     9040 8990 9350 8990 10752
2012.01.25     9000 9000 9100 8880 12014
2012.01.26     9100 9310 9310 8940 8325
2012.01.27     9020 9010 9220 8960 8255
2012.01.30     8620 9190 9190 8620 11202
2012.01.31     8620 8600 8900 8600 2415
2012.02.01     8600 8620 8670 8350 31493
2012.02.02     8400 8700 8760 8400 15854
2012.02.03     8230 8400 8400 7980 41969
2012.02.06     8070 8070 8230 8010 28010
2012.02.07     8400 8200 8540 8110 19857
2012.02.08     8260 8450 8450 8170 14908
2012.02.09     8550 8150 8610 8150 24016
2012.02.10     8700 8700 8800 8540 6670
2012.02.13     8500 8700 8700 8490 8026
2012.02.14     8590 8750 8750 8420 7594
2012.02.15     8550 8590 8740 8490 6530
2012.02.16     8580 8630 8870 8560 23799
2012.02.17     8800 8790 8800 8610 17350
2012.02.20     8700 8800 8800 8610 6667
2012.02.21     9400 8610 9800 8520 108404
2012.02.22     9600 9310 10300 9230 357176
2012.02.23     9440 9450 9600 9310 36297
2012.02.24     9350 9600 9600 9200 25320
2012.02.27     9260 9210 9400 9170 17003
2012.02.28     9150 9380 9380 9100 13744
2012.02.29     9300 9150 9490 9030 24304
2012.03.02     9370 9430 9430 9280 7598
2012.03.05     9310 9370 9480 9230 7435
2012.03.06     9240 9310 9320 9200 16899
2012.03.07     9200 9050 9200 9050 14058
2012.03.08     9340 9330 9440 9290 15590
2012.03.09     9400 9480 9480 9300 16815
2012.03.12     9420 9480 9490 9360 10859
2012.03.13     9840 9450 10150 9450 130098
2012.03.14     9800 9890 9970 9730 77873
2012.03.15     9790 9840 9860 9570 44214
2012.03.16     10250 9820 10550 9770 246735
2012.03.19     10350 10300 10600 10050 69230
2012.03.20     10100 10400 10450 9950 51114
2012.03.21     10250 10050 11150 9950 358322
2012.03.22     9800 10200 10300 9800 70392
2012.03.23     9830 9710 9960 9630 27848
2012.03.26     9720 9810 9980 9710 24724
2012.03.27     9860 9760 9890 9700 15313
2012.03.28     9880 9920 9920 9730 19448
2012.03.29     9660 9930 9930 9660 21751
2012.03.30     9520 9790 9790 9410 27124
2012.04.02     9630 9540 9660 9410 21158
2012.04.03     9560 9470 9850 9470 18263
2012.04.04     9600 9650 9650 9190 40986
2012.04.05     9540 9580 9580 9300 13589
2012.04.06     9490 9590 9590 9380 10749
2012.04.09     9380 9350 9580 9230 14444
2012.04.10     9300 9470 9470 9300 19648
2012.04.12     9300 9350 9370 9240 12684
2012.04.13     9500 9580 9580 9300 17335
2012.04.16     9640 9750 9750 9480 180607
2012.04.17     10400 9700 10450 9630 253288
2012.04.18     10600 10650 10700 10000 72644
2012.04.19     10350 10650 11350 10200 246335
2012.04.20     9870 10650 10650 9850 53680
2012.04.23     9870 10000 10000 9730 26990
2012.04.24     9670 9900 9900 9610 23998
2012.04.25     9670 9670 9820 9660 11831
2012.04.26     10050 9900 10400 9770 41742
2012.04.27     10250 10350 10350 9950 19972
2012.04.30     10400 10500 10550 10250 15532
2012.05.02     10250 10400 10450 10150 23933
2012.05.03     10400 10150 10400 9980 26671
2012.05.04     4980 5980 5980 4930 1055603
2012.05.07     4800 4890 5000 4800 52207
2012.05.08     4730 4810 4890 4665 45309
2012.05.09     4600 4645 4735 4580 44485
2012.05.10     4625 4560 4695 4520 19872
2012.05.11     4580 4650 4680 4570 17587
2012.05.14     4500 4580 4640 4255 12784
2012.05.15     4380 4375 4590 4310 9436
2012.05.16     4110 4300 4435 4110 16881
2012.05.17     4260 4195 4420 4150 11225
2012.05.18     4255 4265 4350 4160 15745
2012.05.21     4310 4255 4340 4230 9457
2012.05.22     4450 4500 4500 4205 9146
2012.05.23     4410 4395 4495 4390 7585
2012.05.24     4300 4390 4440 4145 60487
2012.05.25     4230 4155 4375 4155 34436
2012.05.29     4180 4230 4235 4170 16033
2012.05.30     4130 4275 4275 4130 20724
2012.05.31     4140 4140 4190 4100 13054
2012.06.01     4160 4125 4310 4110 6681
2012.06.04     4080 4080 4155 3960 27119
2012.06.05     4180 3990 4200 3990 13472
2012.06.07     4160 4280 4500 4160 59759
2012.06.08     4040 4150 4175 4025 13383
2012.06.11     4040 4060 4155 4035 11054
2012.06.12     4000 4090 4090 3955 26036
2012.06.13     4015 4050 4050 3970 6686
2012.06.14     4225 3950 4230 3950 45771
2012.06.15     4090 4215 4215 4090 5861
2012.06.18     4085 4150 4180 4075 29339
2012.06.19     4100 4140 4180 4070 12932
2012.06.20     4115 4175 4175 4070 35261
2012.06.21     4160 4135 4175 4100 13410
2012.06.22     4180 4150 4250 4050 23792
2012.06.25     4190 4180 4200 4155 10128
2012.06.26     4210 4230 4230 4150 20458
2012.06.27     4230 4245 4250 4190 16941
2012.06.28     4170 4200 4250 4125 17446
2012.06.29     4050 4180 4180 4040 26885
2012.07.02     4070 4050 4080 4040 18714
2012.07.03     4075 4075 4090 4005 23333
2012.07.04     4105 4050 4220 4030 10896
2012.07.05     4110 4125 4170 4080 11967
2012.07.06     4130 4250 4260 4105 41612
2012.07.09     4080 4140 4140 4040 18733
2012.07.10     4045 4030 4135 4030 23383
2012.07.11     4030 4060 4095 3985 26263
2012.07.12     4030 4060 4100 3980 17932
2012.07.13     3980 4040 4040 3510 23935
2012.07.16     3945 4020 4020 3870 15379
2012.07.17     3900 3945 3945 3830 7158
2012.07.18     3750 3895 3900 3710 41454
2012.07.19     3760 3735 3795 3675 21583
2012.07.20     3780 3710 3795 3650 19130
2012.07.23     3650 3780 3805 3630 43847
2012.07.24     3650 3600 3775 3575 28472
2012.07.25     3595 3670 3670 3540 15338
2012.07.26     3470 3640 3690 3470 39500
2012.07.27     3800 3475 3950 3420 67906
2012.07.30     3900 3820 3995 3800 32095
2012.07.31     3975 3805 3980 3805 13942
2012.08.01     3995 3985 4000 3925 5958
2012.08.02     3900 3925 3995 3895 8861
2012.08.03     3895 3905 3905 3790 1935
2012.08.06     4005 3900 4005 3900 11459
2012.08.07     4020 4010 4020 3945 2627
2012.08.08     3945 4020 4020 3605 28848
2012.08.09     3890 3960 3960 3820 12693
2012.08.10     3800 3950 3950 3800 13608
2012.08.13     3700 3745 3920 3670 41464
2012.08.14     4040 3735 4240 3700 65064
2012.08.16     4045 4090 4090 3900 24302
2012.08.17     3945 4045 4125 3945 20375
2012.08.20     4090 4230 4230 4040 31756
2012.08.21     4120 4175 4175 4010 33096
2012.08.22     4035 4070 4110 3935 39841
2012.08.23     4010 4020 4085 3935 25858
2012.08.24     3975 4070 4070 3910 24505
2012.08.27     4030 4010 4135 3975 37329
2012.08.28     4040 4030 4085 3940 38033
2012.08.29     4100 4095 4130 3950 53060
2012.08.30     4120 4100 4190 4075 27944
2012.08.31     4300 4150 4340 4010 98088
2012.09.03     4445 4345 4595 4255 86650
2012.09.04     4370 4525 4525 4340 31913
2012.09.05     4380 4370 4450 4290 42049
2012.09.06     4365 4525 4525 4300 34003
2012.09.07     4490 4415 4500 4365 64841
2012.09.10     4585 4520 4585 4355 80509
2012.09.11     4740 4590 4800 4590 60701
2012.09.12     4740 4730 4820 4675 39278
2012.09.13     4740 4690 4790 4690 38613
2012.09.14     4790 4750 4790 4705 34573
2012.09.17     4850 4840 4880 4770 33025
2012.09.18     4770 4800 4845 4730 51463
2012.09.19     4560 4770 4770 4560 50339
2012.09.20     4540 4700 4700 4540 32344
2012.09.21     4615 4600 4680 4520 36539
2012.09.24     4800 4615 4870 4550 74503
2012.09.25     4855 4820 4860 4780 41209
2012.09.26     4840 4880 4880 4750 25353
2012.09.27     4840 4755 4890 4730 21810
2012.09.28     4800 4850 4850 4775 23639
2012.10.02     4805 4805 4875 4760 15143
2012.10.04     4800 4840 4840 4715 24178
2012.10.05     4950 4810 4950 4760 57852
2012.10.08     5110 5000 5170 4920 76397
2012.10.09     5090 5120 5140 4995 16203
2012.10.10     5100 5090 5100 4955 23932
2012.10.11     5000 5120 5230 4995 32925
2012.10.12     4975 5040 5040 4895 44577
2012.10.15     4775 4970 4990 4775 49900
2012.10.16     4805 4790 4810 4680 38488
2012.10.17     4795 4800 4810 4610 33052
2012.10.18     4755 4800 4800 4670 25227
2012.10.19     4685 4785 4785 4665 12991
2012.10.22     4670 4540 4680 4540 33694
2012.10.23     4830 4670 4955 4670 32463
2012.10.24     4845 4820 4895 4775 24827
2012.10.25     4880 4900 4900 4825 14616
2012.10.26     4870 4900 4900 4765 22010
2012.10.29     4705 4875 4875 4700 8613
2012.10.30     4660 4605 4735 4605 14588
2012.10.31     4570 4600 4660 4520 25349
2012.11.01     4535 4690 4690 4480 23980
2012.11.02     4390 4540 4570 4380 35055
2012.11.05     4340 4420 4420 4330 36624
2012.11.06     4300 4390 4390 4165 25308
2012.11.07     4295 4320 4365 4180 40454
2012.11.08     4080 4200 4235 4015 108081
2012.11.09     4080 4220 4220 4010 21194
2012.11.12     4010 4100 4100 4000 27808
2012.11.13     3930 4000 4000 3900 31777
2012.11.14     3980 4000 4000 3925 3960
2012.11.15     3950 3995 4000 3875 14560
2012.11.16     3870 3995 3995 3850 6780
2012.11.19     4020 3885 4045 3880 10771
2012.11.20     4015 4070 4070 3995 3030
2012.11.21     3930 4005 4045 3930 3917
2012.11.22     3995 3920 3995 3900 18379
2012.11.23     4025 4045 4045 3980 5245
2012.11.26     3955 4065 4065 3905 6668
2012.11.27     4090 3950 4090 3920 18559
2012.11.28     4005 4095 4095 4005 2318
2012.11.29     3920 4060 4060 3890 10843
2012.11.30     3850 4085 4085 3800 37825
2012.12.03     3795 3850 3850 3700 14561
2012.12.04     3815 3840 3875 3660 28500
2012.12.05     3990 3790 3990 3780 53386
2012.12.06     4120 3995 4130 3905 31316
2012.12.07     4185 4140 4185 4055 21279
2012.12.10     4270 4290 4290 4155 17325
2012.12.11     4300 4270 4325 4200 23489
2012.12.12     4300 4380 4380 4250 13217
2012.12.13     4300 4390 4390 4230 21209
2012.12.14     4315 4300 4340 4260 18100
2012.12.17     4280 4400 4440 4250 18049
2012.12.18     4300 4315 4315 4130 19400
2012.12.20     4300 4300 4325 4250 12129
2012.12.21     4290 4300 4300 4230 22330
2012.12.24     4295 4295 4350 4145 13920
2012.12.26     4240 4295 4340 4210 21281
2012.12.27     4260 4275 4330 4200 20976
2012.12.28     4265 4295 4330 4200 15733
2013.01.02     4310 4260 4320 4230 16364
2013.01.03     4325 4345 4370 4270 18946
2013.01.04     4315 4340 4340 4300 16609
2013.01.07     4295 4305 4315 4250 22259
2013.01.08     4285 4300 4335 4245 30001
2013.01.09     4435 4300 4685 4270 71167
2013.01.10     4400 4470 4490 4370 27612
2013.01.11     4400 4440 4450 4350 7497
2013.01.14     4375 4380 4400 4270 21970
2013.01.15     4345 4390 4390 4260 16214
2013.01.16     4290 4370 4370 4275 13813
2013.01.17     4280 4295 4300 4220 10753
2013.01.18     4230 4290 4290 4160 10254
2013.01.21     4175 4260 4270 4155 16441
2013.01.22     4155 4170 4250 4155 13916
2013.01.23     4185 4155 4245 4155 7347
2013.01.24     4120 4195 4195 4120 16347
2013.01.25     4135 4195 4195 4060 12557
2013.01.28     4130 4135 4190 4070 7787
2013.01.29     4120 4150 4175 4105 13123
2013.01.30     4165 4050 4165 4050 15461
2013.01.31     4170 4200 4200 4105 9063
2013.02.01     4165 4170 4200 4140 3674
2013.02.04     4115 4195 4195 4115 5585
2013.02.05     4100 4150 4150 4020 2434
2013.02.06     4060 3980 4160 3980 8409
2013.02.07     4020 4060 4085 3945 13924
2013.02.08     4050 4100 4355 4035 1327
2013.02.12     4050 4090 4185 3945 7255
2013.02.13     4030 4025 4100 3935 1170
2013.02.14     4040 4050 4100 3990 965
2013.02.15     4045 4040 4045 3960 4278
2013.02.18     4030 4045 4045 3980 3044
2013.02.19     4035 4025 4045 3905 5477
2013.02.20     3995 3975 4035 3975 6101
2013.02.21     3990 3995 4000 3930 9628
2013.02.22     3970 4040 4040 3955 2671
2013.02.25     4080 3970 4100 3970 19281
2013.02.26     4005 4055 4100 4005 7566
2013.02.27     4050 4085 4085 3980 14913
2013.02.28     3915 4045 4045 3915 27809
2013.03.04     3910 3925 3945 3855 4396
2013.03.05     3960 3940 3960 3880 5094
2013.03.06     4000 3995 4025 3910 1148
2013.03.07     3950 4030 4030 3890 10288
2013.03.08     3960 3975 3975 3890 8171
2013.03.11     3950 4050 4050 3925 2102
2013.03.12     3855 3950 4020 3845 9349
2013.03.13     3890 3830 3945 3830 6106
2013.03.14     3900 3850 3910 3850 12364
2013.03.15     3920 3900 3930 3875 12249
2013.03.18     3920 3900 4000 3900 3450
2013.03.19     3910 3920 3950 3850 3434
2013.03.20     3845 3950 3975 3810 7507
2013.03.21     3820 3860 3905 3800 5541
2013.03.22     3820 3930 3930 3800 6545
2013.03.25     3765 3820 3820 3725 7673
2013.03.26     3755 3780 3780 3700 30375
2013.03.27     3950 3770 4000 3765 8072
2013.03.28     3920 3950 4000 3790 74054
2013.03.29     3960 3920 4000 3795 23780
2013.04.01     3770 3990 3990 3765 87522
2013.04.02     3770 3795 3810 3730 29468
2013.04.03     3745 3800 3800 3705 9175
2013.04.04     3770 3780 3780 3520 28407
2013.04.05     3700 3770 3770 3560 86840
2013.04.08     3740 3720 3750 3590 25424
2013.04.09     3675 3605 3780 3600 6748
2013.04.10     3650 3710 3710 3600 21459
2013.04.11     3680 3760 3760 3600 42329
2013.04.12     3710 3700 3790 3665 36857
2013.04.15     3650 3750 3750 3645 12503
2013.04.16     3625 3650 3800 3600 6160
2013.04.17     3680 3650 3735 3610 4994
2013.04.18     3650 3680 3740 3625 2135
2013.04.19     3690 3690 3695 3650 3982
2013.04.22     3685 3750 3750 3620 18625
2013.04.23     3660 3730 3730 3620 8798
2013.04.24     3710 3640 3720 3620 28162
2013.04.25     3785 3655 3850 3655 12556
2013.04.26     3815 3785 3865 3740 14763
2013.04.29     3790 3815 3900 3645 15181
2013.04.30     3790 3800 3800 3735 8841
2013.05.02     3815 3850 3850 3765 15237
2013.05.03     3800 3770 3820 3770 6056
2013.05.06     3795 3725 3815 3725 2461
2013.05.07     3770 3760 3815 3705 24165
2013.05.08     3825 3850 3890 3770 22664
2013.05.09     3840 3885 3885 3805 15943
2013.05.10     3805 3810 3900 3790 12891
2013.05.13     3780 3820 3820 3730 14869
2013.05.14     3735 3820 3820 3620 44534
2013.05.15     3695 3750 3750 3650 9640
2013.05.16     3685 3695 3700 3615 22619
2013.05.20     3640 3685 3720 3640 10322
2013.05.21     3680 3640 3740 3630 11017
2013.05.22     3650 3660 3695 3630 28824
2013.05.23     3620 3615 3695 3580 58295
2013.05.24     3640 3620 3695 3605 15739
2013.05.27     3685 3595 3695 3595 7239
2013.05.28     3630 3740 3740 3610 10435
2013.05.29     3665 3630 3695 3585 7267
2013.05.30     3640 3640 3670 3605 6676
2013.05.31     3660 3650 3710 3590 12074
2013.06.03     3660 3660 3715 3640 1095
2013.06.04     3650 3660 3660 3595 3707
2013.06.05     3615 3650 3670 3570 5846
2013.06.07     3610 3635 3635 3480 13841
2013.06.10     3610 3630 3630 3600 396
2013.06.11     3670 3600 3670 3430 42999
2013.06.12     3655 3625 3670 3545 18726
2013.06.13     3595 3655 3655 3525 10081
2013.06.14     3560 3600 3675 3500 9824
2013.06.17     3440 3515 3595 3435 15260
2013.06.18     3600 3445 3700 3370 27741
2013.06.19     3450 3680 3695 3430 32752
2013.06.20     3540 3495 3540 3375 5512
2013.06.21     3550 3500 3655 3340 10729
2013.06.24     3555 3545 3630 3385 10335
2013.06.25     3275 3510 3680 3275 15980
2013.06.26     3360 3300 3435 3175 1292
2013.06.27     3595 3400 3595 3315 9765
2013.06.28     3595 3685 3685 3540 2281
2013.07.01     3610 3630 3650 3530 6002
2013.07.02     3610 3620 3685 3545 7198
2013.07.03     3630 3615 3655 3570 1631
2013.07.04     3600 3650 3650 3570 1621
2013.07.05     3600 3600 3655 3590 325
2013.07.08     3540 3600 3650 3505 3987
2013.07.09     3475 3430 3630 3315 12364
2013.07.10     3555 3505 3585 3495 820
2013.07.11     3555 3580 3615 3435 8290
2013.07.12     3545 3585 3585 3485 1540
2013.07.15     3580 3585 3585 3495 2534
2013.07.16     3580 3590 3590 3505 3335
2013.07.17     3565 3520 3580 3460 7395
2013.07.18     3565 3510 3575 3500 1883
2013.07.19     3550 3510 3570 3500 3662
2013.07.22     3525 3510 3550 3450 1836
2013.07.23     3595 3525 3595 3445 3914
2013.07.24     3560 3595 3620 3505 2057
2013.07.25     3550 3515 3575 3455 5241
2013.07.26     3575 3550 3575 3490 1887
2013.07.29     3565 3575 3595 3525 1175
2013.07.30     3560 3635 3635 3505 4443
2013.07.31     3525 3560 3590 3480 5109
2013.08.01     3525 3530 3600 3500 364
2013.08.02     3535 3525 3590 3450 1085
2013.08.05     3545 3535 3600 3315 11880
2013.08.06     3600 3545 3645 3545 11601
2013.08.07     3595 3600 3665 3515 4742
2013.08.08     3565 3605 3650 3480 12006
2013.08.09     3565 3560 3585 3505 4584
2013.08.12     3590 3560 3595 3510 1458
2013.08.13     3535 3590 3625 3520 1610
2013.08.14     3540 3550 3615 3480 4457
2013.08.16     3535 3485 3575 3485 1157
2013.08.19     3520 3540 3540 3350 7661
2013.08.20     3440 3520 3520 3350 11680
2013.08.21     3305 3440 3500 3285 26151
2013.08.22     3490 3305 3530 3280 5054
2013.08.23     3435 3560 3565 3385 1140
2013.08.26     3440 3435 3525 3435 278
2013.08.27     3395 3445 3505 3395 1794
2013.08.28     3385 3400 3425 3260 2933
2013.08.29     3380 3390 3425 3310 1734
2013.08.30     3380 3380 3380 3355 363
2013.09.02     3360 3400 3400 3285 6492
2013.09.03     3350 3400 3400 3250 12978
2013.09.04     3255 3360 3370 3200 22195
2013.09.05     3300 3250 3310 3200 19186
2013.09.06     3250 3310 3390 3200 16602
2013.09.09     3125 3250 3250 3005 83834
2013.09.10     3050 3145 3240 2880 48432
2013.09.11     3110 3090 3115 3000 39378
2013.09.12     3000 3110 3350 2975 217654
2013.09.13     3020 3030 3050 2995 44096
2013.09.16     3010 3045 3060 3000 45219
2013.09.17     2950 3010 3045 2950 54944
2013.09.23     2965 3010 3010 2940 42384
2013.09.24     2980 2965 3000 2915 46679
2013.09.25     2975 2980 2980 2930 14842
2013.09.26     2950 2980 2980 2900 43998
2013.09.27     2945 2960 2970 2860 54329
2013.09.30     2940 2955 2970 2895 29284
2013.10.01     2915 2940 2940 2815 98583
2013.10.02     2940 2910 2950 2840 92493
2013.10.04     2915 2940 2940 2880 9308
2013.10.07     3010 2915 3015 2735 62597
2013.10.08     3000 3010 3025 2910 26329
2013.10.10     2990 3000 3000 2910 17275
2013.10.11     2985 2990 3000 2940 13649
2013.10.14     2985 2985 2995 2930 11077
2013.10.15     2975 2980 2980 2905 49994
2013.10.16     2975 2970 2975 2895 54900
2013.10.17     2965 2975 3015 2945 11953
2013.10.18     2930 2985 2990 2850 63137
2013.10.21     2950 2930 2955 2900 6545
2013.10.22     2950 2950 2970 2900 12847
2013.10.23     2870 2945 2965 2865 15068
2013.10.24     2870 2915 2925 2860 6277
2013.10.25     2960 2890 2965 2855 12816
2013.10.28     2920 2935 2960 2870 37844
2013.10.29     2910 2920 2935 2855 31015
2013.10.30     2880 2915 2950 2820 45195
2013.10.31     2950 2880 2960 2845 16388
2013.11.01     2890 2950 2950 2855 26134
2013.11.04     2810 2865 2900 2810 14932
2013.11.05     2825 2815 2850 2800 13258
2013.11.06     2900 2830 2900 2800 18709
2013.11.07     2855 2895 2900 2840 7696
2013.11.08     2800 2860 2890 2720 47933
2013.11.11     2790 2815 2825 2750 5683
2013.11.12     2800 2805 2830 2735 7210
2013.11.13     2795 2855 2890 2750 2402
2013.11.14     2840 2845 2870 2755 1622
2013.11.15     2775 2825 2840 2725 31220
2013.11.18     2750 2780 2790 2675 22842
2013.11.19     2645 2740 2780 2600 57629
2013.11.20     2500 2635 2645 2450 82393
2013.11.21     2435 2470 2490 2325 48131
2013.11.22     2300 2410 2490 2250 194654
2013.11.25     2340 2340 2400 2285 80127
2013.11.26     2265 2340 2400 2255 76103
2013.11.27     2305 2275 2325 2275 58667
2013.11.28     2315 2310 2350 2270 35391
2013.11.29     2365 2325 2385 2325 29371
2013.12.02     2295 2360 2365 2285 63273
2013.12.03     2385 2295 2385 2265 40542
2013.12.04     2345 2385 2430 2300 28539
2013.12.05     2335 2335 2390 2310 23381
2013.12.06     2375 2340 2430 2320 14449
2013.12.09     2400 2375 2410 2375 16601
2013.12.10     2400 2415 2430 2355 16840
2013.12.11     2420 2400 2430 2360 7929
2013.12.12     2440 2425 2470 2350 12971
2013.12.13     2410 2440 2440 2365 14228
2013.12.16     2425 2380 2425 2360 7491
2013.12.17     2360 2425 2435 2360 8895
2013.12.18     2410 2400 2430 2350 4122
2013.12.19     2375 2435 2435 2335 16552
2013.12.20     2345 2315 2385 2310 20070
2013.12.23     2340 2350 2350 2270 48257
2013.12.24     2300 2370 2370 2265 34940
2013.12.26     2300 2320 2330 2280 3568
2013.12.27     2340 2320 2340 2265 2494
2013.12.30     2265 2340 2350 2240 34386
2014.01.02     2275 2270 2305 2175 86833
2014.01.03     2190 2225 2275 2190 51173
2014.01.06     2200 2195 2220 2170 50231
2014.01.07     2310 2200 2390 2200 87267
2014.01.08     2275 2345 2345 2250 40258
2014.01.09     2525 2295 2615 2260 405253
2014.01.10     2435 2525 2575 2415 95234
2014.01.13     2630 2530 2710 2470 220054
2014.01.14     2535 2630 2665 2495 113904
2014.01.15     2475 2620 2620 2440 106037
2014.01.16     2470 2485 2485 2430 33656
2014.01.17     2470 2475 2495 2440 28411
2014.01.20     2475 2470 2525 2450 55835
2014.01.21     2540 2480 2595 2480 55978
2014.01.22     2520 2575 2630 2520 45347
2014.01.23     2520 2540 2540 2460 40615
2014.01.24     2430 2515 2515 2430 22930
2014.01.27     2390 2430 2475 2310 44074
2014.01.28     2370 2400 2400 2315 25646
2014.01.29     2330 2385 2385 2310 25299
2014.02.03     2315 2365 2365 2305 14238
2014.02.04     2315 2315 2325 2285 6017
2014.02.05     2305 2305 2325 2280 11550
2014.02.06     2320 2305 2325 2290 3399
2014.02.07     2405 2320 2450 2320 39985
2014.02.10     2425 2430 2450 2370 7783
2014.02.11     2420 2445 2445 2390 3843
2014.02.12     2430 2420 2450 2375 11654
2014.02.13     2450 2450 2450 2395 3873
2014.02.14     2470 2450 2475 2400 12121
2014.02.17     2465 2475 2475 2415 14452
2014.02.18     2450 2475 2475 2405 8260
2014.02.19     2450 2420 2455 2420 3214
2014.02.20     2400 2450 2490 2400 12582
2014.02.21     2430 2465 2465 2385 9125
2014.02.24     2385 2430 2460 2380 9135
2014.02.25     2455 2435 2460 2400 29619
2014.02.26     2530 2455 2540 2445 26600
2014.02.27     2530 2530 2550 2460 14718
2014.02.28     2570 2550 2585 2480 33480
2014.03.03     2585 2590 2590 2525 28544
2014.03.04     2565 2585 2595 2490 60249
2014.03.05     2635 2565 2690 2565 67085
2014.03.06     2700 2635 2700 2600 18840
2014.03.07     2810 2775 2890 2755 100236
2014.03.10     2750 2810 2830 2705 43718
2014.03.11     2795 2750 2795 2705 12046
2014.03.12     2780 2810 2935 2730 53980
2014.03.13     2845 2780 2845 2740 16027
2014.03.14     2810 2835 2875 2775 5533
2014.03.17     2800 2800 2840 2730 3402
2014.03.18     2760 2835 2835 2720 15326
2014.03.19     2810 2765 2820 2715 6484
2014.03.20     2815 2810 2820 2780 4399
2014.03.21     2795 2775 2815 2755 833
2014.03.24     2810 2745 2830 2745 1825
2014.03.25     2780 2810 2810 2735 4601
2014.03.26     2770 2820 2820 2730 2242
2014.03.27     2775 2800 2800 2725 9622
2014.03.28     2750 2750 2815 2710 14480
2014.03.31     2750 2760 2760 2660 15473
2014.04.01     2640 2750 2750 2615 29008
2014.04.02     2655 2645 2695 2635 7337
2014.04.03     2560 2655 2655 2555 19653
2014.04.04     2470 2545 2590 2455 63753
2014.04.07     2500 2460 2510 2450 65550
2014.04.08     2595 2485 2605 2465 56576
2014.04.09     2680 2585 2680 2530 9266
2014.04.10     2645 2680 2680 2615 6645
2014.04.11     2700 2645 2700 2565 10952
2014.04.14     2710 2690 2750 2665 11333
2014.04.15     2725 2720 2740 2670 6456
2014.04.16     2715 2750 2750 2675 6937
2014.04.17     2705 2720 2735 2645 3024
2014.04.18     2665 2700 2730 2665 2053
2014.04.21     2665 2655 2705 2655 4889
2014.04.22     2700 2735 2735 2665 1263
2014.04.23     2700 2730 2730 2665 472
2014.04.24     2685 2700 2740 2625 5913
2014.04.25     2705 2685 2740 2680 558
2014.04.28     2675 2710 2710 2655 798
2014.04.29     2680 2695 2700 2630 3545
2014.04.30     2690 2695 2695 2630 2427
2014.05.02     2700 2695 2710 2620 2102
2014.05.07     2690 2655 2695 2640 6626
2014.05.08     2670 2685 2685 2640 2140
2014.05.09     2660 2640 2675 2640 1023
2014.05.12     2665 2665 2665 2650 349
2014.05.13     2685 2975 2975 2660 6978
2014.05.14     2695 2650 2730 2650 2920
2014.05.15     2660 2695 2740 2600 25410
2014.05.16     2650 2655 2655 2600 5978
2014.05.19     2515 2650 2650 2515 21199
2014.05.20     2570 2520 2595 2450 8272
2014.05.21     2590 2570 2620 2555 1351
2014.05.22     2590 2615 2615 2550 1829
2014.05.23     2550 2590 2590 2510 17218
2014.05.26     2530 2550 2550 2485 6231
2014.05.27     2500 2575 2575 2495 7366
2014.05.28     2505 2520 2520 2465 1635
2014.05.29     2480 2455 2560 2420 8903
2014.05.30     2465 2440 2490 2420 9065
2014.06.02     2375 2470 2470 2375 7003
2014.06.03     2415 2375 2435 2330 3007
2014.06.05     2420 2480 2480 2355 1591
2014.06.09     2475 2410 2480 2410 537
2014.06.10     2475 2500 2500 2420 3199
2014.06.11     2475 2475 2510 2420 1379
2014.06.12     2375 2485 2510 2365 36703
2014.06.13     2560 2405 2730 2400 66427
2014.06.16     2505 2505 2575 2485 24189
2014.06.17     2440 2545 2545 2440 9805
2014.06.18     2445 2485 2485 2430 3636
2014.06.19     2475 2425 2490 2425 2626
2014.06.20     2445 2445 2545 2425 2408
2014.06.23     2400 2490 2490 2395 3988
2014.06.24     2405 2460 2460 2370 5793
2014.06.25     2380 2365 2440 2345 8009
2014.06.26     2340 2365 2410 2335 10436
2014.06.27     2355 2350 2365 2315 4035
2014.06.30     2370 2350 2380 2350 1120
2014.07.01     2375 2370 2395 2355 275
2014.07.02     2410 2435 2435 2370 1564
2014.07.03     2390 2465 2465 2390 168
2014.07.04     2420 2450 2450 2370 13854
2014.07.07     2435 2485 2485 2390 3663
2014.07.08     2430 2485 2485 2375 2833
2014.07.09     2395 2440 2440 2365 4383
2014.07.10     2510 2395 2595 2375 20192
2014.07.11     2460 2510 2530 2460 2863
2014.07.14     2500 2500 2500 2430 2192
2014.07.15     2500 2500 2580 2450 17396
2014.07.16     2480 2480 2515 2430 12764
2014.07.17     2440 2480 2480 2430 1826
2014.07.18     2440 2445 2445 2390 7935
2014.07.21     2520 2450 2520 2385 21225
2014.07.22     2535 2530 2660 2530 25112
2014.07.23     2545 2535 2550 2500 14566
2014.07.24     2530 2540 2540 2500 2325
2014.07.25     2495 2540 2540 2470 5004
2014.07.28     2495 2500 2500 2435 628
2014.07.29     2485 2495 2495 2455 103
2014.07.30     2480 2485 2485 2430 1157
2014.07.31     2480 2490 2490 2350 2488
2014.08.01     2450 2480 2480 2315 3535
2014.08.04     2445 2445 2500 2420 584
2014.08.05     2470 2445 2490 2410 960
2014.08.06     2495 2475 2495 2410 4012
2014.08.07     2485 2495 2495 2450 1159
2014.08.08     2470 2485 2485 2400 2469
2014.08.11     2460 2495 2495 2425 1287
2014.08.12     2445 2500 2500 2400 5274
2014.08.13     2375 2485 2485 2355 14276
2014.08.14     2385 2375 2400 2325 14559
2014.08.18     2360 2450 2450 2340 14503
2014.08.19     2360 2440 2440 2350 12668
2014.08.20     2360 2345 2390 2345 25026
2014.08.21     2370 2440 2440 2355 9225
2014.08.22     2370 2415 2415 2330 2830
2014.08.25     2370 2370 2425 2340 2874
2014.08.26     2305 2340 2470 2300 20187
2014.08.27     2275 2330 2350 2260 8696
2014.08.28     2300 2330 2330 2280 2849
2014.08.29     2350 2365 2375 2305 39
2014.09.01     2350 2350 2380 2310 4043
2014.09.02     2350 2380 2380 2320 6611
2014.09.03     2360 2345 2375 2320 5846
2014.09.04     2285 2365 2365 2285 2940
2014.09.05     2270 2350 2350 2270 3950
2014.09.11     2315 2305 2330 2280 3424
2014.09.12     2375 2330 2375 2270 8772
2014.09.15     2420 2325 2425 2325 1949
2014.09.16     2400 2420 2470 2350 2595
2014.09.17     2425 2395 2425 2355 751
2014.09.18     2420 2460 2460 2365 3154
2014.09.19     2405 2425 2430 2380 488
2014.09.22     2435 2400 2460 2370 1542
2014.09.23     2450 2450 2460 2400 5938
2014.09.24     2470 2475 2475 2440 4254
2014.09.25     2450 2475 2475 2410 3991
2014.09.26     2460 2475 2475 2450 566
2014.09.29     2410 2460 2475 2350 16445
2014.09.30     2360 2410 2410 2355 2153
2014.10.01     2440 2360 2460 2360 217
2014.10.02     2445 2440 2450 2440 376
2014.10.06     2430 2455 2455 2330 336
2014.10.07     2340 2410 2430 2320 1886
2014.10.08     2320 2325 2415 2320 1469
2014.10.10     2345 2350 2400 2280 1528
2014.10.13     2200 2350 2350 2200 10491
2014.10.14     2195 2260 2270 2150 18851
2014.10.15     2220 2205 2240 2180 5063
2014.10.16     2180 2260 2260 2160 19444
2014.10.17     2150 2240 2240 2150 1985
2014.10.20     2150 2150 2185 2130 25994
2014.10.21     2200 2230 2235 2150 1706
2014.10.22     2300 2235 2345 2150 7563
2014.10.23     2175 2300 2300 2175 20310
2014.10.24     2130 2235 2235 2105 33818
2014.10.27     2110 2175 2200 2100 10960
2014.10.28     2135 2150 2190 2115 6497
2014.10.29     2200 2145 2290 2135 10384
2014.10.30     2090 2225 2225 2090 37375
2014.10.31     2090 2115 2115 2075 3274
2014.11.03     2050 2135 2135 2050 4135
2014.11.04     2045 2050 2150 2000 13548
2014.11.05     1920 2070 2070 1900 21483
2014.11.06     1910 1930 1990 1905 9417
2014.11.07     1945 1945 1980 1915 13123
2014.11.10     1915 1985 1985 1915 4571
2014.11.11     1960 1970 1985 1950 8715
2014.11.12     1975 1990 2010 1965 4822
2014.11.13     2025 1985 2090 1985 7780
2014.11.14     2035 2065 2065 2000 4623
2014.11.17     2040 2035 2050 2000 4446
2014.11.18     2015 2040 2040 1985 1662
2014.11.19     2000 1995 2040 1995 2973
2014.11.20     2005 1970 2025 1970 4742
2014.11.21     2010 2005 2035 1955 666
2014.11.24     1995 2005 2005 1980 2327
2014.11.25     1995 2000 2035 1960 5747
2014.11.26     1945 2005 2005 1940 6730
2014.11.27     1955 2000 2000 1920 7411
2014.11.28     1970 1940 2010 1925 2937
2014.12.01     1885 1930 1990 1835 13559
2014.12.02     1890 1885 1915 1855 217
2014.12.03     1890 1910 1925 1890 1793
2014.12.04     1870 1915 1915 1850 6649
2014.12.05     1970 1910 1995 1910 7564
2014.12.08     2210 1965 2265 1965 79786
2014.12.09     2245 2240 2260 2125 39569
2014.12.10     2310 2225 2320 2160 23197
2014.12.11     2280 2310 2310 2185 20330
2014.12.12     2280 2280 2290 2245 15412
2014.12.15     2355 2280 2365 2250 25214
2014.12.16     2325 2345 2355 2295 15792
2014.12.17     2365 2325 2450 2200 72544
2014.12.18     2395 2350 2400 2310 10536
2014.12.19     2385 2335 2420 2325 20949
2014.12.22     2395 2335 2440 2315 20806
2014.12.23     2385 2425 2425 2350 12667
2014.12.24     2400 2385 2400 2345 10647
2014.12.26     2410 2400 2425 2360 1684
2014.12.29     2435 2405 2435 2320 14513
2014.12.30     2455 2435 2455 2390 7285
2015.01.02     2450 2455 2455 2310 2778
2015.01.05     2465 2405 2465 2405 12590
2015.01.06     2490 2465 2490 2420 14841
2015.01.07     2500 2490 2510 2460 18033
2015.01.08     2525 2470 2530 2450 14738
2015.01.09     2500 2525 2535 2335 13456
2015.01.12     2525 2455 2585 2430 25762
2015.01.13     2500 2525 2555 2480 36957
2015.01.14     2550 2500 2580 2485 21956
2015.01.15     2545 2550 2550 2455 8211
2015.01.16     2555 2545 2560 2520 21443
2015.01.19     2560 2555 2645 2550 13625
2015.01.20     2590 2560 2605 2535 23011
2015.01.21     2600 2600 2600 2550 26788
2015.01.22     2685 2600 2800 2575 69265
2015.01.23     2760 2710 2780 2675 35645
2015.01.26     2685 2750 2750 2655 37487
2015.01.27     2715 2685 2740 2665 29816
2015.01.28     2710 2680 2720 2680 24041
2015.01.29     2710 2725 2730 2600 12070
2015.01.30     2695 2710 2710 2620 3775
2015.02.02     2675 2690 2750 2650 19309
2015.02.03     2680 2650 2695 2565 11359
2015.02.04     2675 2670 2705 2625 6657
2015.02.05     2615 2675 2675 2570 15331
2015.02.06     2590 2630 2700 2530 16013
2015.02.09     2625 2590 2740 2485 80127
2015.02.10     2700 2625 2790 2625 31488
2015.02.11     2700 2700 2740 2680 23187
2015.02.12     2725 2705 2750 2675 24127
2015.02.13     2730 2725 2750 2675 17555
2015.02.16     2730 2635 2735 2635 20999
2015.02.17     2670 2730 2735 2670 20218
2015.02.23     2735 2680 2740 2675 27601
2015.02.24     2720 2735 2735 2710 11151
2015.02.25     2765 2720 2790 2680 28251
2015.02.26     2760 2745 2760 2705 13736
2015.02.27     2800 2710 2805 2710 26176
2015.03.02     2860 2800 2895 2750 51696
2015.03.03     2850 2860 2860 2815 13043
2015.03.04     2845 2800 2860 2800 3535
2015.03.05     2890 2800 2895 2800 17027
2015.03.06     2875 2885 2885 2825 16776
2015.03.09     2835 2820 2875 2810 27960
2015.03.10     2805 2830 2830 2725 39900
2015.03.11     2820 2795 2840 2790 26907
2015.03.12     2820 2820 2855 2800 21727
2015.03.13     2800 2820 2820 2780 18619
2015.03.16     2800 2800 2800 2750 21059
2015.03.17     2715 2760 2795 2705 37881
2015.03.18     2760 2715 2770 2665 31392
2015.03.19     2750 2795 2795 2705 45875
2015.03.20     2725 2750 2780 2685 30174
2015.03.23     2540 2750 2750 2535 168696
2015.03.24     2515 2540 2585 2515 86068
2015.03.25     2470 2515 2535 2425 72708
2015.03.26     2580 2470 2640 2455 38268
2015.03.27     2560 2590 2590 2510 48391
2015.03.30     2585 2550 2600 2530 29934
2015.03.31     2585 2605 2605 2540 14662
2015.04.01     2545 2585 2585 2500 35499
2015.04.02     2535 2545 2545 2485 22676
2015.04.03     2535 2530 2570 2500 22373
2015.04.06     2590 2535 2590 2510 33832
2015.04.07     2590 2590 2600 2555 20374
2015.04.08     2680 2590 2685 2540 49706
2015.04.09     2735 2650 2735 2640 42464
2015.04.10     2735 2735 2760 2700 36411
2015.04.13     2820 2735 2890 2695 78938
2015.04.14     2860 2815 2870 2750 35996
2015.04.15     3285 2860 3285 2860 426988
2015.04.16     3250 3370 3630 3160 414823
2015.04.17     3255 3290 3355 3190 103641
2015.04.20     3300 3255 3325 3185 82746
2015.04.21     3215 3300 3300 3090 91704
2015.04.22     3100 3215 3215 2950 73876
2015.04.23     3030 3100 3110 2975 28063
2015.04.24     3010 2975 3075 2960 22498
2015.04.27     3090 3010 3170 2985 34286
2015.04.28     2960 3040 3045 2930 39882
2015.04.29     2965 2960 3010 2925 23877
2015.04.30     2980 2990 3000 2955 6594
2015.05.04     2920 2970 3025 2920 30172
2015.05.06     2770 2860 2890 2700 35356
2015.05.07     2720 2795 2800 2705 11917
2015.05.08     2720 2800 2800 2690 14563
2015.05.11     2730 2780 2855 2705 14970
2015.05.12     2725 2840 2840 2725 12237
2015.05.13     2795 2715 2795 2690 17361
2015.05.14     2770 2825 2860 2765 6539
2015.05.15     2700 2795 2795 2670 23722
2015.05.18     2680 2700 2785 2655 8714
2015.05.19     2660 2680 2710 2620 5095
2015.05.20     2640 2660 2670 2610 8879
2015.05.21     2585 2610 2615 2525 28885
2015.05.22     2630 2550 2760 2550 27741
2015.05.26     2700 2630 2710 2620 8174
2015.05.27     2540 2650 2705 2510 54346
2015.05.28     2545 2540 2580 2520 15893
2015.05.29     2525 2545 2565 2520 14255
2015.06.01     2310 2525 2560 2275 44405
2015.06.02     2340 2325 2390 2305 16204
2015.06.03     2360 2340 2375 2300 3419
2015.06.04     2400 2360 2435 2320 23532
2015.06.05     2365 2355 2400 2335 7360
2015.06.08     2390 2375 2400 2365 7616
2015.06.09     2330 2410 2410 2300 31577
2015.06.10     2350 2330 2435 2330 30626
2015.06.11     2400 2335 2400 2335 10247
2015.06.12     2400 2400 2450 2380 19656
2015.06.15     2325 2380 2395 2320 22684
2015.06.16     2325 2325 2375 2300 13624
2015.06.17     2340 2325 2375 2305 8116
2015.06.18     2355 2350 2375 2305 5848
2015.06.19     2355 2340 2355 2330 8801
2015.06.22     2325 2375 2375 2305 7495
2015.06.23     2340 2325 2360 2310 13331
2015.06.24     2355 2340 2370 2310 22882
2015.06.25     2520 2385 2520 2300 40784
2015.06.26     2540 2520 2600 2440 20366
2015.06.29     2420 2580 2580 2400 11970
2015.06.30     2400 2440 2440 2380 3429
2015.07.01     2355 2400 2445 2345 20055
2015.07.02     2300 2355 2390 2285 22329
2015.07.03     2325 2270 2340 2270 13087
2015.07.06     2210 2325 2325 2205 14549
2015.07.07     2170 2250 2250 2120 15365
2015.07.08     2165 2195 2195 2140 18837
2015.07.09     2175 2120 2225 2120 6348
2015.07.10     2225 2175 2250 2175 4014
2015.07.13     2195 2205 2250 2195 18948
2015.07.14     2215 2230 2245 2180 20620
2015.07.15     2250 2255 2255 2210 12045
2015.07.16     2270 2250 2275 2220 15052
2015.07.17     2275 2285 2290 2245 3508
2015.07.20     2265 2270 2270 2225 26059
2015.07.21     2245 2275 2305 2240 4546
2015.07.22     2335 2245 2345 2225 36360
2015.07.23     2305 2340 2360 2270 16757
2015.07.24     2300 2270 2330 2225 40538
2015.07.27     2300 2325 2325 2215 11204
2015.07.28     2330 2300 2340 2250 9189
2015.07.29     2340 2350 2515 2260 10597
2015.07.30     2320 2340 2355 2260 7247
2015.07.31     2240 2325 2345 2230 15205
2015.08.03     2320 2250 2345 2250 6706
2015.08.04     2280 2330 2340 2255 5062
2015.08.05     2285 2280 2300 2250 10682
2015.08.06     2250 2260 2365 2240 22631
2015.08.07     2295 2250 2300 2245 7803
2015.08.10     2345 2310 2455 2260 9906
2015.08.11     2310 2330 2345 2290 6995
2015.08.12     2310 2330 2345 2250 4146
2015.08.13     2500 2330 2530 2260 57411
2015.08.17     2400 2570 2825 2400 384757
2015.08.18     2355 2400 2450 2330 33100
2015.08.19     2215 2335 2355 2170 64045
2015.08.20     2300 2215 2450 2180 21792
2015.08.21     2290 2190 2300 2190 8897
2015.08.24     2280 2290 2400 2175 24901
2015.08.25     2265 2265 2295 2155 13427
2015.08.26     2215 2265 2285 2200 24168
2015.08.27     2210 2215 2230 2165 37075
2015.08.28     2230 2210 2285 2190 16254
2015.08.31     2115 2230 2230 2075 99530
2015.09.01     2155 2115 2165 2095 22376
2015.09.02     2175 2120 2200 2110 13285
2015.09.03     2165 2175 2250 2135 89208
2015.09.04     2170 2165 2300 2150 76937
2015.09.07     2190 2190 2190 2115 5901
2015.09.08     2160 2210 2215 2120 10698
2015.09.09     2110 2160 2180 2100 25247
2015.09.10     2075 2110 2125 2040 30883
2015.09.11     2080 2090 2115 2050 32327
2015.09.14     2095 2090 2430 2090 246770
2015.09.15     2155 2110 2165 2095 16901
2015.09.16     2200 2170 2215 2130 15136
2015.09.17     2195 2225 2225 2145 15995
2015.09.18     2165 2220 2220 2145 11159
2015.09.21     2165 2190 2190 2120 21010
2015.09.22     2175 2165 2180 2110 27678
2015.09.23     2155 2175 2175 2145 1739
2015.09.24     2190 2155 2235 2145 10124
2015.09.25     2235 2215 2290 2140 13202
2015.09.30     2210 2240 2280 2175 19249
2015.10.01     2195 2225 2230 2170 5466
2015.10.02     2200 2195 2270 2180 21142
2015.10.05     2200 2210 2250 2165 17857
2015.10.06     2255 2200 2530 2180 168150
2015.10.07     2290 2260 2330 2240 29445
2015.10.08     2400 2290 2810 2290 627636
2015.10.12     3120 2450 3120 2450 2410327
2015.10.13     3030 3490 3590 2890 2892645
2015.10.14     3055 3080 3480 2935 2616922
2015.10.15     3115 3105 3225 2985 826810
2015.10.16     2860 3150 3180 2860 515542
2015.10.19     2800 2830 2855 2735 278679
2015.10.20     2890 2820 2890 2810 228723
2015.10.21     2840 2885 2890 2755 151485
2015.10.22     2780 2865 2870 2760 102417
2015.10.23     2955 2850 3465 2840 2535745
2015.10.26     3840 3100 3840 3080 3331099
2015.10.27     4990 4990 4990 4990 69772
2015.10.28     6480 6480 6480 6480 266920
2015.10.29     8420 8420 8420 8400 1158080
2015.10.30     9900 9730 10100 7850 8163155
2015.11.02     9900 0 0 0 0
2015.11.03     9510 10400 11500 9510 1351074
2015.11.04     8990 8880 9700 8880 942822
2015.11.05     11000 9380 11000 9380 845778
2015.11.06     9370 9360 10300 8950 1091639
2015.11.09     10000 9500 10650 9260 590617
2015.11.10     10550 9700 12450 9610 1110622
2015.11.11     11800 10250 12650 10000 933382
2015.11.12     15300 12000 15300 11650 2072963
2015.11.13     15350 15500 16950 14200 905457
2015.11.16     15350 0 0 0 0
2015.11.17     16100 17000 17000 15350 350036
2015.11.18     16900 15600 16900 15600 185484
2015.11.19     20150 16850 20150 16850 356015
2015.11.20     20000 20000 20100 19200 323834
2015.11.23     21800 21500 26000 21500 389474
2015.11.24     21700 21700 22550 19800 337701
2015.11.25     18800 22800 23450 18050 615872
2015.11.26     18800 19150 19350 17450 561158
2015.11.27     17200 18900 19150 17150 308066
2015.11.30     18500 16550 18500 16050 460867
2015.12.01     20650 18500 23200 18150 605272
2015.12.02     21200 20700 21700 20150 260696
2015.12.03     20450 20000 20800 18050 339859
2015.12.04     19400 20400 20750 19050 151074
2015.12.07     19800 19400 22000 19150 167739
2015.12.08     19950 19900 20400 18500 169880
2015.12.09     21500 20700 22500 20000 287729
2015.12.10     17550 22650 23950 16350 710464
2015.12.11     15750 17600 18100 15000 718616
2015.12.14     16600 16100 17500 15750 368417
2015.12.15     15800 17000 17200 15200 170552
2015.12.16     16400 15800 17000 15150 218789
2015.12.17     16900 17200 17200 16100 123689
2015.12.18     16700 16900 16900 16000 139512
2015.12.21     16300 16700 16700 15250 168996
2015.12.22     15000 16250 16300 14500 233176
2015.12.23     14450 15400 15950 14350 250490
2015.12.24     14800 14150 15250 13850 200876
2015.12.28     13200 14800 14950 13200 159692
2015.12.29     13600 13200 13800 12800 139714
2015.12.30     13850 13700 14550 13250 110250
2016.01.04     14050 14300 14550 13850 94340
2016.01.05     13600 13600 14000 13450 81712
2016.01.06     13000 14000 14150 12450 135125
2016.01.07     12250 13000 13000 11600 142628
2016.01.08     12500 11700 12550 11250 71680
2016.01.11     12700 12250 13150 12200 108996
2016.01.12     12900 12650 13150 12650 33761
2016.01.13     13000 12900 13150 12450 56537
2016.01.14     12400 13000 13000 12000 73262
2016.01.15     11600 12600 12800 11350 126579
2016.01.18     12950 11050 14700 10850 319317
2016.01.19     12500 13200 13200 12500 89501
2016.01.20     12800 12500 13650 12350 169286
2016.01.21     14800 13400 15600 13050 500200
2016.01.22     15200 15200 15850 14400 183814
2016.01.25     14800 15200 15600 14550 79976
2016.01.26     13950 14700 15000 13700 81526
2016.01.27     13450 14000 14500 13300 98014
2016.01.28     13750 13350 13950 13150 98428
2016.01.29     12650 13900 14150 12600 151373
2016.02.01     12900 12700 13050 12450 78774
2016.02.02     12050 12900 12900 11850 121084
2016.02.03     12000 11950 12450 11700 121398
2016.02.04     11850 11950 12400 11650 55027
2016.02.05     13200 11850 13500 11850 210365
2016.02.11     14100 13100 14700 12800 177797
2016.02.12     14050 14300 14300 12950 108470
2016.02.15     14050 14500 14650 13900 90417
2016.02.16     13700 14050 14150 13300 105052
2016.02.17     13750 13950 14100 13500 63685
2016.02.18     15000 13650 15000 13600 168959
2016.02.19     15150 15100 15500 14750 154938
2016.02.22     13750 15200 15300 13550 354556
2016.02.23     14400 13800 14900 13400 202575
2016.02.24     14500 14400 15100 14400 164136
2016.02.25     13700 14650 14700 13500 164086
2016.02.26     12800 13750 13800 12750 318758
2016.02.29     12850 12800 13350 12800 106097
2016.03.02     13200 12800 13300 12800 73028
2016.03.03     13900 13400 14100 13350 151405
2016.03.04     14100 14050 15000 13500 262022
2016.03.07     14000 14100 14300 13850 91260
2016.03.08     14350 14000 14850 13950 297158
2016.03.09     13400 14100 14400 13250 150281
2016.03.10     13600 13400 13850 12950 77079
2016.03.11     15950 13700 16250 13200 585764
2016.03.14     15350 16500 17000 14750 585797
2016.03.15     15600 16050 16100 15200 275369
2016.03.16     17000 15500 17000 15500 558817
2016.03.17     17500 17550 18200 16850 600272
2016.03.18     13450 17500 17500 13050 1827974
2016.03.21     14600 13700 15600 13300 1290725
2016.03.22     14000 14600 14700 13950 213827
2016.03.23     14000 14000 14200 13450 213781
2016.03.24     13450 13800 13950 13400 166708
2016.03.25     14000 13450 14500 12750 257594
2016.03.28     14200 14100 14650 13900 147036
2016.03.29     15000 14200 15100 14200 322687
2016.03.30     14600 15250 15450 14500 192183
2016.03.31     14650 14600 15050 14150 147667
2016.04.01     14550 14600 15350 14400 195900
2016.04.04     14650 14650 14850 14300 111579
2016.04.05     14000 14700 14750 13950 98747
2016.04.06     14550 14300 14800 13950 125873
2016.04.07     13800 14600 14750 13700 185755
2016.04.08     13800 14100 14200 13450 140268
2016.04.11     13150 14100 14100 12950 165062
2016.04.12     12700 13150 13750 12500 231599
2016.04.14     12300 12900 12900 12200 136872
2016.04.15     11800 12050 12200 11700 187610
2016.04.18     11850 11600 12050 11500 147924
2016.04.19     12100 12050 12200 11650 115127
2016.04.20     12450 12250 13000 12200 172560
2016.04.21     12050 12500 12550 11800 115841
2016.04.22     13750 12150 14350 12000 307873
2016.04.25     14050 13750 14150 13450 227466
2016.04.26     13650 14200 14450 13650 140740
2016.04.27     13050 13650 13950 12950 173869
2016.04.28     12450 13050 13300 12450 130285
2016.04.29     12200 12550 12550 11650 255967
2016.05.02     12050 11900 12350 11800 75710
2016.05.03     11950 12200 12200 11650 111996
2016.05.04     12400 11950 13200 11700 236023
2016.05.09     11900 12200 12200 11750 111955
2016.05.10     12000 11600 12150 11600 108192
2016.05.11     11900 12400 12550 11900 153606
2016.05.12     12100 12000 12200 11750 98800
2016.05.13     11900 12050 12050 11750 89458
2016.05.16     11750 12000 12100 11600 80683
2016.05.17     10100 11800 11800 10000 268247
2016.05.18     10450 10150 11000 9960 208652
2016.05.19     9550 10250 10450 9310 413127
2016.05.20     9290 9620 9900 9230 204110
2016.05.23     9350 9480 9820 9210 138660
2016.05.24     8890 9490 9490 8750 214030
2016.05.25     8460 8900 8900 8310 187483
2016.05.26     8730 8540 8730 8080 153357
2016.05.27     9740 8880 10250 8650 521131
2016.05.30     9900 9900 10350 9610 185460
2016.05.31     9880 9900 10150 9680 77007
2016.06.01     11350 9870 11650 9700 427440
2016.06.02     11750 11500 12000 11100 220601
2016.06.03     12000 11850 12400 11650 164961
2016.06.07     12000 12150 12250 11750 81000
2016.06.08     11800 11900 12000 11250 103329
2016.06.09     12800 11800 12800 11800 253834
2016.06.10     12700 13100 13100 12550 157079
2016.06.13     12200 12450 12600 11900 157262
2016.06.14     11950 12350 12350 11550 113328
2016.06.15     12400 12050 12800 12050 205776
2016.06.16     10350 13500 14800 9650 4814265
2016.06.17     9850 10000 10250 9730 624430
2016.06.20     9190 9850 9920 9150 524826
2016.06.21     9230 9190 9470 8850 395343
2016.06.22     9620 9230 9720 9140 309312
2016.06.23     8950 9520 9520 8870 225175
2016.06.24     8400 9140 9150 7340 393291
2016.06.27     8430 7990 8640 7980 194684
2016.06.28     8940 8360 9180 8250 194407
2016.06.29     9000 8940 9170 8820 187527
2016.06.30     9260 9100 9730 9030 493853
2016.07.01     9210 9380 9380 8940 220147
2016.07.04     8770 9300 9330 8690 254044
2016.07.05     8510 8770 8800 8340 272751
2016.07.06     8300 8400 8460 8180 204283
2016.07.07     8480 8400 8650 8240 156613
2016.07.08     8350 8480 8550 8100 232480
2016.07.11     8150 8370 8370 8100 188153
2016.07.12     8230 8320 8340 8140 139133
2016.07.13     8610 8300 8960 8170 877398
2016.07.14     8520 8800 8860 8340 245288
2016.07.15     8940 8590 8940 8400 409675
2016.07.18     9310 9130 9770 9110 716415
2016.07.19     9100 9250 9310 8920 281678
2016.07.20     8700 9130 9150 8580 391187
2016.07.21     8600 8430 8850 8190 370263
2016.07.22     8450 8600 8820 8430 194072
2016.07.25     8680 8470 9000 8400 233522
2016.07.26     8600 8680 8880 8500 166143
2016.07.27     8630 8700 8840 8550 181563
2016.07.28     8410 8600 8670 8340 218914
2016.07.29     8030 8400 8400 8020 336419
2016.08.01     8080 8030 8400 7850 162882
2016.08.02     7990 8130 8170 7980 124078
2016.08.03     7770 8120 8120 7720 131952
2016.08.04     7770 7770 7960 7750 109415
2016.08.05     7200 7690 7830 7180 370078
2016.08.08     7280 7290 7400 7110 162523
2016.08.09     7020 7340 7340 6980 207866
2016.08.10     7070 7000 7170 6850 125552
2016.08.11     7300 7110 7480 6960 269265
2016.08.12     7050 7450 7480 6990 223672
2016.08.16     6850 7240 7240 6780 192020
2016.08.17     6630 6800 6900 6490 209439
2016.08.18     6580 6630 6670 6420 170457
2016.08.19     6800 6600 7060 6570 314992
2016.08.22     6910 6860 7100 6720 163786
2016.08.23     7050 6900 7350 6900 321250
2016.08.24     7110 7070 7240 7050 177132
2016.08.25     7230 7180 7300 7050 196225
2016.08.26     7360 7120 7370 7120 228988
2016.08.29     7380 7370 7450 7020 334752
2016.08.30     7210 7460 7460 7150 163827
2016.08.31     7320 7260 7440 7210 166841
2016.09.01     7260 7340 7430 7260 147703
2016.09.02     7100 7260 7260 6950 145412
2016.09.05     6870 7030 7170 6760 115970
2016.09.06     7230 6870 7380 6850 433972
2016.09.07     7370 7230 7390 7000 322032
2016.09.08     7470 7450 7770 7060 450832
2016.09.09     7300 7450 7740 7200 351487
2016.09.12     7300 7100 7390 6750 496823
2016.09.13     7070 7260 7310 7000 203971
2016.09.19     7290 7090 7340 6950 167843
2016.09.20     7470 7250 7470 7100 279872
2016.09.21     7470 7590 7730 7420 358058
2016.09.22     7370 7470 7620 7260 210657
2016.09.23     7410 7380 7620 7300 199469
2016.09.26     7210 7470 7470 7210 127716
2016.09.27     7660 7240 7760 7090 242908
2016.09.28     8060 7650 8150 7580 600842
2016.09.29     8130 8190 8330 7910 317662
2016.09.30     8150 8200 8300 7890 274052
2016.10.04     8450 8280 8580 8140 345959
2016.10.05     8280 8450 8450 8200 157271
2016.10.06     8080 8250 8400 7990 217642
2016.10.07     8170 7980 8290 7950 155853
2016.10.10     8420 8170 8500 8170 191000
2016.10.11     7900 8500 8500 7730 189343
2016.10.12     8030 7900 8560 7650 504403
2016.10.13     8120 8030 8390 7830 300777
2016.10.14     8120 8120 8300 8010 255990
2016.10.17     8160 8180 8390 8160 222869
2016.10.18     8160 8200 8290 7960 126630
2016.10.19     6240 8200 8240 6040 837403
2016.10.20     7370 6350 7640 6350 1470217
2016.10.21     7540 7370 7680 6850 399321
2016.10.24     7560 7590 7840 7420 240906
2016.10.25     7220 7560 7650 7110 146922
2016.10.26     7110 7340 7380 6610 154998
2016.10.27     6720 7030 7200 6710 182530
2016.10.28     6610 6860 6860 6500 114894
2016.10.31     5980 6500 6580 5920 284103
2016.11.01     5870 5980 6120 5580 274561
2016.11.02     5010 5910 5980 4935 332729
2016.11.03     4995 4810 5280 4810 237133
2016.11.04     5580 4995 5930 4870 699072
2016.11.07     5740 5610 5840 5430 183841
2016.11.08     5780 5870 6030 5640 109129
2016.11.09     5120 5830 5890 4635 527738
2016.11.10     5320 5150 5520 5150 169624
2016.11.11     6140 5190 6370 5110 773486
2016.11.14     6140 6140 6440 6010 225491
2016.11.15     5730 6290 6290 5730 147695
2016.11.16     6010 5610 6280 5610 189590
2016.11.17     6110 6100 6200 5920 100330
2016.11.18     5850 6140 6200 5840 126830
2016.11.21     5500 5830 5870 5350 155551
2016.11.22     5310 5460 5580 5270 116733
2016.11.23     5130 5400 5400 4860 147435
2016.11.24     4880 5180 5270 4745 213588
2016.11.25     5030 4880 5080 4675 168376
2016.11.28     4930 5050 5050 4880 77253
2016.11.29     4625 4950 4950 4450 197465
2016.11.30     5010 4730 5070 4700 174091
2016.12.01     4920 5010 5170 4820 86599
2016.12.02     5350 4845 5450 4845 180748
2016.12.05     5030 5290 5400 5030 78179
2016.12.06     4800 5110 5200 4760 147098
2016.12.07     4500 4800 4800 4460 263161
2016.12.08     4425 4580 4650 4410 85521
2016.12.09     4425 4400 4570 4360 103059
2016.12.12     4600 4425 4745 4380 272939
2016.12.13     4305 4550 4555 4250 388864
2016.12.14     3985 4195 4240 3985 515620
2016.12.15     4060 3965 4140 3965 185058
2016.12.16     3850 4050 4100 3700 522674
2016.12.19     3815 3895 3900 3750 124561
2016.12.20     3785 3780 3845 3690 138555
2016.12.21     3890 3750 3950 3745 332433
2016.12.22     3850 3910 3950 3775 214046
2016.12.23     3800 3890 3890 3750 91305
2016.12.26     3825 3880 3935 3800 141722
2016.12.27     3615 3900 3900 3575 182167
2016.12.28     3655 3655 3680 3575 121284
2016.12.29     3800 3610 3800 3600 85071
2017.01.02     3820 3830 3945 3760 495110
2017.01.03     3605 3830 3880 3560 836616
2017.01.04     3970 3610 3970 3580 1607401
2017.01.05     4845 4020 5070 4020 4474252
2017.01.06     4800 4680 4800 4480 1305567
2017.01.09     4985 4800 5270 4755 1090258
2017.01.10     4980 4985 5040 4870 250834
2017.01.11     3675 4970 5040 3490 3365351
2017.01.12     3765 3865 4075 3690 2527162
2017.01.13     4080 3780 4230 3575 3096344
2017.01.16     4345 4145 4445 4090 1252011
2017.01.17     4380 4335 4485 4230 616427
2017.01.18     4295 4280 4390 4265 343619
2017.01.19     4440 4255 4665 4255 635458
2017.01.20     4470 4405 4550 4375 308220
2017.01.23     4215 4515 4535 4100 264316
2017.01.24     4125 4215 4400 4125 278359
2017.01.25     4285 4060 4590 4005 525690
2017.01.26     4650 4365 4995 4365 1532113
2017.01.31     4830 4695 4980 4510 653454
2017.02.01     4790 4830 4950 4790 378851
2017.02.02     4750 4670 4900 4615 346269
2017.02.03     4385 4750 4800 4300 486128
2017.02.06     4410 4350 4495 4250 205506
2017.02.07     4210 4380 4425 4170 218114
2017.02.08     4150 4210 4295 3905 398081
2017.02.09     4300 4155 4300 4100 93322
2017.02.10     4425 4270 4460 4170 199779
2017.02.13     4470 4370 4470 4250 219372
2017.02.14     4510 4645 4770 4410 387736
2017.02.15     4475 4510 4520 4305 150112
2017.02.16     4695 4505 4905 4415 589863
2017.02.17     4820 4580 4930 4575 499727
2017.02.20     4820 4820 4880 4750 197960
2017.02.21     4860 4825 4865 4730 195209
2017.02.22     4670 4800 4880 4570 316222
2017.02.23     4440 4550 4635 4420 329359
2017.02.24     4565 4420 4695 4350 288095
2017.02.27     5270 4570 5530 4570 3581005
2017.02.28     5060 5320 5380 4990 1170062
2017.03.02     5210 5120 5300 5030 1080362
2017.03.03     5060 5200 5240 4950 705216
2017.03.06     5120 5050 5170 4905 412564
2017.03.07     5280 5090 5590 5060 2115850
2017.03.08     5250 5380 5440 5160 692051
2017.03.09     5550 5270 5620 5270 1247577
2017.03.10     5630 5590 5660 5330 740646
2017.03.13     5240 5480 5480 4975 1441001
2017.03.14     5160 5260 5260 5000 671865
2017.03.15     5170 5290 5300 5040 508817
2017.03.16     5080 5160 5270 5070 316418
2017.03.17     4970 5030 5070 4835 509430
2017.03.20     4785 4910 4970 4720 352139
2017.03.21     4700 4735 4885 4660 330734
2017.03.22     4150 4560 4590 3830 3054387
2017.03.23     4115 4035 4415 4035 762273
2017.03.24     4115 0 0 0 0
2017.03.27     4115 0 0 0 0
2017.03.28     4115 0 0 0 0
2017.03.29     4115 0 0 0 0
2017.03.30     4115 0 0 0 0
2017.03.31     4115 0 0 0 0
2017.04.03     4115 0 0 0 0
2017.04.04     4115 0 0 0 0
2017.04.05     4115 0 0 0 0
2017.04.06     4115 0 0 0 0
2017.04.07     4115 0 0 0 0
2017.04.10     4115 0 0 0 0
2017.04.11     4115 0 0 0 0
2017.04.12     4115 0 0 0 0
2017.04.13     4115 0 0 0 0
2017.04.14     4115 0 0 0 0
2017.04.17     4115 0 0 0 0
2017.04.18     4115 0 0 0 0
2017.04.19     4115 0 0 0 0
2017.04.20     4115 0 0 0 0
2017.04.21     4115 0 0 0 0
2017.04.24     4115 0 0 0 0
2017.04.25     4115 0 0 0 0
2017.04.26     4115 0 0 0 0
2017.04.27     4115 0 0 0 0
2017.04.28     4115 0 0 0 0
2017.05.02     4115 0 0 0 0
2017.05.04     4115 0 0 0 0
2017.05.08     4115 0 0 0 0
2017.05.10     4115 0 0 0 0
2017.05.11     4115 0 0 0 0
2017.05.12     4115 0 0 0 0
2017.05.15     4115 0 0 0 0
2017.05.16     4115 0 0 0 0
2017.05.17     4115 0 0 0 0
2017.05.18     4115 0 0 0 0
2017.05.19     4115 0 0 0 0
2017.05.22     4115 0 0 0 0
2017.05.23     4115 0 0 0 0
2017.05.24     4115 0 0 0 0
2017.05.25     4115 0 0 0 0
2017.05.26     4115 0 0 0 0
2017.05.29     4115 0 0 0 0
2017.05.30     4115 0 0 0 0
2017.05.31     4115 0 0 0 0
2017.06.01     4115 0 0 0 0
2017.06.02     4115 0 0 0 0
2017.06.05     4115 0 0 0 0
2017.06.07     4115 0 0 0 0
2017.06.08     4115 0 0 0 0
2017.06.09     4115 0 0 0 0
2017.06.12     4115 0 0 0 0
2017.06.13     4115 0 0 0 0
2017.06.14     4115 0 0 0 0
2017.06.15     4115 0 0 0 0
2017.06.16     4115 0 0 0 0
2017.06.19     4115 0 0 0 0
2017.06.20     4115 0 0 0 0
2017.06.21     4115 0 0 0 0
2017.06.22     4115 0 0 0 0
2017.06.23     4115 0 0 0 0
2017.06.26     4115 0 0 0 0
2017.06.27     4115 0 0 0 0
2017.06.28     4115 0 0 0 0
2017.06.29     4115 0 0 0 0
2017.06.30     4115 0 0 0 0
2017.07.03     4115 0 0 0 0
2017.07.04     4115 0 0 0 0
2017.07.05     4115 0 0 0 0
2017.07.06     4115 0 0 0 0
2017.07.07     4115 0 0 0 0
2017.07.10     4115 0 0 0 0
2017.07.11     4115 0 0 0 0
2017.07.12     4115 0 0 0 0
2017.07.13     4115 0 0 0 0
2017.07.14     4115 0 0 0 0
2017.07.17     4115 0 0 0 0
2017.07.18     4115 0 0 0 0
2017.07.19     4115 0 0 0 0
2017.07.20     4115 0 0 0 0
2017.07.21     4115 0 0 0 0
2017.07.24     4115 0 0 0 0
2017.07.25     4115 0 0 0 0
2017.07.26     4115 0 0 0 0
2017.07.27     4115 0 0 0 0
2017.07.28     4115 0 0 0 0
2017.07.31     4115 0 0 0 0
2017.08.01     4115 0 0 0 0
2017.08.02     4115 0 0 0 0
2017.08.03     4115 0 0 0 0
2017.08.04     4115 0 0 0 0
2017.08.07     4115 0 0 0 0
2017.08.08     4115 0 0 0 0
2017.08.09     4115 0 0 0 0
2017.08.10     4115 0 0 0 0
2017.08.11     4115 0 0 0 0
2017.08.14     4115 0 0 0 0
2017.08.16     4115 0 0 0 0
2017.08.17     4115 0 0 0 0
2017.08.18   4115 0 0 0 0
2017.08.21  4115 0 0 0 0
2017.08.22  4115 0 0 0 0
2017.08.23  4115 0 0 0 0
2017.08.24  4115 0 0 0 0
2017.08.25  4115 0 0 0 0
2017.08.28  4115 0 0 0 0
2017.08.29  4115 0 0 0 0
2017.08.30  4115 0 0 0 0
2017.08.31  9150 8230 10550 8030 12920766
2017.09.01  10250 9370 10250 9030 4146459
