2010.11.26  9440 8210 9440 8210 1595789
2010.11.29  10850 10850 10850 10850 12832
2010.11.30  11400 12450 12450 10100 4896302
2010.12.01  13100 11050 13100 10950 3695734
2010.12.02  13200 13600 15000 12950 3496425
2010.12.03  11900 13350 14250 11750 2219644
2010.12.06  11300 11900 12600 11300 1138665
2010.12.07  10500 11550 11700 10500 808376
2010.12.08  10250 10500 10900 9970 907986
2010.12.09  10300 10550 11200 10150 1227078
2010.12.10  10450 10650 11000 10300 703043
2010.12.13  10650 10800 10950 10350 609465
2010.12.14  10700 10650 11000 10450 708496
2010.12.15  10050 11150 11650 9950 836958
2010.12.16  9900 10050 10100 9610 280426
2010.12.17  10600 9900 10600 9690 235689
2010.12.20  9500 10350 10400 9450 411439
2010.12.21  9650 9790 9850 9550 182172
2010.12.22  9670 9620 9770 9500 127493
2010.12.23  9830 9760 10300 9030 372700
2010.12.24  8680 10150 10800 8480 1517294
2010.12.27  8220 8670 8870 8200 169700
2010.12.28  7870 8300 8370 7800 215203
2010.12.29  8130 7850 8180 7780 111182
2010.12.30  8080 8050 8150 7860 100374
2011.01.03  8240 8230 8470 8100 120719
2011.01.04  8800 8240 8800 8000 280787
2011.01.05  8780 8890 8930 8580 169652
2011.01.06  8730 8720 9160 8620 201919
2011.01.07  10000 9110 10000 9100 197252
2011.01.10  8840 11000 11250 8840 1267129
2011.01.11  8350 8890 8890 8350 221027
2011.01.12  8220 8400 8500 8200 126496
2011.01.13  8050 8250 8300 8030 93702
2011.01.14  8140 8050 8290 8020 61190
2011.01.17  8340 8200 8350 8200 75423
2011.01.18  8200 8340 8380 8100 65720
2011.01.19  7950 8200 8330 7950 79278
2011.01.20  7910 7950 8070 7890 37416
2011.01.21  7700 7920 8050 7700 51572
2011.01.24  7460 7760 7760 7400 59180
2011.01.25  7420 7410 7500 7240 74677
2011.01.26  7510 7450 7510 7280 52832
2011.01.27  7580 7430 7750 7430 30359
2011.01.28  7460 7700 7700 7400 38298
2011.01.31  7310 7450 7450 6710 24902
2011.02.01  7200 7310 7460 7120 25465
2011.02.07  7210 7220 7370 7040 19254
2011.02.08  7010 7210 7290 7010 31061
2011.02.09  6830 7140 7140 6810 51999
2011.02.10  6890 7170 7430 6830 149354
2011.02.11  6710 6830 6970 6670 27842
2011.02.14  6340 6520 6550 6200 78216
2011.02.15  6000 6220 6290 6000 71007
2011.02.16  5870 6440 6900 5840 390277
2011.02.17  5240 5870 5870 5220 89001
2011.02.18  5270 5200 5440 5200 43857
2011.02.21  5190 5270 5350 5100 51693
2011.02.22  5260 5190 5260 5080 46458
2011.02.23  5310 5290 5450 5160 48794
2011.02.24  5280 5350 5560 5280 35062
2011.02.25  5200 5260 5370 5130 17281
2011.02.28  5240 5240 5300 5100 28951
2011.03.02  5150 5200 5270 5130 11934
2011.03.03  5100 5150 5280 5050 30668
2011.03.04  5270 5180 5450 5130 26456
2011.03.07  5470 5300 5540 5260 34126
2011.03.08  5540 5520 5550 5410 18434
2011.03.09  5620 5570 5810 5450 43094
2011.03.10  5530 5620 5680 5510 22548
2011.03.11  5750 5520 5750 5440 32157
2011.03.14  5800 5800 5810 5400 49339
2011.03.15  5540 5700 5960 5150 47903
2011.03.16  5480 5550 5700 5440 25007
2011.03.17  5520 5400 5530 5370 16989
2011.03.18  5990 5570 6230 5460 76992
2011.03.21  5750 6090 6090 5730 39984
2011.03.22  6010 5850 6150 5750 47688
2011.03.23  6910 6040 6910 6000 194251
2011.03.24  7940 7710 7940 7670 138816
2011.03.25  9130 8800 9130 8540 830672
2011.03.28  9500 8920 10400 8740 1057858
2011.03.29  9230 9610 9890 8710 656787
2011.03.30  8500 9370 9530 8260 675335
2011.03.31  8620 8570 8660 8130 250595
2011.04.01  8400 8620 8650 8300 173659
2011.04.04  8640 8580 8970 8390 508268
2011.04.05  8130 8710 8960 8100 285805
2011.04.06  8130 8150 8180 7880 198279
2011.04.07  7770 8270 8280 7770 196172
2011.04.08  8250 7900 8250 7700 210287
2011.04.11  7750 8150 8280 7750 148615
2011.04.12  7200 7780 7910 7200 178176
2011.04.13  7350 7200 7490 7110 57648
2011.04.14  7510 7440 7620 7220 65401
2011.04.15  7210 7510 7760 7170 81006
2011.04.18  7210 7210 7350 7160 31277
2011.04.19  7220 7200 7590 7200 55662
2011.04.20  7300 7400 7540 7230 52284
2011.04.21  7000 7580 7580 7000 56967
2011.04.22  6750 7080 7080 6610 46794
2011.04.25  6690 6880 6880 6590 25498
2011.04.26  6240 6770 6770 6190 68441
2011.04.27  6170 6340 6340 6100 39038
2011.04.28  6400 6210 6510 6210 32678
2011.04.29  6340 6510 6510 6260 27249
2011.05.02  7000 6410 7180 6340 44393
2011.05.03  6850 6810 7070 6750 24038
2011.05.04  7180 6850 7370 6770 58034
2011.05.06  6950 7200 7280 6930 16491
2011.05.09  6800 7120 7120 6750 21973
2011.05.11  6460 6850 6850 6350 27468
2011.05.12  6350 6480 6560 6200 11771
2011.05.13  6400 6360 6470 6350 12918
2011.05.16  6330 6390 6460 6220 8444
2011.05.17  6290 6290 6380 6180 7416
2011.05.18  6260 6450 6450 6140 6731
2011.05.19  6090 6390 6390 6010 19799
2011.05.20  5900 5850 6070 5680 56584
2011.05.23  5780 5990 5990 5630 16847
2011.05.24  5700 5630 5900 5630 8194
2011.05.25  5710 5860 5860 5710 7719
2011.05.26  6080 5750 6170 5750 7489
2011.05.27  6110 6250 6250 6000 3401
2011.05.30  5990 6110 6110 5880 3797
2011.05.31  5820 6050 6060 5620 15649
2011.06.01  5780 5820 5880 5700 12221
2011.06.02  5600 5800 5890 5520 7581
2011.06.03  5890 5500 6370 5500 60004
2011.06.07  5790 5710 6040 5510 9711
2011.06.08  5790 5670 5930 5670 5496
2011.06.09  5890 5950 5950 5510 7243
2011.06.10  5850 5850 5970 5800 813
2011.06.13  5690 5810 5960 5610 5067
2011.06.14  5630 5600 5770 5600 2828
2011.06.15  5710 5890 5890 5600 4497
2011.06.16  5660 5550 5700 5500 9696
2011.06.17  5740 5660 5790 5660 6216
2011.06.20  5870 5750 5960 5720 8420
2011.06.21  5840 5830 5900 5780 4148
2011.06.22  5870 5960 5960 5750 5063
2011.06.23  5870 5810 5950 5810 3106
2011.06.24  5780 5970 5970 5690 11406
2011.06.27  5620 5600 5750 5600 5281
2011.06.28  5600 5560 5700 5560 5913
2011.06.29  5580 5550 5640 5550 6781
2011.06.30  5580 5510 5770 5510 5754
2011.07.01  5620 5650 5650 5580 3843
2011.07.04  5710 5700 5760 5600 16597
2011.07.05  5860 5600 5960 5570 36736
2011.07.06  5800 6040 6400 5800 39062
2011.07.07  5870 5950 5950 5730 17047
2011.07.08  5820 5820 5940 5820 9227
2011.07.11  5880 5760 6000 5750 31987
2011.07.12  5890 5940 5940 5800 14358
2011.07.13  6120 5930 6150 5880 24375
2011.07.14  6090 6160 6230 5960 20845
2011.07.15  6150 6160 6230 5980 16597
2011.07.18  6300 6070 6330 6070 42002
2011.07.19  6190 6210 6380 6190 18384
2011.07.20  6100 6160 6280 6070 22761
2011.07.21  6050 6100 6210 6050 15499
2011.07.22  6130 6070 6160 6040 14617
2011.07.25  5930 6140 6260 5930 32763
2011.07.26  6020 6040 6070 5830 24235
2011.07.27  6180 5950 6190 5940 18756
2011.07.28  6250 6210 6270 6020 12321
2011.07.29  6270 6250 6320 6160 16817
2011.08.01  6690 6270 6770 6240 43049
2011.08.02  6700 6790 6850 6520 43546
2011.08.03  6790 6530 6790 6520 22031
2011.08.04  6710 6970 6970 6610 22545
2011.08.05  6230 6360 6360 5900 28791
2011.08.08  5540 5900 6200 5350 45977
2011.08.09  5020 4820 5290 4720 89836
2011.08.10  5270 5130 5630 5130 29610
2011.08.11  5270 5270 5400 5020 23838
2011.08.12  5280 5500 5790 5280 25444
2011.08.16  5490 5400 5690 5400 12435
2011.08.17  5560 5600 5830 5400 30245
2011.08.18  5610 5560 5770 5450 8980
2011.08.19  5250 5250 5400 5050 30006
2011.08.22  5250 5110 5420 5090 10565
2011.08.23  5700 5960 5960 5300 14158
2011.08.24  5770 5890 5890 5560 12365
2011.08.25  5780 5690 5900 5690 11685
2011.08.26  6080 5700 6080 5700 10619
2011.08.29  6230 6250 6290 6200 12198
2011.08.30  6270 6160 6390 6160 12663
2011.08.31  6240 6270 6350 6200 11040
2011.09.01  6300 6370 6370 6240 16891
2011.09.02  6280 6150 6350 6150 9119
2011.09.05  6120 6200 6230 5980 16119
2011.09.06  6090 6000 6100 5930 11699
2011.09.07  6340 6040 6400 5940 13060
2011.09.08  6370 6400 6400 6210 8925
2011.09.09  6250 6370 6450 6200 9258
2011.09.14  6180 5980 6450 5980 4257
2011.09.15  6090 6210 6310 6090 10474
2011.09.16  6180 6220 6300 6110 7571
2011.09.19  6220 6180 6360 6180 4736
2011.09.20  6580 6200 6650 6200 13597
2011.09.21  6500 6650 6650 6370 6372
2011.09.22  6330 6400 6400 6120 11701
2011.09.23  6090 5720 6190 5720 9400
2011.09.26  5180 6260 6260 5180 14545
2011.09.27  5930 5360 5940 5360 5087
2011.09.28  6050 5800 6130 5640 4370
2011.09.29  5970 6100 6100 5410 3697
2011.09.30  5960 5970 6050 5760 3413
2011.10.04  5790 5900 5900 5210 3817
2011.10.05  5600 5540 6150 5540 3868
2011.10.06  6000 5600 6070 5600 10311
2011.10.07  6000 6000 6070 5960 3610
2011.10.10  6000 6000 6100 5950 7086
2011.10.11  6020 6100 6140 5920 5710
2011.10.12  6000 6150 6150 5930 1697
2011.10.13  5960 6100 6100 5850 5958
2011.10.14  5960 5900 6050 5860 3376
2011.10.17  5920 5990 6090 5920 3566
2011.10.18  5920 5670 5970 5670 4108
2011.10.19  6070 6060 6130 5940 8065
2011.10.20  6070 6150 6170 6030 6998
2011.10.21  6150 6200 6200 6010 7690
2011.10.24  6160 6150 6170 6000 7762
2011.10.25  6170 6160 6320 6160 6313
2011.10.26  6180 6000 6210 6000 5724
2011.10.27  6170 6340 6340 6170 16551
2011.10.28  6200 6170 6330 6130 10541
2011.10.31  6120 6250 6250 6120 5058
2011.11.01  6250 6200 6250 6130 18750
2011.11.02  6440 6350 6570 6150 23823
2011.11.03  6540 6500 6560 6440 19697
2011.11.04  6670 6610 6720 6470 18331
2011.11.07  6780 6670 6800 6650 10366
2011.11.08  6720 6780 6920 6650 30061
2011.11.09  6720 6720 6800 6500 12859
2011.11.10  6690 6550 6720 6400 19669
2011.11.11  6750 6610 6840 6600 7359
2011.11.14  6800 6760 6940 6730 8006
2011.11.15  6790 6700 6860 6530 7564
2011.11.16  6770 6760 6850 6670 3995
2011.11.17  6800 6860 6860 6600 10117
2011.11.18  6740 6550 6800 6550 6575
2011.11.21  6690 6650 6860 6550 6675
2011.11.22  6710 6550 6730 6550 19532
2011.11.23  6710 6710 6730 6680 8261
2011.11.24  6800 6710 6800 6700 20461
2011.11.25  6790 6800 6850 6560 10686
2011.11.28  6800 6740 6860 6600 13118
2011.11.29  6930 6800 6970 6750 22726
2011.11.30  7310 6980 7310 6820 13284
2011.12.01  7430 7730 7730 7280 14030
2011.12.02  7250 7530 7530 7150 13518
2011.12.05  7260 7100 7290 7100 7651
2011.12.06  7140 7260 7360 6250 7808
2011.12.07  6850 7240 7240 6830 4199
2011.12.08  6890 6850 6990 6800 1739
2011.12.09  6520 6890 6890 6520 7482
2011.12.12  6530 6600 6670 6460 4762
2011.12.13  6520 6670 6670 6360 677
2011.12.14  6440 6640 6640 6120 11265
2011.12.15  6200 6530 6570 6060 2978
2011.12.16  6110 6200 6370 6100 4019
2011.12.19  6070 6330 6350 6030 10897
2011.12.20  6230 5990 6260 5990 3632
2011.12.21  6420 6420 6640 6210 4033
2011.12.22  6510 6630 6630 6440 3741
2011.12.23  6550 6450 6570 6050 6349
2011.12.26  6800 6660 6870 6550 5324
2011.12.27  6810 6900 6900 6770 5249
2011.12.28  6810 6960 6960 6680 5546
2011.12.29  6840 6940 6940 6740 2444
2012.01.02  6830 6900 6900 6780 1295
2012.01.03  6840 6890 6890 6660 1742
2012.01.04  6620 6920 6920 6360 3498
2012.01.05  6670 6620 6790 6510 2362
2012.01.06  6680 6800 6800 6500 2320
2012.01.09  6510 6600 6700 6510 4543
2012.01.10  6560 6520 6590 6490 2556
2012.01.11  6560 6700 6700 6550 2682
2012.01.12  6480 6600 6600 6460 2462
2012.01.13  6420 6600 6600 6210 2098
2012.01.16  6520 6250 6660 6250 1899
2012.01.17  6530 6600 6600 6360 3919
2012.01.18  6300 6600 6600 6300 26514
2012.01.19  6370 6310 6550 6300 5261
2012.01.20  6400 6470 6490 6300 2989
2012.01.25  6300 6400 6400 6300 3766
2012.01.26  6340 6300 6350 6250 2318
2012.01.27  6380 6600 6600 6300 3496
2012.01.30  6350 6500 6500 6250 1056
2012.01.31  6250 6220 6460 6200 7322
2012.02.01  6110 6300 6300 6050 4329
2012.02.02  6420 6150 6450 6140 6374
2012.02.03  6480 6600 6600 6350 265
2012.02.06  6410 6670 6670 6370 1689
2012.02.07  6420 6400 6490 6200 109
2012.02.08  6170 6410 6410 6110 8025
2012.02.09  6200 6370 6370 6150 7844
2012.02.10  6190 6340 6340 6100 6327
2012.02.13  6230 6070 6290 6070 5935
2012.02.14  6280 6230 6400 6140 5472
2012.02.15  6320 6340 6340 6220 10775
2012.02.16  6340 6320 6520 6190 8172
2012.02.17  6360 6500 6500 6260 51320
2012.02.20  6290 6500 6500 6270 1915
2012.02.21  7230 6360 7230 6300 276558
2012.02.22  6570 7250 7470 6410 379077
2012.02.23  6430 6600 6620 6430 38495
2012.02.24  6430 6490 6500 6390 13839
2012.02.27  6290 6430 6470 6290 14944
2012.02.28  6270 6300 6300 6120 26912
2012.02.29  6280 6270 6330 6140 8345
2012.03.02  6350 6280 6400 6280 1922
2012.03.05  6390 6350 6470 6320 13766
2012.03.06  6400 6390 6400 6270 7250
2012.03.07  6370 6400 6400 6070 4590
2012.03.08  6370 6400 6430 6220 8898
2012.03.09  6300 6400 6440 6270 4895
2012.03.12  6250 6300 6340 6240 3133
2012.03.13  6260 6350 6350 6200 5546
2012.03.14  6310 6260 6360 6200 3027
2012.03.15  6250 6340 6340 6240 7320
2012.03.16  6330 6210 6330 6210 2272
2012.03.19  6320 6380 6380 6230 1462
2012.03.20  6290 6290 6350 6220 1584
2012.03.21  6260 6300 6350 6130 5989
2012.03.22  6240 6260 6300 6130 3143
2012.03.23  6160 6240 6240 6100 4482
2012.03.26  6160 6160 6200 6100 6085
2012.03.27  6100 6160 6160 6080 2125
2012.03.28  6240 6100 6300 6050 2690
2012.03.29  6070 6240 6240 6070 1265
2012.03.30  6140 6100 6170 6100 2952
2012.04.02  6180 6300 6300 6160 2769
2012.04.03  6150 6100 6280 6100 2802
2012.04.04  6090 6050 6150 6020 636
2012.04.05  6000 6090 6190 5980 271
2012.04.06  6080 6000 6100 5920 792
2012.04.09  5900 5910 6150 5900 3889
2012.04.10  6020 5640 6120 5640 2006
2012.04.12  5810 6060 6060 5720 1280
2012.04.13  5990 5800 6100 5800 531
2012.04.16  6150 5990 6200 5910 3947
2012.04.17  6150 6200 6200 6110 271
2012.04.18  6050 6250 6250 6000 4319
2012.04.19  6010 6190 6190 5990 920
2012.04.20  6110 6010 6110 5980 832
2012.04.23  6080 6090 6090 5950 1055
2012.04.24  5910 6080 6080 5810 2072
2012.04.25  5800 5710 6050 5710 1341
2012.04.26  5790 6000 6000 5620 2381
2012.04.27  5640 5990 5990 5620 3473
2012.04.30  5630 5530 5690 5400 5111
2012.05.02  5880 5610 6040 5410 4680
2012.05.03  5870 5880 5940 5800 383
2012.05.04  5710 5870 5900 5710 1682
2012.05.07  5950 5890 6000 5820 2247
2012.05.08  5890 5950 6000 5890 410
2012.05.09  5930 6000 6000 5730 183
2012.05.10  5880 5930 5940 5670 703
2012.05.11  5840 5980 5980 5700 276
2012.05.14  5690 5790 5790 5600 952
2012.05.15  5500 5710 5710 5500 771
2012.05.16  5200 5280 5500 5100 2868
2012.05.17  5320 5230 5530 5210 1447
2012.05.18  5300 5320 5320 5210 412
2012.05.21  5490 5500 5500 5160 13
2012.05.22  5600 5700 5700 5450 208
2012.05.23  5300 5670 5670 5300 291
2012.05.24  5410 5190 5500 5190 292
2012.05.25  5510 5410 5530 5250 625
2012.05.29  5550 5510 5550 5510 121
2012.05.30  5420 5590 5590 5210 311
2012.05.31  5220 5230 5420 5070 2763
2012.06.01  5100 5250 5260 5000 2853
2012.06.04  4900 5080 5080 4900 777
2012.06.05  5080 5050 5170 4860 27
2012.06.07  5170 5080 5350 5020 516
2012.06.08  5150 5170 5170 5030 310
2012.06.11  5080 5150 5290 5080 292
2012.06.12  5160 5240 5240 5010 152
2012.06.13  5130 5230 5230 4945 63
2012.06.14  5140 5190 5190 4965 254
2012.06.15  5140 5140 5140 4960 2968
2012.06.18  5150 5200 5200 5000 838
2012.06.19  4860 5200 5200 4840 2729
2012.06.20  5000 4995 5010 4900 54
2012.06.21  5060 5080 5080 4920 55
2012.06.22  5040 5100 5100 4910 769
2012.06.25  5090 5110 5160 4870 216
2012.06.26  5000 5120 5120 4800 2529
2012.06.27  4920 4840 5100 4840 616
2012.06.28  4880 4835 5050 4835 2732
2012.06.29  4950 4850 5120 4850 1996
2012.07.02  5060 5100 5100 4905 2007
2012.07.03  5810 5100 5810 4920 100731
2012.07.04  5190 5850 6200 5190 234553
2012.07.05  5200 5210 5320 5090 34028
2012.07.06  5150 5210 5250 5020 15839
2012.07.09  5150 5170 5170 5090 9759
2012.07.10  5150 5100 5170 5060 3409
2012.07.11  4975 5080 5130 4965 10817
2012.07.12  4975 4970 5100 4970 7921
2012.07.13  5030 5050 5050 4810 8873
2012.07.16  4935 5090 5090 4865 10303
2012.07.17  4985 4935 5010 4865 8090
2012.07.18  4960 4985 4985 4850 12287
2012.07.19  4895 5080 5080 4820 3014
2012.07.20  4920 4890 4920 4790 3091
2012.07.23  4870 4915 4915 4765 1220
2012.07.24  4855 4665 4990 4665 5297
2012.07.25  4850 4780 4855 4650 4752
2012.07.26  4850 4650 4930 4650 5644
2012.07.27  4950 4945 4950 4710 5393
2012.07.30  4985 4945 5000 4805 2792
2012.07.31  4985 4985 5000 4810 1721
2012.08.01  4990 5000 5000 4880 551
2012.08.02  4990 4990 5000 4900 1651
2012.08.03  4915 4990 5000 4720 7129
2012.08.06  4970 4915 4980 4760 2503
2012.08.07  4990 4995 4995 4875 632
2012.08.08  4980 4990 4990 4805 2986
2012.08.09  4965 4830 4980 4830 1057
2012.08.10  4970 4965 4970 4835 2543
2012.08.13  4945 4935 4970 4850 6718
2012.08.14  4935 4945 4980 4835 3067
2012.08.16  4955 4840 4975 4830 2053
2012.08.17  5000 4955 5100 4830 946
2012.08.20  4800 4870 5030 4800 4559
2012.08.21  4960 4800 5000 4760 864
2012.08.22  4855 4980 4980 4830 1405
2012.08.23  4840 4980 4980 4805 3531
2012.08.24  4780 4880 4880 4760 1868
2012.08.27  4950 4880 4950 4775 4428
2012.08.28  4950 4740 4950 4740 2677
2012.08.29  4945 5050 5050 4830 366
2012.08.30  4945 4780 5000 4780 6538
2012.08.31  4945 4900 4970 4825 212
2012.09.03  4895 4935 4985 4860 1462
2012.09.04  4975 4895 5000 4890 4220
2012.09.05  5040 5100 5100 4885 1605
2012.09.06  5040 5090 5090 4815 1915
2012.09.07  5140 5040 5200 5040 7137
2012.09.10  5100 5200 5250 5100 6605
2012.09.11  5170 5150 5200 5090 7929
2012.09.12  5170 5190 5230 5130 18033
2012.09.13  5370 5250 5430 5250 8255
2012.09.14  5380 5450 5450 5230 1488
2012.09.17  5450 5050 5450 5050 3276
2012.09.18  5350 5450 5450 4900 2955
2012.09.19  5350 5130 5380 5130 4513
2012.09.20  5310 5400 5550 5290 19121
2012.09.21  5460 5550 5550 5190 4085
2012.09.24  5380 5300 5520 5250 11254
2012.09.25  5400 5550 5550 5260 15858
2012.09.26  5380 5440 5460 5300 14238
2012.09.27  5380 5380 5410 5240 7381
2012.09.28  5420 5380 5470 5290 15732
2012.10.02  5320 5400 5400 5320 2617
2012.10.04  5420 5390 5490 5350 16333
2012.10.05  5400 5410 5410 5300 5528
2012.10.08  5230 5430 5430 5230 8387
2012.10.09  5090 5270 5270 4920 14818
2012.10.10  5000 4960 5040 4930 7277
2012.10.11  5140 5100 5300 5060 13832
2012.10.12  5050 5300 5300 5050 8156
2012.10.15  5060 5010 5100 4990 6530
2012.10.16  5090 4995 5090 4980 4335
2012.10.17  4980 5050 5270 4960 4209
2012.10.18  4995 5080 5080 4935 752
2012.10.19  4955 5050 5050 4865 6241
2012.10.22  4905 4985 4985 4860 1766
2012.10.23  4900 4940 4940 4805 1509
2012.10.24  4875 4900 4900 4800 72
2012.10.25  4860 4875 4880 4805 370
2012.10.26  4675 4700 4790 4660 3233
2012.10.29  4550 4615 4775 4550 2389
2012.10.30  4950 4550 5000 4550 3386
2012.10.31  4960 5000 5000 4830 1991
2012.11.01  4785 5130 5130 4760 840
2012.11.02  4865 4655 4955 4655 1068
2012.11.05  4900 4830 4900 4830 505
2012.11.06  4940 4900 4940 4745 2073
2012.11.07  5100 4940 5170 4910 3323
2012.11.08  4950 5080 5080 4870 1021
2012.11.09  4950 5110 5110 4950 2522
2012.11.12  5000 5180 5180 5000 2211
2012.11.13  5080 5000 5100 4825 941
2012.11.14  4845 5080 5080 4800 2005
2012.11.15  4925 4620 5030 4620 3474
2012.11.16  4960 4750 5140 4750 2777
2012.11.19  5060 5150 5150 4860 2013
2012.11.20  5190 5150 5190 5090 5488
2012.11.21  5170 5190 5190 5170 2001
2012.11.22  5020 5310 5310 5020 2039
2012.11.23  4950 4900 5230 4900 4381
2012.11.26  5020 4970 5030 4885 2063
2012.11.27  5070 5080 5080 5000 2186
2012.11.28  5120 5130 5130 4850 4057
2012.11.29  5130 5140 5140 4995 3095
2012.11.30  4960 5120 5120 4885 2939
2012.12.03  5050 4965 5090 4930 2269
2012.12.04  4935 4830 5040 4830 5583
2012.12.05  4845 4860 5090 4830 3085
2012.12.06  4950 4805 4980 4770 1149
2012.12.07  5020 5170 5170 4915 172
2012.12.10  5050 5140 5170 4985 381
2012.12.11  5030 5140 5140 4935 511
2012.12.12  4900 5150 5150 4845 619
2012.12.13  5050 5070 5070 4850 420
2012.12.14  4930 5040 5040 4870 282
2012.12.17  4970 5150 5150 4870 414
2012.12.18  4835 4865 5080 4835 545
2012.12.20  5000 4900 5000 4815 639
2012.12.21  4970 4935 4970 4920 13
2012.12.24  4980 4760 4990 4760 1705
2012.12.26  4990 5060 5060 4850 10
2012.12.27  5010 4975 5010 4835 257
2012.12.28  4935 4875 5150 4775 4829
2013.01.02  5080 4970 5130 4850 1814
2013.01.03  4930 5000 5180 4900 11475
2013.01.04  4890 4885 4930 4840 995
2013.01.07  4580 4915 4915 4165 73743
2013.01.08  4525 4620 4750 4310 19972
2013.01.09  4570 4640 4640 4310 14783
2013.01.10  4460 4620 4620 4420 7592
2013.01.11  4400 4530 4550 4400 3388
2013.01.14  4290 4420 4450 4250 14498
2013.01.15  4405 4350 4585 3700 26484
2013.01.16  4265 4400 4430 4265 2638
2013.01.17  4250 4350 4415 4200 5436
2013.01.18  4350 4350 4350 4230 503
2013.01.21  4400 4490 4520 4400 12496
2013.01.22  4570 4400 4750 4360 2980
2013.01.23  4270 4490 4680 4270 9751
2013.01.24  4375 4275 4395 4275 797
2013.01.25  4455 4320 4540 4320 731
2013.01.28  4525 4455 4600 4350 1889
2013.01.29  4465 4445 4545 4350 2768
2013.01.30  4480 4405 4550 4385 963
2013.01.31  4315 4415 4600 4315 6631
2013.02.01  4395 4310 4535 4310 2016
2013.02.04  4395 4305 4570 4305 2589
2013.02.05  4270 4220 4405 4220 959
2013.02.06  4395 4270 4445 4270 891
2013.02.07  4350 4310 4435 4310 468
2013.02.08  4470 4410 4500 4310 1234
2013.02.12  4400 4400 4505 4330 3477
2013.02.13  4330 4370 4370 4300 5713
2013.02.14  4330 4330 4380 4290 5609
2013.02.15  4295 4370 4375 4290 2189
2013.02.18  4935 4300 4935 4295 404967
2013.02.19  4455 4950 5330 4430 707603
2013.02.20  4270 4445 4485 4255 90851
2013.02.21  4220 4300 4330 4215 41099
2013.02.22  4215 4340 4340 4155 19319
2013.02.25  4180 4220 4290 4135 22098
2013.02.26  4105 4180 4180 4065 5895
2013.02.27  4215 4200 4230 4105 11364
2013.02.28  4215 4275 4275 4120 2798
2013.03.04  4200 4215 4230 4150 8934
2013.03.05  4220 4245 4245 4095 5803
2013.03.06  4260 4240 4265 4215 13694
2013.03.07  4315 4300 4325 4265 7083
2013.03.08  4240 4355 4355 3910 8869
2013.03.11  4240 4235 4260 4120 3964
2013.03.12  4245 4175 4290 4175 8314
2013.03.13  4275 4245 4285 4190 13852
2013.03.14  4295 4300 4305 4195 15931
2013.03.15  4335 4300 4345 4230 11073
2013.03.18  4230 4400 4400 4230 12300
2013.03.19  4315 4345 4345 4185 7113
2013.03.20  4260 4350 4350 4240 6138
2013.03.21  4220 4300 4340 4220 11405
2013.03.22  4315 4335 4335 4230 5916
2013.03.25  4365 4370 4380 4300 7334
2013.03.26  4440 4365 4480 4365 15773
2013.03.27  4480 4500 4565 4425 8149
2013.03.28  4490 4545 4545 4425 7619
2013.03.29  4430 4490 4490 4390 8986
2013.04.01  4550 4520 4575 4445 9715
2013.04.02  4585 4520 4610 4520 16560
2013.04.03  4575 4605 4610 4510 8385
2013.04.04  4560 4575 4575 4335 1872
2013.04.05  4505 4535 4560 4405 1158
2013.04.08  4475 4505 4595 4390 4312
2013.04.09  4460 4570 4600 4440 6331
2013.04.10  4470 4595 4595 4450 5926
2013.04.11  4585 4460 4600 4460 4490
2013.04.12  4680 4590 4695 4520 7452
2013.04.15  4635 4670 4680 4635 3461
2013.04.16  4650 4740 4740 4600 6700
2013.04.17  4685 4735 4780 4655 9717
2013.04.18  4785 4685 4885 4685 10861
2013.04.19  4785 4830 4835 4770 4018
2013.04.22  4825 4885 4885 4690 4117
2013.04.23  4770 4860 4860 4705 12622
2013.04.24  4770 4805 4825 4710 4298
2013.04.25  4715 4730 4815 4655 6335
2013.04.26  4735 4715 4780 4670 3319
2013.04.29  4700 4750 4810 4600 18805
2013.04.30  4675 4710 4770 4585 17006
2013.05.02  4710 4690 4750 4675 6924
2013.05.03  4830 4970 4970 4720 8454
2013.05.06  4810 4810 4830 4735 3423
2013.05.07  4845 4795 4865 4795 7517
2013.05.08  4895 4810 4905 4500 12160
2013.05.09  4870 4920 4920 4795 813
2013.05.10  4865 4950 4950 4710 9043
2013.05.13  4800 4940 4940 4800 2899
2013.05.14  4785 4805 4815 4510 1485
2013.05.15  4785 4775 4810 4705 3509
2013.05.16  4820 4750 4870 4725 3453
2013.05.20  4840 4820 4855 4805 1699
2013.05.21  4920 4855 4950 4815 9599
2013.05.22  4875 4920 5030 4870 4884
2013.05.23  4850 4965 4965 4655 6966
2013.05.24  4855 4860 4990 4805 7408
2013.05.27  4815 4880 4880 4740 3331
2013.05.28  4780 4830 4830 4710 2384
2013.05.29  4670 4780 4780 4635 2027
2013.05.30  4640 4745 4745 4635 2820
2013.05.31  4640 4685 4685 4585 1945
2013.06.03  4630 4975 4975 4630 7135
2013.06.04  4630 4635 4665 4570 7304
2013.06.05  4515 4630 4630 4515 936
2013.06.07  4635 4780 4780 4450 6555
2013.06.10  4700 4810 4810 4605 59
2013.06.11  4800 4875 4875 4605 3943
2013.06.12  4700 4815 5100 4700 8307
2013.06.13  4780 4710 4860 4710 6549
2013.06.14  4805 4770 4865 4710 8011
2013.06.17  4835 4780 4870 4765 5849
2013.06.18  4840 4815 4840 4785 1138
2013.06.19  4790 4850 4850 4790 233
2013.06.20  4800 4780 4815 4750 1117
2013.06.21  4800 4755 4815 4710 1094
2013.06.24  4860 4860 5000 4710 6624
2013.06.25  4620 4650 4920 4615 5036
2013.06.26  4705 4900 4900 4705 3439
2013.06.27  4750 4845 4845 4710 1451
2013.06.28  4705 4795 4800 4705 2459
2013.07.01  4875 4790 4875 4710 2727
2013.07.02  4795 4930 4930 4705 3692
2013.07.03  4800 4820 4825 4800 420
2013.07.04  4795 4455 4800 4455 841
2013.07.05  4780 4710 4800 4710 362
2013.07.08  4835 4845 4845 4720 1035
2013.07.09  4785 4720 4795 4720 748
2013.07.10  4775 4785 4785 4715 30
2013.07.11  4770 4770 4770 4715 616
2013.07.12  4795 4800 4800 4750 159
2013.07.15  4795 4800 4800 4795 32
2013.07.16  4740 4800 4800 4670 795
2013.07.17  4770 4790 4790 4700 813
2013.07.18  4780 4730 4830 4715 2122
2013.07.19  4790 4795 4795 4780 531
2013.07.22  4730 4790 4800 4730 6745
2013.07.23  4730 4780 4780 4665 2235
2013.07.24  4780 4790 4790 4780 359
2013.07.25  4780 4785 4785 4780 309
2013.07.26  4740 4725 4760 4685 499
2013.07.29  4730 4815 4815 4600 3671
2013.07.30  4790 4800 4800 4605 3168
2013.07.31  4700 4725 4765 4700 2328
2013.08.01  4700 4705 4705 4700 155
2013.08.02  4590 4750 4750 4590 1249
2013.08.05  4615 4605 4700 4495 2580
2013.08.06  4620 4620 4700 4615 2197
2013.08.07  4640 4645 4645 4585 3155
2013.08.08  4600 4660 4665 4600 972
2013.08.09  4630 4600 4630 4570 1737
2013.08.12  4575 4630 4660 4575 706
2013.08.13  4600 4600 4600 4530 432
2013.08.14  4510 4600 4645 4510 1112
2013.08.16  4600 4510 4620 4500 3539
2013.08.19  4800 4505 4870 4505 640
2013.08.20  4595 4835 4835 4590 3343
2013.08.21  4625 4595 4860 4530 1998
2013.08.22  4620 4620 4620 4620 8
2013.08.23  4620 4675 4755 4620 543
2013.08.26  4590 4625 4680 4585 169
2013.08.27  4610 4545 4665 4520 725
2013.08.28  4400 4675 4800 4050 6866
2013.08.29  4435 4400 4645 4365 3978
2013.08.30  4570 4435 4600 4435 2332
2013.09.02  4565 4640 4700 4560 1221
2013.09.03  4675 4690 4690 4570 81
2013.09.04  4775 4725 4780 4725 122
2013.09.05  4750 4680 4870 4585 7363
2013.09.06  4720 4635 4800 4635 888
2013.09.09  4625 4640 4785 4625 953
2013.09.10  4695 4690 4735 4625 451
2013.09.11  4620 4680 4680 4610 14
2013.09.12  4650 4415 4670 4405 2168
2013.09.13  4705 4600 4705 4565 539
2013.09.16  4560 4715 4755 4555 1066
2013.09.17  4700 4635 4700 4540 893
2013.09.23  4635 4645 4695 4595 118
2013.09.24  4690 4700 4700 4690 158
2013.09.25  4585 4700 4750 4575 862
2013.09.26  4615 4680 4680 4525 534
2013.09.27  4675 4685 4685 4675 68
2013.09.30  4570 4695 4695 4570 292
2013.10.01  4595 4685 4685 4545 29
2013.10.02  4570 4685 4685 4475 3318
2013.10.04  4540 4620 4620 4475 516
2013.10.07  4405 4540 4590 4405 963
2013.10.08  4485 4540 4700 4300 4176
2013.10.10  4700 4635 4700 4635 203
2013.10.11  4700 4730 4730 4510 1895
2013.10.14  4500 4755 4755 4490 874
2013.10.15  4550 4520 4900 4515 6389
2013.10.16  4500 4800 4800 4500 300
2013.10.17  4650 4675 4780 4515 368
2013.10.18  4575 4585 4780 4510 1020
2013.10.21  4600 4530 4600 4500 216
2013.10.22  4600 4700 4900 4495 2876
2013.10.23  4505 4600 4600 4500 471
2013.10.24  4580 4680 4680 4515 5
2013.10.25  4585 4745 4745 4500 116
2013.10.28  4595 4770 4770 4525 29
2013.10.29  4540 4590 4675 4500 774
2013.10.30  4590 4550 4590 4530 1176
2013.10.31  4500 4680 4680 4500 339
2013.11.01  4575 4530 4590 4505 28
2013.11.04  4655 4570 4655 4525 650
2013.11.05  4610 4500 4620 4500 1109
2013.11.06  4560 4530 4600 4320 970
2013.11.07  4565 4635 4635 4500 53
2013.11.08  4530 4525 4560 4470 64
2013.11.11  4500 4545 4590 4450 458
2013.11.12  4400 4195 4500 4195 10738
2013.11.13  4510 4420 4510 4290 752
2013.11.14  4320 4275 4510 4275 3954
2013.11.15  4405 4290 4585 4290 917
2013.11.18  4475 4510 4510 4365 299
2013.11.19  4375 4440 4485 4375 622
2013.11.20  4370 4395 4450 4255 471
2013.11.21  4335 4370 4570 4335 339
2013.11.22  4540 4430 4570 4430 262
2013.11.25  4480 4590 4590 4480 120
2013.11.26  4535 4570 4570 4400 1837
2013.11.27  4290 4425 4475 4115 4267
2013.11.28  4380 4295 4400 4295 927
2013.11.29  4330 4480 4530 4300 371
2013.12.02  4500 4570 4570 4330 206
2013.12.03  4540 4540 4540 4540 100
2013.12.04  4500 4300 4500 4300 730
2013.12.05  4550 4550 4550 4550 20
2013.12.06  4310 4560 4560 4310 266
2013.12.09  4500 4345 4500 4320 530
2013.12.10  4375 4570 4570 4370 208
2013.12.11  4500 4600 4750 4380 155
2013.12.12  4385 4700 4700 4385 150
2013.12.13  4560 4560 4560 4560 50
2013.12.16  4555 4555 4555 4465 4
2013.12.17  4355 4700 4700 4355 81
2013.12.18  4700 4360 4700 4360 587
2013.12.19  4595 4690 4690 4455 170
2013.12.20  4495 4580 4580 4370 257
2013.12.23  4340 4450 4480 4300 4344
2013.12.24  4420 4205 4420 4205 101
2013.12.26  4420 4420 4545 4300 3995
2013.12.27  4320 4570 4570 4300 2750
2013.12.30  4300 4325 4465 4300 1379
2014.01.02  4410 4410 4410 4410 10
2014.01.03  4345 4300 4345 4205 1072
2014.01.06  4295 4300 4350 4205 3100
2014.01.07  4320 4275 4320 4265 53
2014.01.08  4330 4270 4330 4200 1561
2014.01.09  4165 4350 4350 4150 2920
2014.01.10  4300 4165 4300 4130 1487
2014.01.13  4225 4230 4300 4225 815
2014.01.14  4300 4340 4340 4300 210
2014.01.15  4295 4250 4300 4185 1890
2014.01.16  4225 4305 4305 4105 5756
2014.01.17  4290 4275 4300 4220 268
2014.01.20  4345 4345 4345 4345 12
2014.01.21  4385 4385 4385 4385 10
2014.01.22  4235 4215 4315 4215 266
2014.01.23  4290 4275 4290 4165 773
2014.01.24  4235 4280 4380 4235 162
2014.01.27  4210 4270 4270 4185 1052
2014.01.28  4160 4130 4295 4130 99
2014.01.29  4365 4300 4365 4290 23
2014.02.03  4035 4305 4305 4035 2834
2014.02.04  4070 4030 4150 3910 8022
2014.02.05  4140 4220 4220 4045 2039
2014.02.06  4100 4135 4135 4050 1945
2014.02.07  4055 4100 4100 4055 224
2014.02.10  4010 4055 4055 4010 134
2014.02.11  4070 4010 4070 3905 1595
2014.02.12  3895 4025 4055 3895 6656
2014.02.13  3950 3900 4000 3890 3082
2014.02.14  3920 3950 4120 3850 4047
2014.02.17  3965 3925 4050 3905 222
2014.02.18  3930 3980 3990 3930 4426
2014.02.19  3970 3950 3990 3935 1407
2014.02.20  4140 4090 4290 3975 2907
2014.02.21  4085 4190 4200 4040 5558
2014.02.24  4190 4180 4550 4090 18258
2014.02.25  4190 4165 4190 4125 2786
2014.02.26  4285 4295 4300 4105 4102
2014.02.27  4300 4400 4400 4240 201
2014.02.28  4205 4300 4390 4205 232
2014.03.03  4200 4340 4340 4180 338
2014.03.04  4150 4430 4430 4150 464
2014.03.05  4260 4175 4285 4125 182
2014.03.06  4195 4260 4260 4195 347
2014.03.07  4280 4250 4290 4185 2521
2014.03.10  4265 4290 4300 4220 2175
2014.03.11  4315 4270 4315 4170 5293
2014.03.12  4340 4400 4590 4335 8702
2014.03.13  4430 4490 4490 4325 3269
2014.03.14  4450 4490 4490 4370 551
2014.03.17  4515 4500 4600 4390 8988
2014.03.18  4520 4450 4600 4400 7381
2014.03.19  4525 4395 4550 4395 3238
2014.03.20  4500 4530 4530 4405 313
2014.03.21  4480 4490 4490 4480 11
2014.03.24  4565 4485 4595 4380 8922
2014.03.25  4565 4560 4575 4550 6722
2014.03.26  4575 4550 4700 4550 12218
2014.03.27  4685 4560 4695 4435 4587
2014.03.28  4680 4545 4680 4540 64
2014.03.31  4740 4700 4740 4690 6401
2014.04.01  4740 4740 4750 4595 767
2014.04.02  4690 4745 4800 4635 7778
2014.04.03  4710 4745 4835 4700 8984
2014.04.04  4650 4790 4790 4640 167
2014.04.07  4670 4830 4935 4615 14080
2014.04.08  4780 4705 4800 4675 6623
2014.04.09  4795 4820 4820 4530 14015
2014.04.10  4780 4790 4790 4715 4544
2014.04.11  4800 4600 4800 4560 556
2014.04.14  4820 4770 4845 4625 2946
2014.04.15  4755 4845 4925 4700 6305
2014.04.16  4830 4845 4845 4750 35
2014.04.17  4665 4800 4920 4620 14298
2014.04.18  4770 4665 4795 4650 730
2014.04.21  4770 4770 4770 4770 0
2014.04.22  4680 4910 4910 4650 12512
2014.04.23  4645 4680 4745 4530 402
2014.04.24  4470 4565 4570 4460 1143
2014.04.25  4810 4550 4810 4390 320
2014.04.28  4605 4800 4800 4605 194
2014.04.29  4740 4605 4740 4500 18
2014.04.30  4715 4730 4730 4450 4
2014.05.02  4700 4710 4710 4455 11
2014.05.07  4695 4750 4750 4500 5
2014.05.08  4695 4690 4695 4690 452
2014.05.09  4700 4835 4835 4520 878
2014.05.12  4800 4835 4835 4550 15
2014.05.13  4840 4840 4840 4840 1
2014.05.14  4835 4840 4840 4400 89
2014.05.15  4825 4835 4835 4625 7
2014.05.16  4825 4825 4825 4705 349
2014.05.19  4825 4830 4830 4825 11
2014.05.20  4795 4825 4825 4620 809
2014.05.21  4790 4655 4790 4655 88
2014.05.22  4820 4790 4820 4700 725
2014.05.23  4820 4820 4820 4820 1
2014.05.26  4820 4575 4820 4575 583
2014.05.27  4820 4835 4835 4715 50
2014.05.28  4800 4700 4800 4665 259
2014.05.29  4780 4710 4795 4655 335
2014.05.30  4480 4765 4765 4470 1183
2014.06.02  4750 4485 4750 4435 800
2014.06.03  4775 4780 4780 4500 208
2014.06.05  4710 4670 4730 4585 1490
2014.06.09  4710 4710 4710 4710 27
2014.06.10  4735 4740 4740 4725 700
2014.06.11  4740 4665 4750 4505 2106
2014.06.12  4540 4615 4700 4540 1759
2014.06.13  4655 4560 4685 4560 282
2014.06.16  4740 4560 4740 4560 544
2014.06.17  4665 4600 4750 4565 1327
2014.06.18  4750 4740 4750 4630 1796
2014.06.19  4635 4690 4770 4395 9067
2014.06.20  4635 5100 5330 4635 82541
2014.06.23  4605 4605 4730 4530 4809
2014.06.24  4675 4605 4700 4530 1285
2014.06.25  4690 4710 4710 4325 6608
2014.06.26  4995 4685 5000 4620 752
2014.06.27  4635 4750 4895 4600 5267
2014.06.30  4650 4725 4775 4610 895
2014.07.01  4740 4730 4750 4615 1966
2014.07.02  4730 4735 4740 4710 336
2014.07.03  4730 4645 4730 4610 704
2014.07.04  4730 4730 4730 4630 330
2014.07.07  4830 4730 4830 4670 1143
2014.07.08  4590 4720 4720 4490 13892
2014.07.09  4700 4590 4700 4590 4679
2014.07.10  4745 4745 4745 4745 1
2014.07.11  4640 4950 5050 4615 18556
2014.07.14  4700 4695 4700 4590 322
2014.07.15  4525 4610 4675 4520 3308
2014.07.16  4650 4545 4695 4510 4906
2014.07.17  4605 4750 4750 4605 52
2014.07.18  4725 4725 4725 4725 3
2014.07.21  4740 4740 4740 4740 11
2014.07.22  4695 4750 4870 4695 6714
2014.07.23  4675 4840 4840 4570 1573
2014.07.24  4695 4790 4790 4615 380
2014.07.25  4590 4820 4820 4500 4986
2014.07.28  4700 4590 4725 4555 1866
2014.07.29  4790 4815 4815 4760 164
2014.07.30  4600 4730 4730 4420 4598
2014.07.31  4555 4515 4695 4500 1025
2014.08.01  4600 4430 4670 4430 2391
2014.08.04  4525 4620 4620 4525 90
2014.08.05  4500 4525 4625 4500 455
2014.08.06  4480 4500 4505 4410 1405
2014.08.07  4520 4405 4680 4405 1844
2014.08.08  4425 4520 4520 4400 3088
2014.08.11  4510 4435 4800 4355 18384
2014.08.12  4405 4675 4675 4405 361
2014.08.13  4350 4530 4530 4350 2460
2014.08.14  4490 4350 4500 4350 539
2014.08.18  4410 4545 4545 4350 3949
2014.08.19  4375 4450 4500 4375 2245
2014.08.20  4500 4440 4500 4355 2884
2014.08.21  4385 4470 4470 4375 391
2014.08.22  4420 4340 4420 4340 1828
2014.08.25  4440 4415 4600 4385 3077
2014.08.26  4385 4505 4700 4385 11763
2014.08.27  4395 4400 4445 4330 2821
2014.08.28  4400 4390 4445 4340 842
2014.08.29  4480 4480 4490 4355 257
2014.09.01  4445 4480 4595 4435 13713
2014.09.02  4460 4435 4460 4430 17
2014.09.03  4465 4495 4495 4445 26
2014.09.04  4415 4480 4480 4410 50
2014.09.05  4395 4440 4575 4395 14797
2014.09.11  4405 4500 4680 4375 15272
2014.09.12  4405 4425 4425 4405 211
2014.09.15  4355 4405 4520 4300 1936
2014.09.16  4400 4415 4985 4400 30854
2014.09.17  4520 4595 4760 4405 18809
2014.09.18  4525 4540 4700 4520 12652
2014.09.19  4415 4505 4545 4405 3838
2014.09.22  4425 4415 4425 4375 331
2014.09.23  4370 4445 4445 4300 5872
2014.09.24  4400 4410 4410 4350 506
2014.09.25  4460 4530 4530 4390 160
2014.09.26  4400 4440 4445 4395 85
2014.09.29  4400 4410 4420 4380 167
2014.09.30  4330 4400 4400 4325 1793
2014.10.01  4305 4375 4375 4285 2906
2014.10.02  4355 4305 4355 4230 200
2014.10.06  4340 4340 4350 4310 110
2014.10.07  4345 4380 4380 4300 113
2014.10.08  4365 4370 4400 4255 514
2014.10.10  4355 4350 4355 4325 40
2014.10.13  4330 4340 4340 4260 487
2014.10.14  4300 4310 4320 4300 43
2014.10.15  4300 4300 4300 4300 4
2014.10.16  4280 4290 4400 4275 376
2014.10.17  4250 4300 4500 4250 3816
2014.10.20  4345 4300 4400 4270 2612
2014.10.21  4260 4330 4340 4175 1843
2014.10.22  4205 4205 4275 4205 331
2014.10.23  4200 4245 4270 4200 359
2014.10.24  4220 4190 4220 4190 14
2014.10.27  4190 4200 4200 4190 24
2014.10.28  4170 4170 4170 4140 497
2014.10.29  4060 4155 4155 4060 2818
2014.10.30  4050 4060 4060 3820 11355
2014.10.31  4045 3945 4640 3935 77065
2014.11.03  3855 4045 4080 3835 9028
2014.11.04  3825 3790 3855 3720 5974
2014.11.05  3845 3785 3870 3625 1880
2014.11.06  3630 3800 3800 3620 5264
2014.11.07  3720 3660 3725 3635 1188
2014.11.10  3765 3730 3780 3730 992
2014.11.11  3795 3795 3840 3745 1174
2014.11.12  3800 3800 3830 3760 343
2014.11.13  3800 3810 3810 3780 95
2014.11.14  3800 3770 3800 3740 1416
2014.11.17  3800 3815 3815 3765 89
2014.11.18  3760 3815 3815 3750 3954
2014.11.19  3660 3780 3780 3660 5847
2014.11.20  3670 3690 3710 3635 2117
2014.11.21  3695 3655 3700 3645 3742
2014.11.24  3805 4000 4000 3750 3526
2014.11.25  3865 3950 3950 3800 3638
2014.11.26  3890 3870 3900 3840 293
2014.11.27  3945 3910 3950 3910 144
2014.11.28  3940 3970 3970 3935 314
2014.12.01  3970 3970 3970 3920 105
2014.12.02  4010 3970 4035 3905 360
2014.12.03  3945 4000 4000 3910 676
2014.12.04  3980 3925 3980 3890 547
2014.12.05  3950 3960 3985 3900 903
2014.12.08  3980 4000 4000 3800 4349
2014.12.09  3970 3980 3980 3810 1923
2014.12.10  3995 3980 4050 3940 574
2014.12.11  3990 4000 4000 3950 884
2014.12.12  3970 3970 3970 3960 95
2014.12.15  3970 3970 3970 3970 10
2014.12.16  3980 3980 3980 3950 116
2014.12.17  3980 3980 3980 3960 1649
2014.12.18  3950 3950 4000 3885 1249
2014.12.19  3950 3995 3995 3950 102
2014.12.22  4080 3960 4080 3960 642
2014.12.23  4030 4040 4040 3970 77
2014.12.24  3990 4030 4030 3930 409
2014.12.26  3985 3990 4200 3885 2362
2014.12.29  3900 4065 4240 3900 11389
2014.12.30  3885 3915 3915 3830 876
2015.01.02  3910 3915 3915 3880 23
2015.01.05  3920 3985 3985 3885 57
2015.01.06  3920 3935 3935 3890 30
2015.01.07  3930 3930 3930 3890 457
2015.01.08  3915 3905 3915 3805 273
2015.01.09  3920 3935 3935 3915 597
2015.01.12  3945 3995 3995 3935 105
2015.01.13  3945 3945 3945 3910 432
2015.01.14  3920 3940 3960 3920 349
2015.01.15  3900 3950 3950 3900 104
2015.01.16  3945 3960 3970 3905 357
2015.01.19  3930 3970 4000 3930 305
2015.01.20  3975 3960 3995 3955 1013
2015.01.21  3995 3995 4000 3975 115
2015.01.22  3955 4115 4115 3900 1024
2015.01.23  3970 3965 3970 3900 2085
2015.01.26  4565 3985 4565 3985 109679
2015.01.27  5240 5010 5240 4565 368444
2015.01.28  4520 5050 5230 4520 139120
2015.01.29  4360 4615 4630 4290 59396
2015.01.30  4405 4320 4405 4240 43988
2015.02.02  4830 4510 4995 4410 131786
2015.02.03  4955 4785 5160 4620 53789
2015.02.04  5500 4975 5690 4770 190259
2015.02.05  4965 5400 5550 4875 70374
2015.02.06  4930 5010 5230 4705 40629
2015.02.09  5660 5000 5660 4805 143878
2015.02.10  6500 6500 6500 6170 39568
2015.02.11  7000 7450 7470 6580 655199
2015.02.12  6450 6420 6800 6200 219706
2015.02.13  6300 6670 7000 6060 217228
2015.02.16  6800 6290 7150 5800 317173
2015.02.17  5780 6800 7000 5780 215159
2015.02.23  5860 5780 6550 5700 148933
2015.02.24  5590 5950 6210 5500 131040
2015.02.25  5500 5700 5700 5490 55635
2015.02.26  5630 5510 5870 5470 68191
2015.02.27  5710 5790 6150 5630 70748
2015.03.02  5980 5820 6400 5620 108590
2015.03.03  5850 6130 6440 5740 98063
2015.03.04  5450 5870 5970 5350 135413
2015.03.05  5180 5460 5540 5100 71086
2015.03.06  5050 5230 5250 4995 126948
2015.03.09  5800 5800 5800 5800 27085
2015.03.10  6670 6650 6670 6600 191529
2015.03.11  5670 6100 7300 5670 668022
2015.03.12  5510 5550 5890 5230 225196
2015.03.13  5450 5510 5540 5320 59110
2015.03.16  5240 5350 5440 5120 75477
2015.03.17  5280 5240 5350 5120 41890
2015.03.18  5120 5340 5340 4990 62824
2015.03.19  5250 5060 5310 5010 53456
2015.03.20  5160 5190 5270 5130 28615
2015.03.23  5070 5110 5110 5000 37279
2015.03.24  5090 5130 5160 5010 29017
2015.03.25  5040 5060 5160 4965 53778
2015.03.26  5250 5040 5540 5010 143154
2015.03.27  5060 5240 5300 5050 47109
2015.03.30  5230 5060 5240 5050 35296
2015.03.31  5280 5250 5310 5150 32440
2015.04.01  5300 5350 5590 5230 62854
2015.04.02  5260 5320 5320 5130 36761
2015.04.03  5270 5370 5490 5210 40237
2015.04.06  5520 5270 5590 5270 80050
2015.04.07  5480 5530 5710 5460 50515
2015.04.08  5450 5430 5560 5300 36673
2015.04.09  5550 5490 5650 5440 58046
2015.04.10  5470 5650 5660 5290 42966
2015.04.13  5370 5410 5450 5180 74319
2015.04.14  5230 5330 5440 5210 37760
2015.04.15  5240 5230 5390 5220 38274
2015.04.16  5350 5260 5390 5200 44150
2015.04.17  5450 5380 5470 5250 41439
2015.04.20  5500 5410 5550 5400 42014
2015.04.21  5540 5600 5600 5410 30555
2015.04.22  5310 5550 5550 5260 41909
2015.04.23  5470 5310 5470 5140 25927
2015.04.24  5680 5600 6290 5500 411712
2015.04.27  6160 6080 6530 6080 337270
2015.04.28  6160 6090 6430 5860 106912
2015.04.29  6050 6220 6350 6030 76997
2015.04.30  5750 6040 6040 5700 56593
2015.05.04  5930 5800 6180 5660 53055
2015.05.06  5820 5950 6230 5820 69034
2015.05.07  5700 5750 5940 5300 58520
2015.05.08  5660 5870 5870 5590 24536
2015.05.11  5500 5760 5790 5500 30751
2015.05.12  6230 5620 6230 5510 69437
2015.05.13  6000 6200 6200 6000 28509
2015.05.14  5980 6100 6100 5840 31316
2015.05.15  6010 6090 6390 6010 69757
2015.05.18  5660 6060 6070 5660 39978
2015.05.19  5790 5580 5840 5580 19150
2015.05.20  5680 5800 5850 5600 31523
2015.05.21  5450 5680 5780 5430 42673
2015.05.22  5490 5560 5570 5400 24737
2015.05.26  5300 5420 5440 5290 24376
2015.05.27  5330 5400 5680 5210 28304
2015.05.28  5290 5300 5340 5150 38477
2015.05.29  5400 5290 5410 5250 17055
2015.06.01  5280 5400 5590 5220 42160
2015.06.02  5220 5300 5400 5210 26380
2015.06.03  5240 5220 5370 5150 27984
2015.06.04  4935 5240 5290 4935 31071
2015.06.05  4960 4950 5090 4910 13820
2015.06.08  5260 4915 5370 4915 25330
2015.06.09  5450 5400 5960 5400 143796
2015.06.10  5470 5350 5590 5340 46522
2015.06.11  5540 5590 5680 5400 34546
2015.06.12  5680 5600 5830 5520 60295
2015.06.15  5450 5690 5790 5200 38273
2015.06.16  5100 5570 5570 5100 27855
2015.06.17  5150 5150 5370 4995 34181
2015.06.18  5100 5170 5280 5050 17875
2015.06.19  5730 5200 6000 5200 125170
2015.06.22  7440 6190 7440 6190 1154680
2015.06.23  6500 7440 7440 6500 837908
2015.06.24  6380 6600 6830 6270 435010
2015.06.25  6230 6160 6600 6110 259104
2015.06.26  6200 6300 6470 6160 188713
2015.06.29  6460 7400 7890 6390 830411
2015.06.30  6010 6200 6220 5900 291845
2015.07.01  6100 6050 6280 6020 231277
2015.07.02  5950 6060 6210 5830 198051
2015.07.03  5950 6000 6030 5740 150202
2015.07.06  5560 5780 5980 5560 118783
2015.07.07  5550 5550 5850 5520 122441
2015.07.08  5550 5510 5810 5430 93546
2015.07.09  5420 5640 5640 5260 50355
2015.07.10  5410 5320 5530 5290 50796
2015.07.13  5470 5330 5530 5300 30209
2015.07.14  5760 5470 5900 5470 98767
2015.07.15  5610 5710 5780 5530 35358
2015.07.16  5690 5610 5790 5500 56759
2015.07.17  5720 5650 5800 5570 37976
2015.07.20  5780 5900 6160 5750 230751
2015.07.21  5660 5740 5910 5640 50693
2015.07.22  5570 5720 5750 5520 48173
2015.07.23  5650 5520 5750 5500 41965
2015.07.24  5460 5600 5680 5460 35887
2015.07.27  5320 5450 5530 5250 27275
2015.07.28  5130 5320 5320 5050 29518
2015.07.29  5120 5200 5370 5120 19107
2015.07.30  4970 5130 5220 4860 34712
2015.07.31  4920 4810 5000 4795 21987
2015.08.03  4955 4910 5080 4895 13667
2015.08.04  5020 4955 5030 4955 4502
2015.08.05  4985 5000 5050 4960 16341
2015.08.06  5030 5080 5090 4945 16898
2015.08.07  4965 5030 5090 4925 10267
2015.08.10  4930 4960 4995 4855 25665
2015.08.11  4800 4930 4970 4775 17169
2015.08.12  4610 4800 4840 4460 52545
2015.08.13  4725 4610 4750 4610 8329
2015.08.17  4735 4735 4885 4680 19021
2015.08.18  4560 4745 4830 4560 18932
2015.08.19  4575 4510 4660 4500 53788
2015.08.20  4520 4575 4635 4520 29460
2015.08.21  4250 4450 4450 4170 52990
2015.08.24  4365 4100 4490 4100 29204
2015.08.25  4560 4365 4565 4285 9522
2015.08.26  4660 4600 5430 4600 106955
2015.08.27  5190 4760 5360 4755 122863
2015.08.28  5090 5250 5350 5000 18594
2015.08.31  5580 5090 5700 5000 84965
2015.09.01  5710 5580 5780 5410 56170
2015.09.02  5800 5650 5840 5550 49387
2015.09.03  5790 5800 5900 5740 27431
2015.09.04  5490 5840 5850 5450 22733
2015.09.07  5310 5490 5580 5310 17966
2015.09.08  5290 5310 5620 5270 13037
2015.09.09  5440 5360 5570 5350 5970
2015.09.10  5420 5440 5500 5390 4625
2015.09.11  6200 5350 6400 5260 101355
2015.09.14  6100 6190 6190 5880 114437
2015.09.15  6950 6250 7400 5930 346083
2015.09.16  8130 6970 8970 6760 595472
2015.09.17  8090 7980 8340 7900 143460
2015.09.18  10500 8300 10500 8300 764499
2015.09.21  10500 10900 12300 10000 742626
2015.09.22  10250 10700 12500 9740 539597
2015.09.23  13050 10100 13300 10100 492245
2015.09.24  11300 13250 13900 10300 678280
2015.09.25  12000 11700 12200 10650 204789
2015.09.30  13500 12000 15000 11550 308954
2015.10.01  14000 13700 14650 13000 111340
2015.10.02  15000 14400 15100 14000 174507
2015.10.05  14150 14500 15000 13100 132692
2015.10.06  13800 14300 15300 13500 121534
2015.10.07  13200 13600 13950 12750 92943
2015.10.08  13100 13600 13600 12850 47890
2015.10.12  13400 12900 13450 12400 39596
2015.10.13  14950 13200 15650 12950 200952
2015.10.14  14800 14650 16300 14600 105691
2015.10.15  15500 14600 15500 14350 85812
2015.10.16  15800 15600 16100 15350 99479
2015.10.19  17050 15800 17700 15800 93911
2015.10.20  19650 17750 20450 17050 185647
2015.10.21  18000 19650 21350 18000 173164
2015.10.22  21000 18550 21000 18550 191313
2015.10.23  24350 21950 26800 20250 288166
2015.10.26  23500 24500 25950 23150 113084
2015.10.27  23400 24250 24250 22400 78749
2015.10.28  21250 23950 23950 20800 161497
2015.10.29  20000 20350 21400 19700 200589
2015.10.30  20000 19650 21000 19500 65317
2015.11.02  18800 19850 20900 18800 49914
2015.11.03  17450 18750 18750 16000 291840
2015.11.04  17300 17500 17800 15800 255160
2015.11.05  21000 17300 21800 17300 194081
2015.11.06  20200 20550 21400 19700 91389
2015.11.09  17000 20000 20000 17000 113068
2015.11.10  18800 17250 19400 17200 124704
2015.11.11  23200 18000 24400 18000 307680
2015.11.12  24450 26500 28400 22900 412087
2015.11.13  23400 24000 24300 22400 133307
2015.11.16  23350 22500 24500 22500 78191
2015.11.17  22200 23550 24250 21450 111815
2015.11.18  23000 22600 23550 21800 53379
2015.11.19  22300 23150 23950 22200 38768
2015.11.20  22900 21800 23450 21000 51796
2015.11.23  23300 23050 24400 22200 94786
2015.11.24  24150 24550 24900 23850 73375
2015.11.25  23950 24700 24700 22750 65177
2015.11.26  24250 24000 24400 23450 47430
2015.11.27  22900 24350 24350 22700 39697
2015.11.30  21450 22900 22900 21450 43812
2015.12.01  21400 22400 22400 20850 49487
2015.12.02  19950 21400 21400 18700 94455
2015.12.03  19300 19450 19900 18850 25591
2015.12.04  19500 18200 19500 18100 65315
2015.12.07  19200 19650 19650 18750 32443
2015.12.08  19200 19200 19300 18650 23655
2015.12.09  19350 19300 19400 18200 17472
2015.12.10  18600 19600 19600 18600 18256
2015.12.11  19400 18350 19550 18350 24675
2015.12.14  19150 19000 19300 18000 28558
2015.12.15  19000 19100 19100 18350 10786
2015.12.16  18400 19000 19000 18350 10604
2015.12.17  19000 18300 19400 18200 18466
2015.12.18  18450 18600 18600 18000 34087
2015.12.21  18350 18150 18350 17150 27850
2015.12.22  18300 18400 18450 17300 17958
2015.12.23  17850 18150 18150 17350 27919
2015.12.24  17000 17450 18100 17000 14516
2015.12.28  16950 17300 17300 16500 12513
2015.12.29  16850 17200 17200 16000 15400
2015.12.30  16600 16850 16850 16400 10940
2016.01.04  17850 18750 18750 17000 28076
2016.01.05  18200 17400 18200 17050 13964
2016.01.06  17850 17650 18250 17600 7758
2016.01.07  18400 18150 18700 17000 13765
2016.01.08  18150 17900 18500 17600 11152
2016.01.11  18700 18150 18750 17800 13592
2016.01.12  20600 18950 20900 18700 45009
2016.01.13  22950 20600 24950 20600 158856
2016.01.14  23500 23200 24700 22000 58590
2016.01.15  23850 23550 25050 23550 49990
2016.01.18  24300 23850 24400 22650 15035
2016.01.19  24000 24000 25200 23450 19215
2016.01.20  23500 24100 24300 23300 20182
2016.01.21  21800 24000 24050 21400 31272
2016.01.22  21350 21600 21850 20000 45515
2016.01.25  19200 21550 22000 19000 88898
2016.01.26  21200 19650 21350 19350 53048
2016.01.27  20400 21300 21350 20000 33062
2016.01.28  20500 20900 20900 20200 8849
2016.01.29  19950 20600 20800 19650 16129
2016.02.01  18600 19300 19900 18400 27122
2016.02.02  22500 19100 23450 18600 111184
2016.02.03  25000 23500 26150 22600 218739
2016.02.04  25200 25000 25750 23800 93196
2016.02.05  25200 25300 26900 25000 107355
2016.02.11  23400 25000 26100 23000 77326
2016.02.12  21150 22650 23600 20950 48438
2016.02.15  22700 20900 23000 20900 20159
2016.02.16  24600 23300 25450 23300 51859
2016.02.17  25150 24650 26000 24450 71992
2016.02.18  28700 25300 29850 25300 177409
2016.02.19  30250 29100 30900 28050 127161
2016.02.22  31000 30250 32000 29100 99032
2016.02.23  34400 31000 36200 30900 186004
2016.02.24  37450 34400 37800 33950 120831
2016.02.25  36200 38000 39700 36050 93442
2016.02.26  37950 37000 38000 33450 113519
2016.02.29  37700 38650 40000 36050 53822
2016.03.02  39300 37700 39750 36350 58746
2016.03.03  38200 41000 43900 37800 81081
2016.03.04  38950 38850 43000 38000 193966
2016.03.07  41000 40000 43900 39200 163312
2016.03.08  43300 41000 43500 39600 82682
2016.03.09  42600 42500 44750 42300 83238
2016.03.10  42000 41950 43000 41900 39963
2016.03.11  44300 42600 44650 41750 112367
2016.03.14  47000 45500 48350 44500 135985
2016.03.15  45550 47950 48550 44000 83704
2016.03.16  45000 45550 46450 43600 54697
2016.03.17  43000 45000 46000 41100 88285
2016.03.18  41750 42650 43000 40500 101180
2016.03.21  44500 42400 45500 42400 79654
2016.03.22  45850 45050 46700 44100 62697
2016.03.23  40700 49500 50200 40700 214833
2016.03.24  37450 40750 41400 35300 153796
2016.03.25  39000 38250 39650 35500 96118
2016.03.28  36750 38000 39000 35900 54468
2016.03.29  37750 36300 38900 36300 39465
2016.03.30  36650 37450 37800 36200 33451
2016.03.31  36950 36600 37700 36500 39122
2016.04.01  39550 38000 39550 37250 57699
2016.04.04  39750 40350 40700 36450 51780
2016.04.05  37300 40000 40400 35000 135806
2016.04.06  36550 37250 38350 36100 46492
2016.04.07  35850 37000 37500 35800 43719
2016.04.08  36950 35850 37150 35850 36738
2016.04.11  36650 36750 37300 36250 18062
2016.04.12  35950 36700 37500 34700 31062
2016.04.14  34900 36050 36100 33000 67659
2016.04.15  35000 34850 35300 34050 30225
2016.04.18  35200 34100 36400 34050 62734
2016.04.19  39000 35200 39200 35200 95551
2016.04.20  37550 39900 41400 36000 152084
2016.04.21  37550 0 0 0 0
2016.04.22  37550 0 0 0 0
2016.04.25  37550 0 0 0 0
2016.04.26  37550 0 0 0 0
2016.04.27  37550 0 0 0 0
2016.04.28  37550 0 0 0 0
2016.04.29  37550 0 0 0 0
2016.05.02  37550 0 0 0 0
2016.05.03  37550 0 0 0 0
2016.05.04  37550 0 0 0 0
2016.05.09  37550 0 0 0 0
2016.05.10  37550 0 0 0 0
2016.05.11  37550 0 0 0 0
2016.05.12  37550 0 0 0 0
2016.05.13  9020 8980 9600 8090 5167990
2016.05.16  8200 9230 9230 8200 2327970
2016.05.17  5740 8200 8310 5740 4993463
2016.05.18  5110 5750 6420 4965 6198234
2016.05.19  5450 5500 5730 4940 3966665
2016.05.20  7080 5440 7080 5400 7958089
2016.05.23  7180 7200 7580 7000 5090596
2016.05.24  7580 7240 8140 6710 4299867
2016.05.25  6910 7120 7820 6740 4170832
2016.05.26  6150 6770 6770 6090 1880044
2016.05.27  6140 6150 6410 5880 1409072
2016.05.30  5600 6000 6100 5600 1051224
2016.05.31  5910 5610 6460 5610 2371218
2016.06.01  5850 5940 6080 5810 598346
2016.06.02  5650 5910 5950 5640 662939
2016.06.03  5820 5720 6200 5470 1241098
2016.06.07  5940 5800 6100 5710 630571
2016.06.08  5790 5950 6050 5750 487541
2016.06.09  5720 5720 5910 5590 415992
2016.06.10  6000 5800 6110 5720 712803
2016.06.13  6250 6000 6590 5870 1219835
2016.06.14  6100 6350 6350 5940 440376
2016.06.15  6140 6110 6630 6010 1133721
2016.06.16  6000 6150 6250 5910 474810
2016.06.17  5860 6090 6110 5770 520487
2016.06.20  5900 5670 6030 5670 343888
2016.06.21  5780 5940 6010 5750 395943
2016.06.22  5800 5780 5940 5730 338043
2016.06.23  5600 5770 5870 5530 358070
2016.06.24  4700 5620 5770 4700 1695385
2016.06.27  6110 4400 6110 4400 6044558
2016.06.28  5950 5950 6270 5710 3070556
2016.06.29  6180 5960 6700 5890 3321860
2016.06.30  5970 6180 6670 5570 3830823
2016.07.01  6170 7000 7420 6160 10602531
2016.07.04  5840 6140 6140 5800 1659557
2016.07.05  5580 5640 5830 5580 903152
2016.07.06  5620 5220 6060 4955 3344332
2016.07.07  5370 5600 5600 5360 924004
2016.07.08  5390 5370 5510 5300 451328
2016.07.11  5280 5300 5440 5250 686075
2016.07.12  5240 5310 5430 5090 1012427
2016.07.13  5180 5250 5360 5170 545911
2016.07.14  5500 5160 5500 5110 839353
2016.07.15  5770 5680 5950 5630 1402763
2016.07.18  5430 5860 6000 5400 896960
2016.07.19  5310 5440 5550 5250 475515
2016.07.20  5430 5420 6000 5350 2880116
2016.07.21  5300 5500 5530 5290 591708
2016.07.22  5290 5280 5350 5190 350784
2016.07.25  5140 5350 5550 5100 557232
2016.07.26  5340 5110 5420 5100 433087
2016.07.27  5360 5340 5470 5250 274667
2016.07.28  5350 5370 5490 5320 274350
2016.07.29  5540 5360 5550 5320 468884
2016.08.01  5440 5660 5760 5440 470267
2016.08.02  5590 5460 6670 5200 9172995
2016.08.03  5270 5490 5670 5200 2235650
2016.08.04  5240 5280 5430 5240 768680
2016.08.05  5280 5240 5340 5160 655852
2016.08.08  5150 5240 5330 5150 368918
2016.08.09  5120 5080 5280 5050 351863
2016.08.10  5120 5240 5390 5080 915336
2016.08.11  5080 5110 5190 5060 433268
2016.08.12  5140 5100 5220 5060 386550
2016.08.16  5040 5160 5180 5040 355708
2016.08.17  4965 5040 5110 4965 392106
2016.08.18  4780 4855 4965 4770 453251
2016.08.19  4740 4865 4865 4740 266653
2016.08.22  4095 4700 4780 4080 1975150
2016.08.23  4055 3920 4295 3705 1680865
2016.08.24  3980 4000 4100 3980 440378
2016.08.25  3870 3955 4055 3840 643655
2016.08.26  3860 3835 3945 3755 437168
2016.08.29  3185 3820 3875 3095 2973837
2016.08.30  3535 3110 3750 3110 3608791
2016.08.31  3300 3410 3650 3290 824202
2016.09.01  3180 3255 3290 3145 671478
2016.09.02  3785 3160 4075 3105 9512567
2016.09.05  4115 3810 4325 3735 4566528
2016.09.06  4750 4255 4950 4255 6064575
2016.09.07  5100 5190 5400 4920 2999168
2016.09.08  4500 5290 5500 4410 2886693
2016.09.09  4115 4500 4500 4045 1657712
2016.09.12  4165 3950 5000 3785 4118722
2016.09.13  4355 4200 4760 4145 2459372
2016.09.19  4400 4400 4785 4245 1429685
2016.09.20  4120 4090 4170 3960 1454778
2016.09.21  4005 4125 4175 4005 687910
2016.09.22  4040 4160 4490 4035 1387177
2016.09.23  4325 4060 4400 4055 1464968
2016.09.26  4130 4225 4300 4100 707959
2016.09.27  4145 4065 4320 4065 861181
2016.09.28  4250 4160 4345 4160 679642
2016.09.29  4300 4265 4410 4245 714385
2016.09.30  4400 4270 4445 4270 769696
2016.10.04  4450 4555 4620 4360 622339
2016.10.05  4815 4425 5220 4400 3579829
2016.10.06  4650 4820 5070 4510 1370701
2016.10.07  4905 4670 4940 4570 909123
2016.10.10  5080 4840 5470 4840 2720425
2016.10.11  5400 5270 5590 5170 3961941
2016.10.12  5370 5300 5460 5180 941622
2016.10.13  5090 5360 5440 5010 1084717
2016.10.14  5920 5070 6370 5020 10271511
2016.10.17  6100 6290 6520 5880 6538451
2016.10.18  5500 5990 6010 5370 3451604
2016.10.19  5660 5940 6190 5540 4010632
2016.10.20  4380 5510 5980 4245 13345162
2016.10.21  4080 4515 4680 3900 5030955
2016.10.24  3815 4035 4065 3790 2864788
2016.10.25  3505 3775 3815 3490 2477405
2016.10.26  3405 3455 3625 3340 1527843
2016.10.27  3615 3830 3865 3505 4144818
2016.10.28  3335 3600 3605 3260 2161109
2016.10.31  3405 3500 3695 3405 1712907
2016.11.01  3410 3330 3520 3320 730044
2016.11.02  3300 3360 3430 3300 546527
2016.11.03  3300 3180 3370 3180 422273
2016.11.04  3495 3260 3605 3260 1415853
2016.11.07  4185 3485 4260 3420 6698220
2016.11.08  3980 4130 4250 3830 2123058
2016.11.09  4000 4110 4265 3450 5559869
2016.11.10  3795 4090 4120 3795 1859699
2016.11.11  3400 3715 3720 3400 1803592
2016.11.14  3470 3355 3675 3320 1628838
2016.11.15  3455 3460 3570 3435 709344
2016.11.16  3490 3500 3560 3465 545593
2016.11.17  3530 3480 3590 3445 467078
2016.11.18  3490 3575 3575 3435 560716
2016.11.21  3335 3460 3490 3310 579557
2016.11.22  3340 3390 3540 3310 1190551
2016.11.23  3210 3290 3460 3210 774375
2016.11.24  2250 3175 3375 2250 12671352
2016.11.25  2275 2095 2410 2065 9516145
2016.11.28  2145 2280 2505 2145 5313026
2016.11.29  2050 2095 2180 1955 4128712
2016.11.30  2090 1985 2150 1945 3638283
2016.12.01  1935 2110 2150 1935 3181255
2016.12.02  1820 1945 1970 1805 2612203
2016.12.05  1665 1820 1840 1645 2353880
2016.12.06  1710 1675 1750 1665 1418223
2016.12.07  2220 1715 2220 1710 10347913
2016.12.08  2415 2295 2770 2290 16405016
2016.12.09  2195 2435 2450 2195 3217494
2016.12.12  2245 2270 2350 2170 2806693
2016.12.13  2320 2225 2650 2065 8208643
2016.12.14  2965 2320 3010 2295 14595995
2016.12.15  2830 3000 3150 2830 8377921
2016.12.16  2750 2890 2930 2665 3766276
2016.12.19  2700 2705 2820 2665 2014451
2016.12.20  2870 2700 3070 2650 5917297
2016.12.21  2790 2795 3040 2765 5470632
2016.12.22  2785 2835 2890 2775 1673625
2016.12.23  2745 2700 2855 2700 1385127
2016.12.26  2685 2780 2900 2665 1483839
2016.12.27  2690 2710 2840 2625 2216099
2016.12.28  1975 2690 2755 1975 2787216
2016.12.29  2300 2050 2365 2050 8045066
2017.01.02  2240 2170 2395 2100 3928706
2017.01.03  2250 2310 2315 2240 1233683
2017.01.04  2205 2240 2270 2200 801381
2017.01.05  2720 2220 2790 2200 14216166
2017.01.06  2840 2720 3175 2670 18620080
2017.01.09  2970 2890 3090 2855 4363529
2017.01.10  2905 3030 3050 2835 2992276
2017.01.11  3060 2910 3270 2850 10446328
2017.01.12  3095 3050 3290 3020 5085462
2017.01.13  2940 3200 3250 2865 5546807
2017.01.16  2890 2940 3045 2855 2126314
2017.01.17  2670 2700 2780 2615 3929208
2017.01.18  2670 2660 2785 2640 1955349
2017.01.19  2790 2645 3060 2610 8561296
2017.01.20  2680 2760 2860 2660 2555074
2017.01.23  2320 2680 2800 2320 3909759
2017.01.24  2330 2385 2620 2275 3884240
2017.01.25  2390 2305 2560 2305 3523681
2017.01.26  2460 2555 2780 2405 10438781
2017.01.31  2370 2590 2590 2310 3182029
2017.02.01  2365 2245 2435 2230 2529093
2017.02.02  2160 2340 2360 2135 2112798
2017.02.03  2040 2155 2155 2040 1256254
2017.02.06  2360 2195 2525 2180 9332996
2017.02.07  2325 2400 2500 2275 3095139
2017.02.08  2370 2350 2505 2320 2182251
2017.02.09  2395 2390 2450 2325 1608459
2017.02.10  2650 2420 2870 2330 9234495
2017.02.13  2625 2725 2725 2590 1960108
2017.02.14  2700 2625 2725 2510 2935321
2017.02.15  2795 2665 2910 2650 5457194
2017.02.16  2725 2750 2835 2640 3338866
2017.02.17  2680 2765 2795 2680 1465567
2017.02.20  2650 2665 2740 2610 1039099
2017.02.21  2625 2680 2780 2600 1620560
2017.02.22  2500 2640 2745 2500 4613537
2017.02.23  2300 2520 2550 2270 2314990
2017.02.24  2470 2305 2640 2205 4640061
2017.02.27  2520 2470 2615 2440 2215771
2017.02.28  2590 2535 2695 2495 3340207
2017.03.02  2550 2630 2690 2550 1843817
2017.03.03  2640 2560 2740 2520 3756917
2017.03.06  2725 2665 2840 2635 4465986
2017.03.07  2560 2710 2745 2470 3114952
2017.03.08  2450 2530 2610 2440 2132250
2017.03.09  2360 2450 2495 2350 1722655
2017.03.10  2380 2350 2395 2240 1314586
2017.03.13  2430 2375 2440 2375 918749
2017.03.14  2460 2450 2565 2445 1419233
2017.03.15  2395 2445 2475 2395 703280
2017.03.16  2500 2395 2610 2385 2153868
2017.03.17  2480 2475 2545 2455 657754
2017.03.20  2520 2605 2865 2520 9423192
2017.03.21  2405 2570 2640 2380 2667241
2017.03.22  2485 2420 2660 2360 3576689
2017.03.23  2400 2395 2555 2385 2027330
2017.03.24  1975 2345 2390 1825 4842074
2017.03.27  1785 1960 2120 1670 5399144
2017.03.28  1925 2010 2090 1855 3973737
2017.03.29  1725 1880 2070 1725 4396386
2017.03.30  1540 1800 1870 1535 8359233
2017.03.31  2000 1750 2000 1650 14297174
2017.04.03  2150 2090 2410 2075 14993528
2017.04.04  2070 2165 2380 2030 7201282
2017.04.05  2060 2065 2160 1980 2785379
2017.04.06  2040 2120 2185 2010 2242693
2017.04.07  2500 2195 2635 2150 22197628
2017.04.10  2000 2190 2220 1870 11758495
2017.04.11  2600 2320 2600 2285 15878447
2017.04.12  2955 2650 3150 2600 24339063
2017.04.13  2890 3005 3120 2665 15968620
2017.04.14  2870 2780 3100 2655 8601311
2017.04.17  2830 2925 2965 2750 5474665
2017.04.18  2775 2900 2920 2765 4158677
2017.04.19  2770 2760 2845 2655 4257067
2017.04.20  3600 2845 3600 2725 20023806
2017.04.21  3200 3765 4065 3200 20287359
2017.04.24  3260 3350 3635 3040 16373388
2017.04.25  3305 3250 3415 3250 4038137
2017.04.26  3310 3290 3390 3185 3515905
2017.04.27  3185 3290 3335 3150 2773088
2017.04.28  3220 3120 3720 3105 11164652
2017.05.02  3370 3300 3540 3255 5518982
2017.05.04  3370 3300 3645 3250 5925147
2017.05.08  3340 3370 3535 3330 2607013
2017.05.10  3210 3345 3420 3205 2422146
2017.05.11  2995 3190 3250 2910 3150946
2017.05.12  2925 2980 3315 2720 11495510
2017.05.15  2915 2900 3050 2820 2496995
2017.05.16  2950 2905 3195 2880 4643329
2017.05.17  2820 2955 3015 2810 2632954
2017.05.18  2630 2770 2850 2590 2671857
2017.05.19  2660 2645 2735 2620 1542802
2017.05.22  2615 2635 2710 2590 1144898
2017.05.23  2580 2640 2645 2510 1632180
2017.05.24  2370 2535 2555 2340 4530839
2017.05.25  2180 2370 2405 2155 2891285
2017.05.26  2380 2175 2480 2175 8061908
2017.05.29  2210 2370 2400 2190 2528288
2017.05.30  2330 2210 2555 2180 6553563
2017.05.31  2215 2320 2335 2160 3332665
2017.06.01  2175 2235 2245 2130 1774861
2017.06.02  2220 2185 2335 2175 2516381
2017.06.05  2185 2235 2260 2165 1015319
2017.06.07  2245 2195 2380 2150 1843685
2017.06.08  2200 2245 2275 2180 1097478
2017.06.09  2160 2230 2230 2160 1014453
2017.06.12  2195 2260 2300 2175 1022297
2017.06.13  2180 2195 2250 2175 889718
2017.06.14  2250 2180 2265 2160 1248176
2017.06.15  2245 2290 2290 2195 673893
2017.06.16  2195 2210 2245 2195 613469
2017.06.19  2245 2250 2380 2220 1708981
2017.06.20  2175 2260 2260 2175 1020666
2017.06.21  2100 2175 2205 2060 2065377
2017.06.22  2050 2100 2110 2010 1159876
2017.06.23  2125 2110 2225 2065 2598821
2017.06.26  2185 2115 2195 2080 947682
2017.06.27  2145 2220 2265 2140 1433467
2017.06.28  2185 2200 2310 2160 1987322
2017.06.29  2145 2200 2250 2140 927052
2017.06.30  2050 2140 2165 1985 1585305
2017.07.03  1975 2000 2060 1970 851030
2017.07.04  1940 1975 1995 1870 1258395
2017.07.05  1920 1940 1950 1890 677994
2017.07.06  1915 1980 2025 1890 1181839
2017.07.07  1835 1905 1915 1820 787962
2017.07.10  1650 1765 1770 1625 2105180
2017.07.11  1680 1680 1880 1600 3865591
2017.07.12  1605 1665 1715 1600 917081
2017.07.13  1560 1615 1645 1530 1215317
2017.07.14  1575 1560 1715 1520 2483690
2017.07.17  2045 1705 2045 1705 13382054
2017.07.18  2030 2045 2235 1980 13397297
2017.07.19  2050 2040 2090 1995 3189595
2017.07.20  1880 2070 2070 1865 3075716
2017.07.21  1945 1915 2020 1905 3353962
2017.07.24  1960 1945 2035 1905 1689019
2017.07.25  1935 1955 2025 1910 1460505
2017.07.26  1890 1935 1950 1865 862467
2017.07.27  1780 1910 1910 1720 1272520
2017.07.28  1970 1780 2135 1780 10369100
2017.07.31  1845 1965 1980 1825 1739908
2017.08.01  1935 1795 2125 1735 4781438
2017.08.02  1945 1920 2005 1885 1868254
2017.08.03  1835 1910 1930 1820 1123972
2017.08.04  1770 1835 1860 1770 740305
2017.08.07  1780 1755 1885 1715 1730324
2017.08.08  1780 1765 1850 1740 1175025
2017.08.09  1715 1780 1780 1705 1016247
2017.08.10  1645 1695 1735 1615 987670
2017.08.11  1665 1650 1975 1635 15152470
2017.08.14  1615 1695 1785 1615 2254798
2017.08.16  1550 1600 1640 1495 1193950
2017.08.17  1545 1520 1610 1500 1255221
2017.08.18  1605 1620 1700 1565 2424238
2017.08.21  1565 1615 1625 1530 937639
2017.08.22  1545 1560 1590 1530 692810
2017.08.23  1510 1545 1635 1500 1322713
2017.08.24  1490 1510 1535 1490 1021340
2017.08.25  1460 1420 1540 1405 2510266
2017.08.28  1350 1430 1465 1315 2087332
2017.08.29  1330 1340 1440 1310 2839790
