2010.10.15     58400 68700 68700 58400 2375
2010.10.18     49700 49700 49700 49700 4422
2010.10.19     42250 42250 42250 42250 5043
2010.10.20     35950 36300 39400 35950 2102612
2010.10.21     35300 35100 37700 33650 2024290
2010.10.22     33400 35700 35750 33000 780230
2010.10.25     33750 33750 34500 33250 520214
2010.10.26     32500 34250 34550 32300 681252
2010.10.27     31300 32850 32900 31100 540476
2010.10.28     31500 31500 33200 31350 501813
2010.10.29     31250 31800 32900 31250 423862
2010.11.01     31000 31650 32200 30400 326792
2010.11.02     30500 31000 31350 30000 394250
2010.11.03     29950 31100 31500 29950 358495
2010.11.04     28950 29750 30050 28900 325856
2010.11.05     28350 29200 29950 28200 427895
2010.11.08     30300 28600 30300 28400 444667
2010.11.09     30550 30600 31000 29650 221773
2010.11.10     29800 30200 31050 29750 143053
2010.11.11     29000 28700 29800 28700 155230
2010.11.12     27700 28850 29150 27050 229408
2010.11.15     29150 27900 29250 27800 217412
2010.11.16     30550 29500 30550 29150 259737
2010.11.17     30550 0 0 0 0
2010.11.18     35100 35100 35100 35100 81093
2010.11.19     36700 36400 39600 36200 1587147
2010.11.22     36750 37150 37900 35750 459122
2010.11.23     35000 36650 36650 34350 348384
2010.11.24     34000 33350 34300 32600 311438
2010.11.25     34000 34400 34850 33500 209543
2010.11.26     34000 34000 34700 33000 217287
2010.11.29     35300 34000 36300 33750 285964
2010.11.30     34850 35150 35500 34400 120928
2010.12.01     33900 34850 35000 33900 105859
2010.12.02     33200 34400 34450 33200 100964
2010.12.03     32850 33200 33750 32850 78561
2010.12.06     33300 32900 33300 32600 97033
2010.12.07     32500 33450 33450 31500 134929
2010.12.08     34600 32850 35650 32300 424167
2010.12.09     34550 34600 34900 33750 137661
2010.12.10     33500 34300 35100 33500 113007
2010.12.13     34500 33500 34800 32900 132485
2010.12.14     34350 34900 35250 34350 113296
2010.12.15     35100 34550 35100 33950 113627
2010.12.16     35400 35000 35550 34500 102370
2010.12.17     35600 35300 36950 35000 197252
2010.12.20     34750 35200 35200 33950 121550
2010.12.21     34200 34900 35500 34050 135697
2010.12.22     33450 34050 34300 32950 146219
2010.12.23     33500 33450 33600 33000 55781
2010.12.24     33750 33500 33850 33250 44458
2010.12.27     33600 33300 34000 32900 67208
2010.12.28     33650 33350 33700 33000 34567
2010.12.29     34500 33350 34500 33350 63114
2010.12.30     34500 34350 34550 33750 64529
2011.01.03     35300 35850 36700 34950 293950
2011.01.04     35550 35300 36000 34650 128843
2011.01.05     35900 35650 36750 35250 159799
2011.01.06     36000 36050 36250 35550 94154
2011.01.07     38150 36300 39200 35750 425532
2011.01.10     41050 39000 41400 38600 432366
2011.01.11     43600 41600 43800 40600 633787
2011.01.12     43750 43900 44900 42500 307765
2011.01.13     44350 43750 44450 42800 180038
2011.01.14     47350 44250 49500 43600 454727
2011.01.17     47850 47500 49200 47000 209403
2011.01.18     46300 47850 47850 44400 277802
2011.01.19     47100 46300 48200 45750 144864
2011.01.20     48100 47500 50800 47500 307729
2011.01.21     47750 47900 48950 46000 191904
2011.01.24     47200 47500 48550 47050 145456
2011.01.25     46500 47400 47700 45300 187216
2011.01.26     46800 45950 47000 45750 76097
2011.01.27     47300 46800 47400 45750 99342
2011.01.28     49950 47350 50400 47350 223071
2011.01.31     49850 49900 50800 49000 124325
2011.02.01     49600 50100 51300 49200 94422
2011.02.07     50300 50500 51500 49650 92883
2011.02.08     49700 50000 51000 49500 70379
2011.02.09     48700 49900 50500 48600 102904
2011.02.10     49250 48650 49500 48500 55693
2011.02.11     48700 49100 49750 48250 43729
2011.02.14     47200 48700 48700 46200 99013
2011.02.15     46800 47100 47450 45300 81972
2011.02.16     47000 47400 47750 46150 85738
2011.02.17     47050 47800 47900 46300 46891
2011.02.18     47950 46500 47950 46200 59481
2011.02.21     53000 48850 53000 48500 178423
2011.02.22     53000 52000 53000 50500 96067
2011.02.23     51000 53000 56000 51000 196979
2011.02.24     55100 50000 55100 49800 158024
2011.02.25     54400 55500 58100 53100 149110
2011.02.28     54500 54400 56400 53500 95305
2011.03.02     57500 54000 57700 54000 129350
2011.03.03     57600 57500 58000 56500 78705
2011.03.04     57300 57700 58700 56500 100365
2011.03.07     55400 57000 58000 55300 98884
2011.03.08     55300 55300 56400 53200 109408
2011.03.09     53700 55000 55900 53300 108655
2011.03.10     54000 53700 54800 52900 86980
2011.03.11     53000 53400 53800 52600 62256
2011.03.14     47500 52000 52000 47150 196783
2011.03.15     49900 47600 50000 46500 132935
2011.03.16     50800 49500 51000 48950 84456
2011.03.17     50000 49900 51600 47800 99722
2011.03.18     50700 53000 53000 50400 136754
2011.03.21     48900 49600 50700 47950 264281
2011.03.22     50100 47200 51300 46500 2343813
2011.03.23     48250 49850 49900 48000 1291035
2011.03.24     47400 48050 49250 47350 640433
2011.03.25     45200 47550 47850 43000 1361075
2011.03.28     44250 45200 45400 43350 523439
2011.03.29     47150 44450 47300 44450 715160
2011.03.30     48050 47900 48700 46650 704768
2011.03.31     47850 48400 48750 47650 263367
2011.04.01     48200 48250 49250 48050 300894
2011.04.04     48800 48700 49200 48300 416528
2011.04.05     46950 48500 48600 46750 589193
2011.04.06     44900 46400 46700 44800 795199
2011.04.07     45000 44900 46200 44650 398826
2011.04.08     42150 44450 44550 42150 993408
2011.04.11     41850 42050 42700 40900 491562
2011.04.12     42200 42700 43350 41150 570250
2011.04.13     42800 41700 43200 41600 243650
2011.04.14     43700 42500 44350 42500 343167
2011.04.15     44500 44150 44700 43750 337833
2011.04.18     44200 45400 45400 44000 333063
2011.04.19     44150 43700 44700 43300 265635
2011.04.20     43000 44650 44850 42550 656725
2011.04.21     40250 42500 42800 40250 919390
2011.04.22     40400 40500 40750 37900 1486188
2011.04.25     42700 40400 43200 40400 769809
2011.04.26     41700 43200 43500 41000 640001
2011.04.27     41300 42150 42500 40950 288475
2011.04.28     44200 42200 44600 42200 768584
2011.04.29     44750 44600 45300 43550 495623
2011.05.02     45700 45400 46300 45400 555500
2011.05.03     45800 45700 45800 44600 284958
2011.05.04     44500 46200 46700 44350 325838
2011.05.06     44950 43800 45500 43800 315228
2011.05.09     44150 44950 45500 44150 170865
2011.05.11     43600 44100 44600 43200 275927
2011.05.12     46600 43150 46850 42450 831122
2011.05.13     47500 47100 47700 46300 575283
2011.05.16     47100 47500 48400 46850 267435
2011.05.17     46300 46800 47400 45300 316311
2011.05.18     46450 46300 47100 45550 375726
2011.05.19     45450 46450 47000 45450 336635
2011.05.20     46100 45350 46400 44700 215535
2011.05.23     46150 46200 47950 46150 479985
2011.05.24     47300 46600 48450 46250 582203
2011.05.25     47400 47550 48650 47000 448460
2011.05.26     46900 47850 48000 46100 406197
2011.05.27     48700 46350 48850 45550 756368
2011.05.30     48200 49100 49150 47950 269558
2011.05.31     47050 48000 48600 46600 554465
2011.06.01     44050 46500 46700 43250 1039192
2011.06.02     44250 43100 45200 43100 368965
2011.06.03     44250 0 0 0 0
2011.06.07     45650 44000 46050 42500 469360
2011.06.08     43600 45300 45450 43100 394890
2011.06.09     42900 43600 44500 42600 349298
2011.06.10     42450 42900 43150 40850 340520
2011.06.13     42100 41550 42300 41150 103095
2011.06.14     42750 41700 43000 41700 154996
2011.06.15     43000 42650 43200 42150 142771
2011.06.16     42400 43250 43750 42350 211157
2011.06.17     43300 42550 43900 42250 200491
2011.06.20     44600 43700 44650 43600 268124
2011.06.21     44850 44950 45250 43650 185631
2011.06.22     44550 44900 45150 44250 221261
2011.06.23     44450 45000 45400 43700 240953
2011.06.24     44400 44200 44650 43500 238152
2011.06.27     45250 44400 45300 43850 206924
2011.06.28     44300 45600 45750 43250 276377
2011.06.29     44800 44200 44800 43650 200197
2011.06.30     44700 44850 44950 44200 157588
2011.07.01     44200 44650 44900 44200 119064
2011.07.04     43900 44600 44850 43800 205456
2011.07.05     43500 43900 44350 43050 243031
2011.07.06     43200 43300 43750 42400 301630
2011.07.07     43250 43100 43750 42800 244128
2011.07.08     43100 43500 43600 43100 176597
2011.07.11     43200 42800 43450 42700 148100
2011.07.12     42350 42500 42850 41850 248368
2011.07.13     40800 42350 42350 40700 440181
2011.07.14     42300 40650 42400 39800 439103
2011.07.15     44000 42050 44150 41650 392622
2011.07.18     46250 44400 46650 44050 1013028
2011.07.19     46900 46700 47350 46300 642046
2011.07.20     47000 47200 47850 46400 520624
2011.07.21     48900 47400 49200 46650 539041
2011.07.22     50000 49500 50700 48850 811389
2011.07.25     49100 49800 50100 48400 459157
2011.07.26     49500 48850 49800 47900 419998
2011.07.27     47750 49500 49500 47650 425349
2011.07.28     47750 46700 48600 46500 395917
2011.07.29     47550 47600 48550 46750 306906
2011.08.01     47350 47600 49400 47200 431112
2011.08.02     46100 47000 47350 45250 436781
2011.08.03     46000 44900 46150 44500 372207
2011.08.04     45750 45700 48200 45000 859909
2011.08.05     43300 43000 45150 41500 513099
2011.08.08     39500 42300 43250 36900 1051300
2011.08.09     37350 37350 37950 33600 1313952
2011.08.10     37700 39200 39800 37350 754978
2011.08.11     40000 35500 41500 35300 720745
2011.08.12     41600 41700 44250 40900 986737
2011.08.16     44600 42600 45100 42600 735710
2011.08.17     46600 44400 47250 43800 884284
2011.08.18     49300 48000 49750 47450 1669022
2011.08.19     49500 47950 51000 47250 1659426
2011.08.22     46000 50700 51500 45750 782017
2011.08.23     47500 46800 48200 45300 623151
2011.08.24     48700 47600 49850 46100 623120
2011.08.25     45850 49350 49600 45500 587680
2011.08.26     44400 45500 46750 44250 417433
2011.08.29     45400 45250 46400 45100 336972
2011.08.30     47600 45850 48650 45250 634688
2011.08.31     49500 48400 49500 47400 624652
2011.09.01     48000 49700 50400 47800 585229
2011.09.02     52900 48400 53000 48400 1812128
2011.09.05     52800 53000 54800 51900 1311963
2011.09.06     50400 52000 53500 48400 1165709
2011.09.07     50900 51200 52800 49750 976393
2011.09.08     52600 51600 54000 51300 1058201
2011.09.09     50700 53200 53500 50500 627896
2011.09.14     47000 50700 51100 47000 521814
2011.09.15     49000 48700 49700 45500 564497
2011.09.16     50200 50100 50200 48050 629369
2011.09.19     47000 49300 50600 47000 442990
2011.09.20     48200 46850 49300 46500 588462
2011.09.21     46950 48000 48500 46800 854398
2011.09.22     48100 45700 48350 45700 726066
2011.09.23     46050 46500 47550 45800 486802
2011.09.26     40900 46900 47100 39200 1075943
2011.09.27     41700 42400 42850 40700 928562
2011.09.28     40200 42150 43350 40200 695883
2011.09.29     39850 39100 40850 38450 732438
2011.09.30     40350 40500 42200 39700 710644
2011.10.04     36900 37550 38650 35150 874457
2011.10.05     32550 37250 37500 31400 1470706
2011.10.06     32200 33650 34400 32050 900661
2011.10.07     37000 33200 37000 33150 1716293
2011.10.10     36500 37000 38600 35850 1407674
2011.10.11     37100 37350 38200 36500 964863
2011.10.12     38550 37300 39050 37150 892096
2011.10.13     39250 39650 40600 39150 754938
2011.10.14     39900 39200 40400 38000 592209
2011.10.17     39150 40300 40400 39150 918798
2011.10.18     36450 37850 38500 35900 1472714
2011.10.19     37500 36800 37900 35650 1810892
2011.10.20     35000 37900 38800 34900 1655645
2011.10.21     35250 36000 36650 34950 870307
2011.10.24     36700 36150 37050 35850 870965
2011.10.25     38600 37200 38900 36050 1712099
2011.10.26     38500 38950 39350 38000 1353962
2011.10.27     38050 38900 39050 38000 949435
2011.10.28     37000 38650 39300 36650 1220578
2011.10.31     36850 37400 38100 36850 561099
2011.11.01     38750 36450 38750 36150 1078423
2011.11.02     39100 37900 39100 37550 1040133
2011.11.03     38550 39700 40300 38150 1307918
2011.11.04     38800 39750 39800 38600 912406
2011.11.07     39750 39150 40300 38850 1015713
2011.11.08     38700 40350 40600 38700 745409
2011.11.09     38600 39350 39650 38100 683238
2011.11.10     34400 36550 36900 34100 1619451
2011.11.11     35250 35350 35450 34600 471758
2011.11.14     35300 35800 36150 35200 530105
2011.11.15     34600 34800 35750 34250 469111
2011.11.16     33050 35100 35350 32650 1277821
2011.11.17     33050 33350 33400 32250 513302
2011.11.18     32050 32300 33000 31600 617786
2011.11.21     32600 32000 32700 31500 428117
2011.11.22     34150 32600 34200 32150 937227
2011.11.23     31600 34300 34450 31600 894916
2011.11.24     31750 31450 32450 31200 509994
2011.11.25     30350 31500 31950 29500 871783
2011.11.28     29900 30550 30800 29800 605665
2011.11.29     31000 30250 32000 30200 1111566
2011.11.30     30800 31200 32000 30550 658250
2011.12.01     31400 31800 32250 31050 733684
2011.12.02     30800 31350 32000 30700 521063
2011.12.05     32450 31300 32650 31200 833487
2011.12.06     32000 32900 33300 31900 655385
2011.12.07     31150 32350 32850 31100 675580
2011.12.08     30800 30950 31500 30550 437242
2011.12.09     30250 30450 31350 30250 438728
2011.12.12     33500 30750 33900 30750 1576602
2011.12.13     32100 33200 33600 31850 868666
2011.12.14     32000 32400 33100 31600 592079
2011.12.15     31200 31700 32300 31150 484139
2011.12.16     32850 31600 33100 31600 870265
2011.12.19     30800 33050 33150 29100 1007561
2011.12.20     31900 31300 32150 31050 492843
2011.12.21     32300 32700 33200 32150 550227
2011.12.22     31550 32500 32800 31450 368123
2011.12.23     31250 31950 32350 31150 438973
2011.12.26     31300 31600 32050 31200 292737
2011.12.27     30450 31150 31600 30000 422802
2011.12.28     30400 30350 31050 30350 179505
2011.12.29     30300 30000 30750 30000 263309
2012.01.02     30400 30450 31000 30150 263900
2012.01.03     30600 30600 30900 30400 926839
2012.01.04     31300 31150 32200 31100 1477466
2012.01.05     33900 31950 34450 31500 2541303
2012.01.06     34150 34650 34700 33400 1385432
2012.01.09     33600 34200 34350 33250 533597
2012.01.10     34100 34300 34800 33800 853579
2012.01.11     33000 34400 34450 33000 431112
2012.01.12     33000 33000 33500 32650 400873
2012.01.13     32400 33000 33550 32400 481342
2012.01.16     32350 32150 32750 31950 383444
2012.01.17     31700 32700 32900 31550 595515
2012.01.18     31000 31750 32100 30900 678078
2012.01.19     31400 31200 31550 31000 419955
2012.01.20     31950 31400 32100 31400 476824
2012.01.25     31450 32150 32200 31400 442093
2012.01.26     31800 31650 31950 31100 471084
2012.01.27     31600 32100 32500 31600 479661
2012.01.30     31250 31600 32100 31200 407082
2012.01.31     31950 31250 32050 31100 373269
2012.02.01     33350 32500 33450 32500 1204006
2012.02.02     32600 33800 33800 32400 751650
2012.02.03     31700 32750 32750 31500 605578
2012.02.06     31150 31850 31900 31150 526782
2012.02.07     31350 31150 31750 31150 297844
2012.02.08     31150 31550 31600 31150 388413
2012.02.09     31350 31300 31400 30800 448997
2012.02.10     31250 31450 31700 31100 461033
2012.02.13     30750 31450 31500 30550 590254
2012.02.14     30450 30750 31250 30400 698137
2012.02.15     30650 30400 30800 30400 518287
2012.02.16     31200 30800 31500 30550 1080176
2012.02.17     31350 31750 32050 31250 721838
2012.02.20     30900 31450 31650 30800 516261
2012.02.21     32100 31150 32250 30950 1297618
2012.02.22     32400 32300 32700 32100 800183
2012.02.23     31500 32300 32300 31500 591498
2012.02.24     31600 31700 32050 31350 395583
2012.02.27     31000 31850 31850 30850 464128
2012.02.28     30650 30950 31400 30600 374261
2012.02.29     31000 30750 31100 30750 315090
2012.03.02     30900 31000 31250 30800 374713
2012.03.05     30900 30800 31350 30800 304466
2012.03.06     31700 31000 31900 31000 709091
2012.03.07     30800 31350 31750 30800 544340
2012.03.08     30800 31050 31300 30650 364520
2012.03.09     31050 30950 31250 30700 422015
2012.03.12     30650 30850 31100 30650 334174
2012.03.13     30650 30600 31150 30550 474031
2012.03.14     30600 30800 30900 30500 390917
2012.03.15     30950 31050 31500 30650 817736
2012.03.16     30650 30950 31000 30600 306858
2012.03.19     30600 30800 30900 30400 340760
2012.03.20     30300 30600 30950 30300 532062
2012.03.21     29800 30300 30450 29700 601156
2012.03.22     28100 29650 29750 28100 1327301
2012.03.23     28700 28000 28950 28000 542550
2012.03.26     28650 28800 29100 28650 284848
2012.03.27     28250 28800 28950 28150 305597
2012.03.28     28250 28250 29050 28200 244414
2012.03.29     28400 28200 28700 28000 236371
2012.03.30     28400 28300 28500 28100 163896
2012.04.02     28700 28600 29000 28400 228068
2012.04.03     28200 28850 29100 28150 315371
2012.04.04     27250 28250 28550 27050 514842
2012.04.05     26550 26700 27250 26000 512974
2012.04.06     26850 26400 27250 26400 336218
2012.04.09     26800 26550 27250 26550 353158
2012.04.10     27700 26900 28450 26900 648262
2012.04.12     27250 27750 28200 27150 317592
2012.04.13     27850 27650 28100 27550 271655
2012.04.16     28050 27700 28250 27500 193521
2012.04.17     28150 28100 28500 27900 229104
2012.04.18     28000 28500 28550 27900 216910
2012.04.19     27100 27800 27900 27100 312573
2012.04.20     27400 27000 27750 27000 196402
2012.04.23     28050 27700 28350 27600 333034
2012.04.24     28250 27850 28250 27700 261292
2012.04.25     28100 28400 28900 27550 423914
2012.04.26     28050 28500 28700 27900 281927
2012.04.27     28250 28200 28350 27950 264375
2012.04.30     28250 28500 28900 28000 386013
2012.05.02     28000 28250 28250 27600 197052
2012.05.03     28700 28100 28700 28100 291992
2012.05.04     28850 28650 29000 28550 292194
2012.05.07     28800 28250 28900 28200 282018
2012.05.08     30250 29250 30250 28900 889131
2012.05.09     30500 30150 30950 29900 794408
2012.05.10     31400 30200 31500 30150 900198
2012.05.11     31000 31250 31400 30500 565910
2012.05.14     31150 31150 31900 30600 709237
2012.05.15     31000 30850 31900 30450 682615
2012.05.16     30000 31000 31650 29750 801538
2012.05.17     30350 30150 30550 29700 344110
2012.05.18     28550 29600 29800 28350 657630
2012.05.21     30350 29000 30350 27900 558004
2012.05.22     30800 30650 31000 30200 423383
2012.05.23     30300 30750 31350 29600 565969
2012.05.24     29000 30250 30700 28900 569737
2012.05.25     28500 28900 29250 28500 427479
2012.05.29     28400 28150 28450 27200 756788
2012.05.30     28350 28550 29000 28300 313715
2012.05.31     28400 27850 28700 27750 232713
2012.06.01     28000 28700 28950 28000 231695
2012.06.04     25850 26700 27500 25850 685618
2012.06.05     26250 26200 26550 25950 380897
2012.06.07     26400 26800 27150 26300 323017
2012.06.08     25900 26300 26500 25900 312155
2012.06.11     26600 26400 26700 26250 230142
2012.06.12     26650 26200 26950 26200 173595
2012.06.13     26650 26950 27250 26500 228403
2012.06.14     26650 26450 26850 26450 183181
2012.06.15     25950 26900 26900 25850 348238
2012.06.18     26000 26350 26500 26000 293215
2012.06.19     26050 26000 26250 26000 160419
2012.06.20     27400 26300 27450 26200 639193
2012.06.21     27200 27550 27550 26850 306252
2012.06.22     27300 26700 27400 26700 248218
2012.06.25     26400 26700 26900 26400 376800
2012.06.26     26500 26200 27050 26150 202360
2012.06.27     26350 26800 26800 26200 151257
2012.06.28     26300 26500 26850 26250 158092
2012.06.29     26500 26150 26500 25900 175880
2012.07.02     26450 26800 27000 26450 179721
2012.07.03     26600 26500 26650 26350 192411
2012.07.04     26800 26800 27200 26650 358421
2012.07.05     26300 26800 26900 26150 370595
2012.07.06     26050 26250 26350 25950 308012
2012.07.09     25950 26000 26300 25900 196546
2012.07.10     25450 26000 26150 25350 366857
2012.07.11     24750 25450 25550 24700 432912
2012.07.12     24750 24850 25400 24700 289304
2012.07.13     25500 24800 25600 23850 390881
2012.07.16     25350 25550 25900 25350 151108
2012.07.17     24850 25350 25400 24800 183120
2012.07.18     24050 25050 25050 24000 294349
2012.07.19     24050 24300 24650 24000 186803
2012.07.20     24000 24100 24400 23900 167504
2012.07.23     23100 23550 23750 23100 209065
2012.07.24     22500 22950 23450 22300 388765
2012.07.25     22300 22000 22650 22000 160484
2012.07.26     22500 22350 23050 22350 150555
2012.07.27     23100 22850 23250 22750 131307
2012.07.30     22950 23200 23350 22800 131923
2012.07.31     23250 23150 23700 23100 269711
2012.08.01     22950 23200 23400 22900 134812
2012.08.02     22950 22850 23150 22850 86825
2012.08.03     23500 22800 23800 22800 209524
2012.08.06     23550 23750 24000 23450 182887
2012.08.07     23700 23600 23850 23400 106782
2012.08.08     23900 23850 24100 23650 191184
2012.08.09     24150 24050 24500 23900 212594
2012.08.10     24150 24050 24950 24000 416008
2012.08.13     24500 24250 24700 24250 216315
2012.08.14     25100 24500 25100 24450 290304
2012.08.16     25200 25250 25250 24850 238455
2012.08.17     25000 25200 25300 24750 191567
2012.08.20     24650 25100 25300 24650 307895
2012.08.21     26100 25000 26150 24900 654123
2012.08.22     26900 26100 27000 25900 794968
2012.08.23     28000 27200 28400 26900 1072444
2012.08.24     28400 28000 28650 27550 633639
2012.08.27     28350 28250 28750 28050 438560
2012.08.28     28450 28600 28850 28200 336159
2012.08.29     29000 28500 29600 28250 728423
2012.08.30     29300 28900 29300 28150 502744
2012.08.31     28700 29350 29400 28550 421540
2012.09.03     27700 28550 28700 27550 890139
2012.09.04     27500 27900 28100 27150 530203
2012.09.05     27000 27350 27950 26800 397303
2012.09.06     28300 27050 28300 27050 486583
2012.09.07     28900 28850 29250 28300 586367
2012.09.10     29650 29150 30200 28900 803719
2012.09.11     30500 29600 30550 29300 561545
2012.09.12     30900 30750 31000 30150 603642
2012.09.13     30750 31050 31050 30400 306859
2012.09.14     29950 30700 31000 29550 616948
2012.09.17     30050 30350 30650 29850 492923
2012.09.18     31500 29800 31500 29750 439791
2012.09.19     31600 31600 31800 31100 571842
2012.09.20     30700 31400 31500 30350 720398
2012.09.21     31100 30650 31500 30650 645579
2012.09.24     31900 31250 32250 30950 713266
2012.09.25     30400 31900 31950 30300 657578
2012.09.26     30000 30100 31000 30000 338203
2012.09.27     29400 30000 30200 28900 499416
2012.09.28     29050 29600 29950 28950 315707
2012.10.02     30000 29300 30200 29050 326348
2012.10.04     31350 30500 31650 30200 1104265
2012.10.05     31150 31250 31550 30850 286236
2012.10.08     31550 31150 31750 30550 494888
2012.10.09     30500 31750 31950 30300 562892
2012.10.10     28900 30400 30500 28900 676358
2012.10.11     29050 29100 29450 28700 321345
2012.10.12     29500 28900 29550 28700 269341
2012.10.15     28000 29200 29650 27900 438417
2012.10.16     27950 28400 28900 27850 444973
2012.10.17     28150 28200 28500 27700 335276
2012.10.18     28550 28000 28900 28000 258584
2012.10.19     28800 29000 29250 28500 218670
2012.10.22     29400 28500 29450 28200 182433
2012.10.23     28650 29600 29600 28650 192108
2012.10.24     28500 28300 28650 28100 222624
2012.10.25     28400 28550 28800 28300 139002
2012.10.26     27650 28600 28800 27300 313838
2012.10.29     26000 27600 27950 25950 387311
2012.10.30     27400 25650 27450 25600 255143
2012.10.31     29350 27700 29350 27400 582743
2012.11.01     29400 29300 29700 28650 226193
2012.11.02     29000 29550 29600 28650 185587
2012.11.05     29800 29300 30000 29100 362218
2012.11.06     29500 30300 30450 29450 276813
2012.11.07     29250 29650 29850 28800 194657
2012.11.08     29500 28650 29600 28650 283227
2012.11.09     29600 29500 30250 29050 248323
2012.11.12     30050 30150 30150 29250 253253
2012.11.13     29500 29800 30750 29500 337495
2012.11.14     28050 29950 30200 27650 365672
2012.11.15     29000 27550 29150 26750 305494
2012.11.16     27700 28800 29150 27650 198283
2012.11.19     27750 27900 28600 27450 161351
2012.11.20     27650 28200 28300 27300 218626
2012.11.21     27750 27900 28200 27650 127415
2012.11.22     28400 27950 28600 27950 187153
2012.11.23     28700 28500 29150 28350 211356
2012.11.26     28200 29000 29150 28200 129173
2012.11.27     28000 28200 28600 27600 137313
2012.11.28     28000 27750 28200 27750 113579
2012.11.29     27950 28150 28300 27700 167074
2012.11.30     28150 28200 28500 28050 131738
2012.12.03     28350 28350 28600 28150 121579
2012.12.04     28300 28150 28400 28000 79642
2012.12.05     27900 28400 28900 27750 234567
2012.12.06     26850 28050 28050 26750 324588
2012.12.07     27050 26800 27300 26800 140198
2012.12.10     26650 26950 27150 26400 207356
2012.12.11     26400 26750 27250 26300 264557
2012.12.12     26700 26500 26750 26350 137232
2012.12.13     27050 26550 27100 26550 159273
2012.12.14     26750 26900 26950 26600 151443
2012.12.17     26750 26750 27100 26650 135213
2012.12.18     26100 26800 26900 25750 441068
2012.12.20     25500 26000 26250 25500 167527
2012.12.21     25700 25500 26000 25300 246524
2012.12.24     26250 25700 26250 25700 103483
2012.12.26     25950 26600 26950 25950 238233
2012.12.27     26350 25800 26400 25800 78671
2012.12.28     26500 26600 26650 26250 95734
2013.01.02     27500 26800 27650 26800 328484
2013.01.03     27600 27550 27800 27200 179320
2013.01.04     27900 27550 28100 27400 260642
2013.01.07     30900 29500 31300 29350 2279317
2013.01.08     31150 30900 31450 30500 862335
2013.01.09     31000 31300 31450 30800 541429
2013.01.10     31250 31200 31600 30250 674668
2013.01.11     31100 31900 32350 30750 1031032
2013.01.14     30150 31300 31650 30100 998238
2013.01.15     30400 29300 30800 29250 722773
2013.01.16     32200 30500 32250 30400 1201577
2013.01.17     32100 32400 32900 31800 837457
2013.01.18     32550 32400 32900 32100 493191
2013.01.21     32900 32850 33200 32300 526515
2013.01.22     34150 32950 34350 32700 1098804
2013.01.23     33800 34050 34500 33550 584394
2013.01.24     34300 33800 34900 33450 721081
2013.01.25     35100 34500 35150 34100 694100
2013.01.28     35000 35250 35450 34850 441170
2013.01.29     33750 34850 34850 33700 741704
2013.01.30     33850 34150 34600 33800 493096
2013.01.31     34100 33500 34100 32850 685512
2013.02.01     34700 34100 34800 33300 434510
2013.02.04     35200 35000 35700 34550 647390
2013.02.05     35250 34950 35700 34650 454535
2013.02.06     34700 35350 35550 34250 445999
2013.02.07     34300 34450 34500 33450 771459
2013.02.08     34800 34500 35500 34300 411325
2013.02.12     33600 35200 35250 33600 499755
2013.02.13     33550 33400 33800 33150 446986
2013.02.14     33800 33750 34200 33450 403393
2013.02.15     33250 33800 34000 32650 547838
2013.02.18     34150 34250 34850 33700 844788
2013.02.19     34400 34150 34500 33750 429203
2013.02.20     34550 34400 34650 34050 363485
2013.02.21     34700 34300 35450 34300 379155
2013.02.22     34900 34700 35150 34550 206062
2013.02.25     34900 35050 35300 34500 303921
2013.02.26     37000 35050 37000 35000 1095808
2013.02.27     37200 37200 37500 36750 468998
2013.02.28     37500 37500 37700 36850 448518
2013.03.04     38000 37700 38350 37250 421369
2013.03.05     38400 38050 39050 37500 499728
2013.03.06     37550 38900 38900 37300 378459
2013.03.07     37800 37600 38350 37100 342573
2013.03.08     37300 37550 38150 37300 316435
2013.03.11     37200 37450 37700 36150 524077
2013.03.12     36750 37000 37600 36650 382215
2013.03.13     38350 36750 38350 36450 622155
2013.03.14     37700 38250 38300 37350 386175
2013.03.15     37700 37500 38000 37150 327465
2013.03.18     35200 37650 38000 35200 633266
2013.03.19     35050 35500 36150 35000 555386
2013.03.20     34200 35500 35900 34200 481260
2013.03.21     35150 34600 35500 34400 284273
2013.03.22     36600 35500 36600 35400 331584
2013.03.25     36000 36700 36800 35800 315442
2013.03.26     35900 36400 36750 35550 312981
2013.03.27     34650 36150 36150 34350 617333
2013.03.28     35300 34700 35450 34450 358054
2013.03.29     34850 35450 35600 34650 396639
2013.04.01     34000 34900 35150 33550 444467
2013.04.02     34200 34150 34600 33900 389643
2013.04.03     35550 34600 35900 34350 602380
2013.04.04     36250 35200 36250 34300 561474
2013.04.05     34950 36150 36500 34750 438245
2013.04.08     32900 34900 35100 32200 564484
2013.04.09     32700 32900 33650 31500 531096
2013.04.10     33400 32850 33750 32700 283291
2013.04.11     34800 34000 34900 33900 288024
2013.04.12     34900 35000 35450 34600 295195
2013.04.15     33950 34600 34900 33750 524179
2013.04.16     35350 33500 35450 33050 417941
2013.04.17     36800 35850 36900 35550 763930
2013.04.18     36500 36600 37250 36450 439416
2013.04.19     36800 36600 37650 36100 612527
2013.04.22     37550 37200 38100 37100 453601
2013.04.23     37200 37750 37900 36900 324034
2013.04.24     38500 37650 38500 37350 478582
2013.04.25     36850 38500 38900 36700 533560
2013.04.26     37900 36650 38000 36550 386532
2013.04.29     37400 37750 38300 37200 316198
2013.04.30     37200 37700 37900 36350 476078
2013.05.02     36200 37000 37600 36050 318873
2013.05.03     37050 36500 37200 35350 388571
2013.05.06     36350 37200 37550 36100 351431
2013.05.07     36750 36400 36900 35700 306683
2013.05.08     36350 36950 37050 36050 273810
2013.05.09     35350 35800 36400 35150 453153
2013.05.10     36800 35400 36950 35400 544826
2013.05.13     38000 37050 38000 37050 601364
2013.05.14     38150 38200 38200 37250 474378
2013.05.15     38100 38150 38950 37700 461452
2013.05.16     39350 38350 39450 38000 672384
2013.05.20     39250 39400 40150 39050 575984
2013.05.21     39000 38500 39200 38000 708352
2013.05.22     37700 38500 38650 37550 973158
2013.05.23     36750 38200 38750 36400 1028157
2013.05.24     36100 36300 36600 35050 1003129
2013.05.27     35000 35350 35450 34250 1046686
2013.05.28     36500 35200 36500 35100 1072836
2013.05.29     36250 36000 36700 35600 503700
2013.05.30     34700 35650 36000 34500 768147
2013.05.31     35000 34950 35100 34050 568830
2013.06.03     33250 34650 35300 33250 790818
2013.06.04     33550 32500 33650 32500 326004
2013.06.05     32450 33400 33600 32000 401797
2013.06.07     33000 32600 33200 32100 378692
2013.06.10     33450 32700 33950 32700 328680
2013.06.11     33650 33200 33950 32950 245634
2013.06.12     35150 34000 35400 33950 738790
2013.06.13     34900 35350 35600 34150 447012
2013.06.14     34450 35300 35400 33850 352401
2013.06.17     33150 34050 34700 32900 472307
2013.06.18     35200 33550 35200 33350 502963
2013.06.19     35250 35600 36000 35050 443374
2013.06.20     35200 34600 35900 34500 481340
2013.06.21     35400 34700 35600 34000 375879
2013.06.24     35100 35000 36350 34800 566538
2013.06.25     32850 34800 35500 32450 765028
2013.06.26     34050 33500 34200 32950 342950
2013.06.27     34550 34550 35000 34300 327468
2013.06.28     34700 34800 34950 33950 291506
2013.07.01     35200 34850 35450 34550 263068
2013.07.02     36050 35200 36400 35000 674302
2013.07.03     36200 36350 36750 35850 484158
2013.07.04     36200 36700 36850 35850 313695
2013.07.05     37000 36350 37150 36000 517903
2013.07.08     36550 37150 37300 36200 326329
2013.07.09     36900 36850 37050 35750 365942
2013.07.10     36700 36850 37250 36300 422078
2013.07.11     38650 37200 38850 37150 1085906
2013.07.12     39050 38850 39300 38450 595583
2013.07.15     39200 39000 39950 38600 606531
2013.07.16     39100 39450 39500 38550 465627
2013.07.17     38850 39050 39800 38600 428848
2013.07.18     40600 39150 41000 39000 981372
2013.07.19     40300 40750 41000 40150 374150
2013.07.22     40200 39850 40700 39400 494663
2013.07.23     38500 39900 39950 38200 1111050
2013.07.24     39150 38500 39600 38350 738990
2013.07.25     38950 38850 39900 38650 471715
2013.07.26     40400 38950 40400 38850 445917
2013.07.29     38500 40650 40650 38350 718684
2013.07.30     38750 38500 39200 37200 838380
2013.07.31     38500 39200 39900 38200 762409
2013.08.01     37950 39050 39100 37550 746996
2013.08.02     37650 38350 38350 37100 728964
2013.08.05     39000 38600 39850 38450 1361552
2013.08.06     39400 39550 39900 38750 939368
2013.08.07     39550 39300 40200 39000 857341
2013.08.08     39850 39850 40000 39300 453973
2013.08.09     40000 40300 40550 39550 511646
2013.08.12     38700 40300 40300 38700 580092
2013.08.13     40050 39000 40150 39000 482234
2013.08.14     39900 40250 40900 39700 536763
2013.08.16     38900 38900 39150 38600 471469
2013.08.19     38450 39100 39100 38000 430821
2013.08.20     37350 38250 38800 37300 487603
2013.08.21     37850 37600 38050 36900 414659
2013.08.22     37850 0 0 0 0
2013.08.23     37900 37200 38450 37200 337058
2013.08.26     38000 38300 38650 37700 341332
2013.08.27     36900 38100 38600 36900 403547
2013.08.28     36300 36150 36750 35700 373933
2013.08.29     36600 36500 37100 36350 196071
2013.08.30     38150 36600 38200 36550 440938
2013.09.02     38300 38150 38500 37850 226683
2013.09.03     38100 38800 39000 38100 319171
2013.09.04     38600 38100 38900 38050 273225
2013.09.05     39200 38950 39250 38350 351244
2013.09.06     38900 39400 39600 38750 350604
2013.09.09     39350 39050 39500 38650 283320
2013.09.10     38300 39450 39550 38250 438640
2013.09.11     38300 38400 38650 38000 230355
2013.09.12     37750 38500 38650 37700 285342
2013.09.13     37650 37650 38300 37450 333217
2013.09.16     37300 37850 38000 37000 303944
2013.09.17     37650 37500 37800 37300 151940
2013.09.23     38600 37700 38650 37500 339480
2013.09.24     38650 38650 39150 38400 333115
2013.09.25     38300 38700 38700 38300 201741
2013.09.26     39800 38100 40200 37600 958652
2013.09.27     39150 38900 39400 38550 909426
2013.09.30     39350 39150 40000 39050 473907
2013.10.01     40100 39050 40150 39050 681572
2013.10.02     41950 40800 42000 40700 1114345
2013.10.04     41800 41800 42350 41100 700494
2013.10.07     42100 42400 43100 41700 703718
2013.10.08     41800 42000 42200 41400 282665
2013.10.10     41900 41650 42650 41550 343342
2013.10.11     42150 42150 43250 42050 588208
2013.10.14     42500 42200 42800 41800 453893
2013.10.15     40750 42800 43150 40750 789099
2013.10.16     36900 40400 40450 36500 3418314
2013.10.17     36450 37250 37350 35600 1490153
2013.10.18     37100 36550 37500 36450 846767
2013.10.21     38300 37200 38400 37150 666757
2013.10.22     38000 38400 38400 37550 433488
2013.10.23     37350 37700 38150 37200 417438
2013.10.24     36900 37300 37650 36650 383176
2013.10.25     38350 37150 38450 37000 630496
2013.10.28     37850 38450 38450 37650 301055
2013.10.29     37650 37900 38250 37300 305772
2013.10.30     37850 37650 38150 37600 196682
2013.10.31     36700 37750 37750 36050 686221
2013.11.01     36650 36700 36900 36050 391042
2013.11.04     36850 36600 37200 36200 268235
2013.11.05     37450 36800 37800 36800 344317
2013.11.06     37150 37500 37800 37000 298179
2013.11.07     37350 37450 37700 37100 244728
2013.11.08     36800 37000 37350 36700 206650
2013.11.11     31700 31300 34050 31300 6467415
2013.11.12     30800 31600 32600 29900 3166417
2013.11.13     30650 31100 31500 30500 1130460
2013.11.14     30800 30750 31200 30600 800368
2013.11.15     28900 30650 30950 28600 2138856
2013.11.18     30000 28900 30250 28750 1237189
2013.11.19     31100 30200 31650 30100 1283396
2013.11.20     30700 30750 31200 30250 423967
2013.11.21     30700 31050 31350 30550 336894
2013.11.22     30700 30650 31200 30650 351463
2013.11.25     31250 30850 31700 30800 473892
2013.11.26     31500 31300 31750 31050 332697
2013.11.27     31300 31300 31850 31300 264139
2013.11.28     31500 31700 31800 31350 287327
2013.11.29     30950 31500 31600 30750 375184
2013.12.02     31900 31100 31950 30950 437593
2013.12.03     32800 32150 33200 32050 784784
2013.12.04     32000 33100 33300 31850 655035
2013.12.05     32500 32100 32850 31950 380754
2013.12.06     32600 32300 32750 31800 421581
2013.12.09     32050 32600 32800 31800 313157
2013.12.10     31550 32150 32300 31400 252234
2013.12.11     31550 31400 32250 31400 260422
2013.12.12     32650 31650 32700 31650 376123
2013.12.13     32350 32650 32900 32100 209643
2013.12.16     31850 32350 32450 31750 177371
2013.12.17     31150 32200 32300 31050 215839
2013.12.18     28300 31100 31600 26500 6159485
2013.12.19     28800 29150 29650 28650 1063915
2013.12.20     28450 28800 29050 28300 487155
2013.12.23     29950 28750 29950 28750 779816
2013.12.24     29950 29750 30150 29250 459227
2013.12.26     29500 30000 30050 29400 299647
2013.12.27     30800 29150 30850 29150 444872
2013.12.30     30500 30850 30900 30300 219797
2014.01.02     31500 31550 32000 31200 509065
2014.01.03     31100 31300 32500 30700 593202
2014.01.06     30550 31000 31200 30350 304510
2014.01.07     31250 30700 31300 30500 268928
2014.01.08     31550 31250 31750 30750 313858
2014.01.09     31000 31350 31700 30850 276399
2014.01.10     30850 30900 31350 30450 250824
2014.01.13     30200 30850 31150 28500 912346
2014.01.14     30500 30450 30950 30150 329975
2014.01.15     31800 30900 31900 30400 604311
2014.01.16     33200 31850 33600 31850 1231084
2014.01.17     33350 33200 33500 32700 501670
2014.01.20     32900 33200 33450 32550 383378
2014.01.21     33300 32900 33400 32600 254143
2014.01.22     32550 33150 33350 32250 337232
2014.01.23     33800 32700 33950 32700 687407
2014.01.24     34100 33850 34800 33600 842066
2014.01.27     33100 33350 33750 32950 363594
2014.01.28     33300 33300 33750 32750 267423
2014.01.29     33850 33500 34000 33300 327668
2014.02.03     34300 33650 34450 33500 434128
2014.02.04     34100 33950 34300 33800 320132
2014.02.05     33200 34450 35100 33200 686904
2014.02.06     33500 33450 33950 32850 347876
2014.02.07     33050 34000 34300 33000 520704
2014.02.10     32300 32850 32950 31700 608794
2014.02.11     33500 32500 34300 32350 1010367
2014.02.12     35000 33700 35100 33700 1116106
2014.02.13     35450 34800 36000 34550 716859
2014.02.14     35300 35800 36450 35150 643860
2014.02.17     37000 35850 37000 35600 751581
2014.02.18     37450 38000 38300 36600 1071130
2014.02.19     38000 37550 38100 36950 419886
2014.02.20     38200 38100 38350 37150 395531
2014.02.21     37900 38350 38600 37600 290327
2014.02.24     36800 37600 37650 36450 400291
2014.02.25     37400 36850 37900 36850 252060
2014.02.26     38050 37550 38050 36800 239106
2014.02.27     38400 38000 38700 37850 309224
2014.02.28     38750 38500 38900 37550 389827
2014.03.03     39800 38500 40000 38200 480733
2014.03.04     39350 39700 39950 39200 276335
2014.03.05     42000 39500 42500 39500 1119382
2014.03.06     42800 42000 43350 41900 599022
2014.03.07     42300 42800 43300 42150 277876
2014.03.10     42450 42600 43450 42250 331818
2014.03.11     44150 42800 44350 42800 483453
2014.03.12     42450 44500 44500 42300 507793
2014.03.13     45000 43000 45550 41900 563844
2014.03.14     45000 44400 45450 44200 420029
2014.03.17     41800 44900 45050 40950 1098369
2014.03.18     42550 42200 42800 41000 447859
2014.03.19     41550 42750 43250 40900 535121
2014.03.20     41600 41300 42200 41150 245109
2014.03.21     42150 41650 42600 41650 300888
2014.03.24     40600 42300 42500 40250 515468
2014.03.25     39750 40700 41350 39000 685907
2014.03.26     43500 39950 44600 39700 1188959
2014.03.27     43400 45450 46400 42500 3181899
2014.03.28     45800 44200 47200 44150 2133606
2014.03.31     44650 46450 46800 43500 1266677
2014.04.01     45950 44700 46300 44450 629559
2014.04.02     46300 46450 47200 45750 624766
2014.04.03     45450 46300 46900 45050 519347
2014.04.04     46500 45200 47050 44700 632558
2014.04.07     44800 46250 46450 44650 498157
2014.04.08     45600 44000 46100 43300 597012
2014.04.09     45200 45700 46000 44650 347906
2014.04.10     45100 45250 45600 44850 241621
2014.04.11     46200 44400 46600 44000 419427
2014.04.14     46600 46200 47500 46050 369864
2014.04.15     46500 46850 46950 46300 163386
2014.04.16     45550 46500 46700 45300 220470
2014.04.17     44950 46000 46350 44950 158105
2014.04.18     45400 45200 45900 45100 181791
2014.04.21     47100 45750 47300 45750 490613
2014.04.22     52000 47400 52400 47050 1467154
2014.04.23     50700 52400 55900 50500 1502820
2014.04.24     51300 51200 51500 49450 563556
2014.04.25     50400 50600 52500 49900 556126
2014.04.28     50300 50100 51600 49500 465832
2014.04.29     50000 51000 52200 49800 576327
2014.04.30     50400 50200 51000 49550 317092
2014.05.02     49000 51100 51600 48850 418971
2014.05.07     48000 49000 49450 47400 360061
2014.05.08     46900 47900 48200 46350 452913
2014.05.09     48100 46800 48750 46650 575976
2014.05.12     48400 48600 49150 47850 463895
2014.05.13     51200 49050 51300 48800 844730
2014.05.14     49850 51700 52000 49000 873304
2014.05.15     50100 49050 50900 48400 732738
2014.05.16     48000 50000 50200 48000 667261
2014.05.19     46600 47950 48500 45500 962133
2014.05.20     46900 46800 47450 45900 406465
2014.05.21     48800 46400 48900 46400 396321
2014.05.22     48650 49150 49400 48450 275086
2014.05.23     47700 48900 49150 47500 261398
2014.05.26     46800 47000 47350 46600 242024
2014.05.27     46450 46700 47450 45600 298899
2014.05.28     45000 46300 47050 44250 756278
2014.05.29     44200 45200 45250 43200 729609
2014.05.30     43200 44450 44800 42950 519710
2014.06.02     42800 43700 44350 42600 399866
2014.06.03     43300 42800 43750 42150 324713
2014.06.05     41350 42950 43500 40800 548895
2014.06.09     41850 41300 42450 41100 334591
2014.06.10     44400 42100 44450 42000 570443
2014.06.11     43900 44450 44800 43550 244933
2014.06.12     42350 43650 44650 42300 432447
2014.06.13     43700 42550 43900 42150 251844
2014.06.16     44250 43250 44250 42200 272162
2014.06.17     44500 44250 45250 43950 342696
2014.06.18     45700 44850 46150 44400 539689
2014.06.19     45300 45550 46350 44900 281546
2014.06.20     44800 45300 45700 44150 186936
2014.06.23     44200 44900 45700 43550 306040
2014.06.24     43400 44200 44450 42900 334707
2014.06.25     43000 43400 43650 41950 439216
2014.06.26     41750 42200 43000 41400 564276
2014.06.27     40650 41600 42000 40500 405795
2014.06.30     42550 40800 42550 40800 407502
2014.07.01     44550 42650 44750 42250 596979
2014.07.02     44700 44350 45300 43850 395705
2014.07.03     45050 44500 45100 44100 304471
2014.07.04     46800 45400 47650 45400 826657
2014.07.07     47900 47400 48000 46500 566786
2014.07.08     46950 47600 47650 46450 476899
2014.07.09     45650 46300 46350 43650 775379
2014.07.10     47000 46150 48200 46000 666812
2014.07.11     47300 46800 48500 46500 436418
2014.07.14     48700 47050 48700 46550 436769
2014.07.15     48150 48950 49450 48100 468338
2014.07.16     48150 48150 49150 47200 492974
2014.07.17     47000 48450 48450 46500 374994
2014.07.18     46300 46850 47250 45850 310672
2014.07.21     46400 46400 47150 46000 225645
2014.07.22     47150 45900 47750 45900 222198
2014.07.23     44900 47150 47300 44900 433350
2014.07.24     44850 44800 45750 43700 349739
2014.07.25     45500 44850 45500 43900 420841
2014.07.28     43950 45500 45650 43150 427746
2014.07.29     40750 43500 43950 40350 984982
2014.07.30     40900 40950 42150 39850 738140
2014.07.31     39000 40800 41600 36800 1746295
2014.08.01     40500 38600 41000 38250 785761
2014.08.04     44300 42450 44650 42100 1922255
2014.08.05     43350 45750 46100 42950 1178511
2014.08.06     42700 43750 44350 42200 647005
2014.08.07     46400 42950 46600 42750 1795160
2014.08.08     45400 47100 47600 45000 1056737
2014.08.11     46700 47450 47500 45750 1559613
2014.08.12     46800 46950 48000 45500 1020361
2014.08.13     47400 44500 47550 44350 2054428
2014.08.14     47050 47450 47850 46150 630770
2014.08.18     45500 47150 47150 44700 906142
2014.08.19     45100 45400 46100 44500 638019
2014.08.20     46800 45600 47300 45450 822838
2014.08.21     45750 47050 47300 45750 410315
2014.08.22     47450 46000 47600 45350 617184
2014.08.25     47750 48000 48400 46850 587820
2014.08.26     47600 47750 47800 46200 703803
2014.08.27     47350 47750 48000 46800 518469
2014.08.28     47200 47700 48150 46900 286984
2014.08.29     47350 47200 48400 46950 428535
2014.09.01     46900 47400 47800 46850 218789
2014.09.02     45900 46750 47150 45850 268528
2014.09.03     45950 46100 46500 45850 205089
2014.09.04     49000 46000 49750 46000 1096758
2014.09.05     49500 48750 49950 48150 678004
2014.09.11     48800 49500 50300 48750 349783
2014.09.12     49800 49100 50300 48800 575855
2014.09.15     46650 49700 49750 46500 661602
2014.09.16     47200 46200 47450 46200 276459
2014.09.17     46400 47350 47600 46300 282873
2014.09.18     47200 46600 47500 46400 293295
2014.09.19     48250 47200 48300 46650 385917
2014.09.22     47250 48300 48550 46750 277052
2014.09.23     43900 46750 46950 43500 1066717
2014.09.24     42800 44050 44050 42150 779605
2014.09.25     42300 43050 43600 42300 341166
2014.09.26     42150 41750 42950 41550 378269
2014.09.29     41100 42200 42600 40350 355252
2014.09.30     42700 40950 42900 40550 400957
2014.10.01     42300 42900 43500 41550 336584
2014.10.02     41950 42250 42700 41150 288334
2014.10.06     40800 42350 42500 40750 266891
2014.10.07     40450 40400 40900 39400 359023
2014.10.08     41650 40200 42150 39850 283951
2014.10.10     39000 41050 41650 39000 390827
2014.10.13     34600 38750 38750 34600 1035476
2014.10.14     36650 34200 36700 34200 518677
2014.10.15     35400 36500 37250 35350 366176
2014.10.16     35950 34800 36500 34450 346690
2014.10.17     36200 36200 36650 35600 306843
2014.10.20     37600 36900 37650 36500 270962
2014.10.21     37050 38050 38150 36850 192221
2014.10.22     34900 37400 37450 34500 854536
2014.10.23     36150 35800 36250 35500 456648
2014.10.24     35100 36150 36900 34650 422377
2014.10.27     34650 35650 35750 34250 298693
2014.10.28     35900 35100 35900 34950 255585
2014.10.29     35750 36450 36900 35600 332606
2014.10.30     34950 35900 36000 34650 251150
2014.10.31     33550 35300 35300 33300 558453
2014.11.03     33550 33800 34500 33300 301478
2014.11.04     32300 33600 34150 32050 377374
2014.11.05     33200 32000 33400 31650 218771
2014.11.06     33750 33250 33950 32550 265522
2014.11.07     34850 34150 34850 33800 213790
2014.11.10     34400 35050 35300 33800 305567
2014.11.11     36900 34400 37800 34400 933382
2014.11.12     36250 37550 37700 36000 524287
2014.11.13     34150 34000 34900 33500 1243468
2014.11.14     33250 34150 34250 33150 424260
2014.11.17     33950 33100 34050 32600 297579
2014.11.18     36200 34000 36600 33650 640635
2014.11.19     36200 36200 36350 35500 296080
2014.11.20     36200 36050 36900 35700 266484
2014.11.21     36350 36250 36600 35850 247648
2014.11.24     36200 36850 37350 35900 305075
2014.11.25     38200 36150 38200 36100 872762
2014.11.26     38500 38200 38500 37300 380577
2014.11.27     37300 38300 38750 37100 290343
2014.11.28     36650 37300 37850 36550 216396
2014.12.01     36800 36900 37550 36550 135681
2014.12.02     36700 36300 37050 36250 140809
2014.12.03     37100 36450 37350 36450 156110
2014.12.04     36500 37100 37550 36450 240634
2014.12.05     35900 36350 36850 34950 375967
2014.12.08     36100 36000 36550 35850 140927
2014.12.09     35000 36350 36500 34950 227500
2014.12.10     35200 35100 35800 34650 138633
2014.12.11     34950 34800 35600 34450 194664
2014.12.12     33700 34900 35150 33500 249708
2014.12.15     36200 33300 36550 32700 401050
2014.12.16     35250 36350 36850 34950 274905
2014.12.17     35700 35200 35800 34300 247547
2014.12.18     34450 36350 36350 34150 214947
2014.12.19     34400 34900 35100 34200 160100
2014.12.22     37150 35100 37150 35050 628591
2014.12.23     37150 37500 38000 36800 423010
2014.12.24     37050 37200 37700 36600 269551
2014.12.26     35400 37050 37300 35400 382485
2014.12.29     36700 35900 37000 35700 258263
2014.12.30     38200 36750 38350 36600 505282
2015.01.02     40750 38650 41000 38250 819319
2015.01.05     41300 41000 41900 40350 505269
2015.01.06     40000 41150 41200 39700 407564
2015.01.07     39500 40050 40650 38750 388040
2015.01.08     41650 39600 41700 39200 621401
2015.01.09     41800 41500 42200 40900 450800
2015.01.12     41250 42400 42750 41250 389471
2015.01.13     41100 41150 42150 41000 205357
2015.01.14     41150 41500 42250 41100 298072
2015.01.15     41500 41500 42200 41400 315653
2015.01.16     40450 41650 41750 40450 232315
2015.01.19     41550 40900 42300 40850 370695
2015.01.20     40900 41900 41900 40300 261024
2015.01.21     41850 41200 42000 40750 321084
2015.01.22     39900 41900 41950 38850 505855
2015.01.23     39250 40300 40300 38550 478213
2015.01.26     38200 38950 39150 37900 426853
2015.01.27     38200 38400 38550 37550 325702
2015.01.28     38100 37900 38650 37750 344477
2015.01.29     38250 38000 39050 37600 336124
2015.01.30     38100 38550 38750 37050 360247
2015.02.02     38000 38200 38300 37650 106601
2015.02.03     39100 38000 39100 38000 289223
2015.02.04     38750 39000 39250 38600 178309
2015.02.05     42200 38800 42500 38800 1069509
2015.02.06     44600 42650 45000 42100 1887566
2015.02.09     45000 44500 45050 43700 940550
2015.02.10     43950 45000 45000 43350 481434
2015.02.11     45850 44000 46000 43750 601712
2015.02.12     45950 46000 46500 45000 373688
2015.02.13     45450 45650 45900 44950 218134
2015.02.16     45050 45650 46500 44600 297057
2015.02.17     45800 46300 47800 45200 704157
2015.02.23     47300 46200 47350 45350 388385
2015.02.24     47000 47200 48000 46600 358696
2015.02.25     46350 47400 47450 46150 264588
2015.02.26     46550 46200 47400 46200 271962
2015.02.27     48900 46800 49700 46750 798710
2015.03.02     48800 49150 50400 48250 483480
2015.03.03     47550 49400 49400 47500 353930
2015.03.04     47050 47550 47950 46200 427376
2015.03.05     47500 47050 47700 46750 233006
2015.03.06     47150 47500 47650 46400 250063
2015.03.09     47300 47000 47600 46400 184833
2015.03.10     44900 47800 47850 44650 360970
2015.03.11     44100 44400 45450 43550 274473
2015.03.12     44300 44150 45100 43600 153041
2015.03.13     49200 44700 50900 44700 1864437
2015.03.16     50900 49950 52900 49900 1348092
2015.03.17     50500 51600 51800 49850 538780
2015.03.18     50800 50800 51700 50100 396866
2015.03.19     52400 51600 53300 50400 908239
2015.03.20     53700 52300 54500 51800 682313
2015.03.23     53800 54200 55000 52600 389154
2015.03.24     54700 54300 55800 53100 467995
2015.03.25     55800 55900 56500 54700 572976
2015.03.26     54500 55400 56000 53100 459898
2015.03.27     53300 54400 55100 53200 326152
2015.03.30     55400 53200 55500 53100 303638
2015.03.31     54500 55700 56900 53700 309716
2015.04.01     53300 54800 55200 53200 237089
2015.04.02     58500 53700 59300 53600 1070196
2015.04.03     58300 58400 59000 56900 347927
2015.04.06     58500 59000 59600 57800 303710
2015.04.07     58000 58500 58800 56600 384789
2015.04.08     58500 58000 58600 56300 341925
2015.04.09     57600 58300 59100 57400 230560
2015.04.10     59200 58300 60300 57300 473352
2015.04.13     59600 59500 60500 58300 261947
2015.04.14     57800 60300 61800 56200 585088
2015.04.15     56700 58700 58800 56400 435713
2015.04.16     59900 57400 59900 57100 469504
2015.04.17     60800 60200 61200 59300 563295
2015.04.20     59800 59800 60300 59200 286343
2015.04.21     59500 60500 60800 58900 293356
2015.04.22     58600 60100 61600 56000 435413
2015.04.23     56200 59000 59300 55100 734277
2015.04.24     56600 56200 57300 54300 421057
2015.04.27     57600 56100 59700 56100 542381
2015.04.28     58200 58400 58900 57700 236116
2015.04.29     58800 59100 60800 58200 421911
2015.04.30     58800 59200 59300 57400 246451
2015.05.04     58500 60200 60500 57700 218143
2015.05.06     59200 57900 59200 57500 245620
2015.05.07     56500 59200 59700 55800 420640
2015.05.08     57900 56200 59300 56000 334023
2015.05.11     64900 59100 65900 58900 1459946
2015.05.12     62600 64400 69700 62500 1864580
2015.05.13     67500 62100 67500 62100 821552
2015.05.14     68500 67700 69000 66400 460060
2015.05.15     67300 69100 69500 67100 287553
2015.05.18     66300 68000 68000 65200 496965
2015.05.19     65800 66800 68100 65400 369861
2015.05.20     66300 64900 67000 64100 426206
2015.05.21     68100 66300 69400 65700 599379
2015.05.22     65000 68600 68700 63800 583910
2015.05.26     66900 65200 67400 63500 304768
2015.05.27     64300 66100 66500 64000 305939
2015.05.28     68400 65200 68900 65000 482567
2015.05.29     66100 67800 68900 66000 247489
2015.06.01     67800 66000 68300 64900 231506
2015.06.02     66300 67600 68200 64800 339374
2015.06.03     66200 65900 67000 64400 257423
2015.06.04     68000 66300 68800 66200 381126
2015.06.05     71000 68200 71500 67700 811232
2015.06.08     72000 71100 72600 70000 418790
2015.06.09     72800 72300 73400 71100 328272
2015.06.10     72600 72600 73000 70200 353409
2015.06.11     70500 71600 72600 70200 352291
2015.06.12     69800 70500 72000 68200 294006
2015.06.15     70000 68400 71400 68400 241202
2015.06.16     73500 70000 74500 69300 570373
2015.06.17     74900 74000 75500 72500 327301
2015.06.18     74500 75000 75300 73700 263649
2015.06.19     73800 75600 76000 72200 453781
2015.06.22     73100 74500 75200 72400 220520
2015.06.23     73400 73500 73900 71400 300249
2015.06.24     73700 73400 74500 72400 245591
2015.06.25     77300 74000 77700 73300 402509
2015.06.26     78200 77400 78900 76600 274520
2015.06.29     79400 76800 79700 75700 303447
2015.06.30     78300 79500 79500 77000 287327
2015.07.01     77800 78700 80200 76500 417858
2015.07.02     77500 76800 78400 76600 315864
2015.07.03     75500 78100 78100 75500 259173
2015.07.06     73400 74200 76700 72700 324324
2015.07.07     70900 74200 74400 67700 754280
2015.07.08     70600 70900 72400 69700 334912
2015.07.09     74000 69700 74900 66900 511220
2015.07.10     73100 74900 75400 72200 290670
2015.07.13     72600 73400 73900 72000 234251
2015.07.14     72500 72700 74300 72500 225711
2015.07.15     71100 72500 74300 70900 389666
2015.07.16     75500 71700 77000 71600 543876
2015.07.17     79400 75800 80500 75700 786863
2015.07.20     83100 79900 84000 78200 530440
2015.07.21     81500 83100 83700 80800 239790
2015.07.22     80800 81200 85200 80300 352049
2015.07.23     79900 80200 81700 78800 292076
2015.07.24     81100 80800 83200 79500 216740
2015.07.27     79100 81100 84700 79000 330968
2015.07.28     77100 77500 78900 72100 732479
2015.07.29     76200 76800 78800 76200 290007
2015.07.30     72000 77000 77900 71700 310693
2015.07.31     74000 71800 74700 71600 292254
2015.08.03     74000 74000 75000 72100 187146
2015.08.04     75100 73700 76000 73700 190632
2015.08.05     75000 75800 76700 74100 210364
2015.08.06     78700 75700 79200 75600 391832
2015.08.07     79400 78300 80200 78100 302531
2015.08.10     80800 81200 82000 78900 372979
2015.08.11     81500 82300 84500 79500 571047
2015.08.12     85000 87500 88500 82600 965645
2015.08.13     89300 84600 89300 82900 718652
2015.08.17     89300 88600 91500 88100 350048
2015.08.18     82900 90000 90400 81900 565959
2015.08.19     80000 81100 82700 75000 832432
2015.08.20     74600 78100 81200 74600 646236
2015.08.21     75400 71200 77800 70000 749247
2015.08.24     74800 76100 77900 72900 465782
2015.08.25     78500 75600 78500 73300 439076
2015.08.26     85200 78000 85200 77700 760841
2015.08.27     84300 85700 85700 83000 355964
2015.08.28     84000 85600 86600 82900 339276
2015.08.31     82600 84300 84400 81300 239218
2015.09.01     79400 82200 84200 79400 411218
2015.09.02     82000 78300 83000 78000 363416
2015.09.03     82900 83200 85000 82200 378622
2015.09.04     78500 83800 84900 78500 369531
2015.09.07     82900 79400 83300 79000 385090
2015.09.08     87400 83700 88000 82900 696054
2015.09.09     86400 88300 91400 84600 659509
2015.09.10     92200 86500 93000 85300 549139
2015.09.11     95000 91500 95000 90300 658684
2015.09.14     88800 93600 94400 88100 544120
2015.09.15     89100 89500 91000 86800 308707
2015.09.16     88000 90600 90600 87900 299301
2015.09.17     88600 88900 91100 88200 294375
2015.09.18     90000 89600 91700 88300 326304
2015.09.21     89900 89100 91000 88800 150459
2015.09.22     91100 91400 92100 90300 160800
2015.09.23     91200 90100 92700 90100 262436
2015.09.24     93200 91200 93900 90900 276674
2015.09.25     90100 93600 93700 89500 269039
2015.09.30     91300 89000 91500 88000 202985
2015.10.01     90800 92400 92700 90400 212065
2015.10.02     90000 91400 91400 88900 227776
2015.10.05     89800 90500 90900 89300 225508
2015.10.06     91000 90500 92000 89800 235060
2015.10.07     85300 91000 91200 84100 613930
2015.10.08     83600 86100 86900 83200 330206
2015.10.12     86900 85000 87300 84500 331263
2015.10.13     85700 86900 87800 85000 253658
2015.10.14     81300 85900 86300 81100 373592
2015.10.15     82000 81400 82200 80400 400924
2015.10.16     83500 82200 84700 82200 288008
2015.10.19     82600 83300 84300 81300 229066
2015.10.20     85200 82100 85200 81400 233858
2015.10.21     83800 85100 85800 83800 173120
2015.10.22     81500 83300 83600 80900 243398
2015.10.23     82700 81500 82900 81100 258219
2015.10.26     87500 84000 87500 83500 434788
2015.10.27     87100 87500 89000 87000 234443
2015.10.28     86000 87400 87800 84700 230551
2015.10.29     85000 86500 87500 84900 212834
2015.10.30     83600 85000 85800 82700 257281
2015.11.02     85400 84900 87900 84200 293490
2015.11.03     83900 85400 86500 83100 232139
2015.11.04     84000 84000 84700 83200 169689
2015.11.05     85300 83600 85600 83600 139355
2015.11.06     84000 85400 86100 83900 148887
2015.11.09     83400 85300 86900 82500 260942
2015.11.10     81200 83300 84700 79200 393717
2015.11.11     79400 81600 82700 79400 437655
2015.11.12     74600 79500 79800 74200 784723
2015.11.13     75900 75500 77400 73600 561041
2015.11.16     76000 74200 77500 74100 345645
2015.11.17     77200 77500 78100 76500 299106
2015.11.18     80800 77400 81200 76500 426928
2015.11.19     80700 82200 82500 79600 244771
2015.11.20     79000 80100 80200 78800 171584
2015.11.23     80000 79000 80700 78500 221753
2015.11.24     80700 80400 81600 79400 248635
2015.11.25     80800 80900 81500 79600 175620
2015.11.26     82000 80800 82900 80500 288557
2015.11.27     83000 82700 83000 82000 183454
2015.11.30     84400 83200 84400 82100 1777370
2015.12.01     84800 84200 85000 83300 276020
2015.12.02     84300 84800 86800 83800 283377
2015.12.03     82800 84500 85400 81700 260095
2015.12.04     83400 81800 83700 81100 147098
2015.12.07     86000 84300 86700 84300 376084
2015.12.08     83700 86600 87300 83500 239825
2015.12.09     87300 84700 87500 83700 350504
2015.12.10     87400 87400 87500 85700 207443
2015.12.11     84500 87800 87800 83800 281540
2015.12.14     82600 83300 83500 80900 244267
2015.12.15     82500 82700 83400 80700 252575
2015.12.16     82600 83000 83300 81300 204969
2015.12.17     82000 82700 83700 81100 278566
2015.12.18     83700 81100 83700 81000 178663
2015.12.21     83700 83700 83800 82700 129682
2015.12.22     83200 83700 83800 82100 155630
2015.12.23     80100 83200 83200 80100 334300
2015.12.24     78700 80700 81300 78100 333418
2015.12.28     75600 78300 78700 75600 383930
2015.12.29     79600 76000 80200 76000 314536
2015.12.30     80600 79700 81800 79700 170091
2016.01.04     79500 82300 82800 79500 208983
2016.01.05     80800 78100 81100 78100 176716
2016.01.06     82600 81200 82600 79900 290644
2016.01.07     83200 82600 84300 81900 261649
2016.01.08     80800 82000 82100 80000 268749
2016.01.11     80000 80400 81400 79900 132826
2016.01.12     81300 80000 81900 80000 117895
2016.01.13     86500 81800 86500 81700 555898
2016.01.14     86900 85600 87000 84800 277480
2016.01.15     86200 87000 87300 84900 184309
2016.01.18     85600 84900 86400 83000 187863
2016.01.19     86400 86600 88500 85600 253880
2016.01.20     86400 86800 87600 85200 229830
2016.01.21     84900 86200 87000 84300 163445
2016.01.22     85600 86200 86300 84200 147206
2016.01.25     90500 87400 90900 86700 462347
2016.01.26     90400 90300 91000 89400 207559
2016.01.27     91800 91000 93600 90400 358016
2016.01.28     93500 91600 93500 90800 180054
2016.01.29     92100 94000 94300 90600 201697
2016.02.01     93000 92100 93000 91300 145515
2016.02.02     91600 93000 93500 91200 126133
2016.02.03     89400 90800 91400 89300 249688
2016.02.04     91600 90600 94000 90400 391971
2016.02.05     85000 85100 87400 84000 1101791
2016.02.11     78000 82200 83000 77100 688056
2016.02.12     77100 76500 79100 73000 568600
2016.02.15     76200 77800 78000 76000 314245
2016.02.16     77100 77200 78600 76700 234669
2016.02.17     72200 77400 78500 72000 523468
2016.02.18     74600 73400 75200 72100 418681
2016.02.19     78700 74700 78900 73100 490945
2016.02.22     77400 78100 79300 76400 234837
2016.02.23     73500 77300 77300 72200 956065
2016.02.24     72600 73200 74600 72600 310485
2016.02.25     71500 72600 73700 71400 365513
2016.02.26     71700 71800 73300 71400 248879
2016.02.29     74500 72500 74500 72300 354487
2016.03.02     74100 75500 76200 73000 427345
2016.03.03     73700 74100 74400 72500 268379
2016.03.04     73300 74300 75300 72900 354114
2016.03.07     73400 73500 74400 73300 186640
2016.03.08     74500 74000 74700 73600 241396
2016.03.09     77700 74700 77900 74100 457716
2016.03.10     77000 78000 78200 75800 405056
2016.03.11     75400 76600 76600 75200 218329
2016.03.14     76500 75800 77300 75800 214556
2016.03.15     75400 76600 77400 75200 138998
2016.03.16     74700 75100 75700 74100 165658
2016.03.17     74200 74700 75700 74000 191350
2016.03.18     74500 74600 75100 73400 248565
2016.03.21     71200 74600 74700 71200 600359
2016.03.22     71200 71000 72300 70700 337763
2016.03.23     70700 71800 72400 70700 305602
2016.03.24     68300 70600 71200 67400 630817
2016.03.25     70400 68500 70400 67400 388180
2016.03.28     67800 69300 70400 67400 370238
2016.03.29     67900 67600 68500 67200 285859
2016.03.30     65600 68000 68300 64900 714973
2016.03.31     63800 65100 66700 63200 628221
2016.04.01     64800 63800 65700 63500 379295
2016.04.04     65400 64600 65500 63800 209292
2016.04.05     64300 65400 65400 64100 188455
2016.04.06     65500 64300 66300 64100 327094
2016.04.07     66000 65900 66200 64700 181133
2016.04.08     65600 65800 66600 65500 203408
2016.04.11     65800 65700 66200 65300 151815
2016.04.12     63900 65400 66000 63900 393142
2016.04.14     61500 63900 64200 61500 529420
2016.04.15     65900 62200 65900 61900 609111
2016.04.18     68000 66100 68800 65200 634965
2016.04.19     68100 68500 69300 67100 297377
2016.04.20     67200 68500 68500 67000 176388
2016.04.21     67700 68000 68800 67400 175992
2016.04.22     67700 68200 68200 66400 157269
2016.04.25     67500 67800 68200 67000 107551
2016.04.26     67600 67900 68800 67000 167446
2016.04.27     67800 67900 68300 66900 144557
2016.04.28     66500 68000 68400 66500 207281
2016.04.29     67300 66700 67300 65200 160513
2016.05.02     67300 67500 67800 66800 136388
2016.05.03     70900 67500 71000 67500 693284
2016.05.04     70900 70600 71600 70300 377567
2016.05.09     72900 71400 73400 71100 529619
2016.05.10     73100 73300 73900 71600 343402
2016.05.11     76600 75300 77500 74500 938230
2016.05.12     76800 76700 77100 75700 218441
2016.05.13     75200 76800 76800 74500 247640
2016.05.16     75200 74800 76200 74500 155083
2016.05.17     76100 75000 76100 74500 166820
2016.05.18     74700 75900 75900 74500 145207
2016.05.19     72000 74100 74600 71300 296818
2016.05.20     73300 71600 73900 71600 170634
2016.05.23     74000 73300 74900 73200 128856
2016.05.24     73400 73400 74800 73400 159615
2016.05.25     76000 74400 76300 74400 310564
2016.05.26     74200 75800 76200 74200 141364
2016.05.27     73900 74500 74900 73600 122124
2016.05.30     75800 73900 76000 73700 181256
2016.05.31     75300 76400 76600 75100 224119
2016.06.01     77200 76000 77600 75200 277520
2016.06.02     75600 77100 77300 75600 163383
2016.06.03     78300 76200 78400 75900 392507
2016.06.07     78400 77700 79500 77200 231767
2016.06.08     76700 78000 78600 75800 270595
2016.06.09     77400 77100 78000 76500 217518
2016.06.10     76900 77600 77900 76000 116747
2016.06.13     73900 76000 76100 73800 198668
2016.06.14     72300 73100 73500 71600 200397
2016.06.15     71900 71400 73000 71200 111143
2016.06.16     72000 71900 72500 70800 147013
2016.06.17     70700 72400 72400 70700 119166
2016.06.20     71700 71000 72400 71000 81659
2016.06.21     72200 71700 72900 71600 83417
2016.06.22     72100 72200 72200 71300 102880
2016.06.23     69500 71400 71800 69200 255696
2016.06.24     66200 70900 70900 64500 478390
2016.06.27     66500 63200 68300 63100 307903
2016.06.28     67600 66500 68200 65500 235817
2016.06.29     69200 68300 69900 67700 159524
2016.06.30     69300 70000 70700 68700 159237
2016.07.01     69800 69300 70300 69200 99135
2016.07.04     69300 69900 70000 68500 170097
2016.07.05     70000 69300 70300 68300 172211
2016.07.06     68800 69800 70000 67800 218407
2016.07.07     69800 68900 70600 68800 216615
2016.07.08     70100 70300 72400 70000 285892
2016.07.11     72100 70600 72500 69100 235984
2016.07.12     73800 73600 75400 72800 406700
2016.07.13     73200 75000 75200 73200 217746
2016.07.14     73300 73800 74300 73200 116403
2016.07.15     73600 74000 74200 73200 134451
2016.07.18     74900 73800 75100 72800 195910
2016.07.19     74900 74900 75300 74000 118667
2016.07.20     74300 74900 76600 74000 210310
2016.07.21     72800 74100 74500 72800 192261
2016.07.22     72600 73200 73600 72000 131256
2016.07.25     71800 72500 73200 71500 157524
2016.07.26     70100 71800 72100 69700 325100
2016.07.27     71400 70600 72000 70000 205892
2016.07.28     70300 71400 72300 70100 163270
2016.07.29     71100 70300 71700 70300 119187
2016.08.01     70100 71300 71400 69800 133686
2016.08.02     65300 70200 70500 64200 968905
2016.08.03     63800 64900 65000 63200 470888
2016.08.04     66000 64500 67600 63900 469877
2016.08.05     61000 65000 65300 60200 1333910
2016.08.08     64100 61600 64200 60900 612484
2016.08.09     63800 64500 66900 63500 429724
2016.08.10     68700 65100 68900 64900 1010565
2016.08.11     69100 69100 69400 67400 241165
2016.08.12     68600 69300 69300 68000 174099
2016.08.16     67700 68900 68900 66900 161988
2016.08.17     67700 67000 67900 65600 252762
2016.08.18     66800 67700 68500 66400 118261
2016.08.19     65200 67200 67200 65200 187435
2016.08.22     65400 65400 66900 65200 128200
2016.08.23     65800 65100 66900 65100 97587
2016.08.24     66200 65800 66600 64500 127721
2016.08.25     66000 66200 66500 65300 85593
2016.08.26     65400 66100 66200 65200 92408
2016.08.29     66500 65800 68500 65700 386315
2016.08.30     68200 67100 68300 66700 211409
2016.08.31     69500 68200 69500 67500 198270
2016.09.01     69000 69200 69400 68000 177005
2016.09.02     69700 69200 70900 69100 238357
2016.09.05     69900 69700 70300 69200 124219
2016.09.06     68400 70000 70300 68200 114719
2016.09.07     68000 67700 68500 67500 127305
2016.09.08     69500 68000 69600 67000 202491
2016.09.09     67500 68700 69300 67200 115541
2016.09.12     65700 66400 67400 65600 122267
2016.09.13     66200 66800 67400 66000 84478
2016.09.19     65700 65800 66400 65500 94286
2016.09.20     65500 65800 66300 64700 138901
2016.09.21     68700 65300 68700 65300 277257
2016.09.22     69900 69300 69900 68500 244925
2016.09.23     72000 69900 72400 69800 399474
2016.09.26     74600 72300 75200 71900 647460
2016.09.27     75000 74600 75300 73800 299207
2016.09.28     75000 75200 76300 74500 298800
2016.09.29     75200 75200 75500 74500 178337
2016.09.30     76000 74600 76100 74300 268585
2016.10.04     76000 75900 76700 75800 163181
2016.10.05     76000 75400 76100 74900 167562
2016.10.06     75400 76200 76300 74800 143370
2016.10.07     76200 75400 76200 75000 121553
2016.10.10     75500 75300 75800 74700 157499
2016.10.11     75200 75100 75700 74900 168736
2016.10.12     74100 75200 75200 72600 193195
2016.10.13     74800 73600 75200 73100 152764
2016.10.14     72400 74800 74800 71200 510129
2016.10.17     70400 71000 71600 70200 210788
2016.10.18     70600 71000 72200 70400 188760
2016.10.19     70300 70700 71300 70100 140766
2016.10.20     72900 70100 73000 70100 223143
2016.10.21     71200 72400 72900 70900 125238
2016.10.24     71700 71200 72400 71200 109704
2016.10.25     69900 70900 71500 69500 309757
2016.10.26     69800 69100 70700 69100 215862
2016.10.27     71200 70300 72100 70100 190654
2016.10.28     70000 70700 71700 69900 117016
2016.10.31     69900 70500 71100 69800 171413
2016.11.01     72500 69200 72500 69100 185948
2016.11.02     66900 71500 72100 65500 609166
2016.11.03     67000 66100 67900 65000 307389
2016.11.04     63500 67500 67700 62400 640086
2016.11.07     66200 63300 66600 63300 261871
2016.11.08     66700 67000 67500 65600 180541
2016.11.09     67500 66700 67900 63700 350748
2016.11.10     64700 65500 66800 64300 534611
2016.11.11     60300 64300 64300 60200 798593
2016.11.14     61600 60800 62300 60700 235968
2016.11.15     62400 62000 63100 61800 165034
2016.11.16     64800 63300 64800 62800 219155
2016.11.17     65700 65200 66300 64100 226067
2016.11.18     65000 65800 65900 63900 165946
2016.11.21     60600 60700 62200 60500 776052
2016.11.22     59500 61400 61400 58000 602942
2016.11.23     59500 60200 60400 59100 185031
2016.11.24     56500 59100 59500 56300 429389
2016.11.25     58300 56500 58900 56500 259896
2016.11.28     56500 58400 58400 56300 205873
2016.11.29     58300 56100 58600 55600 463547
2016.11.30     56400 58000 58000 56100 291924
2016.12.01     55400 56600 56800 54400 444678
2016.12.02     54400 55000 55100 53400 236699
2016.12.05     53800 55100 56000 53800 293721
2016.12.06     54900 54400 55300 54200 237982
2016.12.07     57700 56100 57900 55400 488136
2016.12.08     57600 58300 58900 56900 273505
2016.12.09     60600 58100 60800 57800 444955
2016.12.12     62000 62100 63200 61300 447409
2016.12.13     62700 62200 63000 60900 267296
2016.12.14     64200 64400 64600 62700 428621
2016.12.15     66400 64200 66600 63200 412334
2016.12.16     69100 66600 69900 66600 572006
2016.12.19     69300 69800 70500 68000 381468
2016.12.20     67500 69500 69500 67000 312544
2016.12.21     67100 68200 69300 67100 200010
2016.12.22     68700 68200 69400 67300 285731
2016.12.23     67900 68500 68600 67100 240323
2016.12.26     68200 68900 69700 67700 162688
2016.12.27     67600 67800 68800 67400 186300
2016.12.28     70400 67700 70800 67600 417057
2016.12.29     70900 69900 70900 69700 156579
2017.01.02     71700 71400 73700 70900 391384
2017.01.03     72700 71900 73600 71700 329580
2017.01.04     74100 73000 74500 72100 338011
2017.01.05     73900 74500 75200 73600 296138
2017.01.06     72900 74300 74600 71700 305959
2017.01.09     73100 73300 74700 72900 200824
2017.01.10     75000 73500 75300 73400 428521
2017.01.11     75100 75400 75500 74500 196366
2017.01.12     74200 75300 75500 74100 228761
2017.01.13     77000 74400 77400 74400 535448
2017.01.16     77800 77100 78200 75700 296811
2017.01.17     75500 77800 78400 73700 542956
2017.01.18     78700 76100 79300 76100 628065
2017.01.19     87200 83900 87200 82700 1727714
2017.01.20     88700 87700 89200 86800 787059
2017.01.23     88200 88000 89700 87600 513601
2017.01.24     86800 88000 88600 86200 404255
2017.01.25     86900 87500 88100 84300 524370
2017.01.26     88300 86900 89800 85400 500271
2017.01.31     87500 87600 88900 87500 179393
2017.02.01     87500 88100 89600 87100 291303
2017.02.02     85500 87900 88100 85100 350254
2017.02.03     87400 85200 87500 84100 263977
2017.02.06     87400 87800 88700 86100 205178
2017.02.07     82900 86900 87700 82800 460818
2017.02.08     82000 82900 83500 79200 760030
2017.02.09     79700 81900 82300 77100 1198287
2017.02.10     78600 79000 81200 77700 431157
2017.02.13     78400 79000 80700 78400 283422
2017.02.14     77600 78900 79400 76900 309377
2017.02.15     78000 78100 78600 76100 359294
2017.02.16     77900 77600 78400 76600 256488
2017.02.17     78900 78300 80500 78200 521924
2017.02.20     79500 79000 80600 78700 308703
2017.02.21     80500 79900 81400 79400 271772
2017.02.22     79800 81200 81200 79800 206642
2017.02.23     80100 79900 80700 79400 234334
2017.02.24     82000 80500 82000 80300 372824
2017.02.27     75800 81900 81900 75800 723999
2017.02.28     78100 76500 78400 76200 369111
2017.03.02     75100 78100 78100 73600 635258
2017.03.03     77200 74100 77600 73200 424937
2017.03.06     74200 76600 76600 74200 361286
2017.03.07     74800 73400 74900 71600 351530
2017.03.08     76700 75000 77500 74800 289510
2017.03.09     76000 77400 77500 75900 273524
2017.03.10     79200 76600 79900 75800 464601
2017.03.13     79600 79300 81100 79000 378498
2017.03.14     77700 80200 80400 77400 287359
2017.03.15     76500 77700 78600 75600 311829
2017.03.16     78100 76900 78400 75300 280605
2017.03.17     78400 78100 79500 77900 215643
2017.03.20     78600 78500 79300 75700 390439
2017.03.21     80800 79500 82100 79000 753448
2017.03.22     83800 81200 83800 81100 563587
2017.03.23     86900 84100 86900 83900 631637
2017.03.24     84700 87000 87200 83900 404674
2017.03.27     85100 85000 88200 84300 441774
2017.03.28     86400 86000 87100 84200 357648
2017.03.29     84500 87300 87400 84500 400174
2017.03.30     84400 85000 85300 82800 239515
2017.03.31     85000 84400 85200 83600 187598
2017.04.03     86200 85000 86600 84400 235504
2017.04.04     85400 86000 86200 84900 173881
2017.04.05     84200 85500 86400 84000 262034
2017.04.06     85600 84000 85800 83900 173626
2017.04.07     88300 86000 88800 85500 548261
2017.04.10     86000 87800 88000 86000 343732
2017.04.11     86600 86500 87400 86000 255456
2017.04.12     86000 88200 88500 85200 415557
2017.04.13     84000 85200 85800 84000 669691
2017.04.14     83400 84100 85300 82200 396419
2017.04.17     83500 84200 84900 83200 272071
2017.04.18     84600 83700 85500 83500 268900
2017.04.19     84100 84500 84900 83700 215454
2017.04.20     83300 84200 84500 83000 237360
2017.04.21     86000 83500 86100 81300 574060
2017.04.24     85100 87600 87700 85100 390484
2017.04.25     85500 85100 85600 83000 429895
2017.04.26     83100 85400 85500 83100 428561
2017.04.27     82300 83100 83800 81500 355260
2017.04.28     80500 82300 84000 80200 357867
2017.05.02     82100 80000 82100 78700 535631
2017.05.04     83900 82100 84000 81200 343643
2017.05.08     84800 84300 84900 83300 323075
2017.05.10     84600 84600 85200 83200 459374
2017.05.11     83500 84400 84400 82600 686163
2017.05.12     82800 84200 84400 82300 649412
2017.05.15     83100 82600 84300 82300 356649
2017.05.16     81000 83400 83700 81000 358925
2017.05.17     81100 81000 82400 80700 366894
2017.05.18     80700 80400 81800 80400 257292
2017.05.19     80000 81200 81200 80000 202800
2017.05.22     78000 80200 80400 77700 576744
2017.05.23     79100 78300 79200 77700 186947
2017.05.24     78800 79400 80000 78500 153547
2017.05.25     78300 79000 79300 78000 223560
2017.05.26     78000 78000 79300 78000 257678
2017.05.29     76700 78400 78400 76400 328319
2017.05.30     78700 77300 78700 77300 302620
2017.05.31     78600 79200 80000 78600 306266
2017.06.01     78300 79100 79500 77900 144840
2017.06.02     78700 78600 79300 78000 193286
2017.06.05     79400 79400 79900 78900 180337
2017.06.07     78900 79900 79900 78800 169795
2017.06.08     81000 79300 82300 79300 706315
2017.06.09     80300 81600 82100 80100 284487
2017.06.12     78900 80300 80400 78700 231085
2017.06.13     78700 78900 79600 78200 223948
2017.06.14     76600 79000 79100 76500 499547
2017.06.15     76900 76600 77700 76300 168149
2017.06.16     76000 77200 77400 76000 244502
2017.06.19     75700 75500 76100 75100 175462
2017.06.20     76500 76700 77300 76200 222145
2017.06.21     76300 76500 76900 75300 161130
2017.06.22     76100 76300 77200 75300 177661
2017.06.23     78000 76100 78300 75600 267084
2017.06.26     78000 78300 78400 77100 122407
2017.06.27     77900 78800 78800 77800 120936
2017.06.28     76600 77700 77900 76600 104698
2017.06.29     77100 77200 77600 76200 119712
2017.06.30     75800 76800 76900 75600 164496
2017.07.03     76700 75700 77500 75700 136317
2017.07.04     76800 77100 77400 76100 89723
2017.07.05     76400 76900 77200 75900 107966
2017.07.06     77300 76400 77300 76100 138114
2017.07.07     77900 77500 78000 76600 187562
2017.07.10     76000 77900 77900 75800 179576
2017.07.11     73600 76000 76500 73200 339525
2017.07.12     74200 73500 74600 73400 153748
2017.07.13     72000 74500 74700 72000 248466
2017.07.14     71400 72200 72600 70700 272800
2017.07.17     73000 70700 73200 70700 181215
2017.07.18     76300 73000 76400 73000 279262
2017.07.19     77100 76400 78000 76000 189395
2017.07.20     77700 76500 77800 76500 135221
2017.07.21     77400 77800 77900 77000 216203
2017.07.24     78400 78000 78400 76800 199169
2017.07.25     78400 78500 79300 78400 186504
2017.07.26     75300 78800 78900 74500 451068
2017.07.27     77000 75100 77100 75100 181309
2017.07.28     74900 77100 77100 74700 186336
2017.07.31     74700 74800 75400 73200 160228
2017.08.01     73200 74400 75000 73200 244577
2017.08.02     73700 72800 73700 72400 112266
2017.08.03     72500 72800 73700 71800 149647
2017.08.04     72600 72500 73400 72400 64183
2017.08.07     71600 72900 72900 71500 137215
2017.08.08     71700 71600 72000 71200 74665
2017.08.09     71000 71900 72200 70700 204162
2017.08.10     71400 72500 73200 71300 211171
2017.08.11     69100 70100 71100 68100 294893
2017.08.14     68300 69400 69700 67900 174970
2017.08.16   69200 68800 70200 68600 136092
2017.08.17  69200 69500 70300 69100 116530
2017.08.18  71600 69000 71700 68300 149035
2017.08.21  70800 71600 71900 70600 128587
2017.08.22  71200 71300 71800 70500 90064
2017.08.23  70000 71300 71500 70000 114022
2017.08.24  73700 71100 74000 71100 406379
2017.08.25  73900 73400 74500 73200 258859
2017.08.28  75200 74200 75300 73700 253803
2017.08.29  75700 74800 75800 74400 227857
2017.08.30  75800 75200 75800 74200 170505
