2011.06.14            20900 18200 20900 18200 1314950
2011.06.15            20000 21150 22450 18450 3339762
2011.06.16            23000 20800 23000 20750 1619153
2011.06.17            23500 24450 26200 22100 2521340
2011.06.20            21500 24000 24300 21500 809103
2011.06.21            20650 21500 22200 20050 623412
2011.06.22            19650 20700 21400 19550 471934
2011.06.23            19950 19350 20700 18450 701594
2011.06.24            19400 19700 20100 19050 238727
2011.06.27            18050 19150 19400 17950 265960
2011.06.28            16750 18200 18300 16150 595755
2011.06.29            16450 16800 17150 16300 377683
2011.06.30            16800 16550 17150 16150 361130
2011.07.01            17600 17200 18800 16800 932178
2011.07.04            18450 17850 19200 17650 702612
2011.07.05            18000 18350 18450 17450 309386
2011.07.06            18200 17800 18950 17700 281583
2011.07.07            18950 18300 19050 18150 281056
2011.07.08            17700 19000 19050 17500 313505
2011.07.11            17550 17650 17650 17000 161764
2011.07.12            17800 17050 18350 17000 204479
2011.07.13            18550 17800 19200 17600 337089
2011.07.14            19400 18450 19450 17650 272976
2011.07.15            19500 19700 20400 18950 292653
2011.07.18            19750 19500 20150 19500 160422
2011.07.19            20250 19800 20600 19500 317581
2011.07.20            20250 20450 20500 20000 158292
2011.07.21            20200 20500 20550 19700 158481
2011.07.22            19050 20250 20450 19050 122292
2011.07.25            19150 19100 19350 18500 163110
2011.07.26            18700 19150 19200 18350 197131
2011.07.27            21450 18950 21500 18900 370898
2011.07.28            21500 21000 21700 20600 231685
2011.07.29            20950 21500 21550 20600 148629
2011.08.01            21850 21700 22550 21050 303915
2011.08.02            21300 21500 21800 20250 153883
2011.08.03            20450 20800 21000 19950 212588
2011.08.04            19450 20700 20700 18900 173325
2011.08.05            17350 17550 18250 16550 252536
2011.08.08            14750 16600 17000 14750 385819
2011.08.09            14300 13050 14750 12550 281511
2011.08.10            16400 15000 16400 14300 351482
2011.08.11            16100 15200 16550 14900 304601
2011.08.12            16200 16850 17400 15750 265497
2011.08.16            16500 16850 17000 16350 133411
2011.08.17            16900 16750 17250 16600 159002
2011.08.18            16200 16850 17600 15800 356286
2011.08.19            13800 15200 15200 13800 209012
2011.08.22            13000 13500 14150 12600 119795
2011.08.23            14000 13500 14150 13300 91305
2011.08.24            13300 14350 14400 13300 112735
2011.08.25            13050 13750 13950 12900 74722
2011.08.26            13750 12900 14950 12900 304157
2011.08.29            13800 14000 14150 13650 163225
2011.08.30            14300 14050 14900 13900 237945
2011.08.31            14350 14350 14650 14050 116214
2011.09.01            14000 14550 14700 13950 136364
2011.09.02            13800 13750 14100 13500 131581
2011.09.05            13850 14450 14700 13850 410120
2011.09.06            13500 13650 13800 13200 129558
2011.09.07            14000 13750 14350 13700 163243
2011.09.08            14350 14200 14350 13550 157638
2011.09.09            15200 14600 15450 14550 448977
2011.09.14            14000 15100 15100 13800 246851
2011.09.15            14000 14350 14850 13050 249037
2011.09.16            14250 14050 14400 13950 131430
2011.09.19            13700 14100 14300 13500 116493
2011.09.20            13600 13400 13750 13300 109707
2011.09.21            14350 13700 14350 13650 133043
2011.09.22            15050 14000 15250 13900 530036
2011.09.23            13950 14250 14650 13800 206163
2011.09.26            13400 14600 14850 13050 452905
2011.09.27            14200 13900 14250 13700 194188
2011.09.28            14000 14500 14900 13850 236119
2011.09.29            14050 13650 14200 13300 199635
2011.09.30            14400 14100 14450 13800 141004
2011.10.04            13300 13350 13650 13100 159907
2011.10.05            12000 13650 13800 12000 181533
2011.10.06            13000 12450 13300 12400 133503
2011.10.07            13400 13300 13650 13150 102419
2011.10.10            13650 13400 13650 13200 75926
2011.10.11            13250 14050 14050 13250 123252
2011.10.12            15150 13200 15200 13100 275711
2011.10.13            15700 15000 16650 14850 626400
2011.10.14            16450 15800 16500 15150 300982
2011.10.17            16450 17000 17000 16250 256185
2011.10.18            16750 15900 16950 15750 277263
2011.10.19            17300 17050 18650 17050 586828
2011.10.20            15550 17300 17550 15550 293236
2011.10.21            17850 16300 17850 15850 625393
2011.10.24            18600 18300 19350 17950 613268
2011.10.25            17800 18750 18850 17400 373960
2011.10.26            18300 17600 18450 17400 201923
2011.10.27            17900 18500 18600 17350 252504
2011.10.28            17750 18050 18050 16300 305247
2011.10.31            17300 17600 17850 17100 252152
2011.11.01            17600 17000 17850 16750 244888
2011.11.02            17200 16750 17500 16500 326659
2011.11.03            16300 17200 17200 16150 200655
2011.11.04            17450 16500 17450 16400 230847
2011.11.07            18600 17600 18600 17350 551283
2011.11.08            18250 18750 18950 17900 427034
2011.11.09            18750 18600 18900 18400 712889
2011.11.10            17100 18000 18100 16800 411281
2011.11.11            17500 17550 17750 16700 359957
2011.11.14            17900 17900 18350 17600 255380
2011.11.15            17100 17650 17800 16800 214733
2011.11.16            16200 17200 17450 16150 253382
2011.11.17            17200 16550 17200 16150 135263
2011.11.18            16700 16600 16900 16550 82599
2011.11.21            16450 16550 16750 16250 80083
2011.11.22            16450 16000 16850 15950 83954
2011.11.23            15850 16450 17050 15800 214471
2011.11.24            16350 15700 16450 15600 138341
2011.11.25            15450 16450 16600 15100 170109
2011.11.28            15950 15650 16000 15400 100629
2011.11.29            16000 16050 16250 15900 91488
2011.11.30            16950 16000 17150 15700 362270
2011.12.01            17200 17300 17400 16800 285753
2011.12.02            17200 17150 17250 16500 266130
2011.12.05            17100 17300 17850 17100 376227
2011.12.06            16700 16900 17000 16600 129806
2011.12.07            16450 16800 16850 16400 96530
2011.12.08            17600 16850 17750 16800 520703
2011.12.09            17200 17350 17400 16800 183358
2011.12.12            17250 17450 17850 17150 252039
2011.12.13            16600 17100 17150 16500 141850
2011.12.14            16850 16550 16900 16350 83397
2011.12.15            16100 16800 16850 15950 75031
2011.12.16            16400 16200 16600 16000 106985
2011.12.19            14700 16450 16450 14050 205075
2011.12.20            15200 15050 15250 14550 80258
2011.12.21            15350 15600 15750 15350 62051
2011.12.22            15200 15350 15550 15100 38214
2011.12.23            15350 15300 15700 15200 86038
2011.12.26            15600 15400 16100 15000 132962
2011.12.27            15100 15450 15750 14650 102796
2011.12.28            15400 15050 15650 15050 97119
2011.12.29            15800 15400 15950 15150 67018
2012.01.02            15900 16000 16100 15650 59387
2012.01.03            16300 16100 16400 15700 116068
2012.01.04            16000 16300 16400 15900 100216
2012.01.05            15600 16050 16450 15550 92457
2012.01.06            15300 15800 15850 15250 79540
2012.01.09            15550 15100 15700 15100 53740
2012.01.10            16100 15550 16100 15550 78106
2012.01.11            16050 16150 16250 15900 55151
2012.01.12            16150 16200 16250 15700 75069
2012.01.13            16400 16450 17150 16400 211446
2012.01.16            15850 16300 16400 15800 56900
2012.01.17            16050 15950 16300 15950 65084
2012.01.18            15800 16200 16200 15700 85680
2012.01.19            15950 16100 16100 15600 66724
2012.01.20            15550 15900 16050 15550 78087
2012.01.25            15400 15600 15750 15250 71519
2012.01.26            15450 15650 15650 15300 42061
2012.01.27            15250 15450 15650 15250 76822
2012.01.30            15050 15300 15500 15000 58010
2012.01.31            14950 15000 15200 14900 51403
2012.02.01            15150 15000 15250 14950 59154
2012.02.02            15150 15350 15350 15100 60734
2012.02.03            14700 15200 15250 14700 89878
2012.02.06            14000 14900 14950 13950 155385
2012.02.07            13600 13800 13900 13400 120876
2012.02.08            13900 13850 14100 13700 64410
2012.02.09            13800 13850 14050 13600 42224
2012.02.10            14000 13800 14250 13800 40875
2012.02.13            14100 14150 14150 13900 37134
2012.02.14            14200 14150 14450 14100 57361
2012.02.15            14150 14300 14300 14000 67550
2012.02.16            13750 14250 14250 13650 43206
2012.02.17            14150 13800 14200 13750 86567
2012.02.20            14050 14000 14300 13950 39137
2012.02.21            13900 14250 14250 13750 67628
2012.02.22            13800 14050 14050 13700 59639
2012.02.23            13450 13700 13900 13300 100131
2012.02.24            13600 13450 13700 13400 32088
2012.02.27            13000 13600 13600 13000 75815
2012.02.28            12750 12900 13150 12700 49240
2012.02.29            12850 12900 13050 12850 50222
2012.03.02            13450 12950 13950 12950 114782
2012.03.05            13450 13600 13700 13400 54010
2012.03.06            13600 13600 13900 13450 81570
2012.03.07            13950 13500 14150 13250 66744
2012.03.08            13750 14150 14150 13600 49361
2012.03.09            14050 13750 14050 13650 45364
2012.03.12            13600 14100 14100 13600 41101
2012.03.13            13750 13700 13950 13400 67648
2012.03.14            14300 13750 14300 13650 211156
2012.03.15            14150 14100 14250 13850 60373
2012.03.16            14300 14200 14350 14050 55059
2012.03.19            14000 14300 14550 13900 72551
2012.03.20            13700 14000 14000 13600 52322
2012.03.21            13350 13850 13850 13250 48439
2012.03.22            13200 13250 13400 12900 45592
2012.03.23            13100 13000 13250 12850 37535
2012.03.26            13150 13100 13250 13000 27741
2012.03.27            13000 13300 13350 12900 37090
2012.03.28            12750 13100 13150 12750 24391
2012.03.29            12250 12700 12950 12200 55511
2012.03.30            12200 12250 12450 12150 79572
2012.04.02            12350 12350 12650 12250 40014
2012.04.03            12250 12550 12600 12250 31999
2012.04.04            11800 12350 12350 11600 56499
2012.04.05            11300 11800 11800 11200 77899
2012.04.06            11300 11400 11550 11150 45178
2012.04.09            10350 11200 11250 10350 74751
2012.04.10            10500 10350 10750 10350 52104
2012.04.12            10550 10550 10800 10450 32627
2012.04.13            11050 10750 11250 10700 43775
2012.04.16            10850 10900 11050 10800 26256
2012.04.17            11100 10950 11300 10900 23545
2012.04.18            11000 11250 11400 11000 15540
2012.04.19            10600 11000 11150 10350 71394
2012.04.20            10650 10650 10750 10450 41137
2012.04.23            10650 10700 10950 10600 34529
2012.04.24            10150 10350 10600 10150 46676
2012.04.25            9840 10250 10350 9500 145588
2012.04.26            9430 9850 9900 9360 60880
2012.04.27            9130 9450 9540 9010 71342
2012.04.30            9290 9200 9350 9040 38616
2012.05.02            9550 9290 9660 9290 32265
2012.05.03            9470 9500 9630 9410 12811
2012.05.04            9560 9500 9600 9410 23372
2012.05.07            9050 9110 9290 9050 74861
2012.05.08            9210 9060 9290 9040 43876
2012.05.09            9140 9250 9250 9060 29136
2012.05.10            9240 9030 9280 9030 16152
2012.05.11            9090 9380 9380 9090 18507
2012.05.14            8890 9100 9230 8700 38214
2012.05.15            8290 8630 8900 8210 62555
2012.05.16            8180 8280 8420 8050 31607
2012.05.17            8300 8190 8350 8140 20432
2012.05.18            7800 8110 8110 7780 34985
2012.05.21            7700 7700 7950 7550 24011
2012.05.22            7940 7800 8000 7790 27794
2012.05.23            7870 8000 8020 7770 18367
2012.05.24            7880 7770 7960 7750 16991
2012.05.25            7920 7970 7970 7750 15912
2012.05.29            8100 8010 8190 7990 18615
2012.05.30            8060 8140 8190 8010 11644
2012.05.31            8090 8000 8250 7860 8128
2012.06.01            8050 8010 8190 8010 16777
2012.06.04            7400 7730 7970 7400 40151
2012.06.05            7320 7370 7490 7290 25686
2012.06.07            7500 7450 7640 7420 39282
2012.06.08            7400 7510 7650 7350 18473
2012.06.11            7540 7520 7620 7460 28808
2012.06.12            7550 7420 7630 7390 12915
2012.06.13            7630 7730 7730 7580 13664
2012.06.14            7540 7630 7720 7520 21556
2012.06.15            7440 7570 7660 7400 28412
2012.06.18            7700 7520 7830 7520 77235
2012.06.19            7690 7730 7740 7600 52651
2012.06.20            8460 7830 8840 7830 1021464
2012.06.21            8550 8410 8640 8310 113284
2012.06.22            8410 8350 8420 8230 75727
2012.06.25            8150 8380 8440 8070 62719
2012.06.26            8100 8030 8290 8030 43354
2012.06.27            8100 8200 8200 7830 40984
2012.06.28            8340 8200 8540 8050 78461
2012.06.29            8260 8190 8460 8180 53834
2012.07.02            8400 8380 8710 8230 80566
2012.07.03            8500 8400 8650 8370 48769
2012.07.04            8610 8520 8640 8400 64741
2012.07.05            8480 8610 8610 8460 44669
2012.07.06            8260 8440 8530 8260 42093
2012.07.09            8370 8320 8370 8190 31955
2012.07.10            8680 8370 8690 8270 65156
2012.07.11            8680 8600 8790 8500 35451
2012.07.12            8410 8610 8840 8390 77593
2012.07.13            8450 8490 8490 8000 53345
2012.07.16            8720 8600 9050 8600 199101
2012.07.17            8660 8710 8800 8500 79084
2012.07.18            8200 8700 8760 8200 57585
2012.07.19            8070 8240 8330 8030 46481
2012.07.20            8010 8100 8150 8000 28148
2012.07.23            7400 7820 7940 7400 59474
2012.07.24            7200 7240 7370 7160 18668
2012.07.25            6610 7060 7070 6600 89443
2012.07.26            6600 6440 6640 6400 37108
2012.07.27            6730 6660 6760 6660 28414
2012.07.30            6610 6760 6760 6610 17361
2012.07.31            6800 6620 6930 6590 36228
2012.08.01            6800 6870 6900 6740 16590
2012.08.02            6770 6790 6860 6740 11259
2012.08.03            6690 6770 6800 6610 21898
2012.08.06            6630 6690 6780 6620 24603
2012.08.07            6730 6670 6980 6670 28795
2012.08.08            6740 6890 6890 6730 13900
2012.08.09            6900 6780 6990 6660 43930
2012.08.10            7050 6930 7160 6920 43304
2012.08.13            7050 7000 7090 6870 18233
2012.08.14            6970 6990 7240 6960 27684
2012.08.16            6950 6880 7040 6880 18635
2012.08.17            6920 7020 7100 6910 33507
2012.08.20            6940 6950 7080 6880 23589
2012.08.21            6970 6930 7020 6880 25885
2012.08.22            7000 6960 7080 6900 37236
2012.08.23            7230 7000 7370 6960 52772
2012.08.24            7150 7200 7270 7030 32520
2012.08.27            6950 7160 7160 6900 30353
2012.08.28            6820 6900 6940 6690 42715
2012.08.29            6830 6810 6870 6690 43218
2012.08.30            6770 6900 6900 6750 22253
2012.08.31            6700 6770 6820 6670 27497
2012.09.03            6680 6680 6770 6590 29300
2012.09.04            6910 6660 6980 6660 43382
2012.09.05            6930 6950 7010 6820 33150
2012.09.06            7000 6990 7220 6930 61363
2012.09.07            7060 7090 7170 6950 21626
2012.09.10            7120 7010 7230 7000 41068
2012.09.11            7110 7120 7150 6990 28543
2012.09.12            7110 7110 7170 7050 23825
2012.09.13            7350 7150 7350 7050 44692
2012.09.14            7300 7340 7500 7290 42681
2012.09.17            7170 7290 7350 7130 25830
2012.09.18            7230 7130 7250 7130 20878
2012.09.19            7580 7300 7780 7280 114704
2012.09.20            7480 7600 7680 7420 33859
2012.09.21            7460 7580 7650 7400 37489
2012.09.24            7900 7500 7900 7430 84844
2012.09.25            7760 7960 7970 7750 62884
2012.09.26            7800 7610 7920 7610 43882
2012.09.27            7690 7880 7880 7580 33063
2012.09.28            7500 7700 7770 7460 33459
2012.10.02            7410 7400 7540 7400 21339
2012.10.04            7410 7430 7560 7380 37270
2012.10.05            7410 7430 7490 7380 37949
2012.10.08            7190 7410 7410 7190 49950
2012.10.09            7220 7130 7300 7100 38148
2012.10.10            7080 7200 7280 7030 33733
2012.10.11            7060 7080 7130 7000 24437
2012.10.12            7050 7060 7280 7050 17743
2012.10.15            6850 7100 7100 6660 39578
2012.10.16            6900 6830 6900 6700 19220
2012.10.17            6890 6900 7000 6890 20167
2012.10.18            6770 6890 7000 6760 19814
2012.10.19            6800 6720 6800 6660 17817
2012.10.22            6850 6750 6950 6710 27034
2012.10.23            6910 6850 7030 6800 28068
2012.10.24            6850 6900 6950 6830 19443
2012.10.25            6850 6920 7000 6800 18980
2012.10.26            6720 6830 6950 6600 20767
2012.10.29            6440 6730 6760 6440 46498
2012.10.30            6450 6330 6500 6200 50534
2012.10.31            6430 6450 6500 6290 31416
2012.11.01            6390 6500 6500 6260 13099
2012.11.02            6200 6340 6490 6120 53156
2012.11.05            6000 6200 6230 5800 56393
2012.11.06            5880 6000 6050 5800 58654
2012.11.07            5880 5850 5940 5790 40861
2012.11.08            5890 5860 5940 5750 31520
2012.11.09            5900 5890 5950 5780 28520
2012.11.12            5980 5910 6110 5900 38005
2012.11.13            6000 5980 6100 5880 29830
2012.11.14            5940 6050 6100 5900 38075
2012.11.15            5800 5870 5960 5700 75747
2012.11.16            5720 5800 5950 5690 82705
2012.11.19            5890 5720 5900 5710 18183
2012.11.20            5950 6050 6050 5830 21310
2012.11.21            6000 6000 6070 5890 42854
2012.11.22            6060 6000 6080 5960 22367
2012.11.23            6160 6100 6360 6100 46946
2012.11.26            6050 6210 6290 5980 47244
2012.11.27            6090 6090 6100 5950 14090
2012.11.28            6050 6090 6140 5980 8819
2012.11.29            6100 6100 6130 6050 10564
2012.11.30            6220 6050 6220 6050 20549
2012.12.03            6110 6270 6270 6110 12082
2012.12.04            6080 6040 6230 6040 20660
2012.12.05            6110 6090 6180 6070 18479
2012.12.06            5960 6070 6190 5960 14018
2012.12.07            6180 5960 6250 5950 24222
2012.12.10            6210 6150 6230 6090 23389
2012.12.11            5800 6160 6290 5800 62666
2012.12.12            6300 5900 6350 5790 60838
2012.12.13            6310 6300 6360 6170 34713
2012.12.14            6340 6250 6350 6210 18739
2012.12.17            6320 6340 6350 6210 15351
2012.12.18            6430 6300 6690 6300 38541
2012.12.20            6200 6420 6550 6200 35428
2012.12.21            6240 6250 6350 6150 40879
2012.12.24            6200 6200 6480 6150 94929
2012.12.26            6230 6240 6300 6200 38198
2012.12.27            6210 6240 6320 6190 27251
2012.12.28            6870 6300 7040 6270 235281
2013.01.02            6940 7000 7000 6800 94932
2013.01.03            7170 6940 7170 6890 108622
2013.01.04            7170 7120 7240 7050 61135
2013.01.07            7160 7200 7500 7160 147648
2013.01.08            7180 7040 7230 7000 39274
2013.01.09            7300 7110 7540 7100 134038
2013.01.10            7410 7350 7470 7300 46735
2013.01.11            7590 7480 7590 7360 77145
2013.01.14            7610 7600 7660 7470 70125
2013.01.15            7590 7550 7650 7500 65358
2013.01.16            7450 7590 7600 7410 84642
2013.01.17            7500 7410 7530 7410 29658
2013.01.18            7790 7450 7880 7450 46916
2013.01.21            7850 7800 7850 7700 42623
2013.01.22            7900 7800 7900 7740 30402
2013.01.23            7800 7900 7930 7800 41417
2013.01.24            7760 7950 7950 7730 32176
2013.01.25            7770 7710 7870 7700 54073
2013.01.28            7990 7770 7990 7770 28737
2013.01.29            8000 8000 8040 7890 32451
2013.01.30            7700 7990 8050 7700 31264
2013.01.31            7870 7760 7970 7650 44302
2013.02.01            8030 7760 9040 7730 66689
2013.02.04            8030 8000 8110 7980 15699
2013.02.05            7950 8030 8030 7890 28969
2013.02.06            8080 8030 8100 7900 25809
2013.02.07            8050 8010 8200 7950 18239
2013.02.08            8040 8040 8110 8000 9977
2013.02.12            8060 7960 8080 7950 29546
2013.02.13            8160 8000 8200 8000 13003
2013.02.14            8400 8160 8520 8160 36727
2013.02.15            8300 8310 8440 8240 29942
2013.02.18            8360 8260 8450 8200 10776
2013.02.19            8360 8240 8400 8240 32360
2013.02.20            8470 8360 8490 8220 40176
2013.02.21            8380 8470 8520 8370 22826
2013.02.22            8600 8330 8620 8300 34599
2013.02.25            8880 8500 8950 8460 128242
2013.02.26            8990 8760 8990 8600 59042
2013.02.27            8650 8950 8990 8650 48800
2013.02.28            8780 8700 8810 8400 80100
2013.03.04            8380 8670 8770 8380 42251
2013.03.05            8200 8350 8460 8200 60808
2013.03.06            7790 8220 8300 7610 122075
2013.03.07            7790 7790 7870 7650 34602
2013.03.08            7900 7880 8050 7790 53805
2013.03.11            7970 7930 8130 7820 34776
2013.03.12            7910 8040 8200 7900 36068
2013.03.13            8220 7910 8380 7860 39874
2013.03.14            8220 8190 8290 8060 6924
2013.03.15            8220 8220 8270 8060 22925
2013.03.18            7910 8110 8250 7860 36123
2013.03.19            7750 7750 8000 7710 44354
2013.03.20            7790 7680 7960 7670 9730
2013.03.21            7830 7800 7980 7800 8557
2013.03.22            7930 7830 7940 7700 11232
2013.03.25            7910 7840 8070 7840 12893
2013.03.26            7800 7870 8020 7680 24353
2013.03.27            7520 7800 7810 7520 31764
2013.03.28            7670 7550 7710 7530 11557
2013.03.29            7790 7640 7800 7640 15551
2013.04.01            7700 7640 7890 7640 8883
2013.04.02            7450 7670 8060 7400 32089
2013.04.03            7350 7530 7570 7290 31132
2013.04.04            7110 7350 7350 6750 31327
2013.04.05            6950 7000 7100 6750 21131
2013.04.08            6770 6870 6970 6660 16991
2013.04.09            6690 6630 6780 6490 18176
2013.04.10            7030 6580 7100 6580 13342
2013.04.11            7140 7050 7200 6920 6259
2013.04.12            7130 7060 7190 7030 4543
2013.04.15            7110 7100 7150 6900 9473
2013.04.16            7140 6750 7140 6750 9445
2013.04.17            7140 7180 7180 6980 10877
2013.04.18            7140 7140 7160 7000 9197
2013.04.19            6850 6950 7100 6850 13767
2013.04.22            6850 6880 6970 6760 6268
2013.04.23            7090 6900 7140 6850 11722
2013.04.24            7250 7100 7250 7090 11061
2013.04.25            7250 7250 7290 7150 4463
2013.04.26            7300 7250 7300 7220 9107
2013.04.29            7410 7310 7460 7290 10051
2013.04.30            7410 7360 7520 7360 8049
2013.05.02            7330 7320 7410 7280 4365
2013.05.03            7280 7330 7380 7250 3185
2013.05.06            7290 7280 7330 7240 3224
2013.05.07            7480 7310 7540 7290 28869
2013.05.08            7530 7500 7610 7460 26388
2013.05.09            7500 7510 7570 7420 12554
2013.05.10            7350 7520 7540 7260 15546
2013.05.13            7410 7270 7410 7200 8657
2013.05.14            7300 7370 7530 7120 32593
2013.05.15            7210 7310 7320 7150 21809
2013.05.16            7080 7170 7210 7080 24391
2013.05.20            7130 7100 7180 7010 5082
2013.05.21            7260 7090 7260 7030 4232
2013.05.22            7260 7240 7280 7160 9473
2013.05.23            7140 7280 7340 7100 8278
2013.05.24            7200 7240 7240 7140 8798
2013.05.27            7210 7200 7260 7120 8335
2013.05.28            7300 7170 7310 7140 26202
2013.05.29            7350 7280 7380 7210 14682
2013.05.30            7730 7350 7830 7300 78126
2013.05.31            7750 7730 7750 7430 45017
2013.06.03            7800 7740 7810 7650 22164
2013.06.04            7750 7830 7850 7600 17227
2013.06.05            7530 7750 7860 7410 19168
2013.06.07            7350 7510 7590 7130 16698
2013.06.10            7510 7270 7510 7250 18766
2013.06.11            7440 7510 7510 7230 11838
2013.06.12            7300 7400 7430 7210 11794
2013.06.13            7260 7310 7380 7120 13818
2013.06.14            7240 7260 7330 7220 17088
2013.06.17            7050 7240 7260 6920 19527
2013.06.18            7090 7050 7140 6950 9123
2013.06.19            7480 7170 7570 7170 38890
2013.06.20            8350 7390 8600 7340 506221
2013.06.21            8000 8000 8300 7940 227510
2013.06.24            8000 8100 8110 7870 113583
2013.06.25            7540 7900 8090 7500 112982
2013.06.26            7650 7610 7840 7450 69967
2013.06.27            7810 7880 7880 7690 55043
2013.06.28            8260 7840 8320 7800 175161
2013.07.01            8300 8250 8410 8090 70016
2013.07.02            8730 8320 8920 8160 233462
2013.07.03            8520 8730 8880 8460 129647
2013.07.04            8590 8520 8780 8310 84863
2013.07.05            8780 8550 9290 8550 268686
2013.07.08            8300 8780 8820 8250 127110
2013.07.09            8800 8460 9540 8180 830616
2013.07.10            9900 8900 10100 8720 1716125
2013.07.11            10050 9590 10350 9510 932588
2013.07.12            10000 10200 10950 9890 1465431
2013.07.15            10350 10150 10700 9930 1193314
2013.07.16            9990 10350 10400 9810 652311
2013.07.17            9400 9560 9690 9310 860386
2013.07.18            9300 9550 9630 9300 477177
2013.07.19            9500 9410 9610 9400 363663
2013.07.22            9270 9540 9550 9260 207379
2013.07.23            9430 9320 9570 9240 189456
2013.07.24            9600 9480 9600 9350 249785
2013.07.25            8990 9680 9900 8990 571795
2013.07.26            8900 9040 9310 8900 373428
2013.07.29            8500 8960 9100 8460 581097
2013.07.30            8540 8500 8640 8370 187843
2013.07.31            8650 8540 8650 8410 139238
2013.08.01            8570 8660 8750 8550 96637
2013.08.02            8550 8600 8610 8470 105211
2013.08.05            8510 8550 8630 8350 154987
2013.08.06            9340 8920 9550 8790 1886012
2013.08.07            9100 9340 9340 9030 332783
2013.08.08            9120 9310 9530 9070 528901
2013.08.09            9090 9210 9220 9000 236897
2013.08.12            8850 9120 9210 8740 203299
2013.08.13            8560 8750 8830 8460 205126
2013.08.14            8690 8650 8730 8560 87041
2013.08.16            8550 8500 8660 8470 104312
2013.08.19            8850 8550 8860 8550 132898
2013.08.20            8300 8770 8830 8300 224170
2013.08.21            8210 8310 8390 8030 131017
2013.08.22            8020 8050 8170 8010 78806
2013.08.23            8280 8120 8370 8120 71587
2013.08.26            8510 8280 8600 8280 90811
2013.08.27            8250 8510 8570 8250 84094
2013.08.28            8150 8050 8260 8040 65018
2013.08.29            8350 8220 8350 8100 35233
2013.08.30            8260 8360 8360 8150 47722
2013.09.02            8230 8260 8280 8170 24810
2013.09.03            8440 8340 8460 8250 43525
2013.09.04            8510 8440 8570 8300 44263
2013.09.05            8450 8520 8570 8450 31151
2013.09.06            8280 8440 8470 8240 64047
2013.09.09            8260 8260 8360 8180 33230
2013.09.10            8160 8270 8300 8130 40435
2013.09.11            8300 8210 8340 8130 46013
2013.09.12            8170 8300 8380 8170 32345
2013.09.13            8410 8160 8540 8160 91137
2013.09.16            8630 8550 8880 8460 222004
2013.09.17            8610 8770 8770 8520 53534
2013.09.23            9050 8730 9350 8730 309602
2013.09.24            9010 8900 9080 8850 75996
2013.09.25            9350 9080 9630 9040 481352
2013.09.26            9270 9270 9500 9140 138614
2013.09.27            9200 9270 9330 9000 119526
2013.09.30            9140 9030 9200 9020 78566
2013.10.01            9070 9050 9300 8800 108894
2013.10.02            9040 9050 9170 8870 65176
2013.10.04            8690 8850 8890 8350 80524
2013.10.07            8540 8790 8790 8300 41685
2013.10.08            8610 8530 8640 8400 24820
2013.10.10            8340 8650 8650 8320 40627
2013.10.11            8450 8500 8500 8360 29774
2013.10.14            8470 8450 8500 8360 33888
2013.10.15            8470 8470 8630 8440 35496
2013.10.16            8500 8500 8570 8380 40756
2013.10.17            8400 8520 8660 8370 63144
2013.10.18            8400 8400 8510 8320 15712
2013.10.21            8440 8460 8640 8400 25426
2013.10.22            8430 8440 8440 8310 29988
2013.10.23            8260 8380 8490 8260 40689
2013.10.24            8040 8160 8270 7840 72989
2013.10.25            7870 8050 8100 7780 50473
2013.10.28            7850 7780 7880 7760 53130
2013.10.29            7830 7780 7850 7750 32457
2013.10.30            8040 7830 8100 7800 47237
2013.10.31            7950 7910 8010 7880 20246
2013.11.01            7910 7880 7930 7810 11263
2013.11.04            7870 7840 7910 7810 13402
2013.11.05            7970 7940 8100 7940 29361
2013.11.06            7870 7970 8010 7780 24697
2013.11.07            7500 7810 7870 7500 44094
2013.11.08            7260 7480 7520 7140 68525
2013.11.11            7050 7350 7350 7050 16160
2013.11.12            7050 7100 7270 7010 20832
2013.11.13            7040 7000 7050 6930 10508
2013.11.14            7000 7050 7090 6850 27273
2013.11.15            7100 7000 7190 6970 22743
2013.11.18            7040 7130 7220 7010 17141
2013.11.19            6560 6900 6960 6500 54190
2013.11.20            6650 6490 6890 6460 23443
2013.11.21            6620 6650 6650 6560 6311
2013.11.22            6640 6640 6780 6500 14197
2013.11.25            6600 6600 6710 6590 9656
2013.11.26            6650 6540 6680 6540 9348
2013.11.27            6770 6700 6850 6700 16393
2013.11.28            7010 6900 7020 6850 20381
2013.11.29            7000 6940 7030 6850 7060
2013.12.02            7020 6950 7070 6930 7975
2013.12.03            7040 6960 7280 6950 15514
2013.12.04            7070 7180 7240 6980 16248
2013.12.05            7000 7070 7100 6970 3516
2013.12.06            7000 7000 7070 6970 5630
2013.12.09            6920 6960 6990 6710 11317
2013.12.10            6110 6910 6920 5970 75005
2013.12.11            5850 6190 6190 5780 48767
2013.12.12            5740 5710 5950 5710 20403
2013.12.13            5740 5890 5890 5630 24409
2013.12.16            5650 5760 5810 5650 6312
2013.12.17            5500 5600 5640 5500 11094
2013.12.18            5490 5450 5640 5400 17373
2013.12.19            5530 5500 5670 5450 8872
2013.12.20            5490 5400 5610 5400 9235
2013.12.23            5440 5500 5590 5440 14483
2013.12.24            4630 4630 4900 4630 105054
2013.12.26            4265 4485 4540 4245 420027
2013.12.27            4250 4245 4315 4245 122446
2013.12.30            4250 4275 4330 4250 71182
2014.01.02            4200 4255 4290 4200 67741
2014.01.03            4140 4180 4230 4095 112257
2014.01.06            4165 4150 4185 4105 65173
2014.01.07            4300 4190 4310 4180 68060
2014.01.08            4200 4330 4330 4150 102494
2014.01.09            4200 4200 4230 4170 80515
2014.01.10            4195 4160 4290 4160 158819
2014.01.13            4040 3985 4100 3985 103226
2014.01.14            4035 4030 4065 3995 38790
2014.01.15            4165 4080 4235 4060 116596
2014.01.16            4260 4165 4320 4140 89613
2014.01.17            4295 4260 4300 4160 51589
2014.01.20            4150 4295 4295 4135 53600
2014.01.21            4155 4140 4205 4140 18834
2014.01.22            4150 4190 4220 4145 23781
2014.01.23            4170 4130 4185 4105 30422
2014.01.24            4070 4165 4165 4040 28192
2014.01.27            3865 4000 4060 3860 43517
2014.01.28            3790 3840 3885 3745 34356
2014.01.29            3890 3850 4055 3800 41624
2014.02.03            3850 3890 3910 3830 17285
2014.02.04            3735 3750 3785 3720 28012
2014.02.05            3770 3740 3770 3715 29632
2014.02.06            3670 3710 3770 3605 52141
2014.02.07            3665 3705 3745 3660 33152
2014.02.10            3680 3695 3725 3655 31259
2014.02.11            3845 3685 3900 3685 59761
2014.02.12            3845 3885 3885 3780 21994
2014.02.13            3925 3825 3940 3825 24878
2014.02.14            3980 3930 4025 3925 74905
2014.02.17            3885 4030 4030 3820 46939
2014.02.18            3790 3860 3860 3785 45277
2014.02.19            3810 3765 3820 3760 23554
2014.02.20            3850 3805 3875 3800 38936
2014.02.21            3890 3870 3980 3870 30366
2014.02.24            3890 3890 3970 3835 30180
2014.02.25            4060 3900 4070 3870 78890
2014.02.26            4665 4060 4665 4000 417229
2014.02.27            5000 4950 5140 4805 813519
2014.02.28            4810 5000 5100 4810 263636
2014.03.03            4810 4660 5030 4660 209883
2014.03.04            4710 4765 4985 4710 183176
2014.03.05            4715 4735 4780 4530 107230
2014.03.06            4770 4775 4775 4635 141355
2014.03.07            5120 4705 5390 4705 1054956
2014.03.10            5330 5100 5480 5020 455729
2014.03.11            5240 5300 5560 5140 394839
2014.03.12            5250 5190 5280 5100 157855
2014.03.13            5240 5300 5420 5200 193462
2014.03.14            5190 5140 5220 5060 111760
2014.03.17            5070 5190 5310 5070 94848
2014.03.18            5080 5080 5130 4980 69660
2014.03.19            4810 5080 5160 4810 107444
2014.03.20            4755 4890 4940 4755 65663
2014.03.21            4655 4690 4700 4510 177334
2014.03.24            4620 4700 4715 4480 97803
2014.03.25            4560 4635 4745 4545 30866
2014.03.26            4690 4560 4720 4535 39652
2014.03.27            4585 4690 4690 4520 25222
2014.03.28            4685 4565 4685 4495 52755
2014.03.31            4620 4700 4700 4545 26859
2014.04.01            4645 4620 4695 4605 31608
2014.04.02            5060 4650 5240 4635 157586
2014.04.03            4925 5140 5140 4920 113720
2014.04.04            4885 5000 5000 4805 55443
2014.04.07            4720 4875 4885 4680 52012
2014.04.08            4760 4680 4800 4645 35295
2014.04.09            4800 4765 4890 4760 42783
2014.04.10            4810 4775 4915 4775 15738
2014.04.11            4760 4710 4920 4710 24462
2014.04.14            4800 4740 4800 4710 34105
2014.04.15            4870 4790 4970 4790 35747
2014.04.16            4910 4905 4980 4870 43702
2014.04.17            4845 4975 4975 4845 22693
2014.04.18            4820 4830 4860 4795 20502
2014.04.21            4850 4810 4885 4785 22539
2014.04.22            4910 4880 4925 4835 33310
2014.04.23            5640 4980 5640 4950 314498
2014.04.24            5960 5900 6240 5650 2782081
2014.04.25            5870 6020 6050 5740 558665
2014.04.28            5860 5850 5980 5720 421336
2014.04.29            5710 6050 6330 5710 1443689
2014.04.30            5670 5690 5870 5530 476914
2014.05.02            5780 5690 5790 5590 284777
2014.05.07            5850 5810 6150 5750 701231
2014.05.08            5870 5860 6070 5780 328940
2014.05.09            5690 5850 5880 5590 238965
2014.05.12            5690 5690 5730 5550 150235
2014.05.13            5840 5680 5860 5590 164769
2014.05.14            5730 5880 5910 5720 105993
2014.05.15            5860 5730 6030 5730 251389
2014.05.16            5780 5880 5950 5650 131877
2014.05.19            5650 5770 5810 5650 107804
2014.05.20            5200 5690 5760 5150 182564
2014.05.21            5210 5200 5220 5060 84999
2014.05.22            5200 5250 5300 5190 37993
2014.05.23            5250 5240 5260 5100 39904
2014.05.26            5240 5270 5390 5200 41921
2014.05.27            4980 5240 5280 4910 97913
2014.05.28            4845 4840 5000 4840 51818
2014.05.29            4640 4800 4915 4620 87992
2014.05.30            4480 4640 4770 4430 110251
2014.06.02            4165 4390 4455 4145 116469
2014.06.03            4325 4040 4350 4040 102570
2014.06.05            4350 4595 4595 4305 70127
2014.06.09            4285 4360 4385 4250 27888
2014.06.10            4345 4285 4405 4280 38941
2014.06.11            4465 4350 4465 4350 32495
2014.06.12            4760 4465 4810 4415 58811
2014.06.13            4765 4650 4775 4615 39952
2014.06.16            4730 4765 4800 4700 31388
2014.06.17            4795 4685 5030 4685 81478
2014.06.18            4945 4850 5010 4770 60144
2014.06.19            5180 5020 5460 4960 162222
2014.06.20            5200 5180 5290 5050 53127
2014.06.23            5190 5170 5250 5100 32436
2014.06.24            5200 5110 5240 5090 40466
2014.06.25            5100 5190 5300 5010 28302
2014.06.26            5090 5070 5150 4900 46016
2014.06.27            5120 5090 5280 5090 13267
2014.06.30            5190 5120 5270 5060 26227
2014.07.01            5300 5190 5430 5190 53652
2014.07.02            5400 5300 5460 5290 38220
2014.07.03            5290 5320 5410 5270 19501
2014.07.04            5210 5270 5300 5050 39967
2014.07.07            5170 5210 5230 5080 36241
2014.07.08            5140 5150 5230 5050 24357
2014.07.09            5200 5040 5260 5040 31176
2014.07.10            5130 5300 5300 5100 33350
2014.07.11            4950 5050 5120 4950 23720
2014.07.14            5030 4905 5150 4905 19732
2014.07.15            4990 5030 5120 4990 37279
2014.07.16            5080 5020 5120 4930 11464
2014.07.17            5000 5030 5100 4955 12627
2014.07.18            4905 4930 4975 4890 46173
2014.07.21            4910 4890 4930 4830 20406
2014.07.22            4975 4910 5100 4880 16673
2014.07.23            4900 4850 5020 4850 15647
2014.07.24            4850 4900 5000 4850 28903
2014.07.25            4700 4900 4955 4670 34127
2014.07.28            4450 4690 4690 4435 51485
2014.07.29            4350 4500 4500 4330 30000
2014.07.30            4320 4285 4470 4285 22236
2014.07.31            4320 4255 4340 4150 40466
2014.08.01            4490 4345 4550 4325 26630
2014.08.04            4560 4550 4600 4495 15499
2014.08.05            4610 4570 4650 4550 8832
2014.08.06            4525 4650 4650 4500 15602
2014.08.07            4400 4630 4630 4335 30526
2014.08.08            4400 4400 4490 4270 14726
2014.08.11            4250 4420 4420 4235 31262
2014.08.12            4320 4260 4405 4245 45169
2014.08.13            4310 4320 4330 4280 18890
2014.08.14            4425 4310 4425 4250 39602
2014.08.18            4330 4400 4425 4330 29162
2014.08.19            4340 4335 4440 4335 17572
2014.08.20            4390 4390 4390 4340 10512
2014.08.21            4365 4390 4480 4350 9045
2014.08.22            4340 4365 4420 4340 14764
2014.08.25            4295 4310 4370 4255 10605
2014.08.26            4270 4255 4315 4220 12525
2014.08.27            4395 4270 4490 4270 21160
2014.08.28            4390 4480 4480 4330 8789
2014.08.29            4500 4360 4530 4360 19498
2014.09.01            4420 4500 4500 4285 21044
2014.09.02            4270 4420 4480 4250 21696
2014.09.03            4250 4270 4350 4230 15542
2014.09.04            4150 4260 4280 4150 16004
2014.09.05            4150 4275 4275 4045 14548
2014.09.11            4105 4115 4245 4085 26301
2014.09.12            4145 4105 4245 4085 52677
2014.09.15            4005 4120 4195 4005 27270
2014.09.16            3995 4010 4025 3940 32701
2014.09.17            3875 4000 4030 3835 69363
2014.09.18            3800 3865 3945 3730 120662
2014.09.19            3845 3775 3855 3740 65658
2014.09.22            3880 3860 3915 3790 36819
2014.09.23            3830 3880 3880 3830 8839
2014.09.24            3850 3780 3885 3750 35279
2014.09.25            3840 3820 3885 3800 28412
2014.09.26            3835 3810 3945 3800 41968
2014.09.29            3600 3815 3940 3600 109520
2014.09.30            3730 3570 3750 3570 45328
2014.10.01            3635 3710 3770 3600 15897
2014.10.02            3630 3515 3695 3400 46639
2014.10.06            3635 3630 3745 3535 8291
2014.10.07            3515 3590 3630 3450 49663
2014.10.08            3550 3480 3550 3435 17648
2014.10.10            3435 3450 3550 3350 28273
2014.10.13            3355 3445 3445 3290 25742
2014.10.14            3420 3205 3420 3205 32740
2014.10.15            3460 3380 3550 3380 23576
2014.10.16            3485 3450 3570 3370 28194
2014.10.17            3480 3410 3550 3410 33140
2014.10.20            3400 3550 3550 3355 28567
2014.10.21            3180 3410 3410 3180 94316
2014.10.22            3245 3180 3280 3140 25374
2014.10.23            3230 3240 3255 3170 43088
2014.10.24            3190 3300 3300 3130 37891
2014.10.27            3160 3200 3240 3110 16645
2014.10.28            3170 3175 3200 3145 10201
2014.10.29            3150 3170 3235 3075 39278
2014.10.30            3030 3150 3180 3000 47863
2014.10.31            3040 3030 3065 2985 42518
2014.11.03            3105 3025 3120 3025 32700
2014.11.04            3075 3065 3150 3005 29604
2014.11.05            3155 3100 3175 3050 22334
2014.11.06            3155 3110 3225 3110 40727
2014.11.07            3380 3155 3455 3155 113999
2014.11.10            3530 3370 3550 3290 105254
2014.11.11            3505 3585 3590 3465 31061
2014.11.12            3580 3465 3580 3465 34683
2014.11.13            3585 3590 3635 3520 23425
2014.11.14            3570 3560 3580 3500 9436
2014.11.17            3555 3620 3620 3465 11329
2014.11.18            3560 3470 3575 3470 5109
2014.11.19            3500 3560 3560 3445 21762
2014.11.20            3500 3510 3545 3400 20268
2014.11.21            3815 3500 3890 3500 98875
2014.11.24            4075 3815 4115 3745 109602
2014.11.25            3895 4070 4145 3880 50326
2014.11.26            3800 3900 3950 3750 30326
2014.11.27            3845 3800 3890 3780 19037
2014.11.28            3800 3845 3845 3770 17464
2014.12.01            3705 3770 3820 3645 15538
2014.12.02            3635 3645 3705 3630 14122
2014.12.03            3700 3640 3740 3535 29833
2014.12.04            3700 3705 3780 3680 10203
2014.12.05            3600 3475 3690 3475 13484
2014.12.08            3720 3615 3720 3550 19870
2014.12.09            3745 3685 3795 3665 22218
2014.12.10            3735 3705 3795 3615 22550
2014.12.11            3755 3630 3790 3630 13499
2014.12.12            3775 3800 3800 3710 23385
2014.12.15            4235 3755 4335 3755 178238
2014.12.16            4135 4300 4300 4090 79006
2014.12.17            4755 4500 4755 4400 487465
2014.12.18            4380 4850 5000 4230 714907
2014.12.19            4165 4440 4490 4165 187983
2014.12.22            4055 4100 4145 4000 97970
2014.12.23            4130 4010 4200 4010 84593
2014.12.24            4155 4130 4265 4130 74528
2014.12.26            4200 4125 4385 4125 160099
2014.12.29            2690 2825 2915 2600 58086
2014.12.30            2720 2640 2780 2640 22972
2015.01.02            2590 2675 2675 2530 61752
2015.01.05            2475 2565 2620 2465 57276
2015.01.06            2450 2460 2495 2420 32258
2015.01.07            2350 2450 2470 2340 59467
2015.01.08            2370 2355 2440 2350 25681
2015.01.09            2490 2440 2560 2430 54461
2015.01.12            2520 2540 2550 2450 16578
2015.01.13            2520 2520 2520 2440 20616
2015.01.14            2460 2470 2500 2440 29913
2015.01.15            2460 2440 2470 2390 24774
2015.01.16            2395 2450 2450 2375 20784
2015.01.19            2390 2400 2400 2340 26978
2015.01.20            2440 2350 2450 2240 126600
2015.01.21            2805 2450 2805 2425 380379
2015.01.22            3010 2815 3100 2725 564166
2015.01.23            3085 3050 3160 2935 309586
2015.01.26            2955 3085 3110 2890 185255
2015.01.27            3010 2955 3060 2905 152868
2015.01.28            3045 3000 3045 2880 165032
2015.01.29            2850 3045 3045 2825 74380
2015.01.30            2780 2835 2890 2735 129262
2015.02.02            2590 2700 2700 2575 263069
2015.02.03            2660 2635 2775 2580 146811
2015.02.04            2750 2675 2750 2670 80097
2015.02.05            2700 2750 2780 2690 58566
2015.02.06            2700 2700 2770 2635 86554
2015.02.09            2575 2665 2700 2570 88245
2015.02.10            2495 2570 2650 2450 129968
2015.02.11            2410 2525 2525 2400 121508
2015.02.12            2450 2440 2450 2355 44268
2015.02.13            2400 2450 2665 2395 219306
2015.02.16            2460 2410 2475 2405 43191
2015.02.17            2490 2455 2505 2450 39816
2015.02.23            2505 2490 2520 2440 60280
2015.02.24            2500 2495 2520 2480 62224
2015.02.25            2460 2500 2530 2460 65057
2015.02.26            2495 2460 2500 2440 59756
2015.02.27            2430 2480 2500 2385 257133
2015.03.02            2435 2445 2470 2405 121020
2015.03.03            2435 2435 2445 2400 156704
2015.03.04            2800 2470 2800 2450 532184
2015.03.05            2770 2990 3135 2715 1734443
2015.03.06            2885 2800 2890 2720 772429
2015.03.09            3100 2970 3315 2960 2102100
2015.03.10            2990 3135 3495 2940 2209419
2015.03.11            3005 2980 3230 2850 1123380
2015.03.12            2855 3005 3065 2855 530958
2015.03.13            2995 2815 3010 2815 478426
2015.03.16            2995 3000 3110 2930 334247
2015.03.17            2970 2960 3010 2920 207229
2015.03.18            2850 2970 3110 2830 370693
2015.03.19            2880 2850 2930 2815 153380
2015.03.20            2835 2880 2920 2825 111844
2015.03.23            2870 2835 2870 2770 171615
2015.03.24            2960 2865 3010 2800 181230
2015.03.25            2975 2960 3035 2930 177526
2015.03.26            2960 2975 3030 2895 198787
2015.03.27            3070 2965 3225 2945 966361
2015.03.30            3180 3090 3185 3040 480355
2015.03.31            3150 3180 3245 3130 269755
2015.04.01            3235 3160 3260 3015 473130
2015.04.02            3205 3260 3325 3175 549915
2015.04.03            3165 3265 3275 3160 249609
2015.04.06            3100 3165 3175 3070 174459
2015.04.07            3105 3110 3220 3050 288739
2015.04.08            3080 3100 3150 3055 107969
2015.04.09            3175 3085 3175 3030 150396
2015.04.10            3140 3155 3195 3110 146236
2015.04.13            3225 3140 3270 3135 325064
2015.04.14            3150 3225 3240 3120 238350
2015.04.15            3155 3155 3190 3095 125311
2015.04.16            3290 3190 3340 3145 370092
2015.04.17            3310 3305 3370 3225 306465
2015.04.20            3280 3310 3335 3230 218012
2015.04.21            3390 3300 3420 3230 377609
2015.04.22            3310 3430 3585 3000 752086
2015.04.23            3175 3385 3385 3135 222730
2015.04.24            3100 3170 3240 3095 162205
2015.04.27            3155 3100 3170 3090 69720
2015.04.28            3110 3155 3275 3110 116230
2015.04.29            3070 3120 3165 3005 94623
2015.04.30            2965 3085 3115 2935 128266
2015.05.04            2945 3040 3145 2945 100399
2015.05.06            2980 2945 3000 2900 87448
2015.05.07            3020 2960 3095 2870 325562
2015.05.08            3010 3030 3075 2915 136633
2015.05.11            3010 3040 3040 2965 63039
2015.05.12            3010 2990 3040 2940 173587
2015.05.13            2980 3025 3025 2960 76998
2015.05.14            2870 3000 3000 2850 159248
2015.05.15            2785 2920 2920 2750 157494
2015.05.18            2600 2750 2765 2570 184360
2015.05.19            2685 2600 2710 2550 89799
2015.05.20            2690 2640 2810 2630 63862
2015.05.21            2655 2640 2690 2620 33560
2015.05.22            2700 2690 2740 2620 60444
2015.05.26            2650 2700 2700 2645 45712
2015.05.27            2855 2600 3000 2590 424494
2015.05.28            2895 2945 2950 2875 102755
2015.05.29            2885 2895 2950 2885 82183
2015.06.01            2870 2900 2920 2800 52445
2015.06.02            2810 2870 2930 2795 90380
2015.06.03            2900 2755 2940 2745 71116
2015.06.04            2895 2885 2910 2800 50734
2015.06.05            2850 2845 2895 2835 84290
2015.06.08            2815 2835 2900 2815 75495
2015.06.09            2860 2780 2870 2760 63728
2015.06.10            2900 2890 3110 2890 387368
2015.06.11            3035 2990 3045 2925 189998
2015.06.12            3030 3055 3110 2970 326542
2015.06.15            2965 3030 3100 2860 73951
2015.06.16            2840 2900 2985 2800 99919
2015.06.17            2870 2890 2915 2795 33064
2015.06.18            3030 2870 3050 2840 121568
2015.06.19            3000 3030 3070 2990 128105
2015.06.22            2965 2950 3010 2940 55947
2015.06.23            2940 2965 2995 2870 101825
2015.06.24            2830 2900 2975 2800 120236
2015.06.25            2830 2805 2860 2800 67364
2015.06.26            2785 2870 2875 2785 38823
2015.06.29            2715 2700 2780 2620 56667
2015.06.30            2710 2710 2750 2680 64369
2015.07.01            2710 2705 2765 2680 83148
2015.07.02            2775 2710 2850 2710 29882
2015.07.03            2715 2830 2900 2715 101348
2015.07.06            2735 2715 2890 2715 66218
2015.07.07            2780 2625 2780 2625 122900
2015.07.08            2730 2760 2760 2680 54597
2015.07.09            2690 2730 2810 2630 31435
2015.07.10            2700 2700 2740 2670 33801
2015.07.13            2690 2650 2725 2630 56536
2015.07.14            2680 2740 2745 2645 56121
2015.07.15            2690 2680 2775 2655 38239
2015.07.16            2670 2750 2750 2600 35339
2015.07.17            2675 2660 2750 2615 72315
2015.07.20            2725 2680 2750 2625 96991
2015.07.21            2940 2730 3300 2730 618536
2015.07.22            2960 2950 2995 2885 128197
2015.07.23            2940 3020 3020 2930 70915
2015.07.24            3035 3000 3050 2950 181717
2015.07.27            2880 3060 3060 2880 101807
2015.07.28            2850 2870 2870 2695 81605
2015.07.29            2815 2950 2950 2735 82305
2015.07.30            2690 2875 2880 2660 166783
2015.07.31            2740 2670 2930 2650 77858
2015.08.03            2850 2740 2945 2725 112711
2015.08.04            2750 2850 2885 2665 70993
2015.08.05            2880 2750 2920 2730 65998
2015.08.06            2790 2880 2890 2750 54391
2015.08.07            2740 2780 2865 2725 53051
2015.08.10            2710 2710 2800 2685 41574
2015.08.11            2610 2750 2750 2605 69804
2015.08.12            2415 2540 2590 2300 260383
2015.08.13            2450 2415 2570 2370 46593
2015.08.17            2400 2450 2470 2305 48843
2015.08.18            2390 2400 2480 2360 24454
2015.08.19            2305 2320 2395 2300 39685
2015.08.20            2260 2275 2370 2260 38258
2015.08.21            1920 2050 2200 1880 148312
2015.08.24            1900 2000 2075 1880 70957
2015.08.25            2010 1960 2050 1880 75561
2015.08.26            2085 2090 2090 1980 40414
2015.08.27            2270 2100 2305 2100 118879
2015.08.28            2250 2310 2310 2200 28774
2015.08.31            2270 2330 2330 2240 11681
2015.09.01            2250 2290 2290 2205 9082
2015.09.02            2245 2250 2265 2150 12510
2015.09.03            2190 2275 2300 2185 18626
2015.09.04            2140 2275 2275 2140 33314
2015.09.07            2170 2155 2225 2105 19219
2015.09.08            2120 2170 2220 2100 19885
2015.09.09            2170 2250 2250 2125 16375
2015.09.10            2170 2185 2185 2100 33832
2015.09.11            2170 2175 2220 2110 32379
2015.09.14            2115 2230 2230 2095 26636
2015.09.15            2130 2115 2130 2090 22625
2015.09.16            2165 2160 2260 2135 71316
2015.09.17            2410 2185 2810 2185 2741837
2015.09.18            2410 2465 2650 2345 490866
2015.09.21            2355 2375 2410 2300 226032
2015.09.22            3060 2375 3060 2375 4130912
2015.09.23            3000 3100 3720 2880 7029417
2015.09.24            2650 3010 3010 2625 1484081
2015.09.25            2755 2685 2920 2665 889403
2015.09.30            3155 2660 3315 2615 3018821
2015.10.01            2950 3155 3165 2930 894467
2015.10.02            2770 2995 3000 2735 681815
2015.10.05            2715 2770 2855 2680 650917
2015.10.06            2825 2775 3055 2725 2418461
2015.10.07            2605 2840 2855 2605 692600
2015.10.08            2620 2560 2675 2460 481569
2015.10.12            2520 2610 2650 2455 339297
2015.10.13            2460 2495 2525 2425 378017
2015.10.14            2575 2465 2660 2460 485347
2015.10.15            2780 2570 2865 2570 958619
2015.10.16            2750 2800 2860 2735 385288
2015.10.19            2880 2720 2915 2720 308243
2015.10.20            3000 2875 3330 2870 1847505
2015.10.21            2860 2960 2970 2840 456310
2015.10.22            3020 2970 3200 2870 934373
2015.10.23            2915 3150 3245 2915 495458
2015.10.26            2950 2980 3025 2880 207431
2015.10.27            2850 2990 2990 2840 209272
2015.10.28            3260 2950 3445 2910 1762296
2015.10.29            3245 3200 3300 3120 644374
2015.10.30            3155 3195 3235 2975 451467
2015.11.02            3095 3155 3270 3030 159366
2015.11.03            3020 3090 3160 2990 200986
2015.11.04            3065 3025 3090 2965 168059
2015.11.05            2945 3095 3130 2945 174132
2015.11.06            2880 2930 2985 2850 125338
2015.11.09            2685 2920 2920 2630 136814
2015.11.10            2685 2690 2785 2595 139189
2015.11.11            2845 2685 2850 2685 51672
2015.11.12            2875 2845 2980 2750 62172
2015.11.13            2760 2850 2905 2705 103654
2015.11.16            2615 2710 2835 2615 136632
2015.11.17            2695 2600 2700 2600 114420
2015.11.18            2650 2680 2805 2630 89016
2015.11.19            2840 2655 2890 2655 195822
2015.11.20            2850 2850 2970 2815 62441
2015.11.23            2820 2860 2945 2750 137508
2015.11.24            2995 2790 3010 2790 307676
2015.11.25            2965 3020 3040 2890 169368
2015.11.26            2940 3000 3025 2875 153814
2015.11.27            2910 2890 2960 2860 101709
2015.11.30            2780 2910 2910 2770 104347
2015.12.01            2955 2850 2975 2810 181754
2015.12.02            3000 2970 3000 2850 232680
2015.12.03            2985 3015 3025 2930 176470
2015.12.04            2905 2970 2970 2830 185234
2015.12.07            2950 2930 3040 2860 225468
2015.12.08            2950 2950 3240 2880 979090
2015.12.09            2850 2985 2985 2805 327742
2015.12.10            2645 2835 2850 2600 461096
2015.12.11            2565 2710 2845 2440 538938
2015.12.14            2340 2500 2515 2320 426019
2015.12.15            2420 2360 2425 2335 127287
2015.12.16            2445 2455 2535 2420 148849
2015.12.17            2485 2500 2570 2450 106330
2015.12.18            2510 2470 2540 2415 110535
2015.12.21            2580 2530 2645 2500 124124
2015.12.22            2515 2630 2630 2515 136030
2015.12.23            2665 2595 2740 2510 222227
2015.12.24            2660 2735 2735 2630 83511
2015.12.28            2600 2600 2690 2570 80315
2015.12.29            2645 2590 2690 2575 56587
2015.12.30            2645 2675 2735 2610 134845
2016.01.04            2610 2625 2700 2610 153888
2016.01.05            2610 2585 2620 2510 92657
2016.01.06            2545 2610 2650 2515 104559
2016.01.07            2465 2545 2550 2435 54880
2016.01.08            2425 2450 2465 2370 178308
2016.01.11            2445 2430 2485 2340 61917
2016.01.12            2405 2450 2510 2400 61716
2016.01.13            2485 2405 2510 2370 104193
2016.01.14            2425 2440 2495 2405 74492
2016.01.15            2530 2500 2650 2450 309148
2016.01.18            2565 2500 2595 2480 90751
2016.01.19            2525 2565 2615 2465 118767
2016.01.20            2400 2540 2550 2310 129847
2016.01.21            2365 2350 2400 2240 99996
2016.01.22            2220 2395 2395 2170 235692
2016.01.25            2220 2260 2280 2205 93156
2016.01.26            2220 2225 2245 2120 122282
2016.01.27            2090 2220 2220 2060 211561
2016.01.28            2185 2105 2205 2100 61953
2016.01.29            2195 2200 2205 2125 88111
2016.02.01            2150 2195 2205 2130 55500
2016.02.02            2125 2130 2150 2100 33512
2016.02.03            2140 2175 2175 2120 31550
2016.02.04            2160 2165 2180 2100 45174
2016.02.05            2150 2160 2200 2125 40354
2016.02.11            2005 2060 2145 1955 159848
2016.02.12            2005 1950 2005 1880 125054
2016.02.15            2015 2000 2040 1975 40205
2016.02.16            2100 2050 2125 2020 42166
2016.02.17            2100 2130 2130 2035 98981
2016.02.18            2120 2205 2205 2100 29659
2016.02.19            2155 2170 2170 2110 29067
2016.02.22            2155 2155 2155 2100 35295
2016.02.23            2215 2175 2245 2140 66093
2016.02.24            2425 2215 2500 2175 409456
2016.02.25            2425 2415 2570 2395 302283
2016.02.26            2390 2390 2440 2330 78417
2016.02.29            2445 2400 2485 2400 89540
2016.03.02            2215 2420 2470 2200 306962
2016.03.03            2240 2215 2295 2110 157243
2016.03.04            2200 2190 2240 2160 107087
2016.03.07            2230 2200 2300 2200 81551
2016.03.08            2150 2205 2285 2150 91350
2016.03.09            2275 2180 2370 2145 300710
2016.03.10            2295 2275 2315 2240 43817
2016.03.11            2310 2300 2345 2270 82465
2016.03.14            2330 2310 2345 2255 76106
2016.03.15            2275 2340 2340 2270 50220
2016.03.16            2240 2245 2315 2240 36863
2016.03.17            2300 2200 2300 2200 45067
2016.03.18            2345 2335 2360 2285 97887
2016.03.21            2360 2380 2410 2250 113436
2016.03.22            2305 2400 2400 2280 71146
2016.03.23            2250 2285 2300 2220 84572
2016.03.24            2265 2225 2745 2225 1052500
2016.03.25            2370 2260 2440 2260 243267
2016.03.28            2325 2380 2430 2325 134736
2016.03.29            2445 2380 2490 2345 178698
2016.03.30            2395 2445 2460 2375 86651
2016.03.31            2415 2430 2545 2390 96921
2016.04.01            2405 2470 2470 2400 69374
2016.04.04            2475 2405 2490 2390 130318
2016.04.05            2740 2475 2770 2475 1226315
2016.04.06            2700 2740 2865 2665 619649
2016.04.07            2680 2750 2750 2620 199983
2016.04.08            2580 2680 2730 2500 274587
2016.04.11            2680 2625 2790 2580 357906
2016.04.12            2760 2730 2825 2680 517610
2016.04.14            2880 2845 2970 2760 1183383
2016.04.15            3185 2900 3335 2855 1618445
2016.04.18            3775 3290 3900 3260 3583259
2016.04.19            3935 3770 4030 3490 2231312
2016.04.20            3505 3765 3790 3380 1505021
2016.04.21            3640 3430 3920 3300 1096080
2016.04.22            3655 3770 3810 3530 436872
2016.04.25            3540 3615 3630 3400 493036
2016.04.26            2745 3540 3890 2745 1557832
2016.04.27            2620 2750 2940 2560 1257282
2016.04.28            2860 2660 3080 2605 1724800
2016.04.29            2870 2910 2940 2750 348659
2016.05.02            2625 2860 2860 2610 383769
2016.05.03            2640 2640 2800 2605 318178
2016.05.04            2585 2595 2630 2495 328705
2016.05.09            2590 2645 2690 2550 196348
2016.05.10            2605 2590 2665 2505 184074
2016.05.11            2600 2675 2675 2565 216630
2016.05.12            2665 2620 2720 2550 285954
2016.05.13            2670 2710 2710 2635 138461
2016.05.16            2590 2670 2670 2570 171051
2016.05.17            2980 2650 2980 2585 1118780
2016.05.18            3500 3105 3750 3105 3403001
2016.05.19            3400 3700 3860 3220 1775601
2016.05.20            3390 3430 3430 3180 543348
2016.05.23            3680 3535 3855 3535 1193505
2016.05.24            3760 3770 3795 3550 553312
2016.05.25            3610 3630 3700 3515 350605
2016.05.26            3420 3555 3590 3230 598602
2016.05.27            3220 3300 3350 3170 631319
2016.05.30            3280 3000 3330 3000 588547
2016.05.31            3210 3230 3370 3200 369813
2016.06.01            3330 3240 3560 3165 855852
2016.06.02            3560 3350 3595 3330 794115
2016.06.03            3535 3600 3880 3450 1097248
2016.06.07            3770 3570 3945 3555 1803780
2016.06.08            2680 3800 4065 2650 6137315
2016.06.09            2745 2690 2805 2600 2866046
2016.06.10            2710 2740 2740 2670 631473
2016.06.13            2600 2645 2720 2560 948175
2016.06.14            2590 2610 2665 2580 545385
2016.06.15            2655 2520 2705 2510 658832
2016.06.16            2585 2655 2655 2570 426942
2016.06.17            2655 2610 2820 2600 1084645
2016.06.20            2665 2695 2740 2630 419486
2016.06.21            2645 2745 2745 2615 272021
2016.06.22            2615 2645 2675 2585 384059
2016.06.23            2510 2565 2635 2465 356612
2016.06.24            2280 2575 2630 2240 680248
2016.06.27            2230 2245 2305 2110 440623
2016.06.28            2340 2295 2410 2245 1805157
2016.06.29            2340 2335 2395 2315 900924
2016.06.30            2290 2340 2360 2270 759890
2016.07.01            2370 2325 2485 2300 1127868
2016.07.04            2335 2330 2395 2285 673224
2016.07.05            2485 2340 2560 2295 1316207
2016.07.06            2555 2485 2730 2365 2118026
2016.07.07            2505 2590 2590 2500 405586
2016.07.08            2525 2545 2625 2510 457262
2016.07.11            2535 2550 2565 2505 266453
2016.07.12            2605 2565 2625 2545 405648
2016.07.13            2605 2610 2620 2570 233756
2016.07.14            2585 2605 2610 2520 330596
2016.07.15            2850 2615 2945 2600 2405423
2016.07.18            2730 2940 3000 2650 1580933
2016.07.19            2715 2755 2780 2660 392011
2016.07.20            2720 2760 2760 2665 352591
2016.07.21            2765 2730 2890 2660 408705
2016.07.22            2655 2765 2775 2650 366365
2016.07.25            2580 2650 2675 2550 457405
2016.07.26            2725 2600 2730 2580 380382
2016.07.27            2635 2740 2740 2635 266210
2016.07.28            2620 2620 2670 2585 168974
2016.07.29            2645 2620 2665 2605 106485
2016.08.01            2720 2670 2800 2625 732078
2016.08.02            2900 2720 2990 2670 1516962
2016.08.03            2840 2900 2900 2780 424917
2016.08.04            2800 2860 2890 2750 240717
2016.08.05            3065 2815 3160 2815 1839941
2016.08.08            3020 3080 3080 2970 524044
2016.08.09            3090 3020 3090 2965 468047
2016.08.10            3020 3050 3115 2960 415110
2016.08.11            3220 2955 3280 2955 989907
2016.08.12            3405 3180 3550 3180 2177344
2016.08.16            3860 3550 3895 3515 3653568
2016.08.17            3790 4040 4235 3450 5187993
2016.08.18            3775 3840 3840 3605 925086
2016.08.19            3940 3765 4050 3680 2031899
2016.08.22            4190 3985 4250 3900 2387328
2016.08.23            4185 4260 4305 4020 1031067
2016.08.24            4040 4185 4185 4015 712056
2016.08.25            4225 4000 4290 3845 1118479
2016.08.26            4030 4280 4400 4020 938923
2016.08.29            3780 4015 4070 3750 668520
2016.08.30            3815 3715 3995 3715 447011
2016.08.31            3710 3885 3890 3660 447847
2016.09.01            3600 3840 3840 3520 407081
2016.09.02            3385 3600 3605 3300 733380
2016.09.05            3325 3390 3450 3170 599497
2016.09.06            3625 3390 3730 3320 1165129
2016.09.07            3540 3710 3710 3500 438819
2016.09.08            3570 3590 3670 3505 327626
2016.09.09            3295 3580 3580 3080 1019308
2016.09.12            3675 3150 3740 3150 979663
2016.09.13            3860 3685 3940 3530 1096911
2016.09.19            3835 3780 3920 3750 264883
2016.09.20            3830 3940 4055 3805 666101
2016.09.21            3595 3835 3930 3470 762549
2016.09.22            3630 3615 3810 3595 806269
2016.09.23            3650 3685 3710 3495 1354852
2016.09.26            3730 3840 3850 3650 633481
2016.09.27            3665 3730 3800 3595 275077
2016.09.28            3620 3665 3720 3580 242780
2016.09.29            3500 3615 3620 3350 439221
2016.09.30            3635 3445 4040 3425 1489108
2016.10.04            3810 3415 3820 3300 1674325
2016.10.05            4410 4080 4640 4050 7427560
2016.10.06            4450 4410 4830 4170 4989183
2016.10.07            4545 4505 4645 4265 2372810
2016.10.10            4550 4600 4775 4450 2065166
2016.10.11            4305 4500 4545 4160 1280504
2016.10.12            4320 4285 4420 4160 631103
2016.10.13            4400 4370 4655 4300 1875244
2016.10.14            4295 4390 4400 4200 399670
2016.10.17            4100 4495 4495 4095 818480
2016.10.18            4100 4100 4260 4060 487782
2016.10.19            4290 4100 4290 3700 689813
2016.10.20            3690 4290 4295 3680 1007501
2016.10.21            3850 3840 4075 3700 1157546
2016.10.24            3560 3850 3890 3560 394808
2016.10.25            3430 3500 3600 3430 410374
2016.10.26            2940 3370 3395 2405 5075195
2016.10.27            3090 2900 3145 2820 1179097
2016.10.28            3085 3045 3250 3045 527488
2016.10.31            2955 3085 3085 2850 324577
2016.11.01            2800 2940 3000 2770 353228
2016.11.02            2395 2800 2800 2395 892627
2016.11.03            2560 2320 2600 2320 809382
2016.11.04            2730 2560 2950 2485 731629
2016.11.07            2650 2750 2815 2590 492450
2016.11.08            2625 2695 2695 2505 514604
2016.11.09            2475 2695 2775 2230 869858
2016.11.10            2500 2480 2625 2475 351185
2016.11.11            2425 2500 2565 2370 600262
2016.11.14            2455 2425 2480 2400 279363
2016.11.15            2450 2430 2535 2410 234507
2016.11.16            2660 2475 2670 2475 512035
2016.11.17            2550 2710 2750 2500 552523
2016.11.18            2440 2590 2590 2430 428123
2016.11.21            2430 2420 2530 2405 209334
2016.11.22            2425 2430 2495 2420 127547
2016.11.23            2380 2430 2475 2360 218543
2016.11.24            2320 2390 2430 2240 441734
2016.11.25            2370 2345 2375 2235 274790
2016.11.28            2340 2430 2430 2295 201331
2016.11.29            2250 2295 2355 2185 202365
2016.11.30            2125 2255 2310 2125 237165
2016.12.01            2060 2105 2160 1960 464760
2016.12.02            2015 2060 2120 2010 199604
2016.12.05            1860 2015 2035 1815 757890
2016.12.06            1920 1920 1975 1875 392593
2016.12.07            1840 1920 1945 1800 254972
2016.12.08            1835 1860 1930 1790 242778
2016.12.09            2080 1880 2270 1850 3004084
2016.12.12            2135 2105 2190 2030 612817
2016.12.13            2095 2150 2190 2050 413344
2016.12.14            2420 2150 2420 2090 1258501
2016.12.15            2330 2440 2465 2270 1181891
2016.12.16            2315 2345 2445 2305 714268
2016.12.19            2200 2380 2380 2195 558864
2016.12.20            2300 2215 2435 2155 1201955
2016.12.21            2245 2300 2360 2230 332796
2016.12.22            2225 2215 2360 2180 877966
2016.12.23            2200 2250 2265 2170 289978
2016.12.26            2140 2220 2295 2120 362175
2016.12.27            2100 2120 2180 2100 243563
2016.12.28            2055 2115 2115 2030 316896
2016.12.29            2080 2050 2120 2005 222677
2017.01.02            2050 2120 2130 2050 202012
2017.01.03            2190 2035 2225 2035 486779
2017.01.04            2260 2220 2290 2170 626999
2017.01.05            2290 2260 2375 2260 803629
2017.01.06            2275 2315 2315 2250 344146
2017.01.09            2205 2305 2305 2190 331477
2017.01.10            2195 2235 2250 2160 375847
2017.01.11            2180 2200 2225 2155 221467
2017.01.12            2105 2180 2180 2095 336392
2017.01.13            2230 2135 2340 2110 1111923
2017.01.16            2175 2225 2265 2135 294972
2017.01.17            2180 2145 2250 2120 317991
2017.01.18            2160 2195 2200 2105 300499
2017.01.19            2085 2185 2200 2085 350204
2017.01.20            2080 2100 2105 2025 204833
2017.01.23            1945 2080 2080 1945 374881
2017.01.24            1985 1990 2015 1940 146989
2017.01.25            1950 1970 2030 1945 169326
2017.01.26            2000 1940 2045 1940 144162
2017.01.31            2005 2040 2090 2000 193840
2017.02.01            2135 2005 2160 1985 462678
2017.02.02            2100 2155 2160 2055 278009
2017.02.03            1975 2080 2125 1975 281604
2017.02.06            1820 1975 2000 1800 753844
2017.02.07            1760 1830 1830 1690 637304
2017.02.08            1815 1785 1840 1760 341109
2017.02.09            1825 1815 1870 1780 192788
2017.02.10            1795 1820 1850 1770 233131
2017.02.13            1760 1795 1800 1710 248676
2017.02.14            1750 1795 1795 1720 207742
2017.02.15            1790 1705 1895 1695 419610
2017.02.16            1750 1810 1820 1710 240392
2017.02.17            1785 1765 1785 1715 132614
2017.02.20            1780 1755 1810 1745 142343
2017.02.21            1785 1800 1825 1755 158044
2017.02.22            1780 1790 1810 1750 205435
2017.02.23            1775 1850 2105 1765 4519488
2017.02.24            1765 1775 1845 1750 401956
2017.02.27            1750 1770 1775 1710 335697
2017.02.28            1725 1760 1760 1710 168842
2017.03.02            1695 1730 1750 1680 254761
2017.03.03            1580 1680 1685 1535 436453
2017.03.06            1580 1585 1610 1535 190521
2017.03.07            1600 1605 1610 1565 115188
2017.03.08            1590 1620 1620 1555 191259
2017.03.09            1555 1600 1600 1540 134090
2017.03.10            1545 1560 1565 1490 213844
2017.03.13            1610 1565 1635 1515 232006
2017.03.14            1610 1615 1665 1600 181571
2017.03.15            1575 1620 1670 1575 185941
2017.03.16            1595 1575 1635 1545 164075
2017.03.17            1600 1595 1615 1570 124065
2017.03.20            1550 1610 1620 1545 147536
2017.03.21            1550 1530 1590 1530 91196
2017.03.22            1550 1540 1570 1505 162330
2017.03.23            1205 1520 1545 1205 1458717
2017.03.24            1205 0 0 0 0
2017.03.27            1205 0 0 0 0
2017.03.28            1205 0 0 0 0
2017.03.29            1205 0 0 0 0
2017.03.30            1205 0 0 0 0
2017.03.31            1205 0 0 0 0
2017.04.03            1205 0 0 0 0
2017.04.04            1205 0 0 0 0
2017.04.05            1205 0 0 0 0
2017.04.06            1205 0 0 0 0
2017.04.07            1205 0 0 0 0
2017.04.10            1205 0 0 0 0
2017.04.11            1205 0 0 0 0
2017.04.12            1205 0 0 0 0
2017.04.13            1205 0 0 0 0
2017.04.14            1205 0 0 0 0
2017.04.17            1205 0 0 0 0
2017.04.18            1205 0 0 0 0
2017.04.19            1205 0 0 0 0
2017.04.20            1205 0 0 0 0
2017.04.21            1205 0 0 0 0
2017.04.24            1205 0 0 0 0
2017.04.25            1205 0 0 0 0
2017.04.26            1205 0 0 0 0
2017.04.27            1205 0 0 0 0
2017.04.28            1205 0 0 0 0
2017.05.02            1205 0 0 0 0
2017.05.04            1205 0 0 0 0
2017.05.08            1205 0 0 0 0
2017.05.10            1205 0 0 0 0
2017.05.11            1205 0 0 0 0
2017.05.12            1205 0 0 0 0
2017.05.15            1205 0 0 0 0
2017.05.16            1205 0 0 0 0
2017.05.17            1205 0 0 0 0
2017.05.18            1205 0 0 0 0
2017.05.19            1205 0 0 0 0
2017.05.22            1205 0 0 0 0
2017.05.23            1205 0 0 0 0
2017.05.24            1205 0 0 0 0
2017.05.25            1205 0 0 0 0
2017.05.26            1205 0 0 0 0
2017.05.29            1205 0 0 0 0
2017.05.30            1205 0 0 0 0
2017.05.31            1205 0 0 0 0
2017.06.01            1205 0 0 0 0
2017.06.02            1205 0 0 0 0
2017.06.05            1205 0 0 0 0
2017.06.07            1205 0 0 0 0
2017.06.08            1205 0 0 0 0
2017.06.09            1205 0 0 0 0
2017.06.12            1205 0 0 0 0
2017.06.13            1205 0 0 0 0
2017.06.14            1205 0 0 0 0
2017.06.15            1205 0 0 0 0
2017.06.16            1205 0 0 0 0
2017.06.19            1205 0 0 0 0
2017.06.20            1205 0 0 0 0
2017.06.21            1205 0 0 0 0
2017.06.22            1205 0 0 0 0
2017.06.23            1205 0 0 0 0
2017.06.26            1205 0 0 0 0
2017.06.27            1205 0 0 0 0
2017.06.28            1205 0 0 0 0
2017.06.29            1205 0 0 0 0
2017.06.30            1205 0 0 0 0
2017.07.03            1205 0 0 0 0
2017.07.04            1205 0 0 0 0
2017.07.05            1205 0 0 0 0
2017.07.06            1205 0 0 0 0
2017.07.07            1205 0 0 0 0
2017.07.10            1205 0 0 0 0
2017.07.11            1205 0 0 0 0
2017.07.12            1205 0 0 0 0
2017.07.13            1205 0 0 0 0
2017.07.14            1205 0 0 0 0
2017.07.17            1205 0 0 0 0
2017.07.18            1205 0 0 0 0
2017.07.19            1205 0 0 0 0
2017.07.20            1205 0 0 0 0
2017.07.21            1205 0 0 0 0
2017.07.24            1205 0 0 0 0
2017.07.25            1205 0 0 0 0
2017.07.26            1205 0 0 0 0
2017.07.27            1205 0 0 0 0
2017.07.28            1205 0 0 0 0
2017.07.31            1205 0 0 0 0
2017.08.01            1205 0 0 0 0
2017.08.02            2600 2000 2600 1850 21002622
2017.08.03            2710 2855 3135 2570 23783951
2017.08.04            2315 2695 2700 2205 8515782
2017.08.07          2215 2275 2370 2140 6898632
2017.08.08          2240 2230 2440 2185 5366049
2017.08.09         2055 2225 2225 1990 2554034
2017.08.10        2005 2035 2085 1930 1938745
2017.08.11   1825 2045 2120 1715 3236855
2017.08.14   1640 1825 1830 1600 2248388
2017.08.16  1770 1640 1970 1640 7561233
2017.08.17  1700 1770 1770 1660 1566371
2017.08.18  2210 1735 2210 1735 17442958
2017.08.21  2085 2350 2350 2055 9643687
2017.08.22  1970 2020 2155 1925 3614810
2017.08.23  2335 2070 2540 2050 27802349
2017.08.24  2620 2415 2785 2370 25310778
2017.08.25  2640 2720 2990 2570 19019832
2017.08.28  2650 2730 2855 2495 6749057
2017.08.29  2665 2620 2825 2555 5061988
