2014.10.13        1995 1990 2000 1985 889810
2014.10.14        1995 2000 2000 1990 93186
2014.10.15        1990 1995 2000 1990 38549
2014.10.16        1990 1985 1995 1980 98212
2014.10.17        2005 1990 2005 1985 192455
2014.10.20        2000 1995 2015 1990 206057
2014.10.21        2010 2000 2010 2000 37803
2014.10.22        2005 2000 2010 2000 43732
2014.10.23        2005 2005 2005 2000 52154
2014.10.24        2010 2005 2015 2005 56588
2014.10.27        2015 2010 2015 2005 60835
2014.10.28        2120 2015 2315 2010 310941
2014.10.29        2195 2120 2290 2115 370376
2014.10.30        2100 2200 2235 2060 153870
2014.10.31        2100 2085 2120 2080 32421
2014.11.03        2050 2100 2100 2035 99232
2014.11.04        2050 2060 2060 2015 130555
2014.11.05        2055 2040 2090 2020 61589
2014.11.06        2050 2060 2085 2040 40292
2014.11.07        2145 2100 2300 2060 115641
2014.11.10        2095 2120 2170 2080 23525
2014.11.11        2115 2120 2120 2090 28295
2014.11.12        2090 2050 2115 2050 34756
2014.11.13        2070 2060 2070 2050 53776
2014.11.14        2095 2050 2110 2050 49541
2014.11.17        2085 2090 2095 2060 12258
2014.11.18        2090 2070 2100 2070 9632
2014.11.19        2100 2080 2110 2080 54218
2014.11.20        2100 2115 2115 2080 72988
2014.11.21        2075 2085 2115 2065 20950
2014.11.24        2030 2075 2075 2030 60572
2014.11.25        2060 2035 2065 2035 12725
2014.11.26        2040 2035 2050 2030 27227
2014.11.27        2120 2035 2120 2030 20358
2014.11.28        2085 2100 2125 2055 37707
2014.12.01        2055 2050 2095 2040 7225
2014.12.02        2050 2030 2055 2030 14582
2014.12.03        2040 2100 2100 2030 73517
2014.12.04        2070 2030 2085 2030 5462
2014.12.05        2045 2060 2080 2020 17688
2014.12.08        2045 2055 2055 2025 9902
2014.12.09        2035 2030 2055 2015 7467
2014.12.10        2035 2010 2050 2010 3724
2014.12.11        2040 2050 2050 2020 20434
2014.12.12        2030 2020 2040 2015 19487
2014.12.15        2035 2010 2035 2010 20016
2014.12.16        2025 2025 2025 2015 120161
2014.12.17        2010 2020 2020 2010 23996
2014.12.18        2010 2005 2015 2005 31890
2014.12.19        2040 2010 2040 2005 23101
2014.12.22        2015 2010 2020 2010 18005
2014.12.23        2010 2010 2030 2010 34966
2014.12.24        2020 2010 2020 2005 57517
2014.12.26        2005 2010 2010 2005 77939
2014.12.29        2015 2005 2030 2005 81521
2014.12.30        2010 2010 2030 2005 39421
2015.01.02        2010 2010 2040 2005 31299
2015.01.05        2010 2010 2030 2010 16253
2015.01.06        2010 2020 2020 2010 19279
2015.01.07        2010 2015 2020 2010 30672
2015.01.08        2020 2015 2020 2010 50340
2015.01.09        2035 2020 2035 2020 14200
2015.01.12        2040 2050 2050 2025 15053
2015.01.13        2030 2020 2030 2020 5853
2015.01.14        2030 2030 2050 2025 22008
2015.01.15        2045 2035 2080 2035 33752
2015.01.16        2055 2060 2065 2045 31054
2015.01.19        2090 2070 2100 2070 46101
2015.01.20        2075 2100 2100 2070 35451
2015.01.21        2085 2100 2100 2070 13097
2015.01.22        2080 2090 2090 2055 48232
2015.01.23        2100 2080 2100 2075 27874
2015.01.26        2100 2070 2100 2070 19591
2015.01.27        2105 2095 2110 2080 22001
2015.01.28        2105 2075 2105 2075 68776
2015.01.29        2100 2100 2105 2100 28597
2015.01.30        2120 2120 2140 2105 13693
2015.02.02        2125 2150 2150 2115 23955
2015.02.03        2185 2130 2185 2130 23109
2015.02.04        2195 2185 2200 2180 12932
2015.02.05        2195 2200 2200 2170 9061
2015.02.06        2195 2195 2195 2185 2080
2015.02.09        2205 2165 2220 2160 20346
2015.02.10        2120 2205 2205 2100 200111
2015.02.11        2150 2115 2155 2115 28801
2015.02.12        2120 2115 2120 2095 31289
2015.02.13        2150 2120 2150 2100 25550
2015.02.16        2125 2150 2150 2105 24550
2015.02.17        2135 2135 2160 2120 47821
2015.02.23        2160 2175 2175 2145 21789
2015.02.24        2170 2180 2190 2165 14082
2015.02.25        2160 2180 2190 2140 41290
2015.02.26        2190 2160 2190 2160 30654
2015.02.27        2190 2180 2210 2180 19340
2015.03.02        2210 2200 2220 2190 23999
2015.03.03        2200 2195 2210 2195 30852
2015.03.04        2205 2200 2220 2195 40139
2015.03.05        2215 2205 2235 2205 41042
2015.03.06        2255 2245 2260 2220 42238
2015.03.09        2230 2250 2255 2215 28414
2015.03.10        2165 2200 2200 2100 139079
2015.03.11        2165 2150 2180 2140 69110
2015.03.12        2155 2160 2160 2125 57346
2015.03.13        2180 2140 2180 2140 24086
2015.03.16        2180 2160 2180 2160 40927
2015.03.17        2170 2160 2190 2160 27176
2015.03.18        2260 2195 2300 2195 145814
2015.03.19        2305 2260 2330 2235 147892
2015.03.20        2395 2325 2415 2310 110872
2015.03.23        2400 2390 2440 2360 96140
2015.03.24        2350 2430 2455 2240 97097
2015.03.25        2340 2280 2370 2280 159356
2015.03.26        2265 2395 2395 2255 45189
2015.03.27        2185 2265 2360 2160 97003
2015.03.30        2255 2190 2285 2165 86998
2015.03.31        2185 2270 2270 2165 31983
2015.04.01        2195 2185 2220 2175 29784
2015.04.02        2200 2180 2210 2180 22048
2015.04.03        2215 2200 2225 2200 4651
2015.04.06        2235 2230 2240 2220 9241
2015.04.07        2230 2205 2230 2205 8458
2015.04.08        2200 2245 2245 2200 40961
2015.04.09        2210 2210 2215 2195 39758
2015.04.10        2215 2200 2230 2200 16677
2015.04.13        2205 2290 2290 2200 22343
2015.04.14        2210 2200 2265 2195 43495
2015.04.15        2245 2215 2280 2205 18605
2015.04.16        2245 2280 2280 2225 10847
2015.04.17        2240 2225 2290 2225 12144
2015.04.20        2245 2250 2250 2220 44528
2015.04.21        2275 2250 2300 2245 81251
2015.04.22        2275 2275 2295 2265 42875
2015.04.23        2280 2290 2290 2270 8339
2015.04.24        2255 2260 2295 2225 36317
2015.04.27        2260 2280 2280 2235 16863
2015.04.28        2245 2250 2250 2235 19320
2015.04.29        2255 2245 2275 2240 5515
2015.04.30        2240 2255 2255 2220 135413
2015.05.04        2230 2230 2240 2225 41781
2015.05.06        2230 2230 2235 2220 18410
2015.05.07        2230 2225 2230 2210 21334
2015.05.08        2235 2220 2235 2215 34356
2015.05.11        2250 2235 2275 2235 5999
2015.05.12        2235 2210 2255 2210 4609
2015.05.13        2240 2260 2260 2220 12295
2015.05.14        2230 2240 2240 2225 12533
2015.05.15        2245 2230 2245 2225 19402
2015.05.18        2245 2245 2250 2230 16897
2015.05.19        2280 2245 2285 2245 61322
2015.05.20        2260 2290 2290 2260 8204
2015.05.21        2250 2250 2250 2240 4447
2015.05.22        2250 2235 2255 2225 5349
2015.05.26        2220 2220 2245 2220 19147
2015.05.27        2220 2215 2225 2200 31395
2015.05.28        2225 2230 2235 2210 19717
2015.05.29        2220 2215 2225 2215 6801
2015.06.01        2220 2220 2225 2200 41839
2015.06.02        2215 2220 2225 2205 4453
2015.06.03        2215 2205 2220 2200 48222
2015.06.04        2215 2200 2215 2200 59104
2015.06.05        2220 2200 2225 2200 13420
2015.06.08        2225 2220 2240 2205 11938
2015.06.09        2225 2205 2235 2205 1408
2015.06.10        2200 2200 2215 2195 35011
2015.06.11        2200 2200 2225 2180 38090
2015.06.12        2180 2190 2195 2150 42872
2015.06.15        2195 2220 2220 2125 3018
2015.06.16        2140 2165 2200 2100 25960
2015.06.17        2125 2135 2140 2050 42209
2015.06.18        2120 2120 2120 2065 20437
2015.06.19        2115 2120 2120 2115 3083
2015.06.22        2120 2115 2130 2115 4675
2015.06.23        2120 2070 2130 2070 10524
2015.06.24        2105 2100 2105 2100 212
2015.06.25        2125 2105 2135 2080 5621
2015.06.26        2160 2220 2220 2135 7171
2015.06.29        2215 2160 2320 2160 122519
2015.06.30        2220 2220 2225 2150 7091
2015.07.01        2205 2250 2250 2200 6051
2015.07.02        2200 2155 2200 2155 1496
2015.07.03        2185 2195 2210 2180 8157
2015.07.06        2180 2225 2225 2165 6752
2015.07.07        2195 2165 2230 2160 39849
2015.07.08        2225 2190 2230 2175 6566
2015.07.09        2215 2215 2215 2215 3000
2015.07.10        2225 2220 2225 2215 4425
2015.07.13        2220 2225 2225 2180 4774
2015.07.14        2225 2235 2235 2220 5756
2015.07.15        2225 2235 2235 2200 16703
2015.07.16        2220 2225 2225 2215 2968
2015.07.17        2225 2200 2230 2200 1199
2015.07.20        2230 2235 2235 2220 18660
2015.07.21        2240 2235 2245 2230 10066
2015.07.22        2230 2240 2250 2230 5787
2015.07.23        2280 2250 2285 2250 10962
2015.07.24        2335 2270 2420 2270 117210
2015.07.27        2260 2345 2345 2260 21499
2015.07.28        2245 2250 2270 2210 17989
2015.07.29        2255 2245 2270 2245 3071
2015.07.30        2260 2255 2280 2225 17118
2015.07.31        2315 2310 2315 2255 11956
2015.08.03        2305 2315 2315 2235 3222
2015.08.04        2315 2315 2320 2265 1060
2015.08.05        2255 2320 2320 2245 49028
2015.08.06        2320 2265 2320 2260 17054
2015.08.07        2300 2300 2320 2290 12540
2015.08.10        2315 2280 2330 2280 29971
2015.08.11        2325 2340 2340 2290 32164
2015.08.12        2295 2280 2330 2265 10474
2015.08.13        2300 2250 2340 2250 2607
2015.08.17        2260 2255 2340 2255 8147
2015.08.18        2285 2250 2340 2250 16383
2015.08.19        2220 2255 2275 2200 53568
2015.08.20        2300 2220 2335 2220 39335
2015.08.21        2265 2235 2280 2205 5379
2015.08.24        2195 2260 2260 2160 17185
2015.08.25        2250 2215 2250 2190 8707
2015.08.26        2225 2250 2250 2190 6371
2015.08.27        2225 2225 2225 2225 91
2015.08.28        2230 2225 2230 2200 6219
2015.08.31        2230 2240 2280 2195 10858
2015.09.01        2205 2255 2255 2205 2185
2015.09.02        2250 2205 2250 2205 12715
2015.09.03        2180 2215 2285 2180 27612
2015.09.04        2175 2200 2260 2175 1834
2015.09.07        2175 2165 2185 2165 19867
2015.09.08        2175 2170 2175 2165 9203
2015.09.09        2180 2185 2185 2160 28796
2015.09.10        2200 2160 2200 2160 17090
2015.09.11        2185 2185 2185 2185 0
2015.09.14        2185 2185 2185 2155 6196
2015.09.15        2170 2180 2180 2155 4972
2015.09.16        2155 2150 2155 2130 16846
2015.09.17        2155 2130 2155 2130 3401
2015.09.18        2130 2130 2165 2125 6172
2015.09.21        2145 2130 2170 2130 5580
2015.09.22        2130 2125 2145 2105 1538
2015.09.23        2110 2140 2140 2105 11002
2015.09.24        2110 2100 2145 2100 36151
2015.09.25        2160 2105 2160 2105 3062
2015.09.30        2110 2155 2155 2105 6321
2015.10.01        2125 2130 2130 2110 147
2015.10.02        2125 2105 2125 2105 2503
2015.10.05        2110 2105 2180 2100 11816
2015.10.06        2135 2110 2170 2110 7152
2015.10.07        2120 2135 2135 2110 2383
2015.10.08        2105 2100 2130 2100 32250
2015.10.12        2115 2105 2150 2100 14021
2015.10.13        2110 2110 2110 2105 7907
2015.10.14        2110 2100 2110 2100 9427
2015.10.15        2110 2100 2115 2095 5456
2015.10.16        2120 2105 2120 2105 7245
2015.10.19        2120 2120 2120 2120 10
2015.10.20        2120 2100 2120 2100 2301
2015.10.21        2120 2120 2120 2120 510
2015.10.22        2110 2100 2120 2100 7051
2015.10.23        2110 2100 2110 2100 2425
2015.10.26        2110 2100 2110 2095 14654
2015.10.27        2095 2120 2120 2095 161
2015.10.28        2115 2095 2115 2095 212
2015.10.29        2115 2115 2115 2115 1
2015.10.30        2110 2090 2110 2090 11750
2015.11.02        2105 2105 2105 2095 349
2015.11.03        2100 2100 2100 2080 1239
2015.11.04        2095 2095 2095 2090 35
2015.11.05        2085 2075 2100 2070 12349
2015.11.06        2090 2100 2100 2060 5231
2015.11.09        2060 2095 2095 2060 4350
2015.11.10        2080 2060 2080 2050 2242
2015.11.11        2065 2030 2075 2030 7124
2015.11.12        2060 2050 2060 2025 3150
2015.11.13        2060 2065 2065 2045 1952
2015.11.16        2060 2035 2060 2035 4083
2015.11.17        2030 2020 2060 2015 1506
2015.11.18        2045 2030 2045 2030 3377
2015.11.19        2030 2005 2040 2005 4877
2015.11.20        2020 2020 2020 2020 48
2015.11.23        2015 2005 2020 2005 2735
2015.11.24        2005 2080 2080 2005 1486
2015.11.25        2015 2010 2015 2000 2618
2015.11.26        2010 2090 2090 2005 4577
2015.11.27        2010 2015 2020 2010 5454
2015.11.30        2005 2000 2045 2000 14815
2015.12.01        2005 2005 2010 2000 4293
2015.12.02        2025 2000 2030 2000 10797
2015.12.03        2000 2035 2035 2000 94
2015.12.04        2010 2005 2010 2000 2421
2015.12.07        2020 2010 2020 2005 1966
2015.12.08        2000 2035 2035 2000 2102
2015.12.09        2030 2005 2030 2000 5620
2015.12.10        2000 2000 2005 1995 20850
2015.12.11        2025 2025 2025 2025 1
2015.12.14        1995 2000 2000 1995 996
2015.12.15        2000 2000 2000 2000 2441
2015.12.16        2010 2030 2030 2000 2003
2015.12.17        2010 2000 2025 2000 3102
2015.12.18        2000 2000 2000 2000 1000
2015.12.21        2020 2000 2020 2000 11002
2015.12.22        2005 2000 2035 1985 31519
2015.12.23        2005 2005 2005 2005 15780
2015.12.24        2020 2000 2020 2000 10300
2015.12.28        2005 2005 2005 2000 14429
2015.12.29        2020 2000 2020 2000 2150
2015.12.30        2015 2020 2020 2000 572
2016.01.04        2015 2025 2025 2015 2051
2016.01.05        2000 2000 2000 1995 11065
2016.01.06        2020 2000 2020 2000 4000
2016.01.07        2000 2030 2030 2000 4351
2016.01.08        1995 2000 2005 1990 21518
2016.01.11        2005 2030 2030 2000 5300
2016.01.12        2005 2005 2030 2005 3486
2016.01.13        2010 2030 2030 2005 1405
2016.01.14        2005 2000 2005 2000 151
2016.01.15        2025 2005 2025 2005 520
2016.01.18        2020 2020 2020 2010 201
2016.01.19        2045 2005 2045 2000 5702
2016.01.20        2030 2000 2030 2000 5802
2016.01.21        2025 2000 2025 1995 571
2016.01.22        2025 2000 2025 2000 4
2016.01.25        2020 2000 2025 1995 1358
2016.01.26        2015 2020 2020 2005 101
2016.01.27        2015 2010 2015 2005 3805
2016.01.28        2015 2000 2015 2000 1445
2016.01.29        2085 2005 2100 2005 9788
2016.02.01        2075 2060 2075 2005 2342
2016.02.02        2050 2050 2055 2020 32
2016.02.03        2045 2045 2045 2045 0
2016.02.04        2045 2005 2070 2000 5595
2016.02.05        2005 2005 2005 2005 15
2016.02.11        2005 2000 2010 2000 1859
2016.02.12        2025 2010 2025 2000 9839
2016.02.15        2025 2000 2025 2000 2218
2016.02.16        2000 2000 2000 2000 3928
2016.02.17        2000 2015 2015 2000 3480
2016.02.18        2000 1995 2015 1995 18099
2016.02.19        2000 1990 2000 1990 4701
2016.02.22        1995 1995 2000 1995 661
2016.02.23        1995 2000 2000 1995 5282
2016.02.24        2000 1990 2000 1990 2601
2016.02.25        1995 1990 1995 1990 844
2016.02.26        1995 2000 2000 1990 2066
2016.02.29        1990 1995 1995 1990 3237
2016.03.02        2000 1995 2000 1980 1188
2016.03.03        1980 1990 1990 1980 9735
2016.03.04        2000 1985 2000 1980 9419
2016.03.07        1975 2015 2015 1975 2429
2016.03.08        1980 1990 1990 1980 501
2016.03.09        1980 1995 1995 1980 3252
2016.03.10        1990 1985 1990 1985 1614
2016.03.11        2000 1995 2005 1995 1300
2016.03.14        2000 2000 2000 2000 100
2016.03.15        2000 1990 2000 1990 1153
2016.03.16        1985 1985 1985 1985 1229
2016.03.17        2005 1980 2005 1980 503
2016.03.18        1995 1995 1995 1995 0
2016.03.21        1985 1985 1990 1985 12010
2016.03.22        1985 1985 1985 1980 17574
2016.03.23        1985 1975 1985 1975 42
2016.03.24        2010 1965 2010 1965 872
2016.03.25        2010 2010 2010 2010 14000
2016.03.28        2010 2010 2010 2000 11910
2016.03.29        2025 2010 2060 2010 11249
2016.03.30        2005 1985 2020 1985 1963
2016.03.31        2035 2005 2050 2005 1583
2016.04.01        2040 1975 2040 1975 141
2016.04.04        2030 2030 2030 2025 77216
2016.04.05        2030 1975 2030 1975 1634
2016.04.06        2025 1985 2025 1985 102
2016.04.07        2025 1985 2025 1985 1003
2016.04.08        2025 2025 2025 2025 0
2016.04.11        2020 2025 2025 2020 3
2016.04.12        2020 2020 2020 2015 17
2016.04.14        2020 2020 2020 2020 2802
2016.04.15        2010 2030 2030 2010 312
2016.04.18        2005 2010 2010 2005 681
2016.04.19        2020 2000 2020 2000 4834
2016.04.20        2005 2005 2005 2005 100
2016.04.21        2000 2010 2010 2000 21542
2016.04.22        2005 2005 2005 2005 1
2016.04.25        2005 2000 2005 1985 1513
2016.04.26        2010 2010 2010 2010 1
2016.04.27        2010 2010 2015 2010 2573
2016.04.28        2010 2010 2010 2010 0
2016.04.29        2010 1985 2010 1985 3352
2016.05.02        2010 1995 2010 1995 1051
2016.05.03        2000 2000 2000 2000 550
2016.05.04        2000 2000 2010 2000 999
2016.05.09        2050 2050 2050 2050 5
2016.05.10        1990 2050 2050 1990 1208
2016.05.11        1990 1990 1990 1990 482
2016.05.12        1995 1995 1995 1995 0
2016.05.13        1975 1985 1985 1975 2340
2016.05.16        2010 2000 2020 1980 11556
2016.05.17        2010 2010 2010 2010 0
2016.05.18        2005 2010 2010 1985 2450
2016.05.19        2005 1990 2005 1990 2
2016.05.20        2020 2010 2020 2010 3
2016.05.23        2020 2020 2020 2020 951
2016.05.24        1995 2000 2000 1985 100
2016.05.25        2000 1980 2000 1980 10501
2016.05.26        2005 1990 2005 1990 1089
2016.05.27        1995 1980 2030 1970 19446
2016.05.30        2000 1950 2000 1950 103676
2016.05.31        2000 1995 2000 1995 4501
2016.06.01        1990 1995 1995 1950 164355
2016.06.02        1990 1975 1990 1960 38525
2016.06.03        1985 1980 1990 1950 136384
2016.06.07        1980 1970 1985 1970 6015
2016.06.08        1960 1985 1985 1960 15523
2016.06.09        1995 1965 1995 1965 3005
2016.06.10        1990 1990 1990 1985 7597
2016.06.13        1995 1975 1995 1975 9688
2016.06.14        2000 1990 2000 1985 5837
2016.06.15        1995 1970 2000 1970 14940
2016.06.16        1995 1995 1995 1985 6714
2016.06.17        1990 1970 1995 1970 20272
2016.06.20        1980 1990 1990 1980 7765
2016.06.21        1985 1970 1985 1965 21001
2016.06.22        1990 1970 1990 1970 10216
2016.06.23        1995 1980 2000 1970 26284
2016.06.24        1985 1980 1985 1965 23887
2016.06.27        1985 1970 1985 1970 5413
2016.06.28        1995 1990 1995 1990 20661
2016.06.29        2000 1965 2015 1965 37856
2016.06.30        2020 2000 2020 2000 4107
2016.07.01        2030 2010 2030 2010 7543
2016.07.04        2010 1995 2015 1995 9992
2016.07.05        2015 2010 2020 2010 667
2016.07.06        2020 2015 2020 2015 256
2016.07.07        2020 2020 2020 2020 848
2016.07.08        2020 2025 2030 2020 1632
2016.07.11        2025 2025 2025 2005 365
2016.07.12        2025 2030 2030 2025 4601
2016.07.13        2030 2030 2030 2025 18288
2016.07.14        2030 2030 2030 2030 100
2016.07.15        2015 2020 2020 2010 3150
2016.07.18        2020 2020 2020 2005 2940
2016.07.19        2010 2010 2010 2010 5463
2016.07.20        2025 2000 2025 2000 9540
2016.07.21        2025 2025 2025 2025 3000
2016.07.22        2025 2005 2025 2005 918
2016.07.25        2010 2025 2030 2010 5504
2016.07.26        2010 2010 2010 2010 4
2016.07.27        2010 2010 2010 2010 511
2016.07.28        2015 2015 2015 2015 0
2016.07.29        2090 2015 2090 2015 2242
2016.08.01        2025 2025 2035 2025 1096
2016.08.02        2040 2020 2060 2020 11517
2016.08.03        2050 2040 2050 2040 10871
2016.08.04        2080 2100 2100 2060 5472
2016.08.05        2075 2080 2090 2060 6165
2016.08.08        2040 2030 2050 2030 15244
2016.08.09        2045 2040 2045 2040 13156
2016.08.10        2095 2055 2100 2055 28081
2016.08.11        2090 2085 2105 2085 47573
2016.08.12        2090 2090 2090 2065 44516
2016.08.16        2070 2090 2090 2045 22851
2016.08.17        2085 2040 2085 2040 1001
2016.08.18        2075 2075 2075 2075 1
2016.08.19        2075 2075 2075 2075 1
2016.08.22        2075 2035 2075 2035 31078
2016.08.23        2095 2045 2095 2040 40745
2016.08.24        2050 2050 2055 2050 277
2016.08.25        2075 2050 2075 2050 1277
2016.08.26        2050 2075 2075 2050 3009
2016.08.29        2075 2045 2075 2045 1008
2016.08.30        2075 0 0 0 0
2016.08.31        2075 0 0 0 0
2016.09.01        2075 0 0 0 0
2016.09.02        2075 0 0 0 0
2016.09.05        2075 0 0 0 0
2016.09.06        2075 0 0 0 0
2016.09.07        2075 0 0 0 0
2016.09.08        2075 0 0 0 0
2016.09.09        2075 0 0 0 0
2016.09.12        2075 0 0 0 0
2016.09.13        2075 0 0 0 0
2016.09.19        2075 0 0 0 0
2016.09.20        2075 0 0 0 0
2016.09.21        2075 0 0 0 0
2016.09.22        2075 0 0 0 0
2016.09.23        2075 0 0 0 0
2016.09.26        2075 0 0 0 0
2016.09.27        2075 0 0 0 0
2016.09.28        2075 0 0 0 0
2016.09.29        2075 0 0 0 0
2016.09.30        2075 0 0 0 0
2016.10.04        2075 0 0 0 0
2016.10.05        2075 0 0 0 0
2016.10.06        2075 0 0 0 0
2016.10.07        2075 0 0 0 0
2016.10.10        2075 0 0 0 0
2016.10.11        2075 0 0 0 0
2016.10.12        2075 0 0 0 0
2016.10.13        2075 0 0 0 0
2016.10.14        2115 2100 2150 2080 369458
2016.10.17        2100 2110 2120 2095 89316
2016.10.18        2115 2100 2130 2095 61953
2016.10.19        2135 2115 2150 2115 65252
2016.10.20        2135 2140 2140 2120 101090
2016.10.21        2135 2120 2140 2120 68185
2016.10.24        2100 2145 2145 2100 48134
2016.10.25        2110 2100 2125 2100 38241
2016.10.26        2105 2105 2120 2100 67194
2016.10.27        2110 2105 2120 2090 56625
2016.10.28        2110 2110 2110 2090 46841
2016.10.31        2105 2090 2105 2075 26566
2016.11.01        2090 2090 2100 2080 37653
2016.11.02        2085 2080 2100 2015 66538
2016.11.03        2060 2070 2070 2060 11938
2016.11.04        2030 2020 2055 2020 14610
2016.11.07        2020 2030 2030 2015 33755
2016.11.08        2000 2000 2020 2000 87569
2016.11.09        2000 2020 2020 1990 27085
2016.11.10        2000 1985 2040 1985 13833
2016.11.11        2000 1995 2000 1985 326
2016.11.14        1995 1995 2000 1995 7156
2016.11.15        1985 1995 1995 1985 1231
2016.11.16        1990 1990 1990 1990 3042
2016.11.17        2005 2000 2005 2000 4777
2016.11.18        2005 2010 2015 2005 7775
2016.11.21        2035 2005 2035 2005 11462
2016.11.22        2050 2050 2050 2035 20597
2016.11.23        2060 2050 2060 2050 32038
2016.11.24        2055 2060 2060 2050 49290
2016.11.25        2065 2050 2065 2050 73324
2016.11.28        2060 2070 2070 2055 242558
2016.11.29        2050 2060 2060 2030 149404
2016.11.30        2060 2050 2065 2050 136240
2016.12.01        2070 2060 2070 2040 165081
2016.12.02        2060 2080 2080 2060 85769
2016.12.05        2055 2070 2075 2000 25240
2016.12.06        2040 2000 2060 2000 27420
2016.12.07        2050 2005 2070 2005 32809
2016.12.08        2045 2050 2050 2040 5437
2016.12.09        2045 2045 2045 2020 16889
2016.12.12        1985 2045 2045 1985 26890
2016.12.13        1985 2000 2010 1980 32745
2016.12.14        1985 1985 1985 1985 999
2016.12.15        2000 2030 2030 1985 4176
2016.12.16        2010 2000 2010 2000 2828
2016.12.19        2030 2010 2030 2010 10347
2016.12.20        2010 2040 2050 2005 17961
2016.12.21        2020 2010 2050 2000 8092
2016.12.22        2020 2030 2030 2000 11710
2016.12.23        2025 2000 2030 1995 3891
2016.12.26        2040 2000 2040 1995 12127
2016.12.27        2040 2040 2040 2030 209
2016.12.28        2010 2050 2050 2000 4846
2016.12.29        2040 2050 2050 2010 2061
2017.01.02        2040 2010 2045 2010 2967
2017.01.03        2040 2010 2040 2010 1621
2017.01.04        2035 2035 2035 2035 110
2017.01.05        2035 2045 2045 2035 21
2017.01.06        2035 2035 2035 2020 9201
2017.01.09        2040 2045 2045 2035 2318
2017.01.10        2040 2040 2040 2035 8226
2017.01.11        2040 2040 2040 2035 508
2017.01.12        2040 2040 2040 2000 3917
2017.01.13        2040 2040 2040 2020 1359
2017.01.16        2035 2035 2035 2020 152
2017.01.17        2040 2075 2075 2030 6310
2017.01.18        2040 2045 2045 2030 4351
2017.01.19        2045 2035 2045 2035 8004
2017.01.20        1785 1900 1960 1785 873517
2017.01.23        1700 1800 1800 1625 947274
2017.01.24        1605 1740 1950 1590 5564834
2017.01.25        1555 1585 1615 1515 735346
2017.01.26        1580 1560 1715 1530 1845299
2017.01.31        1555 1570 1615 1550 331540
2017.02.01        1590 1640 1700 1565 812316
2017.02.02        1555 1570 1590 1545 264265
2017.02.03        1560 1550 1590 1545 252485
2017.02.06        1535 1575 1575 1515 236092
2017.02.07        1495 1535 1535 1465 584256
2017.02.08        1560 1505 1670 1500 1417856
2017.02.09        1590 1550 1600 1535 514147
2017.02.10        1570 1575 1630 1570 506330
2017.02.13        1545 1550 1580 1540 215235
2017.02.14        1535 1560 1565 1525 229560
2017.02.15        1565 1550 1595 1545 246114
2017.02.16        1565 1565 1590 1550 223477
2017.02.17        1560 1565 1585 1545 131932
2017.02.20        1540 1550 1575 1520 135084
2017.02.21        1540 1535 1565 1525 116174
2017.02.22        1515 1540 1565 1450 280291
2017.02.23        1550 1530 1570 1530 269660
2017.02.24        1505 1555 1560 1505 354885
2017.02.27        1515 1515 1525 1490 182002
2017.02.28        1475 1545 1545 1470 276607
2017.03.02        1500 1480 1505 1450 286823
2017.03.03        1475 1500 1510 1440 223027
2017.03.06        1375 1450 1475 1355 402626
2017.03.07        1460 1375 1570 1375 980815
2017.03.08        1460 1440 1485 1425 176588
2017.03.09        1480 1465 1560 1460 906721
2017.03.10        1500 1510 1525 1450 223722
2017.03.13        1475 1495 1510 1475 186392
2017.03.14        1480 1460 1480 1440 128823
2017.03.15        1485 1500 1505 1445 138269
2017.03.16        1485 1490 1510 1460 196342
2017.03.17        1535 1500 1550 1470 361493
2017.03.20        1525 1565 1565 1490 197409
2017.03.21        1525 1550 1585 1495 416645
2017.03.22        1515 1525 1570 1515 219888
2017.03.23        1510 1510 1660 1510 1296972
2017.03.24        1520 1510 1545 1490 265968
2017.03.27        1730 1525 1975 1520 16390600
2017.03.28        1730 1705 1730 1640 2456069
2017.03.29        1690 1710 1790 1685 1665232
2017.03.30        1660 1635 1685 1605 863160
2017.03.31        1745 1645 1870 1625 2316050
2017.04.03        1815 1765 1915 1750 1633040
2017.04.04        1775 1795 1865 1700 904364
2017.04.05        1840 1800 2050 1780 3871763
2017.04.06        1775 1850 1865 1775 768832
2017.04.07        1760 1785 1785 1730 382977
2017.04.10        1650 1745 1750 1580 523879
2017.04.11        1670 1640 1730 1595 398341
2017.04.12        1755 1680 1820 1670 772960
2017.04.13        1750 1765 1815 1720 268551
2017.04.14        1655 1755 1755 1625 351351
2017.04.17        1690 1655 1710 1655 207428
2017.04.18        1700 1710 1750 1670 132678
2017.04.19        2210 1700 2210 1700 5469744
2017.04.20        2160 2525 2560 2115 14066007
2017.04.21        2530 2140 2700 2115 35766436
2017.04.24        2525 2480 2565 2415 4936418
2017.04.25        2620 2500 2690 2440 6526513
2017.04.26        2335 2490 2500 2305 3068990
2017.04.27        2305 2365 2410 2235 2652048
2017.04.28        2335 2305 2335 2250 1224754
2017.05.02        2245 2310 2335 2205 912459
2017.05.04        2250 2275 2275 2200 404118
2017.05.08        2310 2270 2400 2260 1583253
2017.05.10        2375 2280 2375 2250 955285
2017.05.11        2395 2370 2395 2315 542946
2017.05.12        2455 2390 2475 2330 1229573
2017.05.15        2465 2570 2590 2350 1308044
2017.05.16        2380 2405 2425 2345 857573
2017.05.17        2345 2380 2390 2300 475271
2017.05.18        2255 2295 2305 2215 785092
2017.05.19        2210 2270 2280 2160 560607
2017.05.22        2245 2210 2380 2195 1126049
2017.05.23        2270 2245 2290 2210 268040
2017.05.24        2175 2290 2290 2110 532878
2017.05.25        2190 2195 2230 2160 266341
2017.05.26        2255 2170 2260 2170 219187
2017.05.29        2295 2255 2320 2180 292430
2017.05.30        2275 2270 2325 2245 313826
2017.05.31        2220 2285 2285 2220 224188
2017.06.01        2180 2215 2250 2140 226267
2017.06.02        2230 2195 2240 2110 270727
2017.06.05        2190 2240 2240 2190 111934
2017.06.07        2180 2215 2215 2170 138457
2017.06.08        2180 2205 2225 2150 168357
2017.06.09        2145 2180 2210 2105 267124
2017.06.12        2135 2145 2170 2120 106436
2017.06.13        2080 2125 2155 2075 278778
2017.06.14        2150 2085 2170 2080 219516
2017.06.15        2080 2350 2490 2080 2816553
2017.06.16        2010 2080 2090 1995 449662
2017.06.19        1955 2080 2100 1950 418717
2017.06.20        1895 1935 1960 1875 333413
2017.06.21        1875 1890 1915 1850 114458
2017.06.22        1870 1930 1930 1845 147038
2017.06.23        1875 1845 1900 1820 70667
2017.06.26        1885 1875 2060 1875 727739
2017.06.27        1905 1890 1980 1890 136349
2017.06.28        1980 1965 2100 1910 1352002
2017.06.29        2000 1975 2000 1950 144886
2017.06.30        2035 1990 2035 1950 119776
2017.07.03        1995 2035 2035 1975 55565
2017.07.04        1925 1975 2000 1915 100900
2017.07.05        1935 1940 1965 1915 60446
2017.07.06        1950 1935 1965 1910 47073
2017.07.07        1920 1950 1965 1915 32125
2017.07.10        1975 1945 1975 1905 90511
2017.07.11        1930 2005 2005 1925 84250
2017.07.12        1960 1970 2010 1925 105155
2017.07.13        1925 1925 1965 1905 100766
2017.07.14        1920 1995 2040 1900 168657
2017.07.17        1880 1920 1930 1840 159486
2017.07.18        1920 1890 1925 1880 57982
2017.07.19        1920 1925 1930 1880 41481
2017.07.20        1915 1945 1945 1895 49990
2017.07.21        1975 1915 2105 1895 457495
2017.07.24        1990 2110 2110 1970 555200
2017.07.25        1960 2000 2005 1950 135815
2017.07.26        1960 1970 2000 1915 133620
2017.07.27        1960 1960 2000 1935 85268
2017.07.28        2545 1940 2545 1925 7195686
2017.07.31       2830 2920 3210 2430 34470922
2017.08.01      2900 2935 3225 2780 17133414
2017.08.02      2625 2815 2840 2535 4852891
2017.08.03      2745 2740 3035 2730 18541880
2017.08.04      3565 2700 3565 2640 24939916
2017.08.07      3440 3640 3640 3360 3316620
2017.08.08      3565 3460 3565 3380 2103540
2017.08.09      3350 3540 3585 3350 2145137
2017.08.10     4010 3300 4190 3275 32456932
2017.08.11    3800 3865 4145 3795 7497399
2017.08.14    3980 3940 4325 3885 11825874
2017.08.16   3920 4020 4090 3755 3544242
2017.08.17   3900 3930 4225 3850 6892450
2017.08.18   3910 3960 4060 3810 2716879
2017.08.21   3945 4015 4365 3900 8657960
2017.08.22   3650 3980 4035 3585 3527918
2017.08.23   3605 3720 3720 3495 3244869
2017.08.24   3495 3630 3950 3495 8656267
2017.08.25   3450 3525 3715 3310 5063684
2017.08.28   3450 3600 3640 3440 2721854
2017.08.29   3410 3485 3530 3305 2141661
2017.09.18  2910 2900 2980 2820 909766
2017.09.19  2795 2910 2960 2795 827268
2017.09.20  2805 2855 2940 2695 2006939
2017.09.21  2730 2755 2805 2655 890347
2017.09.22  2635 2870 3035 2635 2585144
2017.09.25  2680 2630 2970 2550 2365759
2017.09.26  2800 2750 3300 2665 11064855
2017.09.27  2970 2850 3330 2775 9619548
2017.09.28  3190 3005 3380 3005 10808531
2017.09.29  3095 3260 3370 3075 3113771
