2014.12.24   2010 2005 2025 2005 320563
2014.12.26   2010 2010 2015 2010 79117
2014.12.29   2015 2015 2020 2015 7915
2014.12.30   2020 2015 2020 2010 13276
2015.01.02   2020 2020 2025 2015 9603
2015.01.05   2025 2025 2030 2020 16936
2015.01.06   2030 2020 2030 2015 28531
2015.01.07   2040 2035 2040 2030 15400
2015.01.08   2050 2040 2050 2040 3692
2015.01.09   2055 2050 2075 2050 25141
2015.01.12   2060 2050 2075 2050 16880
2015.01.13   2075 2060 2075 2060 6819
2015.01.14   2090 2075 2090 2070 13106
2015.01.15   2095 2090 2100 2070 51020
2015.01.16   2140 2100 2140 2095 46442
2015.01.19   2150 2140 2160 2135 13388
2015.01.20   2170 2170 2170 2150 26332
2015.01.21   2130 2170 2170 2115 18707
2015.01.22   2125 2100 2125 2100 10029
2015.01.23   2140 2125 2140 2125 3500
2015.01.26   2120 2140 2140 2095 25651
2015.01.27   2120 2065 2120 2065 5549
2015.01.28   2120 2125 2125 2120 3064
2015.01.29   2120 2115 2120 2100 7767
2015.01.30   2145 2125 2145 2125 30555
2015.02.02   2260 2145 2280 2145 66831
2015.02.03   2255 2260 2265 2220 54711
2015.02.04   2265 2270 2270 2265 4266
2015.02.05   2260 2275 2280 2200 21893
2015.02.06   2265 2265 2275 2205 11518
2015.02.09   2240 2225 2240 2225 7701
2015.02.10   2130 2175 2215 2095 72857
2015.02.11   2145 2125 2145 2120 40947
2015.02.12   2150 2125 2165 2125 23517
2015.02.13   2165 2130 2195 2130 14480
2015.02.16   2170 2170 2185 2140 29645
2015.02.17   2180 2245 2245 2150 2987
2015.02.23   2185 2200 2200 2150 9400
2015.02.24   2200 2160 2200 2160 15993
2015.02.25   2190 2200 2200 2170 34426
2015.02.26   2200 2190 2200 2185 1643
2015.02.27   2210 2195 2210 2180 33454
2015.03.02   2200 2190 2200 2180 61290
2015.03.03   2200 2200 2210 2190 180312
2015.03.04   2230 2200 2230 2200 135476
2015.03.05   2230 2220 2235 2190 31991
2015.03.06   2230 2230 2255 2200 71769
2015.03.09   2190 2270 2270 2130 113933
2015.03.10   2175 2170 2175 2150 48553
2015.03.11   2170 2170 2175 2145 6307
2015.03.12   2165 2170 2170 2140 7936
2015.03.13   2180 2170 2180 2160 3998
2015.03.16   2190 2180 2190 2170 20260
2015.03.17   2200 2170 2200 2170 15202
2015.03.18   2225 2200 2230 2200 23763
2015.03.19   2245 2225 2250 2155 127625
2015.03.20   2285 2220 2290 2220 38876
2015.03.23   2285 2290 2295 2255 27646
2015.03.24   2250 2315 2315 2250 23515
2015.03.25   2225 2260 2260 2210 32467
2015.03.26   2235 2210 2260 2200 33639
2015.03.27   2210 2210 2230 2200 10970
2015.03.30   2195 2210 2235 2170 36353
2015.03.31   2185 2200 2230 2170 30854
2015.04.01   2225 2165 2225 2165 11278
2015.04.02   2230 2225 2230 2200 8965
2015.04.03   2230 2230 2230 2220 6832
2015.04.06   2245 2240 2245 2240 6354
2015.04.07   2245 2245 2260 2245 4585
2015.04.08   2260 2250 2295 2245 6874
2015.04.09   2250 2235 2250 2205 11904
2015.04.10   2270 2200 2300 2200 6423
2015.04.13   2240 2225 2250 2225 8361
2015.04.14   2255 2230 2255 2230 7924
2015.04.15   2295 2245 2295 2245 21167
2015.04.16   2295 2270 2325 2270 5822
2015.04.17   2320 2300 2325 2290 19874
2015.04.20   2335 2315 2335 2315 4031
2015.04.21   2305 2335 2355 2290 28741
2015.04.22   2300 2365 2365 2300 8362
2015.04.23   2315 2315 2315 2280 7670
2015.04.24   2300 2325 2325 2275 33974
2015.04.27   2295 2295 2295 2295 26
2015.04.28   2295 2295 2295 2295 30
2015.04.29   2265 2330 2330 2265 461
2015.04.30   2315 2255 2315 2255 2207
2015.05.04   2310 2265 2315 2265 12967
2015.05.06   2290 2350 2350 2270 4205
2015.05.07   2275 2290 2300 2275 19280
2015.05.08   2310 2285 2335 2285 8436
2015.05.11   2305 2310 2310 2295 9508
2015.05.12   2265 2290 2290 2260 9455
2015.05.13   2280 2290 2290 2275 17027
2015.05.14   2295 2285 2295 2280 8597
2015.05.15   2345 2335 2350 2310 20125
2015.05.18   2350 2345 2350 2335 5641
2015.05.19   2430 2350 2500 2320 50033
2015.05.20   2425 2475 2475 2380 93629
2015.05.21   2405 2420 2420 2370 16226
2015.05.22   2400 2460 2460 2335 35743
2015.05.26   2375 2360 2420 2360 15692
2015.05.27   2405 2355 2405 2320 16281
2015.05.28   2390 2410 2420 2350 24574
2015.05.29   2500 2390 2530 2385 43120
2015.06.01   2490 2510 2510 2465 3589
2015.06.02   2460 2495 2510 2420 8213
2015.06.03   2425 2435 2440 2385 13858
2015.06.04   2415 2460 2460 2375 6406
2015.06.05   2445 2415 2465 2380 23005
2015.06.08   2435 2445 2500 2420 33003
2015.06.09   2465 2445 2500 2435 29778
2015.06.10   2395 2460 2460 2370 17335
2015.06.11   2420 2395 2490 2390 26925
2015.06.12   2485 2420 2500 2420 41299
2015.06.15   2450 2485 2495 2450 11476
2015.06.16   2320 2435 2435 2255 37753
2015.06.17   2315 2300 2395 2300 16065
2015.06.18   2460 2475 2475 2275 83802
2015.06.19   2460 0 0 0 0
2015.06.22   2460 0 0 0 0
2015.06.23   2460 0 0 0 0
2015.06.24   2460 0 0 0 0
2015.06.25   2460 0 0 0 0
2015.06.26   2460 0 0 0 0
2015.06.29   2460 0 0 0 0
2015.06.30   2460 0 0 0 0
2015.07.01   2460 0 0 0 0
2015.07.02   2460 0 0 0 0
2015.07.03   2460 0 0 0 0
2015.07.06   2460 0 0 0 0
2015.07.07   2460 0 0 0 0
2015.07.08   2460 0 0 0 0
2015.07.09   2460 0 0 0 0
2015.07.10   2460 0 0 0 0
2015.07.13   2460 0 0 0 0
2015.07.14   2460 0 0 0 0
2015.07.15   2460 0 0 0 0
2015.07.16   2460 0 0 0 0
2015.07.17   2460 0 0 0 0
2015.07.20   2460 0 0 0 0
2015.07.21   2460 0 0 0 0
2015.07.22   2460 0 0 0 0
2015.07.23   2460 0 0 0 0
2015.07.24   2460 0 0 0 0
2015.07.27   2460 0 0 0 0
2015.07.28   2460 0 0 0 0
2015.07.29   2460 0 0 0 0
2015.07.30   2460 0 0 0 0
2015.07.31   2460 0 0 0 0
2015.08.03   2460 0 0 0 0
2015.08.04   2460 0 0 0 0
2015.08.05   2460 0 0 0 0
2015.08.06   2460 0 0 0 0
2015.08.07   2460 0 0 0 0
2015.08.10   2460 0 0 0 0
2015.08.11   2460 0 0 0 0
2015.08.12   2460 0 0 0 0
2015.08.13   2460 0 0 0 0
2015.08.17   2460 0 0 0 0
2015.08.18   2460 0 0 0 0
2015.08.19   2460 0 0 0 0
2015.08.20   2460 0 0 0 0
2015.08.21   2255 2310 2645 2160 802874
2015.08.24   2250 2255 2460 2210 261584
2015.08.25   2270 2285 2350 2175 182530
2015.08.26   2290 2320 2450 2235 132425
2015.08.27   2280 2345 2345 2235 94076
2015.08.28   2260 2355 2355 2250 43866
2015.08.31   2250 2250 2315 2205 62856
2015.09.01   2195 2275 2275 2175 110497
2015.09.02   2170 2205 2205 2160 49987
2015.09.03   2175 2170 2310 2170 99441
2015.09.04   2215 2225 2295 2180 66471
2015.09.07   2210 2285 2285 2200 74115
2015.09.08   2195 2210 2245 2180 19144
2015.09.09   2180 2195 2210 2160 37642
2015.09.10   2145 2165 2180 2135 50397
2015.09.11   2155 2185 2185 2125 65080
2015.09.14   2155 2180 2215 2135 21223
2015.09.15   2120 2185 2185 2120 45552
2015.09.16   2135 2130 2140 2125 26230
2015.09.17   2125 2135 2170 2105 27640
2015.09.18   2115 2155 2155 2100 43157
2015.09.21   2090 2130 2145 2090 81878
2015.09.22   2115 2105 2125 2100 27989
2015.09.23   2035 2115 2140 2035 103484
2015.09.24   2105 2080 2110 2040 150808
2015.09.25   2120 2105 2345 2075 172822
2015.09.30   2145 2145 2160 2120 62696
2015.10.01   2160 2145 2175 2140 44828
2015.10.02   2215 2185 2295 2185 110191
2015.10.05   2185 2250 2250 2170 92546
2015.10.06   2220 2270 2340 2205 147098
2015.10.07   2185 2175 2240 2160 58160
2015.10.08   2220 2235 2235 2200 51167
2015.10.12   2200 2200 2235 2180 18895
2015.10.13   2195 2210 2215 2170 13403
2015.10.14   2185 2220 2220 2160 21570
2015.10.15   2155 2190 2190 2140 18970
2015.10.16   2105 2180 2180 2090 142265
2015.10.19   2130 2110 2145 2100 75682
2015.10.20   2130 2110 2140 2110 19451
2015.10.21   2130 2130 2130 2110 26097
2015.10.22   2150 2155 2190 2125 198800
2015.10.23   2170 2185 2185 2120 40500
2015.10.26   2150 2190 2190 2130 17545
2015.10.27   2130 2155 2155 2125 10566
2015.10.28   2135 2145 2145 2115 20097
2015.10.29   2155 2115 2175 2115 18493
2015.10.30   2140 2170 2170 2120 6448
2015.11.02   2120 2165 2165 2120 39446
2015.11.03   2135 2140 2140 2100 17079
2015.11.04   2075 2110 2130 2070 103945
2015.11.05   2070 2125 2125 2070 14254
2015.11.06   2010 2110 2110 1985 230724
2015.11.09   2000 2045 2045 1985 48602
2015.11.10   1980 2020 2020 1970 59706
2015.11.11   1925 2020 2020 1900 104809
2015.11.12   1940 1925 1980 1920 26149
2015.11.13   1875 1915 1960 1865 45091
2015.11.16   1670 1850 1850 1670 119668
2015.11.17   1565 1630 1685 1390 1136319
2015.11.18   1500 1590 1600 1480 341137
2015.11.19   1500 1500 1550 1450 214574
2015.11.20   1615 1540 1645 1515 103781
2015.11.23   1535 1615 1640 1530 53990
2015.11.24   1570 1550 1625 1505 66247
2015.11.25   1670 1605 1670 1580 115204
2015.11.26   1740 1745 1795 1650 133373
2015.11.27   1760 1790 1790 1660 74271
2015.11.30   1695 1795 1795 1675 54452
2015.12.01   1665 1695 1735 1650 11862
2015.12.02   1630 1665 1675 1595 50173
2015.12.03   1565 1650 1650 1565 54861
2015.12.04   1535 1580 1595 1500 73133
2015.12.07   1680 1540 1740 1530 319458
2015.12.08   1650 1690 1710 1545 162350
2015.12.09   2145 1690 2145 1665 2356334
2015.12.10   2195 2315 2700 2075 7900783
2015.12.11   2310 2265 2530 2040 3731824
2015.12.14   3000 2480 3000 2470 7280611
2015.12.15   2675 3570 3600 2630 8263412
2015.12.16   2650 2470 2990 2470 5643802
2015.12.17   2490 2670 2670 2450 1405963
2015.12.18   2455 2510 2685 2400 1415170
2015.12.21   2330 2390 2435 2235 1055820
2015.12.22   2280 2345 2400 2245 801922
2015.12.23   2255 2295 2360 2235 717675
2015.12.24   2175 2295 2295 2160 472215
2015.12.28   2125 2165 2210 2080 328358
2015.12.29   2235 2170 2260 2125 528294
2015.12.30   2150 2235 2265 2140 332292
2016.01.04   2105 2150 2200 2075 371322
2016.01.05   2145 2100 2265 2050 741545
2016.01.06   2460 2220 2650 2145 4443559
2016.01.07   2695 2470 2930 2440 5665503
2016.01.08   2655 2900 3440 2580 12356443
2016.01.11   2390 2605 2670 2345 1700977
2016.01.12   2300 2355 2445 2290 1108092
2016.01.13   2695 2565 2910 2480 9013151
2016.01.14   2520 2600 2645 2475 1580042
2016.01.15   2840 2560 3115 2405 9351356
2016.01.18   3000 2790 3385 2740 11706905
2016.01.19   2895 3060 3325 2885 3839210
2016.01.20   3225 2905 3605 2815 9554202
2016.01.21   3325 3190 3635 3120 5861867
2016.01.22   3155 3400 3600 3145 3810885
2016.01.25   3075 3200 3325 3050 1172175
2016.01.26   3355 3185 3680 3180 9612965
2016.01.27   3370 3520 3720 3320 4409498
2016.01.28   3280 3450 3525 3200 1234478
2016.01.29   3165 3335 3475 3090 1757558
2016.02.01   3250 3250 3325 3150 978607
2016.02.02   3130 3200 3260 3050 687554
2016.02.03   3060 3040 3100 2945 955678
2016.02.04   2850 3020 3055 2830 724863
2016.02.05   2730 2880 2915 2700 548083
2016.02.11   2580 2675 2730 2565 393005
2016.02.12   2800 2555 3060 2555 2062984
2016.02.15   2760 2815 2875 2705 498000
2016.02.16   2965 2770 3150 2750 2090148
2016.02.17   2890 2915 2985 2870 370784
2016.02.18   2840 2950 3070 2710 478175
2016.02.19   2810 2900 2900 2755 190412
2016.02.22   2770 2770 2840 2745 257281
2016.02.23   2770 2770 2985 2715 580771
2016.02.24   2745 2725 2840 2720 212812
2016.02.25   2740 2750 2935 2740 369802
2016.02.26   2740 2795 2835 2700 316756
2016.02.29   2690 2765 2785 2655 219879
2016.03.02   2640 2710 2750 2625 215088
2016.03.03   2645 2650 2780 2635 190254
2016.03.04   2650 2650 2705 2595 145266
2016.03.07   2725 2655 2850 2625 423989
2016.03.08   2665 2725 2760 2650 196576
2016.03.09   2780 2675 2890 2655 626273
2016.03.10   2990 2835 3120 2775 2134457
2016.03.11   2930 3015 3180 2880 1422940
2016.03.14   2970 2975 3030 2870 363857
2016.03.15   2850 2940 3000 2840 194094
2016.03.16   2755 2880 2885 2750 256732
2016.03.17   2755 2770 2850 2750 101191
2016.03.18   2820 2745 2820 2710 193032
2016.03.21   2825 2830 2940 2800 120534
2016.03.22   2780 2800 2830 2740 202286
2016.03.23   2755 2795 2805 2745 100058
2016.03.24   2645 2715 2755 2640 226267
2016.03.25   2575 2645 2670 2560 230668
2016.03.28   2455 2530 2540 2440 357381
2016.03.29   2545 2475 2600 2470 323304
2016.03.30   2685 2550 2725 2550 305130
2016.03.31   2745 2685 2780 2625 168629
2016.04.01   2715 2750 2780 2685 74039
2016.04.04   2755 2715 2755 2650 74917
2016.04.05   2650 2755 2775 2565 206981
2016.04.06   2770 2665 2780 2650 100286
2016.04.07   2820 2775 2850 2760 134570
2016.04.08   2770 2725 2835 2725 81554
2016.04.11   2700 2830 2830 2685 122517
2016.04.12   2675 2700 2745 2650 55589
2016.04.14   2610 2675 2690 2590 120088
2016.04.15   2700 2610 2730 2565 106868
2016.04.18   2765 2650 2845 2650 176353
2016.04.19   2760 2760 2800 2725 99902
2016.04.20   2740 2820 2820 2730 103883
2016.04.21   2705 2770 2770 2635 54833
2016.04.22   2790 2745 2830 2695 96142
2016.04.25   2855 2810 2925 2740 217766
2016.04.26   2860 2855 2870 2780 183522
2016.04.27   2865 2845 2905 2830 55133
2016.04.28   2870 2890 2905 2835 69341
2016.04.29   3010 2925 3420 2900 1570858
2016.05.02   3015 2960 3130 2900 331537
2016.05.03   3915 3050 3915 3050 7279538
2016.05.04   4400 4390 4965 4165 21458738
2016.05.09   3850 4365 4570 3800 3764753
2016.05.10   3695 3865 3915 3570 2939684
2016.05.11   4470 3695 4740 3660 16484143
2016.05.12   4030 4255 4255 4030 1145459
2016.05.13   4155 4115 4235 4085 726415
2016.05.16   4070 4300 4500 4070 1002982
2016.05.17   3895 4090 4180 3800 1631852
2016.05.18   3730 3900 4170 3730 1771994
2016.05.19   3855 3790 4340 3750 5041595
2016.05.20   3680 3870 3890 3660 1083484
2016.05.23   3660 3670 3815 3650 815800
2016.05.24   3740 3685 4050 3655 1896613
2016.05.25   3290 3600 3600 3235 1490591
2016.05.26   3245 3340 3340 3185 497507
2016.05.27   3180 3250 3330 3180 508889
2016.05.30   3180 3205 3260 3100 614481
2016.05.31   3190 3150 3210 3135 289742
2016.06.01   3410 3260 3650 3225 3251997
2016.06.02   3230 3400 3455 3230 1008827
2016.06.03   3145 3195 3285 3140 591662
2016.06.07   3280 3165 3410 3155 1066942
2016.06.08   3310 3305 3460 3180 3434655
2016.06.09   3450 3570 3970 3400 9014544
2016.06.10   3280 3420 3435 3250 4979124
2016.06.13   3200 3275 3425 3200 2399312
2016.06.14   3245 3180 3280 3165 753763
2016.06.15   3100 3235 3255 3100 618337
2016.06.16   3030 3110 3185 2815 1085383
2016.06.17   2890 2975 3030 2860 532982
2016.06.20   2950 2910 2960 2815 511244
2016.06.21   2865 2910 2985 2850 469198
2016.06.22   2765 2870 2895 2740 685527
2016.06.23   2635 2725 2750 2585 606698
2016.06.24   2345 2675 2700 2170 1920888
2016.06.27   2305 2230 2380 2145 933909
2016.06.28   2445 2305 2510 2290 1682929
2016.06.29   2860 2515 3065 2485 14236719
2016.06.30   2770 2830 2955 2765 2018895
2016.07.01   2825 2835 3090 2790 3761500
2016.07.04   2910 2875 3040 2855 2285192
2016.07.05   2910 2960 2965 2825 713772
2016.07.06   2800 2860 2905 2795 640112
2016.07.07   2850 2800 2930 2800 585518
2016.07.08   2770 2930 2930 2735 843707
2016.07.11   2755 2790 2820 2710 520371
2016.07.12   2770 2755 2785 2715 288232
2016.07.13   2900 2770 2975 2755 1697491
2016.07.14   3085 2935 3085 2840 1969386
2016.07.15   2970 3085 3105 2940 1329406
2016.07.18   2910 2980 3010 2890 546092
2016.07.19   2870 2940 2940 2850 490642
2016.07.20   2945 2875 3010 2820 860828
2016.07.21   3000 3010 3150 2950 2542560
2016.07.22   3035 3025 3095 2970 1017733
2016.07.25   2845 3000 3000 2830 6052229
2016.07.26   2800 2825 2845 2725 994911
2016.07.27   2770 2810 2865 2745 786557
2016.07.28   2735 2770 2805 2730 482802
2016.07.29   2665 2710 2735 2640 868102
2016.08.01   2750 2695 2775 2665 536468
2016.08.02   2820 2760 2895 2730 1274911
2016.08.03   2760 2865 2875 2750 376471
2016.08.04   2805 2795 2850 2755 452086
2016.08.05   2875 2830 2920 2830 1345016
2016.08.08   2785 2855 2900 2760 656564
2016.08.09   2795 2785 2825 2740 371302
2016.08.10   2795 2795 2815 2740 288824
2016.08.11   2755 2810 2810 2750 245538
2016.08.12   2825 2760 2850 2720 410924
2016.08.16   2850 2840 2910 2805 651298
2016.08.17   2895 2845 2945 2770 1490332
2016.08.18   2940 2885 2960 2860 1293450
2016.08.19   2870 2950 2955 2865 768399
2016.08.22   2850 2880 2930 2820 546994
2016.08.23   2840 2850 2875 2820 427780
2016.08.24   2885 2845 2925 2825 619420
2016.08.25   2940 2865 2945 2865 667872
2016.08.26   2845 2980 3250 2840 11812281
2016.08.29   2505 2800 2815 2505 2676149
2016.08.30   2520 2575 2685 2520 1161119
2016.08.31   2405 2520 2550 2395 889608
2016.09.01   2465 2390 2530 2365 520391
2016.09.02   2525 2500 2525 2450 285314
2016.09.05   2535 2525 2595 2480 510602
2016.09.06   2505 2535 2595 2495 313095
2016.09.07   2420 2505 2520 2400 593180
2016.09.08   2275 2410 2450 2220 801001
2016.09.09   2210 2240 2255 2145 952772
2016.09.12   2330 2185 2535 2110 2047707
2016.09.13   2380 2350 2440 2315 439736
2016.09.19   2315 2380 2400 2300 393915
2016.09.20   2340 2300 2395 2300 446132
2016.09.21   2465 2340 2480 2340 702505
2016.09.22   2435 2465 2485 2430 381369
2016.09.23   2445 2440 2465 2385 334961
2016.09.26   2430 2460 2490 2425 275550
2016.09.27   2440 2365 2450 2365 222743
2016.09.28   2440 2430 2470 2420 297240
2016.09.29   2495 2445 2565 2445 1002571
2016.09.30   2450 2465 2520 2435 382885
2016.10.04   2550 2455 2570 2450 808134
2016.10.05   2555 2540 2620 2530 729202
2016.10.06   2620 2555 2640 2540 498752
2016.10.07   2630 2620 2690 2595 893453
2016.10.10   2620 2630 2695 2580 470005
2016.10.11   2725 2615 2875 2590 4568041
2016.10.12   2770 2700 2815 2670 1890434
2016.10.13   2655 2785 2785 2605 962968
2016.10.14   2670 2650 2750 2625 735440
2016.10.17   2580 2720 2720 2560 416281
2016.10.18   2410 2545 2625 2380 1595349
2016.10.19   2415 2415 2470 2400 384353
2016.10.20   2440 2450 2505 2405 311661
2016.10.21   2390 2435 2435 2370 277355
2016.10.24   2320 2390 2425 2320 210183
2016.10.25   2330 2335 2360 2260 235162
2016.10.26   2300 2305 2355 2235 296112
2016.10.27   2390 2310 2420 2290 285610
2016.10.28   2355 2410 2410 2320 228294
2016.10.31   2215 2315 2345 2215 422961
2016.11.01   2210 2140 2270 2140 242849
2016.11.02   2120 2185 2240 2120 265052
2016.11.03   2135 2050 2180 2050 234389
2016.11.04   2140 2115 2180 2085 98876
2016.11.07   2240 2140 2240 2140 127184
2016.11.08   2250 2240 2275 2225 162644
2016.11.09   2110 2235 2260 1960 688521
2016.11.10   2165 2125 2190 2125 224959
2016.11.11   2250 2165 2250 2140 212409
2016.11.14   2235 2240 2305 2200 236375
2016.11.15   2220 2215 2255 2205 201429
2016.11.16   2265 2240 2295 2235 148332
2016.11.17   2275 2255 2295 2225 130586
2016.11.18   2225 2295 2295 2200 241191
2016.11.21   2160 2225 2245 2135 229616
2016.11.22   2150 2160 2190 2135 125180
2016.11.23   2075 2150 2175 2075 170027
2016.11.24   1940 2065 2100 1920 523265
2016.11.25   1955 1935 1985 1900 301116
2016.11.28   1890 1960 1985 1870 287313
2016.11.29   2010 1870 2070 1870 612777
2016.11.30   2005 1985 2035 1985 99979
2016.12.01   1950 2025 2025 1900 275323
2016.12.02   1960 1935 2000 1935 297661
2016.12.05   2020 1975 2025 1920 312568
2016.12.06   2120 2025 2205 2005 592954
2016.12.07   2170 2100 2200 2085 339595
2016.12.08   2115 2160 2195 2100 246373
2016.12.09   2055 2105 2130 2035 258405
2016.12.12   2115 2090 2140 2055 217002
2016.12.13   2150 2115 2155 2090 194823
2016.12.14   2370 2175 2600 2175 13138605
2016.12.15   2375 2360 2415 2305 1966242
2016.12.16   2325 2395 2395 2315 947799
2016.12.19   2350 2325 2400 2300 981536
2016.12.20   2395 2345 2480 2320 2267089
2016.12.21   2410 2410 2450 2340 948570
2016.12.22   2480 2430 2595 2400 1595375
2016.12.23   2460 2500 2560 2430 737840
2016.12.26   2370 2465 2495 2370 521659
2016.12.27   2365 2345 2425 2305 757528
2016.12.28   2360 2365 2400 2330 245342
2016.12.29   2460 2540 2900 2460 15353723
2017.01.02   2540 2440 2580 2370 2710231
2017.01.03   3180 2555 3300 2540 49189484
2017.01.04   3040 3165 3200 2980 8057566
2017.01.05   2980 2990 3075 2880 8124684
2017.01.06   2815 3050 3125 2815 15888647
2017.01.09   2880 2820 2935 2800 4012822
2017.01.10   2780 2895 2925 2740 3108899
2017.01.11   2800 2785 2865 2735 2057881
2017.01.12   2930 2850 3120 2840 21738479
2017.01.13   2870 2950 2975 2810 4190986
2017.01.16   2885 2885 2955 2855 3342645
2017.01.17   2955 2905 3010 2880 4650836
2017.01.18   2860 2970 3000 2830 2445478
2017.01.19   2790 2875 2905 2775 1409913
2017.01.20   2620 2755 2795 2620 1673281
2017.01.23   2545 2585 2665 2545 1005748
2017.01.24   2490 2510 2545 2435 1564760
2017.01.25   2600 2530 2780 2515 5361886
2017.01.26   2660 2640 2685 2580 1529809
2017.01.31   2690 2870 2880 2690 3018525
2017.02.01   2725 2675 2735 2675 836581
2017.02.02   2600 2725 2740 2595 1118278
2017.02.03   2710 2555 2710 2555 1064874
2017.02.06   2850 2700 2850 2665 1313761
2017.02.07   2785 2880 2885 2780 2277913
2017.02.08   2925 2805 2935 2775 2458368
2017.02.09   2900 2905 2930 2840 1499619
2017.02.10   2855 2885 2920 2810 1060591
2017.02.13   2805 2840 2845 2770 805711
2017.02.14   2685 2815 2825 2685 892629
2017.02.15   2685 2690 2770 2675 608158
2017.02.16   2695 2695 2750 2685 491297
2017.02.17   2735 2685 2760 2680 608533
2017.02.20   2850 2740 2885 2740 2240673
2017.02.21   2830 2840 2885 2805 1093556
2017.02.22   2855 2910 3105 2855 12865104
2017.02.23   2860 2920 2970 2850 2608100
2017.02.24   2770 2865 2880 2750 1632524
2017.02.27   2780 2765 2820 2710 767970
2017.02.28   2875 2780 2935 2770 2494677
2017.03.02   2810 2875 2930 2810 1155413
2017.03.03   2870 2900 3025 2805 4586433
2017.03.06   2940 2850 2940 2735 1953782
2017.03.07   3030 2975 3035 2890 3581322
2017.03.08   2985 3040 3070 2965 2088588
2017.03.09   2930 2995 3050 2910 2094880
2017.03.10   2950 2930 2985 2750 1498123
2017.03.13   3025 2930 3025 2920 1380942
2017.03.14   3005 3040 3050 2960 1341937
2017.03.15   3060 3030 3135 2985 4131707
2017.03.16   3025 3080 3135 3025 1809969
2017.03.17   3080 3040 3085 2950 1647519
2017.03.20   3080 3070 3105 3020 962892
2017.03.21   3160 3115 3300 3090 6152924
2017.03.22   3195 3180 3215 3120 1454690
2017.03.23   3140 3200 3380 3135 4384771
2017.03.24   3085 3150 3165 3035 1572072
2017.03.27   3025 3050 3115 2995 1204867
2017.03.28   3150 3065 3160 3030 1617345
2017.03.29   3235 3200 3260 3130 1896397
2017.03.30   3130 3270 3295 3120 1450647
2017.03.31   3115 3180 3180 3080 909136
2017.04.03   3110 3135 3205 3110 966007
2017.04.04   2970 3120 3120 2940 1843831
2017.04.05   2980 2960 3015 2960 780754
2017.04.06   2915 2980 2980 2890 860012
2017.04.07   3035 2895 3035 2895 1085824
2017.04.10   3055 3125 3185 2980 2531993
2017.04.11   3000 3090 3110 2915 1409422
2017.04.12   3900 3030 3900 3000 29055066
2017.04.13   3960 3965 4140 3755 34065569
2017.04.14   3580 3860 3895 3515 11690723
2017.04.17   3665 3570 3685 3460 7464213
2017.04.18   3560 3645 3675 3470 5221534
2017.04.19   3580 3525 3610 3475 3602135
2017.04.20   3730 3600 4315 3585 36358317
2017.04.21   3750 3835 3930 3700 8257309
2017.04.24   3825 3780 4105 3745 9436091
2017.04.25   3850 3865 3915 3760 3337983
2017.04.26   3900 3900 3940 3820 3788390
2017.04.27   3600 4185 4220 3580 10168907
2017.04.28   3430 3630 3675 3275 3455764
2017.05.02   3380 3445 3615 3380 2087129
2017.05.04   3380 3360 3445 3315 1732529
2017.05.08   3715 3480 3900 3480 15809369
2017.05.10   3530 3715 3715 3435 2919827
2017.05.11   3650 3580 3850 3560 4777542
2017.05.12   3780 3625 3790 3580 2578448
2017.05.15   3760 3755 3810 3650 1874412
2017.05.16   3480 3590 3630 3425 2367314
2017.05.17   3385 3485 3575 3365 1357729
2017.05.18   3350 3280 3350 3195 2166721
2017.05.19   3365 3360 3545 3305 2360638
2017.05.22   3345 3360 3395 3295 1020375
2017.05.23   3250 3350 3375 3250 976326
2017.05.24   3085 3230 3235 3065 2212939
2017.05.25   3095 3065 3165 3010 1671625
2017.05.26   3085 3175 3205 3075 1309396
2017.05.29   3020 3050 3070 2980 915521
2017.05.30   3055 3010 3060 3010 583475
2017.05.31   3040 3045 3140 3035 718030
2017.06.01   3005 3030 3075 3005 635059
2017.06.02   3065 3005 3065 2980 674452
2017.06.05   3000 3070 3075 3000 488239
2017.06.07   2885 2985 3010 2870 1065489
2017.06.08   3045 2900 3185 2895 3041352
2017.06.09   3020 3060 3085 2990 792669
2017.06.12   3005 3025 3075 2980 570693
2017.06.13   3000 2980 3050 2975 404303
2017.06.14   3095 3030 3155 3000 1601282
2017.06.15   3040 3110 3155 3040 873256
2017.06.16   3030 3040 3110 3030 732250
2017.06.19   3055 3030 3080 3005 461911
2017.06.20   2975 3065 3110 2960 651725
2017.06.21   2930 2975 2995 2915 394094
2017.06.22   3090 2920 3135 2920 1070055
2017.06.23   3055 3075 3100 3030 409423
2017.06.26   3115 3035 3160 3035 1277770
2017.06.27   3090 3135 3135 3070 505905
2017.06.28   3145 3145 3195 3095 1043537
2017.06.29   3055 3180 3190 3045 2742366
2017.06.30   2995 3090 3145 2985 1003967
2017.07.03   2920 3000 3070 2860 1839159
2017.07.04   2895 2920 2940 2865 599544
2017.07.05   2930 2895 2960 2895 434811
2017.07.06   2925 2920 2965 2900 485024
2017.07.07   2900 2905 2940 2890 336177
2017.07.10   2900 2920 2930 2885 219969
2017.07.11   2865 2885 2910 2855 253011
2017.07.12   2745 2880 2890 2720 836856
2017.07.13   2610 2745 2765 2575 781995
2017.07.14   2620 2605 2680 2595 347740
2017.07.17   2725 2620 2780 2620 582707
2017.07.18   2885 2700 3145 2700 11530169
2017.07.19   2885 2885 2905 2810 1070688
2017.07.20   2900 2905 2935 2860 664642
2017.07.21   2900 2890 2965 2885 691339
2017.07.24   2870 2870 2920 2860 476031
2017.07.25   2870 2855 2950 2855 709056
2017.07.26   2855 2875 2950 2850 779986
2017.07.27   2870 2855 2900 2845 300348
2017.07.28   2875 2850 2985 2835 962102
2017.07.31   2830 2850 2865 2815 300587
2017.08.01   2910 2805 2920 2805 221132
2017.08.02   2895 2920 2960 2890 303202
2017.08.03   2820 2895 2915 2815 306431
2017.08.04  2910 2845 2930 2790 479285
2017.08.07  2935 2935 2990 2905 412236
2017.08.08  2945 2925 2965 2890 333209
2017.08.09  2945 2950 3045 2920 1558891
2017.08.10  2940 2925 3005 2925 414178
2017.08.11  2820 2910 2920 2820 525905
2017.08.14  2830 2850 2875 2825 277183
2017.08.16  2965 2875 3050 2870 1449632
2017.08.17  3015 2995 3060 2975 1186494
2017.08.18  3050 3020 3235 3010 4777027
