2016.07.01  10065 10100 10110 10065 77
2016.07.04  10125 10145 10145 10125 53
2016.07.05  10105 10105 10105 10105 4
2016.07.06  10190 10190 10190 10115 25027
2016.07.07  10145 10225 10225 10100 17
2016.07.08  10150 10135 10150 10135 16
2016.07.11  10270 10255 10280 10255 1034
2016.07.12  10290 10310 10330 10290 132
2016.07.13  10310 10340 10345 10310 69
2016.07.14  10320 10310 10325 10245 582
2016.07.15  10320 10315 10320 10220 429
2016.07.18  10390 10320 10390 10320 12
2016.07.19  10350 10370 10380 10350 17
2016.07.20  10390 10390 10410 10390 18
2016.07.21  10405 10405 10455 10405 349
2016.07.22  10335 10375 10375 10335 58
2016.07.25  10390 10335 10395 10335 14
2016.07.26  10340 10390 10390 10335 109
2016.07.27  10320 10360 10360 10320 51
2016.07.28  10230 10245 10265 10230 72
2016.07.29  10175 10220 10220 10170 82
2016.08.01  10105 10130 10145 10045 325
2016.08.02  10070 10075 10085 10065 30
2016.08.03  10025 10055 10060 9995 86
2016.08.04  10040 10040 10040 10040 0
2016.08.05  10055 10065 10070 9985 283
2016.08.08  10145 10090 10200 10090 68
2016.08.09  10100 10140 10140 10100 66
2016.08.10  9985 10055 10055 9980 428
2016.08.11  9985 10015 10015 9985 42
2016.08.12  10120 10110 10120 10090 82
2016.08.16  10075 10090 10090 10050 251
2016.08.17  10050 10075 10075 10040 207
2016.08.18  10105 10075 10105 10075 60
2016.08.19  10255 10195 10260 10195 104
2016.08.22  10290 10180 10295 10180 516
2016.08.23  10200 10210 10250 10200 449
2016.08.24  10220 10285 10285 10220 220
2016.08.25  10180 10210 10220 10180 338
2016.08.26  10135 10140 10155 10080 545
2016.08.29  10215 10175 10215 10175 5962
2016.08.30  10205 10195 10215 10165 710
2016.08.31  10180 10130 10180 10130 5
2016.09.01  10190 10135 10190 10085 431
2016.09.02  10130 10160 10165 10130 217
2016.09.05  10090 10150 10150 10090 445
2016.09.06  10055 10055 10055 10055 2
2016.09.07  9985 10005 10020 9980 226
2016.09.08  9995 9995 10005 9995 211
2016.09.09  10000 10040 10040 10000 11
2016.09.12  9815 9905 9905 9815 391
2016.09.13  9990 10010 10010 9970 428
2016.09.19  10035 9990 10040 9515 401
2016.09.20  10035 10035 10035 9985 131
2016.09.21  10095 10005 10095 9950 428
2016.09.22  9960 9970 9990 9960 537
2016.09.23  9990 10045 10045 9990 125
2016.09.26  9975 9970 9975 9955 44
2016.09.27  9815 9915 9935 9815 1194
2016.09.28  9860 9890 9890 9835 401
2016.09.29  9915 9945 9945 9915 120
2016.09.30  9880 9915 9915 9825 15047
2016.10.04  9970 9975 9980 9920 136
2016.10.05  9960 9940 9960 9940 235
2016.10.06  10045 9970 10045 9965 42
2016.10.07  9985 10050 10060 9985 524
2016.10.10  10050 10050 10050 10050 5
2016.10.11  10080 10070 10080 10070 1200
2016.10.12  10040 10070 10070 10035 80
2016.10.13  10110 10110 10110 10025 69
2016.10.14  10100 10050 10110 10050 402
2016.10.17  10150 10105 10210 10105 173
2016.10.18  10140 10140 10140 10140 8
2016.10.19  10105 10100 10105 10085 15
2016.10.20  10160 10080 10160 10080 173
2016.10.21  10120 10155 10190 10120 13
2016.10.24  10200 10130 10200 10130 4923
2016.10.25  10210 10200 10245 10200 3012
2016.10.26  10175 10125 10175 10085 31
2016.10.27  10265 10175 10270 10175 521
2016.10.28  10265 10320 10320 10265 259
2016.10.31  10225 10615 10615 10220 259
2016.11.01  10225 10570 10570 10225 4
2016.11.02  10140 10215 10220 10140 326
2016.11.03  10070 10100 10120 10070 171
2016.11.04  10130 10070 10155 10070 27
2016.11.07  10205 10135 10205 10130 126
2016.11.08  10185 10215 10260 10185 144
2016.11.09  10190 10185 10575 10070 58572
2016.11.10  10575 10535 10575 10505 520
2016.11.11  10835 10725 10835 10720 1601049
2016.11.14  10980 10970 10980 10885 1949
2016.11.15  10960 10925 10960 10860 1520
2016.11.16  10955 10960 10960 10930 650
2016.11.17  11005 10935 11010 10935 1977
2016.11.18  11035 11035 11075 11035 790
2016.11.21  11100 11035 11105 11035 269
2016.11.22  11045 11070 11070 11035 184
2016.11.23  11075 11045 11080 11035 83
2016.11.24  11160 11190 11200 11160 3743
2016.11.25  11135 11160 11180 11135 2097
2016.11.28  11075 11125 11125 11075 470
2016.11.29  11055 11055 11060 11055 3866
2016.11.30  11015 11030 11075 11015 364
2016.12.01  11060 11175 11180 11060 2240
2016.12.02  11130 11060 11140 11055 2404
2016.12.05  11135 11090 11155 11075 1181
2016.12.06  11130 11145 11165 11130 924
2016.12.07  11140 11130 11160 11130 710
2016.12.08  11245 11210 11245 11210 1357
2016.12.09  11345 11265 11360 11265 1010
2016.12.12  11450 11345 11555 11345 984
2016.12.13  11450 11485 11485 11405 3082
2016.12.14  11570 11790 11790 11485 3293
2016.12.15  11600 11790 11790 11575 4087
2016.12.16  11680 11795 11795 11640 4109
2016.12.19  11715 11760 11760 11690 7647
2016.12.20  11770 11815 11815 11715 287114
2016.12.21  11830 11880 11880 11770 2718
2016.12.22  11870 11930 11930 11810 3412
2016.12.23  11890 11800 11895 11800 587
2016.12.26  11895 11900 11900 11825 4382
2016.12.27  11880 11880 11930 11880 3412
2016.12.28  11995 12000 12000 11905 5717
2016.12.29  11890 12010 12010 11850 4511
2017.01.02  11860 11980 11980 11785 4431
2017.01.03  11825 11880 11880 11810 2673
2017.01.04  11930 11940 11940 11855 342686
2017.01.05  11725 11930 11930 11705 72783
2017.01.06  11740 11695 11765 11665 5958
2017.01.09  11965 11745 11965 11745 14444
2017.01.10  11765 11995 11995 11765 5418
2017.01.11  11755 11900 11900 11745 5956
2017.01.12  11670 11800 11800 11670 5154
2017.01.13  11610 11750 11750 11585 371670
2017.01.16  11645 11610 11650 11610 1859
2017.01.17  11590 11645 11705 11565 6199
2017.01.18  11470 11640 11640 11405 3759
2017.01.19  11580 11530 11585 11530 2679
2017.01.20  11475 11655 11655 11420 621498
2017.01.23  11470 11520 11520 11420 601808
2017.01.24  11435 11665 11665 11395 1513
2017.01.25  11530 11795 11795 11500 12314
2017.01.26  11560 11565 11565 11525 4964
2017.01.31  11530 11305 11590 11305 2864
2017.02.01  11440 11550 11550 11360 7627
2017.02.02  11300 11155 11400 11155 4815
2017.02.03  11340 11270 11340 11270 2134
2017.02.06  11345 11355 11355 11310 1636
2017.02.07  11395 11400 11400 11325 3013
2017.02.08  11395 11550 11550 11380 450
2017.02.09  11380 11410 11410 11375 708
2017.02.10  11525 11560 11560 11490 1183
2017.02.13  11610 11560 11610 11560 2069
2017.02.14  11530 11650 11655 11530 59440
2017.02.15  11625 11640 11645 11590 161829
2017.02.16  11695 11625 11700 11620 192258
2017.02.17  11750 11685 11750 11685 157824
2017.02.20  11755 11750 11790 11740 1983
2017.02.21  11760 11755 11770 11730 2237
2017.02.22  11795 11780 11795 11755 18888
2017.02.23  11755 11750 11795 11720 1627
2017.02.24  11645 11730 11735 11645 2283
2017.02.27  11720 11680 11735 11660 190553
2017.02.28  11710 11720 11730 11705 2592
2017.03.02  11975 11775 11995 11775 72673
2017.03.03  12040 11775 12050 11775 133895
2017.03.06  12070 12000 12080 12000 126370
2017.03.07  11955 12070 12070 11950 163905
2017.03.08  11930 11995 11995 11890 128648
2017.03.09  11980 11930 12000 11930 136590
2017.03.10  12035 12090 12090 11990 150187
2017.03.13  11910 12100 12100 11910 136347
2017.03.14  11930 12070 12070 11885 142072
2017.03.15  11860 11910 11925 11860 153325
2017.03.16  11815 11840 11840 11780 9829
2017.03.17  11795 11785 11795 11765 2497
2017.03.20  11670 11855 11855 11670 2220
2017.03.21  11650 11670 11670 11600 372515
2017.03.22  11555 11550 11590 11515 1525
2017.03.23  11545 11565 11565 11485 36842
2017.03.24  11560 11550 11570 11535 2551
2017.03.27  11385 11560 11560 11385 2395
2017.03.28  11385 11435 11435 11330 4004
2017.03.29  11485 11385 11505 11385 4914
2017.03.30  11475 11715 11715 11450 644
2017.03.31  11550 11690 11690 11500 2242
2017.04.03  11500 11520 11520 11450 3656
2017.04.04  11520 11505 11520 11480 5501
2017.04.05  11570 11655 11655 11530 5888
2017.04.06  11655 11700 11700 11570 429
2017.04.07  11660 11675 11715 11630 3649
2017.04.10  11765 11660 11775 11660 2567
2017.04.11  11745 11760 11795 11715 2638
2017.04.12  11750 11745 11800 11730 1303
2017.04.13  11595 11710 11710 11550 1854
2017.04.14  11620 11620 11620 11545 1187
2017.04.17  11585 11640 11640 11555 433
2017.04.18  11700 11640 11700 11635 1147
2017.04.19  11660 11680 11680 11600 2256
2017.04.20  11590 11640 11640 11580 2365
2017.04.21  11620 11630 11680 11620 2175
2017.04.24  11645 11650 11650 11590 1048
2017.04.25  11640 11700 11735 11640 3848
2017.04.26  11775 11740 11790 11725 1946
2017.04.27  11800 11785 11800 11765 8074
2017.04.28  11835 11780 11865 11780 4929
2017.05.02  11780 11835 11835 11720 1469
2017.05.04  11830 11795 11830 11780 810
2017.05.08  11830 11830 11875 11805 1810
2017.05.10  11855 11830 11880 11810 816
2017.05.11  11790 11855 11855 11760 2049
2017.05.12  11760 11790 11790 11690 3498
2017.05.15  11695 11760 11760 11500 1420
2017.05.16  11685 11710 11710 11650 531
2017.05.17  11685 11685 11685 11620 1140
2017.05.18  11585 11580 11605 11520 1581
2017.05.19  11615 11595 11645 11595 3006
2017.05.22  11635 11665 11665 11625 136
2017.05.23  11700 11730 11730 11620 2383
2017.05.24  11755 11730 11755 11730 1769
2017.05.25  11760 11740 11760 11715 10627
2017.05.26  11765 11795 11795 11725 874
2017.05.29  11780 11765 11800 11755 4031
2017.05.30  11795 11780 11800 11775 1206
2017.05.31  11775 11795 11795 11745 327
2017.06.01  11745 11775 11775 11740 370
2017.06.02  11820 11750 11835 11750 2258
2017.06.05  11825 11845 11845 11810 608
2017.06.07  11850 11825 11850 11785 1875
2017.06.08  11885 11870 11895 11865 4123
2017.06.09  11885 11845 11885 11835 3263
2017.06.12  11950 11925 11950 11915 1034
2017.06.13  11970 11960 11985 11945 542
2017.06.14  11980 11990 11990 11970 153
2017.06.15  11995 11970 11995 11965 1010
2017.06.16  12115 11990 12115 11990 1604
2017.06.19  12110 12130 12130 12055 657
2017.06.20  12210 12140 12250 12140 1087
2017.06.21  12245 12210 12250 12200 2969
2017.06.22  12230 12240 12240 12190 1742
2017.06.23  12190 12235 12235 12175 1073
2017.06.26  12180 12285 12285 12100 865
2017.06.27  12170 12175 12175 12120 1150
2017.06.28  12175 12170 12175 12150 892
2017.06.29  12225 12285 12285 12185 438
2017.06.30  12195 12225 12225 12140 257
2017.07.03  12260 12200 12260 12180 440
2017.07.04  12360 12260 12370 12260 1826
2017.07.05  12365 12360 12365 12300 759
2017.07.06  12410 12365 12410 12345 1610
2017.07.07  12310 12405 12405 12280 2001
2017.07.10  12280 12320 12335 12280 334
2017.07.11  12315 12280 12315 12260 504
2017.07.12  12265 12315 12315 12250 610
2017.07.13  12240 12605 12605 12225 1197
2017.07.14  12220 12240 12265 12210 1584
2017.07.17  12200 12250 12250 12170 3714
2017.07.18  12150 12205 12215 12140 1045
2017.07.19  12095 12200 12200 12090 1447
2017.07.20  12190 12225 12225 12115 2615
2017.07.21  12065 12195 12195 12065 903
2017.07.24  12025 12060 12065 12015 1140
2017.07.25  12000 12225 12225 11965 2550
2017.07.26  12120 12040 12140 12040 280
2017.07.27  12090 12210 12210 12065 1469
2017.07.28  12205 12095 12205 12095 1854
2017.07.31  12225 12100 12280 12100 466
2017.08.01  12300 12225 12300 12205 20729
2017.08.02  12315 12280 12365 12280 2395
2017.08.03  12430 12320 12430 12320 4498
2017.08.04  12385 12385 12425 12375 10671
2017.08.07  12460 12350 12465 12350 1910
2017.08.08  12445 12415 12465 12410 797
2017.08.09  12525 12460 12525 12460 1548
